1	35
1	36
1	37
1	54
1	79
1	80
2	13
2	25
2	32
2	33
2	39
2	67
3	61
3	69
3	71
3	76
3	78
3	80
4	15
4	52
4	64
4	75
4	77
4	81
5	16
5	63
5	70
5	74
5	77
5	81
6	46
6	47
6	53
6	69
6	71
6	75
7	41
7	57
7	60
7	76
7	79
7	80
8	23
8	61
8	65
8	69
8	71
8	78
9	21
9	45
9	54
9	77
9	79
9	80
10	35
10	42
10	54
10	57
10	79
10	80
11	22
11	56
11	62
11	66
11	67
11	80
12	13
12	14
12	25
12	29
12	32
12	33
13	2
13	12
13	18
13	29
13	32
13	39
14	12
14	25
14	29
14	32
14	33
14	39
15	4
15	59
15	63
15	70
15	73
15	81
16	5
16	45
16	54
16	60
16	79
16	80
17	34
17	36
17	48
17	55
17	62
17	66
17	67
18	13
18	53
18	58
18	68
18	71
18	72
18	78
19	28
19	36
19	43
19	58
19	62
19	66
19	67
20	48
20	58
20	69
20	71
20	72
20	76
20	78
21	9
21	35
21	37
21	45
21	57
21	79
21	80
22	11
22	30
22	34
22	43
22	62
22	66
22	67
23	8
23	26
23	58
23	68
23	70
23	72
23	78
24	46
24	59
24	63
24	69
24	73
24	74
24	81
25	2
25	12
25	14
25	29
25	33
25	39
25	42
26	23
26	47
26	65
26	69
26	71
26	72
26	76
27	41
27	42
27	45
27	53
27	60
27	79
27	80
28	19
28	34
28	43
28	48
28	56
28	62
28	67
29	12
29	13
29	14
29	25
29	32
29	33
29	39
30	22
30	34
30	36
30	48
30	56
30	57
30	66
30	67
31	61
31	68
31	71
31	72
31	74
31	75
31	76
31	78
32	2
32	12
32	13
32	14
32	29
32	33
32	38
32	39
33	2
33	12
33	14
33	25
33	29
33	32
33	39
33	66
34	17
34	22
34	28
34	30
34	56
34	62
34	67
34	79
35	1
35	10
35	21
35	42
35	60
35	79
35	80
35	81
36	1
36	17
36	19
36	30
36	56
36	62
36	66
36	67
37	1
37	21
37	38
37	44
37	45
37	57
37	79
37	80
38	32
38	37
38	41
38	57
38	60
38	64
38	79
38	80
39	2
39	13
39	14
39	25
39	29
39	32
39	33
39	61
40	50
40	55
40	63
40	64
40	70
40	73
40	74
40	81
41	7
41	27
41	38
41	54
41	60
41	73
41	79
41	80
42	10
42	25
42	27
42	35
42	45
42	60
42	79
42	80
43	19
43	22
43	28
43	48
43	56
43	66
43	67
43	77
44	37
44	46
44	50
44	64
44	73
44	74
44	77
44	81
45	9
45	16
45	21
45	27
45	37
45	42
45	51
45	79
45	80
46	6
46	24
46	44
46	59
46	63
46	70
46	73
46	77
46	81
47	6
47	26
47	51
47	65
47	72
47	75
47	76
47	78
47	81
48	17
48	20
48	28
48	30
48	43
48	56
48	62
48	66
48	67
49	52
49	63
49	64
49	70
49	73
49	74
49	75
49	77
49	81
50	40
50	44
50	56
50	59
50	70
50	73
50	74
50	77
50	81
51	45
51	47
51	61
51	68
51	69
51	71
51	72
51	75
51	76
51	78
52	4
52	49
52	55
52	59
52	64
52	70
52	71
52	73
52	77
52	81
53	6
53	18
53	27
53	58
53	61
53	68
53	69
53	71
53	75
53	78
54	1
54	9
54	10
54	16
54	41
54	57
54	59
54	60
54	79
54	80
55	17
55	40
55	52
55	59
55	63
55	64
55	70
55	74
55	77
55	81
56	11
56	28
56	30
56	34
56	36
56	43
56	48
56	50
56	62
56	66
56	67
57	7
57	10
57	21
57	30
57	37
57	38
57	54
57	60
57	66
57	79
57	80
58	18
58	19
58	20
58	23
58	53
58	61
58	65
58	68
58	72
58	75
58	78
59	15
59	24
59	46
59	50
59	52
59	54
59	55
59	64
59	70
59	74
59	77
59	81
60	7
60	16
60	27
60	35
60	38
60	41
60	42
60	54
60	57
60	68
60	79
60	80
61	3
61	8
61	31
61	39
61	51
61	53
61	58
61	65
61	71
61	72
61	75
61	76
62	11
62	17
62	19
62	22
62	28
62	34
62	36
62	48
62	56
62	66
62	67
62	78
63	5
63	15
63	24
63	40
63	46
63	49
63	55
63	70
63	73
63	74
63	77
63	81
64	4
64	38
64	40
64	44
64	49
64	52
64	55
64	59
64	70
64	73
64	74
64	77
64	81
65	8
65	26
65	47
65	58
65	61
65	66
65	68
65	69
65	71
65	72
65	75
65	76
65	78
66	11
66	17
66	19
66	22
66	30
66	33
66	36
66	43
66	48
66	56
66	57
66	62
66	65
66	67
67	2
67	11
67	17
67	19
67	22
67	28
67	30
67	34
67	36
67	43
67	48
67	56
67	62
67	66
68	18
68	23
68	31
68	51
68	53
68	58
68	60
68	65
68	69
68	71
68	72
68	74
68	75
68	76
68	78
69	3
69	6
69	8
69	20
69	24
69	26
69	51
69	53
69	65
69	68
69	71
69	72
69	75
69	76
69	78
70	5
70	15
70	23
70	40
70	46
70	49
70	50
70	52
70	55
70	59
70	63
70	64
70	73
70	74
70	76
70	81
71	3
71	6
71	8
71	18
71	20
71	26
71	31
71	51
71	52
71	53
71	61
71	65
71	68
71	69
71	75
71	76
72	18
72	20
72	23
72	26
72	31
72	47
72	51
72	58
72	61
72	65
72	68
72	69
72	73
72	75
72	76
72	78
73	15
73	24
73	40
73	41
73	44
73	46
73	49
73	50
73	52
73	63
73	64
73	70
73	72
73	74
73	77
73	81
74	5
74	24
74	31
74	40
74	44
74	49
74	50
74	55
74	59
74	63
74	64
74	68
74	70
74	73
74	77
74	81
75	4
75	6
75	31
75	47
75	49
75	51
75	53
75	58
75	61
75	65
75	68
75	69
75	71
75	72
75	76
75	78
76	3
76	7
76	20
76	26
76	31
76	47
76	51
76	61
76	65
76	68
76	69
76	70
76	71
76	72
76	75
76	78
77	4
77	5
77	9
77	43
77	44
77	46
77	49
77	50
77	52
77	55
77	59
77	63
77	64
77	73
77	74
77	81
78	3
78	8
78	18
78	20
78	23
78	31
78	47
78	51
78	53
78	58
78	62
78	65
78	68
78	69
78	72
78	75
78	76
79	1
79	7
79	9
79	10
79	16
79	21
79	27
79	34
79	35
79	37
79	38
79	41
79	42
79	45
79	54
79	57
79	60
79	80
80	1
80	3
80	7
80	9
80	10
80	11
80	16
80	21
80	27
80	35
80	37
80	38
80	41
80	42
80	45
80	54
80	57
80	60
80	79
81	4
81	5
81	15
81	24
81	35
81	40
81	44
81	46
81	47
81	49
81	50
81	52
81	55
81	59
81	63
81	64
81	70
81	73
81	74
81	77
