1	6
1	13
1	19
1	22
1	23
1	58
2	9
2	18
2	29
2	36
2	38
2	39
3	12
3	20
3	26
3	34
3	36
3	37
4	18
4	29
4	33
4	38
4	39
4	78
5	28
5	41
5	45
5	48
5	51
5	63
6	1
6	8
6	13
6	19
6	22
6	23
7	18
7	29
7	33
7	38
7	39
7	64
8	6
8	9
8	13
8	19
8	22
8	23
9	2
9	8
9	29
9	33
9	38
9	39
10	40
10	44
10	45
10	48
10	51
10	63
11	60
11	70
11	72
11	73
11	77
11	80
12	3
12	20
12	26
12	34
12	36
12	37
13	1
13	6
13	8
13	19
13	22
13	23
14	15
14	17
14	24
14	25
14	27
14	28
14	32
15	14
15	17
15	27
15	28
15	32
15	46
15	71
16	20
16	21
16	26
16	34
16	36
16	37
16	77
17	14
17	15
17	24
17	25
17	27
17	28
17	32
18	2
18	4
18	7
18	29
18	33
18	38
18	39
19	1
19	6
19	8
19	13
19	22
19	23
19	38
20	3
20	12
20	16
20	21
20	34
20	36
20	37
21	16
21	20
21	26
21	34
21	36
21	37
21	50
22	1
22	6
22	8
22	13
22	19
22	23
22	54
23	1
23	6
23	8
23	13
23	19
23	22
23	25
24	14
24	17
24	25
24	27
24	28
24	32
24	67
25	14
25	17
25	23
25	24
25	27
25	28
25	32
26	3
26	12
26	16
26	21
26	34
26	36
26	37
26	44
27	14
27	15
27	17
27	24
27	25
27	28
27	32
27	65
28	5
28	14
28	15
28	17
28	24
28	25
28	27
28	32
29	2
29	4
29	7
29	9
29	18
29	33
29	38
29	39
30	31
30	40
30	41
30	44
30	45
30	48
30	51
30	63
31	30
31	40
31	41
31	44
31	48
31	51
31	63
31	71
32	14
32	15
32	17
32	24
32	25
32	27
32	28
32	76
33	4
33	7
33	9
33	18
33	29
33	38
33	39
33	45
34	3
34	12
34	16
34	20
34	21
34	26
34	36
34	37
35	49
35	50
35	54
35	61
35	65
35	68
35	75
35	78
35	81
36	2
36	3
36	12
36	16
36	20
36	21
36	26
36	34
36	37
37	3
37	12
37	16
37	20
37	21
37	26
37	34
37	36
37	58
38	2
38	4
38	7
38	9
38	18
38	19
38	29
38	33
38	39
39	2
39	4
39	7
39	9
39	18
39	29
39	33
39	38
39	61
40	10
40	30
40	31
40	41
40	44
40	45
40	48
40	51
40	63
40	80
41	5
41	30
41	31
41	40
41	44
41	45
41	48
41	51
41	63
41	74
42	46
42	54
42	69
42	70
42	71
42	73
42	74
42	77
42	79
42	80
43	46
43	55
43	60
43	64
43	72
43	73
43	74
43	77
43	79
43	80
44	10
44	26
44	30
44	31
44	40
44	41
44	45
44	48
44	51
44	63
45	5
45	10
45	30
45	33
45	40
45	41
45	44
45	48
45	51
45	63
46	15
46	42
46	43
46	53
46	55
46	60
46	71
46	72
46	74
46	80
47	52
47	56
47	57
47	59
47	61
47	62
47	67
47	76
47	78
47	79
47	81
48	5
48	10
48	30
48	31
48	40
48	41
48	44
48	45
48	51
48	62
48	63
49	35
49	52
49	54
49	59
49	62
49	67
49	68
49	70
49	75
49	76
49	81
50	21
50	35
50	56
50	57
50	62
50	65
50	68
50	75
50	76
50	78
50	81
51	5
51	10
51	30
51	31
51	40
51	41
51	44
51	45
51	48
51	63
51	67
52	47
52	49
52	57
52	61
52	62
52	68
52	73
52	75
52	76
52	78
52	81
53	46
53	64
53	66
53	71
53	72
53	73
53	74
53	75
53	77
53	79
53	80
54	22
54	35
54	42
54	49
54	59
54	61
54	65
54	75
54	76
54	78
54	81
55	43
55	46
55	63
55	69
55	70
55	71
55	72
55	73
55	74
55	77
55	79
55	80
56	47
56	50
56	59
56	61
56	65
56	67
56	68
56	69
56	75
56	76
56	78
56	81
57	47
57	50
57	52
57	62
57	65
57	67
57	68
57	69
57	75
57	76
57	78
57	81
58	1
58	37
58	60
58	64
58	66
58	69
58	72
58	73
58	74
58	77
58	79
58	80
59	47
59	49
59	54
59	56
59	61
59	67
59	68
59	73
59	75
59	76
59	78
59	81
60	11
60	43
60	46
60	58
60	63
60	66
60	70
60	71
60	72
60	74
60	77
60	79
61	35
61	39
61	47
61	52
61	54
61	56
61	59
61	67
61	75
61	76
61	78
61	81
62	47
62	48
62	49
62	50
62	52
62	57
62	67
62	68
62	75
62	76
62	78
62	81
63	5
63	10
63	30
63	31
63	40
63	41
63	44
63	45
63	48
63	51
63	55
63	60
64	7
64	43
64	53
64	58
64	66
64	69
64	70
64	72
64	73
64	74
64	79
64	80
65	27
65	35
65	50
65	54
65	56
65	57
65	67
65	68
65	75
65	76
65	77
65	78
65	81
66	53
66	58
66	60
66	64
66	69
66	70
66	71
66	72
66	73
66	74
66	76
66	77
66	79
66	80
67	24
67	47
67	49
67	51
67	56
67	57
67	59
67	61
67	62
67	65
67	75
67	76
67	78
67	81
68	35
68	49
68	50
68	52
68	56
68	57
68	59
68	62
68	65
68	70
68	75
68	76
68	78
68	81
69	42
69	55
69	56
69	57
69	58
69	64
69	66
69	70
69	71
69	72
69	73
69	74
69	77
69	79
69	80
70	11
70	42
70	49
70	55
70	60
70	64
70	66
70	68
70	69
70	71
70	73
70	74
70	77
70	79
70	80
71	15
71	31
71	42
71	46
71	53
71	55
71	60
71	66
71	69
71	70
71	73
71	74
71	77
71	79
71	80
72	11
72	43
72	46
72	53
72	55
72	58
72	60
72	64
72	66
72	69
72	73
72	74
72	77
72	78
72	79
72	80
73	11
73	42
73	43
73	52
73	53
73	55
73	58
73	59
73	64
73	66
73	69
73	70
73	71
73	72
73	77
73	79
73	80
74	41
74	42
74	43
74	46
74	53
74	55
74	58
74	60
74	64
74	66
74	69
74	70
74	71
74	72
74	77
74	79
74	80
75	35
75	49
75	50
75	52
75	53
75	54
75	56
75	57
75	59
75	61
75	62
75	65
75	67
75	68
75	76
75	78
75	81
76	32
76	47
76	49
76	50
76	52
76	54
76	56
76	57
76	59
76	61
76	62
76	65
76	66
76	67
76	68
76	75
76	78
76	81
77	11
77	16
77	42
77	43
77	53
77	55
77	58
77	60
77	65
77	66
77	69
77	70
77	71
77	72
77	73
77	74
77	79
77	80
78	4
78	35
78	47
78	50
78	52
78	54
78	56
78	57
78	59
78	61
78	62
78	65
78	67
78	68
78	72
78	75
78	76
78	81
79	42
79	43
79	47
79	53
79	55
79	58
79	60
79	64
79	66
79	69
79	70
79	71
79	72
79	73
79	74
79	77
79	80
79	81
80	11
80	40
80	42
80	43
80	46
80	53
80	55
80	58
80	64
80	66
80	69
80	70
80	71
80	72
80	73
80	74
80	77
80	79
80	81
81	35
81	47
81	49
81	50
81	52
81	54
81	56
81	57
81	59
81	61
81	62
81	65
81	67
81	68
81	75
81	76
81	78
81	79
81	80
