1	25
1	34
1	42
1	63
1	64
1	66
2	15
2	22
2	33
2	35
2	42
2	60
3	4
3	7
3	11
3	16
3	20
3	70
4	3
4	7
4	11
4	16
4	20
4	21
5	27
5	40
5	43
5	57
5	58
5	61
6	65
6	74
6	76
6	77
6	79
6	80
7	3
7	4
7	16
7	20
7	21
7	81
8	32
8	34
8	36
8	64
8	66
8	74
9	10
9	24
9	38
9	64
9	66
9	68
10	9
10	38
10	45
10	63
10	64
10	66
11	3
11	4
11	16
11	20
11	21
11	48
12	58
12	73
12	74
12	79
12	80
12	81
13	24
13	32
13	35
13	63
13	64
13	66
14	23
14	26
14	33
14	35
14	42
14	67
15	2
15	22
15	23
15	33
15	35
15	42
16	3
16	4
16	7
16	11
16	20
16	21
17	46
17	55
17	68
17	75
17	77
17	78
18	73
18	74
18	75
18	79
18	80
18	81
19	50
19	76
19	77
19	79
19	80
19	81
20	3
20	4
20	7
20	11
20	16
20	21
21	4
21	7
21	11
21	16
21	20
21	39
22	2
22	15
22	26
22	33
22	35
22	42
22	75
23	14
23	15
23	26
23	33
23	35
23	42
23	59
24	9
24	13
24	25
24	38
24	63
24	64
24	66
25	1
25	24
25	36
25	63
25	64
25	66
25	74
26	14
26	22
26	23
26	33
26	35
26	37
26	42
27	5
27	31
27	52
27	57
27	58
27	59
27	61
28	48
28	55
28	68
28	70
28	71
28	72
28	78
29	46
29	48
29	69
29	70
29	71
29	75
29	78
30	44
30	53
30	60
30	69
30	72
30	75
30	78
31	27
31	49
31	52
31	57
31	58
31	59
31	61
32	8
32	13
32	34
32	38
32	63
32	64
32	66
32	76
33	2
33	14
33	15
33	22
33	23
33	26
33	42
33	53
34	1
34	8
34	32
34	36
34	38
34	41
34	63
34	66
35	2
35	13
35	14
35	15
35	22
35	23
35	26
35	42
36	8
36	25
36	34
36	38
36	55
36	63
36	64
36	66
37	26
37	47
37	62
37	67
37	76
37	77
37	80
37	81
38	9
38	10
38	24
38	32
38	34
38	36
38	63
38	66
39	21
39	40
39	49
39	52
39	57
39	58
39	59
39	61
40	5
40	39
40	43
40	49
40	52
40	57
40	58
40	59
40	61
41	34
41	51
41	68
41	69
41	70
41	71
41	72
41	75
41	78
42	1
42	2
42	14
42	15
42	22
42	23
42	26
42	33
42	35
43	5
43	40
43	49
43	52
43	57
43	58
43	59
43	61
43	62
44	30
44	46
44	64
44	68
44	69
44	70
44	71
44	72
44	75
44	78
45	10
45	65
45	67
45	73
45	74
45	76
45	77
45	79
45	80
45	81
46	17
46	29
46	44
46	54
46	60
46	68
46	70
46	71
46	75
46	78
47	37
47	56
47	59
47	62
47	67
47	73
47	76
47	77
47	79
47	81
48	11
48	28
48	29
48	53
48	60
48	70
48	71
48	72
48	75
48	78
49	31
49	39
49	40
49	43
49	52
49	57
49	58
49	59
49	61
49	78
50	19
50	54
50	56
50	62
50	65
50	67
50	71
50	76
50	77
50	80
50	81
51	41
51	53
51	55
51	59
51	68
51	69
51	70
51	71
51	72
51	75
51	78
52	27
52	31
52	39
52	40
52	43
52	49
52	57
52	58
52	59
52	60
52	61
53	30
53	33
53	48
53	51
53	55
53	68
53	69
53	70
53	72
53	75
53	78
54	46
54	50
54	65
54	67
54	73
54	74
54	76
54	77
54	79
54	80
54	81
55	17
55	28
55	36
55	51
55	53
55	60
55	69
55	72
55	75
55	78
55	80
56	47
56	50
56	57
56	66
56	73
56	74
56	76
56	77
56	79
56	80
56	81
57	5
57	27
57	31
57	39
57	40
57	43
57	49
57	52
57	56
57	58
57	61
57	79
58	5
58	12
58	27
58	31
58	39
58	40
58	43
58	49
58	52
58	57
58	59
58	61
59	23
59	27
59	31
59	39
59	40
59	43
59	47
59	49
59	51
59	52
59	58
59	61
60	2
60	30
60	46
60	48
60	52
60	55
60	68
60	70
60	71
60	72
60	75
60	78
61	5
61	27
61	31
61	39
61	40
61	43
61	49
61	52
61	57
61	58
61	59
61	65
62	37
62	43
62	47
62	50
62	65
62	67
62	73
62	74
62	77
62	79
62	80
62	81
63	1
63	10
63	13
63	24
63	25
63	32
63	34
63	36
63	38
63	64
63	66
63	67
64	1
64	8
64	9
64	10
64	13
64	24
64	25
64	32
64	36
64	44
64	63
64	66
64	81
65	6
65	45
65	50
65	54
65	61
65	62
65	73
65	74
65	76
65	77
65	79
65	80
65	81
66	1
66	8
66	9
66	10
66	13
66	24
66	25
66	32
66	34
66	36
66	38
66	56
66	63
66	64
67	14
67	37
67	45
67	47
67	50
67	54
67	62
67	63
67	73
67	74
67	76
67	77
67	79
67	80
67	81
68	9
68	17
68	28
68	41
68	44
68	46
68	51
68	53
68	60
68	69
68	70
68	71
68	72
68	75
68	78
69	29
69	30
69	41
69	44
69	51
69	53
69	55
69	68
69	70
69	71
69	72
69	75
69	76
69	78
69	79
70	3
70	28
70	29
70	41
70	44
70	46
70	48
70	51
70	53
70	60
70	68
70	69
70	71
70	75
70	78
71	28
71	29
71	41
71	44
71	46
71	48
71	50
71	51
71	60
71	68
71	69
71	70
71	72
71	75
71	78
72	28
72	30
72	41
72	44
72	48
72	51
72	53
72	55
72	60
72	68
72	69
72	71
72	73
72	75
72	78
72	80
73	12
73	18
73	45
73	47
73	54
73	56
73	62
73	65
73	67
73	72
73	74
73	76
73	77
73	79
73	80
73	81
74	6
74	8
74	12
74	18
74	25
74	45
74	54
74	56
74	62
74	65
74	67
74	73
74	76
74	77
74	79
74	80
74	81
75	17
75	18
75	22
75	29
75	30
75	41
75	44
75	46
75	48
75	51
75	53
75	55
75	60
75	68
75	69
75	70
75	71
75	72
76	6
76	19
76	32
76	37
76	45
76	47
76	50
76	54
76	56
76	65
76	67
76	69
76	73
76	74
76	77
76	79
76	80
76	81
77	6
77	17
77	19
77	37
77	45
77	47
77	50
77	54
77	56
77	62
77	65
77	67
77	73
77	74
77	76
77	78
77	79
77	80
77	81
78	17
78	28
78	29
78	30
78	41
78	44
78	46
78	48
78	49
78	51
78	53
78	55
78	60
78	68
78	69
78	70
78	71
78	72
78	77
79	6
79	12
79	18
79	19
79	45
79	47
79	54
79	56
79	57
79	62
79	65
79	67
79	69
79	73
79	74
79	76
79	77
79	80
79	81
80	6
80	12
80	18
80	19
80	37
80	45
80	50
80	54
80	55
80	56
80	62
80	65
80	67
80	72
80	73
80	74
80	76
80	77
80	79
80	81
81	7
81	12
81	18
81	19
81	37
81	45
81	47
81	50
81	54
81	56
81	62
81	64
81	65
81	67
81	73
81	74
81	76
81	77
81	79
81	80
