1	34
1	54
1	61
1	62
1	67
1	70
2	52
2	60
2	66
2	71
2	73
2	78
3	45
3	49
3	52
3	55
3	75
3	76
4	11
4	41
4	45
4	47
4	75
4	76
5	48
5	53
5	63
5	71
5	74
5	78
6	33
6	35
6	57
6	68
6	69
6	72
7	23
7	24
7	67
7	68
7	69
7	72
8	14
8	46
8	48
8	71
8	74
8	78
9	40
9	52
9	58
9	64
9	80
9	81
10	43
10	50
10	57
10	68
10	69
10	72
11	4
11	54
11	62
11	65
11	67
11	70
12	54
12	61
12	62
12	65
12	67
12	70
13	40
13	59
13	64
13	77
13	80
13	81
14	8
14	61
14	62
14	65
14	67
14	70
15	48
15	66
15	71
15	73
15	74
15	78
16	35
16	57
16	68
16	69
16	72
16	77
17	42
17	48
17	77
17	79
17	80
17	81
18	24
18	60
18	63
18	71
18	73
18	78
19	43
19	50
19	57
19	68
19	69
19	72
20	40
20	70
20	77
20	79
20	80
20	81
21	29
21	61
21	62
21	65
21	67
21	70
22	47
22	49
22	51
22	56
22	64
22	75
22	76
23	7
23	35
23	36
23	50
23	68
23	69
23	72
24	7
24	18
24	43
24	57
24	68
24	69
24	72
25	53
25	60
25	63
25	71
25	73
25	74
25	78
26	31
26	34
26	54
26	61
26	65
26	67
26	70
27	40
27	59
27	72
27	77
27	79
27	80
27	81
28	36
28	58
28	68
28	77
28	79
28	80
28	81
29	21
29	56
29	61
29	62
29	65
29	67
29	70
30	58
30	59
30	73
30	77
30	79
30	80
30	81
31	26
31	41
31	47
31	55
31	56
31	75
31	76
32	63
32	66
32	70
32	71
32	73
32	74
32	78
33	6
33	50
33	57
33	68
33	69
33	72
33	80
34	1
34	26
34	54
34	61
34	62
34	65
34	67
34	70
35	6
35	16
35	23
35	43
35	68
35	69
35	72
35	79
36	23
36	28
36	38
36	58
36	64
36	79
36	80
36	81
37	44
37	49
37	51
37	55
37	56
37	59
37	75
37	76
38	36
38	39
38	59
38	64
38	72
38	77
38	79
38	81
39	38
39	41
39	59
39	64
39	77
39	79
39	80
39	81
40	9
40	13
40	20
40	27
40	42
40	77
40	79
40	80
40	81
41	4
41	31
41	39
41	44
41	45
41	51
41	56
41	75
41	76
42	17
42	40
42	53
42	58
42	64
42	77
42	79
42	80
42	81
43	10
43	19
43	24
43	35
43	50
43	57
43	68
43	69
43	72
44	37
44	41
44	47
44	49
44	51
44	56
44	75
44	76
44	78
45	3
45	4
45	41
45	47
45	49
45	52
45	56
45	75
45	76
45	80
46	8
46	53
46	60
46	63
46	65
46	66
46	71
46	73
46	74
46	78
47	4
47	22
47	31
47	44
47	45
47	51
47	55
47	75
47	76
47	81
48	5
48	8
48	15
48	17
48	53
48	60
48	66
48	73
48	74
48	78
49	3
49	22
49	37
49	44
49	45
49	52
49	55
49	66
49	75
49	76
50	10
50	19
50	23
50	33
50	43
50	57
50	58
50	68
50	69
50	72
51	22
51	37
51	41
51	44
51	47
51	52
51	55
51	56
51	71
51	75
51	76
52	2
52	3
52	9
52	45
52	49
52	51
52	55
52	56
52	75
52	76
52	81
53	5
53	25
53	42
53	46
53	48
53	60
53	63
53	66
53	73
53	74
53	78
54	1
54	11
54	12
54	26
54	34
54	61
54	62
54	65
54	67
54	69
54	70
55	3
55	31
55	37
55	47
55	49
55	51
55	52
55	56
55	75
55	76
55	78
56	22
56	29
56	31
56	37
56	41
56	44
56	45
56	51
56	52
56	55
56	75
56	76
57	6
57	10
57	16
57	19
57	24
57	33
57	43
57	50
57	68
57	69
57	72
57	76
58	9
58	28
58	30
58	36
58	42
58	50
58	59
58	64
58	77
58	79
58	80
58	81
59	13
59	27
59	30
59	37
59	38
59	39
59	58
59	64
59	77
59	79
59	80
59	81
60	2
60	18
60	25
60	46
60	48
60	53
60	61
60	63
60	66
60	71
60	73
60	74
60	78
61	1
61	12
61	14
61	21
61	26
61	29
61	34
61	54
61	60
61	62
61	65
61	67
61	70
62	1
62	11
62	12
62	14
62	21
62	29
62	34
62	54
62	61
62	65
62	67
62	70
62	74
63	5
63	18
63	25
63	32
63	46
63	53
63	60
63	66
63	71
63	73
63	74
63	75
63	78
64	9
64	13
64	22
64	36
64	38
64	39
64	42
64	58
64	59
64	77
64	79
64	80
64	81
65	11
65	12
65	14
65	21
65	26
65	29
65	34
65	46
65	54
65	61
65	62
65	67
65	70
66	2
66	15
66	32
66	46
66	48
66	49
66	53
66	60
66	63
66	71
66	73
66	74
66	78
67	1
67	7
67	11
67	12
67	14
67	21
67	26
67	29
67	34
67	54
67	61
67	62
67	65
67	70
68	6
68	7
68	10
68	16
68	19
68	23
68	24
68	28
68	33
68	35
68	43
68	50
68	57
68	69
68	72
69	6
69	7
69	10
69	16
69	19
69	23
69	24
69	33
69	35
69	43
69	50
69	54
69	57
69	68
69	72
70	1
70	11
70	12
70	14
70	20
70	21
70	26
70	29
70	32
70	34
70	54
70	61
70	62
70	65
70	67
71	2
71	5
71	8
71	15
71	18
71	25
71	32
71	46
71	51
71	60
71	63
71	66
71	73
71	74
71	78
72	6
72	7
72	10
72	16
72	19
72	23
72	24
72	27
72	33
72	35
72	38
72	43
72	50
72	57
72	68
72	69
73	2
73	15
73	18
73	25
73	30
73	32
73	46
73	48
73	53
73	60
73	63
73	66
73	71
73	74
73	75
73	78
74	5
74	8
74	15
74	25
74	32
74	46
74	48
74	53
74	60
74	62
74	63
74	66
74	71
74	73
74	77
74	78
75	3
75	4
75	22
75	31
75	37
75	41
75	44
75	45
75	47
75	49
75	51
75	52
75	55
75	56
75	63
75	73
75	76
76	3
76	4
76	22
76	31
76	37
76	41
76	44
76	45
76	47
76	49
76	51
76	52
76	55
76	56
76	57
76	75
76	79
77	13
77	16
77	17
77	20
77	27
77	28
77	30
77	38
77	39
77	40
77	42
77	58
77	59
77	64
77	74
77	79
77	80
77	81
78	2
78	5
78	8
78	15
78	18
78	25
78	32
78	44
78	46
78	48
78	53
78	55
78	60
78	63
78	66
78	71
78	73
78	74
79	17
79	20
79	27
79	28
79	30
79	35
79	36
79	38
79	39
79	40
79	42
79	58
79	59
79	64
79	76
79	77
79	80
79	81
80	9
80	13
80	17
80	20
80	27
80	28
80	30
80	33
80	36
80	39
80	40
80	42
80	45
80	58
80	59
80	64
80	77
80	79
80	81
81	9
81	13
81	17
81	20
81	27
81	28
81	30
81	36
81	38
81	39
81	40
81	42
81	47
81	52
81	58
81	59
81	64
81	77
81	79
81	80
