1	2
1	5
1	7
1	8
1	10
1	63
2	1
2	5
2	7
2	8
2	10
2	77
3	27
3	30
3	37
3	44
3	46
3	49
4	14
4	24
4	26
4	35
4	38
4	41
5	1
5	2
5	7
5	8
5	10
5	43
6	28
6	30
6	44
6	46
6	49
6	56
7	1
7	2
7	5
7	8
7	10
7	65
8	1
8	2
8	5
8	7
8	10
8	59
9	17
9	18
9	19
9	20
9	29
9	31
10	1
10	2
10	5
10	7
10	8
10	73
11	22
11	47
11	48
11	50
11	51
11	52
12	15
12	24
12	26
12	35
12	41
12	80
13	34
13	36
13	40
13	42
13	43
13	46
14	4
14	26
14	35
14	38
14	41
14	60
15	12
15	24
15	35
15	38
15	41
15	69
16	23
16	36
16	40
16	42
16	43
16	69
17	9
17	19
17	20
17	29
17	31
17	70
18	9
18	19
18	20
18	29
18	31
18	80
19	9
19	17
19	18
19	29
19	31
19	53
20	9
20	17
20	18
20	29
20	31
20	79
21	23
21	34
21	36
21	40
21	42
21	43
22	11
22	33
22	47
22	50
22	51
22	52
23	16
23	21
23	34
23	36
23	40
23	42
23	43
24	4
24	12
24	15
24	26
24	29
24	38
24	41
25	33
25	47
25	48
25	50
25	51
25	52
25	75
26	4
26	12
26	14
26	24
26	35
26	38
26	41
27	3
27	28
27	30
27	37
27	44
27	46
27	49
28	6
28	27
28	37
28	39
28	44
28	46
28	49
29	9
29	17
29	18
29	19
29	20
29	24
29	31
30	3
30	6
30	27
30	37
30	44
30	46
30	49
31	9
31	17
31	18
31	19
31	20
31	29
31	51
32	33
32	47
32	48
32	50
32	51
32	52
32	73
33	22
33	25
33	32
33	47
33	48
33	50
33	51
33	52
34	13
34	21
34	23
34	36
34	40
34	42
34	43
34	67
35	4
35	12
35	14
35	15
35	26
35	38
35	41
35	70
36	13
36	16
36	21
36	23
36	34
36	40
36	42
36	43
37	3
37	27
37	28
37	30
37	38
37	44
37	46
37	49
38	4
38	14
38	15
38	24
38	26
38	35
38	37
38	41
39	28
39	54
39	57
39	59
39	60
39	61
39	62
39	63
39	66
40	13
40	16
40	21
40	23
40	34
40	36
40	42
40	43
40	58
41	4
41	12
41	14
41	15
41	24
41	26
41	35
41	38
41	58
42	13
42	16
42	21
42	23
42	34
42	36
42	40
42	43
42	72
43	5
43	13
43	16
43	21
43	23
43	34
43	36
43	40
43	42
44	3
44	6
44	27
44	28
44	30
44	37
44	46
44	49
44	64
45	53
45	54
45	55
45	57
45	58
45	59
45	63
45	66
45	78
46	3
46	6
46	13
46	27
46	28
46	30
46	37
46	44
46	49
47	11
47	22
47	25
47	32
47	33
47	48
47	50
47	51
47	52
48	11
48	25
48	32
48	33
48	47
48	50
48	51
48	52
48	57
49	3
49	6
49	27
49	28
49	30
49	37
49	44
49	46
49	52
50	11
50	22
50	25
50	32
50	33
50	47
50	48
50	51
50	52
50	74
51	11
51	22
51	25
51	31
51	32
51	33
51	47
51	48
51	50
51	52
52	11
52	22
52	25
52	32
52	33
52	47
52	48
52	49
52	50
52	51
53	19
53	45
53	55
53	58
53	59
53	60
53	61
53	62
53	63
53	66
54	39
54	45
54	55
54	57
54	60
54	61
54	62
54	63
54	66
54	68
54	81
55	45
55	53
55	54
55	57
55	58
55	60
55	61
55	62
55	63
55	66
55	79
56	6
56	64
56	65
56	69
56	74
56	76
56	77
56	78
56	79
56	80
56	81
57	39
57	45
57	48
57	54
57	55
57	59
57	60
57	61
57	62
57	63
57	66
58	40
58	41
58	45
58	53
58	55
58	59
58	60
58	61
58	62
58	63
58	66
59	8
59	39
59	45
59	53
59	57
59	58
59	60
59	61
59	62
59	63
59	66
59	71
60	14
60	39
60	53
60	54
60	55
60	57
60	58
60	59
60	61
60	62
60	63
60	66
61	39
61	53
61	54
61	55
61	57
61	58
61	59
61	60
61	62
61	63
61	66
61	75
62	39
62	53
62	54
62	55
62	57
62	58
62	59
62	60
62	61
62	63
62	66
62	76
62	77
63	1
63	39
63	45
63	53
63	54
63	55
63	57
63	58
63	59
63	60
63	61
63	62
63	66
64	44
64	56
64	68
64	71
64	72
64	73
64	74
64	75
64	76
64	77
64	78
64	79
64	80
64	81
65	7
65	56
65	67
65	71
65	72
65	73
65	74
65	75
65	76
65	77
65	78
65	79
65	80
65	81
66	39
66	45
66	53
66	54
66	55
66	57
66	58
66	59
66	60
66	61
66	62
66	63
66	78
66	81
67	34
67	65
67	68
67	70
67	72
67	73
67	74
67	75
67	76
67	77
67	78
67	79
67	80
67	81
68	54
68	64
68	67
68	69
68	70
68	71
68	73
68	74
68	75
68	76
68	77
68	78
68	79
68	80
68	81
69	15
69	16
69	56
69	68
69	70
69	71
69	72
69	74
69	75
69	76
69	77
69	78
69	79
69	80
69	81
70	17
70	35
70	67
70	68
70	69
70	71
70	72
70	73
70	74
70	75
70	76
70	78
70	79
70	80
70	81
71	59
71	64
71	65
71	68
71	69
71	70
71	72
71	73
71	74
71	75
71	76
71	77
71	78
71	79
71	80
71	81
72	42
72	64
72	65
72	67
72	69
72	70
72	71
72	73
72	74
72	75
72	76
72	77
72	78
72	79
72	80
72	81
73	10
73	32
73	64
73	65
73	67
73	68
73	70
73	71
73	72
73	74
73	75
73	76
73	77
73	78
73	79
73	80
73	81
74	50
74	56
74	64
74	65
74	67
74	68
74	69
74	70
74	71
74	72
74	73
74	75
74	76
74	77
74	78
74	79
74	80
74	81
75	25
75	61
75	64
75	65
75	67
75	68
75	69
75	70
75	71
75	72
75	73
75	74
75	76
75	77
75	78
75	79
75	80
75	81
76	56
76	62
76	64
76	65
76	67
76	68
76	69
76	70
76	71
76	72
76	73
76	74
76	75
76	77
76	78
76	79
76	80
76	81
77	2
77	56
77	62
77	64
77	65
77	67
77	68
77	69
77	71
77	72
77	73
77	74
77	75
77	76
77	78
77	79
77	80
77	81
78	45
78	56
78	64
78	65
78	66
78	67
78	68
78	69
78	70
78	71
78	72
78	73
78	74
78	75
78	76
78	77
78	79
78	80
78	81
79	20
79	55
79	56
79	64
79	65
79	67
79	68
79	69
79	70
79	71
79	72
79	73
79	74
79	75
79	76
79	77
79	78
79	80
79	81
80	12
80	18
80	56
80	64
80	65
80	67
80	68
80	69
80	70
80	71
80	72
80	73
80	74
80	75
80	76
80	77
80	78
80	79
80	81
81	54
81	56
81	64
81	65
81	66
81	67
81	68
81	69
81	70
81	71
81	72
81	73
81	74
81	75
81	76
81	77
81	78
81	79
81	80
