1	2
1	7
1	21
1	24
1	31
1	63
2	1
2	7
2	12
2	17
2	21
2	31
3	24
3	38
3	59
3	68
3	69
3	74
4	19
4	23
4	26
4	28
4	50
4	54
5	16
5	18
5	25
5	28
5	41
5	56
6	34
6	72
6	75
6	76
6	80
6	81
7	1
7	2
7	12
7	17
7	21
7	24
8	23
8	28
8	35
8	50
8	54
8	68
9	25
9	30
9	34
9	41
9	56
9	66
10	23
10	26
10	35
10	37
10	50
10	54
11	32
11	40
11	55
11	61
11	62
11	67
12	2
12	7
12	17
12	21
12	24
12	31
13	22
13	46
13	49
13	61
13	67
13	76
14	32
14	36
14	43
14	49
14	67
14	73
15	60
15	64
15	68
15	69
15	74
15	81
16	5
16	25
16	30
16	41
16	48
16	56
17	2
17	7
17	12
17	24
17	31
17	38
18	5
18	27
18	30
18	34
18	41
18	56
19	4
19	37
19	51
19	52
19	57
19	58
20	37
20	39
20	48
20	51
20	57
20	58
20	78
21	1
21	2
21	7
21	12
21	24
21	31
21	49
22	13
22	32
22	46
22	61
22	62
22	67
22	80
23	4
23	8
23	10
23	28
23	35
23	50
23	54
24	1
24	3
24	7
24	12
24	17
24	21
24	31
25	5
25	9
25	16
25	30
25	34
25	41
25	56
26	4
26	10
26	28
26	35
26	50
26	53
26	54
27	18
27	38
27	45
27	59
27	68
27	69
27	74
28	4
28	5
28	8
28	23
28	26
28	50
28	54
29	45
29	53
29	60
29	64
29	68
29	69
29	74
30	9
30	16
30	18
30	25
30	34
30	41
30	56
31	1
31	2
31	12
31	17
31	21
31	24
31	42
32	11
32	14
32	22
32	43
32	61
32	62
32	67
33	60
33	75
33	77
33	78
33	79
33	80
33	81
34	6
34	9
34	18
34	25
34	30
34	41
34	56
35	8
35	10
35	23
35	26
35	39
35	50
35	54
36	14
36	43
36	46
36	49
36	54
36	61
36	62
36	67
37	10
37	19
37	20
37	44
37	48
37	52
37	57
37	58
38	3
38	17
38	27
38	59
38	64
38	68
38	69
38	74
39	20
39	35
39	44
39	48
39	51
39	52
39	57
39	58
40	11
40	43
40	46
40	49
40	61
40	62
40	65
40	67
41	5
41	9
41	16
41	18
41	25
41	30
41	34
41	56
42	31
42	45
42	53
42	59
42	60
42	64
42	69
42	74
43	14
43	32
43	36
43	40
43	46
43	61
43	62
43	67
44	37
44	39
44	48
44	51
44	52
44	57
44	58
44	74
45	27
45	29
45	42
45	60
45	64
45	68
45	69
45	70
45	74
46	13
46	22
46	36
46	40
46	43
46	49
46	62
46	67
46	77
47	66
47	71
47	72
47	73
47	75
47	76
47	77
47	80
47	81
48	16
48	20
48	37
48	39
48	44
48	51
48	52
48	57
48	58
49	13
49	14
49	21
49	36
49	40
49	46
49	61
49	62
49	67
50	4
50	8
50	10
50	23
50	26
50	28
50	35
50	54
50	81
51	19
51	20
51	39
51	44
51	48
51	52
51	57
51	58
51	79
52	19
52	37
52	39
52	44
52	48
52	51
52	56
52	57
52	58
53	26
53	29
53	42
53	59
53	60
53	64
53	68
53	69
53	74
54	4
54	8
54	10
54	23
54	26
54	28
54	35
54	36
54	50
55	11
55	63
55	70
55	71
55	73
55	78
55	79
55	80
55	81
56	5
56	9
56	16
56	18
56	25
56	30
56	34
56	41
56	52
57	19
57	20
57	37
57	39
57	44
57	48
57	51
57	52
57	58
57	62
58	19
58	20
58	37
58	39
58	44
58	48
58	51
58	52
58	57
58	77
59	3
59	27
59	38
59	42
59	53
59	60
59	64
59	68
59	69
59	74
60	15
60	29
60	33
60	42
60	45
60	53
60	59
60	68
60	69
60	74
61	11
61	13
61	22
61	32
61	36
61	40
61	43
61	49
61	62
61	67
61	79
62	11
62	22
62	32
62	36
62	40
62	43
62	46
62	49
62	57
62	61
62	67
63	1
63	55
63	70
63	71
63	72
63	75
63	76
63	77
63	78
63	79
63	81
64	15
64	29
64	38
64	42
64	45
64	53
64	59
64	68
64	69
64	72
64	74
65	40
65	66
65	70
65	71
65	75
65	76
65	77
65	78
65	79
65	80
65	81
66	9
66	47
66	65
66	70
66	72
66	73
66	75
66	76
66	78
66	79
66	80
66	81
67	11
67	13
67	14
67	22
67	32
67	36
67	40
67	43
67	46
67	49
67	61
67	62
67	80
68	3
68	8
68	15
68	27
68	29
68	38
68	45
68	53
68	59
68	60
68	64
68	69
68	74
69	3
69	15
69	27
69	29
69	38
69	42
69	45
69	53
69	59
69	60
69	64
69	68
69	73
69	74
70	45
70	55
70	63
70	65
70	66
70	71
70	72
70	73
70	75
70	76
70	77
70	78
70	79
70	80
70	81
71	47
71	55
71	63
71	65
71	70
71	72
71	73
71	74
71	75
71	76
71	77
71	78
71	79
71	80
71	81
72	6
72	47
72	63
72	64
72	66
72	70
72	71
72	73
72	75
72	76
72	77
72	78
72	79
72	80
72	81
73	14
73	47
73	55
73	66
73	69
73	70
73	71
73	72
73	75
73	76
73	77
73	78
73	79
73	80
73	81
74	3
74	15
74	27
74	29
74	38
74	42
74	44
74	45
74	53
74	59
74	60
74	64
74	68
74	69
74	71
75	6
75	33
75	47
75	63
75	65
75	66
75	70
75	71
75	72
75	73
75	76
75	77
75	78
75	79
75	80
75	81
76	6
76	13
76	47
76	63
76	65
76	66
76	70
76	71
76	72
76	73
76	75
76	77
76	78
76	79
76	80
76	81
77	33
77	46
77	47
77	58
77	63
77	65
77	70
77	71
77	72
77	73
77	75
77	76
77	78
77	79
77	80
77	81
78	20
78	33
78	55
78	63
78	65
78	66
78	70
78	71
78	72
78	73
78	75
78	76
78	77
78	79
78	80
78	81
79	33
79	51
79	55
79	61
79	63
79	65
79	66
79	70
79	71
79	72
79	73
79	75
79	76
79	77
79	78
79	80
79	81
80	6
80	22
80	33
80	47
80	55
80	65
80	66
80	67
80	70
80	71
80	72
80	73
80	75
80	76
80	77
80	78
80	79
80	81
81	6
81	15
81	33
81	47
81	50
81	55
81	63
81	65
81	66
81	70
81	71
81	72
81	73
81	75
81	76
81	77
81	78
81	79
81	80
