1	46
1	58
1	74
1	76
1	77
1	78
2	6
2	50
2	61
2	65
2	80
2	81
3	22
3	25
3	26
3	29
3	39
3	40
4	36
4	49
4	56
4	69
4	72
4	73
5	51
5	63
5	64
5	71
5	75
5	79
6	2
6	70
6	74
6	76
6	77
6	78
7	16
7	35
7	48
7	49
7	69
7	73
8	21
8	34
8	49
8	69
8	72
8	73
9	69
9	70
9	74
9	76
9	77
9	78
10	54
10	57
10	58
10	61
10	80
10	81
11	52
11	54
11	55
11	57
11	80
11	81
12	42
12	48
12	56
12	69
12	73
12	74
13	52
13	55
13	65
13	77
13	80
13	81
14	18
14	22
14	25
14	26
14	39
14	40
15	21
15	50
15	52
15	65
15	80
15	81
16	7
16	36
16	58
16	65
16	80
16	81
17	33
17	53
17	70
17	76
17	77
17	78
18	14
18	25
18	39
18	40
18	44
18	53
19	47
19	59
19	63
19	66
19	75
19	76
19	79
20	41
20	59
20	63
20	68
20	75
20	78
20	79
21	8
21	15
21	27
21	42
21	69
21	72
21	73
22	3
22	14
22	25
22	26
22	29
22	39
22	40
23	37
23	62
23	64
23	66
23	68
23	75
23	79
24	53
24	67
24	70
24	74
24	75
24	77
24	78
25	3
25	14
25	18
25	22
25	29
25	39
25	40
26	3
26	14
26	22
26	29
26	32
26	39
26	40
27	21
27	48
27	49
27	56
27	72
27	73
27	74
28	35
28	42
28	49
28	56
28	69
28	72
28	73
29	3
29	22
29	25
29	26
29	39
29	40
29	54
30	43
30	45
30	67
30	74
30	76
30	77
30	78
31	47
31	51
31	62
31	66
31	68
31	71
31	79
32	26
32	43
32	53
32	67
32	74
32	76
32	77
32	78
33	17
33	37
33	67
33	70
33	74
33	76
33	77
33	78
34	8
34	35
34	42
34	48
34	56
34	69
34	72
34	73
35	7
35	28
35	34
35	49
35	56
35	69
35	72
35	73
36	4
36	16
36	38
36	44
36	50
36	52
36	80
36	81
37	23
37	33
37	41
37	64
37	66
37	68
37	71
37	79
38	36
38	44
38	52
38	54
38	57
38	58
38	61
38	80
38	81
39	3
39	14
39	18
39	22
39	25
39	26
39	29
39	40
39	52
40	3
40	14
40	18
40	22
40	25
40	26
40	29
40	39
40	61
41	20
41	37
41	57
41	60
41	64
41	66
41	71
41	75
41	79
42	12
42	21
42	28
42	34
42	48
42	69
42	72
42	73
42	79
43	30
43	32
43	46
43	53
43	62
43	67
43	74
43	77
43	78
44	18
44	36
44	38
44	50
44	54
44	55
44	61
44	65
44	80
44	81
45	30
45	46
45	53
45	67
45	70
45	74
45	76
45	77
45	78
45	80
46	1
46	43
46	45
46	66
46	67
46	70
46	74
46	76
46	77
46	78
47	19
47	31
47	60
47	62
47	63
47	67
47	68
47	71
47	75
47	79
48	7
48	12
48	27
48	34
48	42
48	49
48	56
48	72
48	73
48	75
49	4
49	7
49	8
49	27
49	28
49	35
49	48
49	72
49	73
49	81
50	2
50	15
50	36
50	44
50	55
50	58
50	61
50	65
50	79
50	80
50	81
51	5
51	31
51	59
51	60
51	62
51	63
51	64
51	68
51	71
51	75
51	79
52	11
52	13
52	15
52	36
52	38
52	39
52	54
52	57
52	61
52	80
52	81
53	17
53	18
53	24
53	32
53	43
53	45
53	67
53	70
53	76
53	77
53	78
54	10
54	11
54	29
54	38
54	44
54	52
54	55
54	57
54	65
54	80
54	81
55	11
55	13
55	44
55	50
55	54
55	57
55	58
55	61
55	63
55	80
55	81
56	4
56	12
56	27
56	28
56	34
56	35
56	48
56	69
56	71
56	72
56	73
57	10
57	11
57	38
57	41
57	52
57	54
57	55
57	58
57	65
57	80
57	81
58	1
58	10
58	16
58	38
58	50
58	55
58	57
58	61
58	65
58	80
58	81
59	19
59	20
59	51
59	60
59	62
59	63
59	64
59	66
59	70
59	71
59	75
59	79
60	41
60	47
60	51
60	59
60	62
60	63
60	64
60	66
60	68
60	75
60	78
60	79
61	2
61	10
61	38
61	40
61	44
61	50
61	52
61	55
61	58
61	65
61	80
61	81
62	23
62	31
62	43
62	47
62	51
62	59
62	60
62	63
62	66
62	71
62	75
62	79
63	5
63	19
63	20
63	47
63	51
63	55
63	59
63	60
63	62
63	64
63	66
63	71
63	79
64	5
64	23
64	37
64	41
64	51
64	59
64	60
64	63
64	68
64	71
64	72
64	75
64	79
65	2
65	13
65	15
65	16
65	44
65	50
65	54
65	57
65	58
65	61
65	72
65	80
65	81
66	19
66	23
66	31
66	37
66	41
66	46
66	59
66	60
66	62
66	63
66	68
66	71
66	75
66	79
67	24
67	30
67	32
67	33
67	43
67	45
67	46
67	47
67	53
67	70
67	74
67	76
67	77
67	78
68	20
68	23
68	31
68	37
68	47
68	51
68	60
68	64
68	66
68	69
68	71
68	75
68	79
68	80
69	4
69	7
69	8
69	9
69	12
69	21
69	28
69	34
69	35
69	42
69	56
69	68
69	72
69	73
70	6
70	9
70	17
70	24
70	33
70	45
70	46
70	53
70	59
70	67
70	74
70	76
70	77
70	78
71	5
71	31
71	37
71	41
71	47
71	51
71	56
71	59
71	62
71	63
71	64
71	66
71	68
71	75
71	79
72	4
72	8
72	21
72	27
72	28
72	34
72	35
72	42
72	48
72	49
72	56
72	64
72	65
72	69
72	73
73	4
73	7
73	8
73	12
73	21
73	27
73	28
73	34
73	35
73	42
73	48
73	49
73	56
73	69
73	72
73	76
74	1
74	6
74	9
74	12
74	24
74	27
74	30
74	32
74	33
74	43
74	45
74	46
74	67
74	70
74	76
74	77
74	78
75	5
75	19
75	20
75	23
75	24
75	41
75	47
75	48
75	51
75	59
75	60
75	62
75	64
75	66
75	68
75	71
75	79
76	1
76	6
76	9
76	17
76	19
76	30
76	32
76	33
76	45
76	46
76	53
76	67
76	70
76	73
76	74
76	77
76	78
77	1
77	6
77	9
77	13
77	17
77	24
77	30
77	32
77	33
77	43
77	45
77	46
77	53
77	67
77	70
77	74
77	76
77	78
77	81
78	1
78	6
78	9
78	17
78	20
78	24
78	30
78	32
78	33
78	43
78	45
78	46
78	53
78	60
78	67
78	70
78	74
78	76
78	77
79	5
79	19
79	20
79	23
79	31
79	37
79	41
79	42
79	47
79	50
79	51
79	59
79	60
79	62
79	63
79	64
79	66
79	68
79	71
79	75
80	2
80	10
80	11
80	13
80	15
80	16
80	36
80	38
80	44
80	45
80	50
80	52
80	54
80	55
80	57
80	58
80	61
80	65
80	68
80	81
81	2
81	10
81	11
81	13
81	15
81	16
81	36
81	38
81	44
81	49
81	50
81	52
81	54
81	55
81	57
81	58
81	61
81	65
81	77
81	80
