1	24
1	48
1	70
1	71
1	78
1	81
2	3
2	17
2	30
2	32
2	43
2	46
3	2
3	10
3	30
3	43
3	46
3	57
4	9
4	66
4	72
4	75
4	79
4	80
5	7
5	13
5	20
5	30
5	43
5	46
6	23
6	36
6	60
6	67
6	69
6	78
7	5
7	14
7	20
7	30
7	43
7	46
8	40
8	50
8	56
8	71
8	78
8	81
9	4
9	65
9	66
9	72
9	75
9	79
10	3
10	17
10	30
10	43
10	46
10	74
11	31
11	44
11	62
11	66
11	75
11	79
12	52
12	61
12	73
12	74
12	77
12	80
13	5
13	19
13	40
13	60
13	63
13	67
13	69
14	7
14	21
14	40
14	53
14	60
14	63
14	69
15	33
15	39
15	45
15	47
15	76
15	77
15	80
16	26
16	39
16	47
16	59
16	73
16	77
16	80
17	2
17	10
17	20
17	30
17	43
17	46
17	77
18	25
18	26
18	28
18	62
18	72
18	75
18	79
19	13
19	36
19	40
19	49
19	53
19	63
19	67
20	5
20	7
20	17
20	43
20	45
20	46
20	79
21	14
21	23
21	49
21	53
21	60
21	67
21	69
22	27
22	35
22	59
22	74
22	76
22	77
22	80
23	6
23	21
23	49
23	53
23	63
23	67
23	69
23	77
24	1
24	35
24	42
24	56
24	58
24	70
24	78
24	81
25	18
25	27
25	44
25	55
25	66
25	75
25	76
25	79
26	16
26	18
26	32
26	59
26	73
26	74
26	76
26	80
27	22
27	25
27	28
27	34
27	62
27	65
27	75
27	79
28	18
28	27
28	31
28	37
28	54
28	65
28	72
28	79
29	34
29	51
29	54
29	57
29	58
29	70
29	78
29	81
30	2
30	3
30	5
30	7
30	10
30	17
30	43
30	46
31	11
31	28
31	34
31	55
31	65
31	72
31	75
31	79
32	2
32	26
32	41
32	52
32	73
32	76
32	77
32	80
33	15
33	35
33	51
33	59
33	61
33	73
33	74
33	77
34	27
34	29
34	31
34	37
34	44
34	66
34	72
34	79
35	22
35	24
35	33
35	52
35	61
35	74
35	76
35	77
35	80
36	6
36	19
36	49
36	50
36	53
36	60
36	63
36	67
36	69
37	28
37	34
37	48
37	55
37	62
37	65
37	72
37	75
37	79
38	48
38	50
38	58
38	63
38	64
38	68
38	70
38	78
38	81
39	15
39	16
39	45
39	52
39	68
39	73
39	74
39	77
39	80
40	8
40	13
40	14
40	19
40	49
40	60
40	63
40	67
40	69
41	32
41	45
41	52
41	59
41	61
41	64
41	73
41	76
41	77
41	80
42	24
42	51
42	56
42	57
42	58
42	64
42	68
42	76
42	78
42	81
43	2
43	3
43	5
43	7
43	10
43	17
43	20
43	30
43	46
43	68
44	11
44	25
44	34
44	47
44	55
44	65
44	66
44	72
44	75
44	79
45	15
45	20
45	39
45	41
45	47
45	52
45	61
45	73
45	76
45	80
46	2
46	3
46	5
46	7
46	10
46	17
46	20
46	30
46	43
46	75
47	15
47	16
47	44
47	45
47	59
47	73
47	74
47	76
47	77
47	80
48	1
48	37
48	38
48	50
48	56
48	64
48	70
48	71
48	78
48	81
49	19
49	21
49	23
49	36
49	40
49	51
49	53
49	60
49	63
49	67
49	69
50	8
50	36
50	38
50	48
50	54
50	57
50	64
50	68
50	70
50	71
50	78
51	29
51	33
51	42
51	49
51	56
51	57
51	64
51	68
51	70
51	71
51	81
52	12
52	32
52	35
52	39
52	41
52	45
52	61
52	71
52	73
52	74
52	80
53	14
53	19
53	21
53	23
53	36
53	49
53	54
53	60
53	63
53	67
53	69
54	28
54	29
54	50
54	53
54	56
54	57
54	68
54	70
54	71
54	78
54	81
55	25
55	31
55	37
55	44
55	62
55	65
55	66
55	72
55	73
55	75
55	79
56	8
56	24
56	42
56	48
56	51
56	54
56	57
56	58
56	65
56	66
56	81
57	3
57	29
57	42
57	50
57	51
57	54
57	56
57	64
57	68
57	78
57	81
58	24
58	29
58	38
58	42
58	56
58	68
58	69
58	70
58	71
58	78
58	81
59	16
59	22
59	26
59	33
59	41
59	47
59	62
59	73
59	74
59	76
59	77
59	80
60	6
60	13
60	14
60	21
60	36
60	40
60	49
60	53
60	63
60	67
60	69
60	74
61	12
61	33
61	35
61	41
61	45
61	52
61	71
61	73
61	74
61	76
61	77
61	80
62	11
62	18
62	27
62	37
62	55
62	59
62	65
62	66
62	72
62	75
62	79
62	80
63	13
63	14
63	19
63	23
63	36
63	38
63	40
63	49
63	53
63	60
63	67
63	69
64	38
64	41
64	42
64	48
64	50
64	51
64	57
64	68
64	70
64	71
64	78
64	81
65	9
65	27
65	28
65	31
65	37
65	44
65	55
65	56
65	62
65	66
65	72
65	75
65	79
66	4
66	9
66	11
66	25
66	34
66	44
66	55
66	56
66	62
66	65
66	72
66	75
66	79
67	6
67	13
67	19
67	21
67	23
67	36
67	40
67	49
67	53
67	60
67	63
67	69
67	70
68	38
68	39
68	42
68	43
68	50
68	51
68	54
68	57
68	58
68	64
68	71
68	78
68	81
69	6
69	13
69	14
69	21
69	23
69	36
69	40
69	49
69	53
69	58
69	60
69	63
69	67
70	1
70	24
70	29
70	38
70	48
70	50
70	51
70	54
70	58
70	64
70	67
70	78
70	81
71	1
71	8
71	48
71	50
71	51
71	52
71	54
71	58
71	61
71	64
71	68
71	78
71	81
72	4
72	9
72	18
72	28
72	31
72	34
72	37
72	44
72	55
72	62
72	65
72	66
72	75
72	79
72	81
73	12
73	16
73	26
73	32
73	33
73	39
73	41
73	45
73	47
73	52
73	55
73	59
73	61
73	74
73	76
74	10
74	12
74	22
74	26
74	33
74	35
74	39
74	47
74	52
74	59
74	60
74	61
74	73
74	76
74	77
74	80
75	4
75	9
75	11
75	18
75	25
75	27
75	31
75	37
75	44
75	46
75	55
75	62
75	65
75	66
75	72
75	79
76	15
76	22
76	25
76	26
76	32
76	35
76	41
76	42
76	45
76	47
76	59
76	61
76	73
76	74
76	77
76	80
77	12
77	15
77	16
77	17
77	22
77	23
77	32
77	33
77	35
77	39
77	41
77	47
77	59
77	61
77	74
77	76
77	80
78	1
78	6
78	8
78	24
78	29
78	38
78	42
78	48
78	50
78	54
78	57
78	58
78	64
78	68
78	70
78	71
78	81
79	4
79	9
79	11
79	18
79	20
79	25
79	27
79	28
79	31
79	34
79	37
79	44
79	55
79	62
79	65
79	66
79	72
79	75
79	81
80	4
80	12
80	15
80	16
80	22
80	26
80	32
80	35
80	39
80	41
80	45
80	47
80	52
80	59
80	61
80	62
80	74
80	76
80	77
81	1
81	8
81	24
81	29
81	38
81	42
81	48
81	51
81	54
81	56
81	57
81	58
81	64
81	68
81	70
81	71
81	72
81	78
81	79
