1	5
1	7
1	8
1	12
1	15
1	51
2	22
2	41
2	50
2	52
2	54
2	57
3	6
3	11
3	23
3	24
3	25
3	26
4	9
4	49
4	68
4	69
4	76
4	80
5	1
5	7
5	8
5	12
5	15
5	73
6	3
6	11
6	23
6	24
6	25
6	26
7	1
7	5
7	8
7	12
7	15
7	37
8	1
8	5
8	7
8	12
8	15
8	69
9	4
9	46
9	49
9	69
9	75
9	80
10	35
10	66
10	70
10	73
10	77
10	79
11	3
11	6
11	23
11	24
11	25
11	26
12	1
12	5
12	7
12	8
12	15
12	59
13	42
13	62
13	72
13	77
13	78
13	79
14	35
14	36
14	67
14	68
14	72
14	81
15	1
15	5
15	7
15	8
15	12
15	66
16	60
16	61
16	63
16	68
16	71
16	74
17	45
17	62
17	70
17	77
17	78
17	79
18	33
18	43
18	64
18	73
18	78
18	79
19	28
19	34
19	50
19	52
19	54
19	57
20	55
20	58
20	65
20	69
20	75
20	76
21	49
21	55
21	58
21	65
21	69
21	75
21	80
22	2
22	28
22	41
22	50
22	52
22	54
22	57
23	3
23	6
23	11
23	24
23	25
23	26
23	36
24	3
24	6
24	11
24	23
24	25
24	26
24	30
25	3
25	6
25	11
25	23
25	24
25	26
25	45
26	3
26	6
26	11
26	23
26	24
26	25
26	63
27	56
27	66
27	70
27	75
27	77
27	78
27	79
28	19
28	22
28	34
28	41
28	54
28	57
28	78
29	59
29	60
29	61
29	63
29	68
29	71
29	81
30	24
30	34
30	41
30	50
30	52
30	54
30	57
31	49
31	51
31	53
31	55
31	69
31	75
31	80
32	38
32	42
32	67
32	68
32	71
32	74
32	81
33	18
33	64
33	66
33	70
33	72
33	78
33	79
34	19
34	28
34	30
34	41
34	50
34	52
34	54
34	57
35	10
35	14
35	44
35	67
35	68
35	71
35	74
35	81
36	14
36	23
36	59
36	60
36	67
36	71
36	74
36	81
37	7
37	38
37	44
37	61
37	67
37	68
37	71
37	81
38	32
38	37
38	42
38	48
38	55
38	59
38	74
38	81
39	43
39	51
39	53
39	60
39	69
39	75
39	76
39	80
40	46
40	51
40	55
40	62
40	65
40	69
40	76
40	80
41	2
41	22
41	28
41	30
41	34
41	50
41	52
41	54
41	57
42	13
42	32
42	38
42	44
42	48
42	59
42	67
42	74
42	81
43	18
43	39
43	49
43	53
43	58
43	65
43	75
43	76
43	80
44	35
44	37
44	42
44	60
44	61
44	63
44	71
44	74
44	81
45	17
45	25
45	64
45	70
45	72
45	73
45	77
45	78
45	79
46	9
46	40
46	49
46	53
46	58
46	65
46	70
46	75
46	76
46	80
47	56
47	62
47	64
47	70
47	72
47	73
47	75
47	77
47	78
47	79
48	38
48	42
48	49
48	59
48	60
48	61
48	63
48	67
48	68
48	74
49	4
49	9
49	21
49	31
49	43
49	46
49	48
49	58
49	75
49	80
50	2
50	19
50	22
50	30
50	34
50	41
50	52
50	54
50	57
50	65
51	1
51	31
51	39
51	40
51	58
51	65
51	69
51	75
51	76
51	80
52	2
52	19
52	22
52	30
52	34
52	41
52	50
52	54
52	57
52	77
53	31
53	39
53	43
53	46
53	55
53	65
53	69
53	75
53	76
53	80
53	81
54	2
54	19
54	22
54	28
54	30
54	34
54	41
54	50
54	52
54	57
54	80
55	20
55	21
55	31
55	38
55	40
55	53
55	58
55	65
55	75
55	76
55	80
56	27
56	47
56	57
56	62
56	64
56	66
56	72
56	73
56	77
56	78
56	79
57	2
57	19
57	22
57	28
57	30
57	34
57	41
57	50
57	52
57	54
57	56
58	20
58	21
58	43
58	46
58	49
58	51
58	55
58	65
58	76
58	79
58	80
59	12
59	29
59	36
59	38
59	42
59	48
59	60
59	63
59	67
59	71
59	74
59	81
60	16
60	29
60	36
60	39
60	44
60	48
60	59
60	63
60	68
60	71
60	74
60	81
61	16
61	29
61	37
61	44
61	48
61	63
61	64
61	67
61	68
61	71
61	74
61	81
62	13
62	17
62	40
62	47
62	56
62	66
62	70
62	72
62	73
62	77
62	78
62	79
63	16
63	26
63	29
63	44
63	48
63	59
63	60
63	61
63	67
63	68
63	71
63	74
63	81
64	18
64	33
64	45
64	47
64	56
64	61
64	66
64	70
64	72
64	73
64	77
64	78
64	79
65	20
65	21
65	40
65	43
65	46
65	50
65	51
65	53
65	55
65	58
65	69
65	76
65	80
66	10
66	15
66	27
66	33
66	56
66	62
66	64
66	70
66	72
66	73
66	77
66	78
66	79
67	14
67	32
67	35
67	36
67	37
67	42
67	48
67	59
67	61
67	63
67	71
67	74
67	79
67	81
68	4
68	14
68	16
68	29
68	32
68	35
68	37
68	48
68	60
68	61
68	63
68	74
68	77
68	81
69	4
69	8
69	9
69	20
69	21
69	31
69	39
69	40
69	51
69	53
69	65
69	75
69	76
69	80
70	10
70	17
70	27
70	33
70	45
70	46
70	47
70	62
70	64
70	66
70	72
70	73
70	77
70	78
70	79
71	16
71	29
71	32
71	35
71	36
71	37
71	44
71	59
71	60
71	61
71	63
71	67
71	73
71	78
71	81
72	13
72	14
72	33
72	45
72	47
72	56
72	62
72	64
72	66
72	70
72	73
72	76
72	77
72	78
72	79
73	5
73	10
73	18
73	45
73	47
73	56
73	62
73	64
73	66
73	70
73	71
73	72
73	77
73	78
73	79
74	16
74	32
74	35
74	36
74	38
74	42
74	44
74	48
74	59
74	60
74	61
74	63
74	67
74	68
74	76
74	81
75	9
75	20
75	21
75	27
75	31
75	39
75	43
75	46
75	47
75	49
75	51
75	53
75	55
75	69
75	76
75	80
76	4
76	20
76	39
76	40
76	43
76	46
76	51
76	53
76	55
76	58
76	65
76	69
76	72
76	74
76	75
76	80
77	10
77	13
77	17
77	27
77	45
77	47
77	52
77	56
77	62
77	64
77	66
77	68
77	70
77	72
77	73
77	78
77	79
78	13
78	17
78	18
78	27
78	28
78	33
78	45
78	47
78	56
78	62
78	64
78	66
78	70
78	71
78	72
78	73
78	77
78	79
79	10
79	13
79	17
79	18
79	27
79	33
79	45
79	47
79	56
79	58
79	62
79	64
79	66
79	67
79	70
79	72
79	73
79	77
79	78
80	4
80	9
80	21
80	31
80	39
80	40
80	43
80	46
80	49
80	51
80	53
80	54
80	55
80	58
80	65
80	69
80	75
80	76
80	81
81	14
81	29
81	32
81	35
81	36
81	37
81	38
81	42
81	44
81	53
81	59
81	60
81	61
81	63
81	67
81	68
81	71
81	74
81	80
