1	4
1	5
1	6
1	11
1	16
1	78
2	22
2	35
2	37
2	38
2	40
2	81
3	22
3	29
3	35
3	37
3	38
3	40
4	1
4	5
4	6
4	11
4	16
4	79
5	1
5	4
5	6
5	11
5	16
5	76
6	1
6	4
6	5
6	10
6	11
6	16
7	10
7	19
7	25
7	28
7	33
7	36
8	42
8	46
8	48
8	49
8	51
8	59
9	12
9	14
9	15
9	24
9	30
9	34
10	6
10	7
10	19
10	25
10	33
10	36
11	1
11	4
11	5
11	6
11	16
11	50
12	9
12	14
12	15
12	24
12	30
12	34
13	19
13	22
13	25
13	28
13	33
13	36
14	9
14	12
14	15
14	24
14	30
14	34
15	9
15	12
15	14
15	24
15	30
15	34
16	1
16	4
16	5
16	6
16	11
16	68
17	56
17	60
17	65
17	66
17	69
17	80
18	21
18	23
18	26
18	27
18	31
18	44
19	7
19	10
19	13
19	25
19	28
19	33
19	36
20	21
20	23
20	26
20	27
20	31
20	32
20	62
21	18
21	20
21	23
21	26
21	31
21	32
21	41
22	2
22	3
22	13
22	29
22	35
22	37
22	40
23	18
23	20
23	21
23	26
23	27
23	31
23	32
24	9
24	12
24	14
24	15
24	30
24	34
24	66
25	7
25	10
25	13
25	19
25	28
25	33
25	36
26	18
26	20
26	21
26	23
26	27
26	31
26	32
27	18
27	20
27	23
27	26
27	31
27	32
27	69
28	7
28	13
28	19
28	25
28	33
28	36
28	64
29	3
29	22
29	35
29	37
29	38
29	40
29	47
30	9
30	12
30	14
30	15
30	24
30	34
30	35
31	18
31	20
31	21
31	23
31	26
31	27
31	32
32	20
32	21
32	23
32	26
32	27
32	31
32	66
33	7
33	10
33	13
33	19
33	25
33	28
33	36
34	9
34	12
34	14
34	15
34	24
34	30
34	76
35	2
35	3
35	22
35	29
35	30
35	37
35	38
35	40
36	7
36	10
36	13
36	19
36	25
36	28
36	33
36	80
37	2
37	3
37	22
37	29
37	35
37	38
37	40
37	42
38	2
38	3
38	29
38	35
38	37
38	40
38	63
38	72
39	45
39	49
39	51
39	54
39	55
39	58
39	59
39	62
40	2
40	3
40	22
40	29
40	35
40	37
40	38
40	75
41	21
41	52
41	53
41	57
41	60
41	65
41	66
41	69
42	8
42	37
42	48
42	51
42	54
42	55
42	58
42	59
42	62
43	47
43	53
43	56
43	57
43	60
43	63
43	65
43	66
43	69
44	18
44	67
44	70
44	71
44	72
44	77
44	79
44	80
44	81
45	39
45	47
45	53
45	56
45	57
45	60
45	65
45	66
45	69
46	8
46	48
46	51
46	54
46	55
46	58
46	59
46	62
46	81
47	29
47	43
47	45
47	52
47	56
47	57
47	60
47	65
47	66
47	69
48	8
48	42
48	46
48	49
48	54
48	55
48	58
48	59
48	62
48	77
49	8
49	39
49	48
49	51
49	54
49	55
49	58
49	59
49	62
49	78
50	11
50	70
50	72
50	73
50	75
50	77
50	78
50	79
50	80
50	81
51	8
51	39
51	42
51	46
51	49
51	55
51	58
51	59
51	62
51	77
52	41
52	47
52	53
52	56
52	57
52	60
52	61
52	65
52	66
52	69
53	41
53	43
53	45
53	52
53	57
53	60
53	65
53	66
53	69
53	75
54	39
54	42
54	46
54	48
54	49
54	55
54	56
54	58
54	59
54	62
55	39
55	42
55	46
55	48
55	49
55	51
55	54
55	58
55	59
55	62
55	69
56	17
56	43
56	45
56	47
56	52
56	54
56	57
56	60
56	65
56	66
56	69
57	41
57	43
57	45
57	47
57	52
57	53
57	56
57	65
57	66
57	69
57	79
58	39
58	42
58	46
58	48
58	49
58	51
58	54
58	55
58	59
58	62
58	67
59	8
59	39
59	42
59	46
59	48
59	49
59	51
59	54
59	55
59	58
59	62
59	74
60	17
60	41
60	43
60	45
60	47
60	52
60	53
60	56
60	65
60	66
60	69
60	70
61	52
61	68
61	70
61	71
61	74
61	75
61	76
61	77
61	78
61	79
61	80
61	81
62	20
62	39
62	42
62	46
62	48
62	49
62	51
62	54
62	55
62	58
62	59
62	74
63	38
63	43
63	64
63	72
63	73
63	74
63	75
63	76
63	78
63	79
63	80
63	81
64	28
64	63
64	70
64	71
64	73
64	74
64	75
64	76
64	77
64	78
64	79
64	80
64	81
65	17
65	41
65	43
65	45
65	47
65	52
65	53
65	56
65	57
65	60
65	66
65	69
65	71
66	17
66	24
66	32
66	41
66	43
66	45
66	47
66	52
66	53
66	56
66	57
66	60
66	65
66	69
67	44
67	58
67	68
67	71
67	72
67	73
67	74
67	75
67	76
67	77
67	78
67	79
67	80
67	81
68	16
68	61
68	67
68	70
68	71
68	73
68	74
68	75
68	76
68	77
68	78
68	79
68	80
68	81
69	17
69	27
69	41
69	43
69	45
69	47
69	52
69	53
69	55
69	56
69	57
69	60
69	65
69	66
70	44
70	50
70	60
70	61
70	64
70	68
70	72
70	73
70	74
70	76
70	77
70	78
70	79
70	80
70	81
71	44
71	61
71	64
71	65
71	67
71	68
71	73
71	74
71	75
71	76
71	77
71	78
71	79
71	80
71	81
72	38
72	44
72	50
72	63
72	67
72	70
72	73
72	74
72	75
72	76
72	77
72	78
72	79
72	80
72	81
73	50
73	63
73	64
73	67
73	68
73	70
73	71
73	72
73	74
73	75
73	76
73	77
73	78
73	79
73	80
73	81
74	59
74	61
74	62
74	63
74	64
74	67
74	68
74	70
74	71
74	72
74	73
74	75
74	76
74	77
74	78
74	79
74	80
74	81
75	40
75	50
75	53
75	61
75	63
75	64
75	67
75	68
75	71
75	72
75	73
75	74
75	76
75	77
75	78
75	79
75	80
75	81
76	5
76	34
76	61
76	63
76	64
76	67
76	68
76	70
76	71
76	72
76	73
76	74
76	75
76	77
76	78
76	79
76	80
76	81
77	44
77	48
77	50
77	51
77	61
77	64
77	67
77	68
77	70
77	71
77	72
77	73
77	74
77	75
77	76
77	78
77	79
77	80
77	81
78	1
78	49
78	50
78	61
78	63
78	64
78	67
78	68
78	70
78	71
78	72
78	73
78	74
78	75
78	76
78	77
78	79
78	80
78	81
79	4
79	44
79	50
79	57
79	61
79	63
79	64
79	67
79	68
79	70
79	71
79	72
79	73
79	74
79	75
79	76
79	77
79	78
79	80
79	81
80	17
80	36
80	44
80	50
80	61
80	63
80	64
80	67
80	68
80	70
80	71
80	72
80	73
80	74
80	75
80	76
80	77
80	78
80	79
80	81
81	2
81	44
81	46
81	50
81	61
81	63
81	64
81	67
81	68
81	70
81	71
81	72
81	73
81	74
81	75
81	76
81	77
81	78
81	79
81	80
