1	8
1	11
1	25
1	27
1	38
1	57
2	72
2	73
2	77
2	78
2	80
2	81
3	13
3	48
3	53
3	54
3	61
3	67
4	34
4	36
4	39
4	68
4	69
4	70
5	36
5	40
5	43
5	65
5	68
5	69
6	10
6	16
6	18
6	19
6	24
6	32
7	15
7	21
7	28
7	31
7	37
7	41
8	1
8	11
8	25
8	35
8	38
8	76
9	30
9	40
9	43
9	65
9	68
9	69
10	6
10	18
10	19
10	24
10	32
10	60
11	1
11	8
11	20
11	35
11	38
11	78
12	17
12	42
12	55
12	56
12	58
12	59
13	3
13	45
13	53
13	61
13	63
13	67
14	45
14	52
14	53
14	57
14	63
14	67
15	7
15	21
15	33
15	37
15	41
15	49
16	6
16	18
16	19
16	24
16	32
16	72
17	12
17	29
17	47
17	56
17	58
17	59
18	6
18	10
18	16
18	19
18	24
18	32
19	6
19	10
19	16
19	18
19	24
19	32
20	11
20	25
20	27
20	29
20	35
20	38
21	7
21	15
21	28
21	31
21	33
21	41
22	48
22	49
22	54
22	57
22	61
22	67
23	44
23	46
23	55
23	56
23	58
23	70
24	6
24	10
24	16
24	18
24	19
24	32
25	1
25	8
25	20
25	27
25	35
25	38
26	30
26	34
26	43
26	65
26	68
26	69
27	1
27	20
27	25
27	35
27	38
27	81
28	7
28	21
28	31
28	33
28	37
28	41
28	81
29	17
29	20
29	44
29	55
29	56
29	58
29	59
30	9
30	26
30	36
30	39
30	65
30	68
30	69
31	7
31	21
31	28
31	33
31	37
31	40
31	41
32	6
32	10
32	16
32	18
32	19
32	24
32	59
33	15
33	21
33	28
33	31
33	37
33	41
33	77
34	4
34	26
34	40
34	43
34	64
34	68
34	69
35	8
35	11
35	20
35	25
35	27
35	36
35	38
36	4
36	5
36	30
36	35
36	65
36	68
36	69
37	7
37	15
37	28
37	31
37	33
37	41
37	54
38	1
38	8
38	11
38	20
38	25
38	27
38	35
39	4
39	30
39	40
39	52
39	65
39	68
39	69
40	5
40	9
40	31
40	34
40	39
40	65
40	68
40	69
41	7
41	15
41	21
41	28
41	31
41	33
41	37
41	78
42	12
42	46
42	47
42	55
42	56
42	58
42	59
42	75
43	5
43	9
43	26
43	34
43	65
43	68
43	69
43	71
44	23
44	29
44	46
44	47
44	56
44	58
44	59
44	67
45	13
45	14
45	49
45	52
45	54
45	57
45	63
45	67
45	80
46	23
46	42
46	44
46	47
46	55
46	56
46	58
46	59
46	76
47	17
47	42
47	44
47	46
47	55
47	56
47	58
47	59
47	72
48	3
48	22
48	49
48	52
48	54
48	61
48	63
48	66
48	67
49	15
49	22
49	45
49	48
49	52
49	54
49	57
49	61
49	63
50	56
50	71
50	74
50	75
50	76
50	78
50	79
50	80
50	81
51	62
51	65
51	72
51	73
51	74
51	77
51	79
51	80
51	81
52	14
52	39
52	45
52	48
52	49
52	53
52	57
52	61
52	63
52	67
53	3
53	13
53	14
53	52
53	54
53	57
53	61
53	63
53	64
53	67
54	3
54	22
54	37
54	45
54	48
54	49
54	53
54	57
54	61
54	63
55	12
55	23
55	29
55	42
55	46
55	47
55	56
55	58
55	59
55	73
56	12
56	17
56	23
56	29
56	42
56	44
56	46
56	47
56	50
56	55
56	59
57	1
57	14
57	22
57	45
57	49
57	52
57	53
57	54
57	61
57	63
57	67
58	12
58	17
58	23
58	29
58	42
58	44
58	46
58	47
58	55
58	59
58	80
59	12
59	17
59	29
59	32
59	42
59	44
59	46
59	47
59	55
59	56
59	58
60	10
60	70
60	72
60	73
60	74
60	75
60	76
60	78
60	79
60	80
60	81
61	3
61	13
61	22
61	48
61	49
61	52
61	53
61	54
61	57
61	63
61	67
61	79
62	51
62	65
62	70
62	71
62	72
62	73
62	74
62	75
62	76
62	77
62	78
62	81
63	13
63	14
63	45
63	48
63	49
63	52
63	53
63	54
63	57
63	61
63	67
63	75
64	34
64	53
64	66
64	72
64	73
64	74
64	75
64	77
64	78
64	79
64	80
64	81
65	5
65	9
65	26
65	30
65	36
65	39
65	40
65	43
65	51
65	62
65	68
65	69
66	48
66	64
66	70
66	71
66	73
66	74
66	75
66	76
66	77
66	78
66	79
66	80
66	81
67	3
67	13
67	14
67	22
67	44
67	45
67	48
67	52
67	53
67	57
67	61
67	63
67	79
68	4
68	5
68	9
68	26
68	30
68	34
68	36
68	39
68	40
68	43
68	65
68	69
68	77
69	4
69	5
69	9
69	26
69	30
69	34
69	36
69	39
69	40
69	43
69	65
69	68
69	74
70	4
70	23
70	60
70	62
70	66
70	71
70	72
70	74
70	75
70	76
70	77
70	78
70	79
70	80
70	81
71	43
71	50
71	62
71	66
71	70
71	72
71	73
71	74
71	75
71	76
71	77
71	78
71	79
71	80
71	81
72	2
72	16
72	47
72	51
72	60
72	62
72	64
72	70
72	71
72	73
72	74
72	76
72	77
72	79
72	80
72	81
73	2
73	51
73	55
73	60
73	62
73	64
73	66
73	71
73	72
73	74
73	75
73	76
73	77
73	78
73	79
73	80
73	81
74	50
74	51
74	60
74	62
74	64
74	66
74	69
74	70
74	71
74	72
74	73
74	75
74	76
74	78
74	79
74	80
74	81
75	42
75	50
75	60
75	62
75	63
75	64
75	66
75	70
75	71
75	73
75	74
75	76
75	77
75	78
75	79
75	80
75	81
76	8
76	46
76	50
76	60
76	62
76	66
76	70
76	71
76	72
76	73
76	74
76	75
76	77
76	78
76	79
76	80
76	81
77	2
77	33
77	51
77	62
77	64
77	66
77	68
77	70
77	71
77	72
77	73
77	75
77	76
77	78
77	79
77	80
77	81
78	2
78	11
78	41
78	50
78	60
78	62
78	64
78	66
78	70
78	71
78	73
78	74
78	75
78	76
78	77
78	79
78	80
78	81
79	50
79	51
79	60
79	61
79	64
79	66
79	67
79	70
79	71
79	72
79	73
79	74
79	75
79	76
79	77
79	78
79	80
79	81
80	2
80	45
80	50
80	51
80	58
80	60
80	64
80	66
80	70
80	71
80	72
80	73
80	74
80	75
80	76
80	77
80	78
80	79
80	81
81	2
81	27
81	28
81	50
81	51
81	60
81	62
81	64
81	66
81	70
81	71
81	72
81	73
81	74
81	75
81	76
81	77
81	78
81	79
81	80
