1	20
1	41
1	42
1	46
1	50
1	53
2	4
2	12
2	13
2	14
2	16
2	60
3	22
3	34
3	46
3	50
3	51
3	53
4	2
4	11
4	12
4	13
4	14
4	16
5	18
5	39
5	52
5	56
5	63
5	67
6	30
6	32
6	59
6	63
6	64
6	67
7	12
7	40
7	56
7	59
7	63
7	67
8	55
8	56
8	58
8	61
8	62
8	70
9	48
9	72
9	73
9	79
9	80
9	81
10	76
10	77
10	78
10	79
10	80
10	81
11	4
11	12
11	13
11	14
11	16
11	51
12	2
12	4
12	7
12	11
12	13
12	14
13	2
13	4
13	11
13	12
13	14
13	16
14	2
14	4
14	11
14	12
14	13
14	16
15	56
15	64
15	65
15	68
15	71
15	75
16	2
16	4
16	11
16	13
16	14
16	52
17	25
17	27
17	49
17	68
17	71
17	75
18	5
18	52
18	59
18	63
18	67
18	69
19	22
19	34
19	41
19	50
19	51
19	53
19	80
20	1
20	34
20	42
20	46
20	50
20	51
20	53
21	26
21	47
21	58
21	61
21	62
21	70
21	79
22	3
22	19
22	34
22	42
22	46
22	51
22	80
23	49
23	60
23	64
23	65
23	68
23	71
23	73
23	75
24	36
24	48
24	49
24	64
24	65
24	68
24	71
24	75
25	17
25	48
25	60
25	64
25	65
25	68
25	71
25	75
26	21
26	44
26	47
26	54
26	58
26	61
26	62
26	70
27	17
27	60
27	64
27	65
27	67
27	68
27	71
27	75
28	31
28	47
28	54
28	55
28	57
28	58
28	62
28	70
29	32
29	40
29	52
29	56
29	59
29	63
29	67
29	81
30	6
30	32
30	39
30	40
30	56
30	59
30	63
30	67
31	28
31	38
31	44
31	45
31	55
31	58
31	62
31	70
32	6
32	29
32	30
32	39
32	52
32	63
32	67
32	81
33	72
33	73
33	74
33	76
33	77
33	78
33	80
33	81
34	3
34	19
34	20
34	22
34	41
34	50
34	51
34	53
35	55
35	72
35	73
35	76
35	77
35	78
35	80
35	81
36	24
36	48
36	60
36	61
36	64
36	65
36	68
36	71
36	75
37	38
37	73
37	74
37	76
37	77
37	78
37	79
37	80
37	81
38	31
38	37
38	47
38	54
38	57
38	58
38	61
38	62
38	70
39	5
39	30
39	32
39	40
39	46
39	52
39	59
39	63
39	67
40	7
40	29
40	30
40	39
40	52
40	56
40	59
40	63
40	67
41	1
41	19
41	34
41	42
41	44
41	46
41	50
41	51
41	53
42	1
42	20
42	22
42	41
42	46
42	50
42	51
42	53
42	70
43	71
43	72
43	74
43	76
43	77
43	78
43	79
43	80
43	81
44	26
44	31
44	41
44	54
44	55
44	57
44	58
44	61
44	62
44	70
45	31
45	72
45	73
45	74
45	76
45	77
45	78
45	79
45	80
45	81
46	1
46	3
46	20
46	22
46	39
46	41
46	42
46	50
46	51
46	53
47	21
47	26
47	28
47	38
47	54
47	55
47	57
47	61
47	62
47	65
47	70
48	9
48	24
48	25
48	36
48	49
48	60
48	64
48	65
48	68
48	71
48	75
49	17
49	23
49	24
49	48
49	57
49	60
49	64
49	65
49	68
49	71
49	75
50	1
50	3
50	19
50	20
50	34
50	41
50	42
50	46
50	51
50	53
50	74
51	3
51	11
51	19
51	20
51	22
51	34
51	41
51	42
51	46
51	50
51	53
52	5
52	16
52	18
52	29
52	32
52	39
52	40
52	56
52	59
52	63
52	67
53	1
53	3
53	19
53	20
53	34
53	41
53	42
53	46
53	50
53	51
53	74
54	26
54	28
54	38
54	44
54	47
54	57
54	58
54	61
54	62
54	63
54	70
55	8
55	28
55	31
55	35
55	44
55	47
55	57
55	59
55	61
55	62
55	70
56	5
56	7
56	8
56	15
56	29
56	30
56	40
56	52
56	59
56	63
56	67
57	28
57	38
57	44
57	47
57	49
57	54
57	55
57	58
57	61
57	62
57	70
58	8
58	21
58	26
58	28
58	31
58	38
58	44
58	54
58	57
58	61
58	68
58	70
59	6
59	7
59	18
59	29
59	30
59	39
59	40
59	52
59	55
59	56
59	63
59	67
59	75
60	2
60	23
60	25
60	27
60	36
60	48
60	49
60	64
60	65
60	68
60	71
60	75
60	77
61	8
61	21
61	26
61	36
61	38
61	44
61	47
61	54
61	55
61	57
61	58
61	62
61	70
62	8
62	21
62	26
62	28
62	31
62	38
62	44
62	47
62	54
62	55
62	57
62	61
62	66
62	70
63	5
63	6
63	7
63	18
63	29
63	30
63	32
63	39
63	40
63	52
63	54
63	56
63	59
63	67
64	6
64	15
64	23
64	24
64	25
64	27
64	36
64	48
64	49
64	60
64	65
64	68
64	71
64	75
65	15
65	23
65	24
65	25
65	27
65	36
65	47
65	48
65	49
65	60
65	64
65	68
65	71
65	75
66	62
66	69
66	72
66	73
66	74
66	76
66	77
66	78
66	79
66	80
66	81
67	5
67	6
67	7
67	18
67	27
67	29
67	30
67	32
67	39
67	40
67	52
67	56
67	59
67	63
67	78
68	15
68	17
68	23
68	24
68	25
68	27
68	36
68	48
68	49
68	58
68	60
68	64
68	65
68	71
68	75
69	18
69	66
69	72
69	73
69	74
69	76
69	77
69	78
69	79
69	80
69	81
70	8
70	21
70	26
70	28
70	31
70	38
70	42
70	44
70	47
70	54
70	55
70	57
70	58
70	61
70	62
70	79
71	15
71	17
71	23
71	24
71	25
71	27
71	36
71	43
71	48
71	49
71	60
71	64
71	65
71	68
71	72
71	75
72	9
72	33
72	35
72	43
72	45
72	66
72	69
72	71
72	73
72	74
72	76
72	77
72	78
72	79
72	80
72	81
73	9
73	23
73	33
73	35
73	37
73	45
73	66
73	69
73	72
73	74
73	76
73	77
73	78
73	79
73	80
73	81
74	33
74	37
74	43
74	45
74	50
74	53
74	66
74	69
74	72
74	73
74	76
74	77
74	78
74	79
74	80
74	81
75	15
75	17
75	23
75	24
75	25
75	27
75	36
75	48
75	49
75	59
75	60
75	64
75	65
75	68
75	71
75	76
76	10
76	33
76	35
76	37
76	43
76	45
76	66
76	69
76	72
76	73
76	74
76	75
76	77
76	78
76	79
76	80
76	81
77	10
77	33
77	35
77	37
77	43
77	45
77	60
77	66
77	69
77	72
77	73
77	74
77	76
77	78
77	79
77	80
77	81
78	10
78	33
78	35
78	37
78	43
78	45
78	66
78	67
78	69
78	72
78	73
78	74
78	76
78	77
78	79
78	80
78	81
79	9
79	10
79	21
79	37
79	43
79	45
79	66
79	69
79	70
79	72
79	73
79	74
79	76
79	77
79	78
79	80
79	81
80	9
80	10
80	19
80	22
80	33
80	35
80	37
80	43
80	45
80	66
80	69
80	72
80	73
80	74
80	76
80	77
80	78
80	79
80	81
81	9
81	10
81	29
81	32
81	33
81	35
81	37
81	43
81	45
81	66
81	69
81	72
81	73
81	74
81	76
81	77
81	78
81	79
81	80
