1	67
1	73
1	74
1	79
1	80
1	81
2	26
2	67
2	72
2	73
2	80
2	81
3	11
3	16
3	18
3	21
3	33
3	34
4	12
4	20
4	40
4	44
4	47
4	56
5	21
5	24
5	40
5	41
5	45
5	56
6	50
6	54
6	58
6	59
6	65
6	70
7	49
7	72
7	73
7	79
7	80
7	81
8	68
8	72
8	73
8	79
8	80
8	81
9	52
9	57
9	61
9	63
9	69
9	70
10	64
10	71
10	74
10	76
10	77
10	78
11	3
11	16
11	21
11	33
11	34
11	51
12	4
12	20
12	23
12	47
12	56
12	65
13	22
13	31
13	35
13	42
13	48
13	69
14	71
14	75
14	76
14	77
14	78
14	80
15	31
15	35
15	39
15	42
15	44
15	48
16	3
16	11
16	18
16	21
16	33
16	34
17	22
17	31
17	35
17	42
17	44
17	48
18	3
18	16
18	21
18	33
18	34
18	79
19	39
19	67
19	76
19	79
19	80
19	81
20	4
20	12
20	40
20	41
20	47
20	56
20	58
21	3
21	5
21	11
21	16
21	18
21	33
21	34
22	13
22	17
22	31
22	35
22	44
22	48
22	75
23	12
23	24
23	40
23	41
23	45
23	47
23	56
24	5
24	23
24	40
24	41
24	45
24	47
24	56
25	65
25	71
25	74
25	75
25	76
25	77
25	78
26	2
26	66
26	71
26	72
26	76
26	77
26	78
27	33
27	71
27	74
27	75
27	76
27	77
27	78
28	51
28	52
28	54
28	58
28	61
28	69
28	70
29	60
29	68
29	72
29	73
29	79
29	80
29	81
30	65
30	74
30	75
30	76
30	77
30	78
30	81
31	13
31	15
31	17
31	22
31	42
31	44
31	48
32	64
32	71
32	74
32	75
32	76
32	78
32	79
33	3
33	11
33	16
33	18
33	21
33	27
33	34
34	3
34	11
34	16
34	18
34	21
34	33
34	46
35	13
35	15
35	17
35	22
35	42
35	44
35	48
36	62
36	67
36	72
36	73
36	79
36	80
36	81
37	43
37	50
37	52
37	59
37	63
37	69
37	70
38	39
38	55
38	60
38	72
38	76
38	79
38	80
38	81
39	15
39	19
39	38
39	62
39	72
39	73
39	79
39	81
40	4
40	5
40	20
40	23
40	24
40	41
40	45
40	56
41	5
41	20
41	23
41	24
41	40
41	45
41	47
41	80
42	13
42	15
42	17
42	31
42	35
42	44
42	48
42	52
43	37
43	50
43	51
43	52
43	58
43	61
43	63
43	70
44	4
44	15
44	17
44	22
44	31
44	35
44	42
44	48
45	5
45	23
45	24
45	40
45	41
45	47
45	56
45	66
46	34
46	53
46	64
46	66
46	74
46	75
46	76
46	77
46	78
47	4
47	12
47	20
47	23
47	24
47	41
47	45
47	56
47	67
48	13
48	15
48	17
48	22
48	31
48	35
48	42
48	44
48	61
49	7
49	64
49	65
49	66
49	71
49	74
49	75
49	76
49	77
49	78
50	6
50	37
50	43
50	54
50	57
50	59
50	60
50	63
50	69
50	70
51	11
51	28
51	43
51	54
51	57
51	58
51	61
51	63
51	69
51	70
52	9
52	28
52	37
52	42
52	43
52	59
52	61
52	63
52	69
52	70
53	46
53	65
53	66
53	71
53	74
53	75
53	76
53	77
53	78
53	81
54	6
54	28
54	50
54	51
54	57
54	59
54	61
54	63
54	70
54	75
55	38
55	59
55	60
55	62
55	67
55	68
55	73
55	79
55	80
55	81
56	4
56	5
56	12
56	20
56	23
56	24
56	40
56	45
56	47
56	71
57	9
57	50
57	51
57	54
57	58
57	59
57	61
57	63
57	69
57	70
57	78
58	6
58	20
58	28
58	43
58	51
58	57
58	59
58	61
58	63
58	69
58	70
59	6
59	37
59	50
59	52
59	54
59	55
59	57
59	58
59	61
59	63
59	69
60	29
60	38
60	50
60	55
60	62
60	64
60	68
60	72
60	73
60	79
60	80
60	81
61	9
61	28
61	43
61	48
61	51
61	52
61	54
61	57
61	58
61	59
61	69
61	70
62	36
62	39
62	55
62	60
62	63
62	67
62	68
62	72
62	73
62	79
62	80
62	81
63	9
63	37
63	43
63	50
63	51
63	52
63	54
63	57
63	58
63	59
63	62
63	69
63	70
64	10
64	32
64	46
64	49
64	60
64	65
64	66
64	71
64	74
64	75
64	76
64	77
64	78
65	6
65	12
65	25
65	30
65	49
65	53
65	64
65	66
65	71
65	74
65	75
65	77
65	78
66	26
66	45
66	46
66	49
66	53
66	64
66	65
66	71
66	74
66	75
66	76
66	77
66	78
67	1
67	2
67	19
67	36
67	47
67	55
67	62
67	68
67	72
67	73
67	79
67	80
67	81
68	8
68	29
68	55
68	60
68	62
68	67
68	70
68	72
68	73
68	77
68	79
68	80
68	81
69	9
69	13
69	28
69	37
69	50
69	51
69	52
69	57
69	58
69	59
69	61
69	63
69	70
69	73
70	6
70	9
70	28
70	37
70	43
70	50
70	51
70	52
70	54
70	57
70	58
70	61
70	63
70	68
70	69
70	74
71	10
71	14
71	25
71	26
71	27
71	32
71	49
71	53
71	56
71	64
71	65
71	66
71	74
71	75
71	76
71	77
71	78
72	2
72	7
72	8
72	26
72	29
72	36
72	38
72	39
72	60
72	62
72	67
72	68
72	73
72	77
72	79
72	80
72	81
73	1
73	2
73	7
73	8
73	29
73	36
73	39
73	55
73	60
73	62
73	67
73	68
73	69
73	72
73	79
73	80
73	81
74	1
74	10
74	25
74	27
74	30
74	32
74	46
74	49
74	53
74	64
74	65
74	66
74	70
74	71
74	75
74	76
74	77
74	78
75	14
75	22
75	25
75	27
75	30
75	32
75	46
75	49
75	53
75	54
75	64
75	65
75	66
75	71
75	74
75	76
75	77
75	78
76	10
76	14
76	19
76	25
76	26
76	27
76	30
76	32
76	38
76	46
76	49
76	53
76	64
76	66
76	71
76	74
76	75
76	77
76	78
77	10
77	14
77	25
77	26
77	27
77	30
77	46
77	49
77	53
77	64
77	65
77	66
77	68
77	71
77	72
77	74
77	75
77	76
77	78
78	10
78	14
78	25
78	26
78	27
78	30
78	32
78	46
78	49
78	53
78	57
78	64
78	65
78	66
78	71
78	74
78	75
78	76
78	77
79	1
79	7
79	8
79	18
79	19
79	29
79	32
79	36
79	38
79	39
79	55
79	60
79	62
79	67
79	68
79	72
79	73
79	80
79	81
80	1
80	2
80	7
80	8
80	14
80	19
80	29
80	36
80	38
80	41
80	55
80	60
80	62
80	67
80	68
80	72
80	73
80	79
80	81
81	1
81	2
81	7
81	8
81	19
81	29
81	30
81	36
81	38
81	39
81	53
81	55
81	60
81	62
81	67
81	68
81	72
81	73
81	79
81	80
