1	8
1	73
1	77
1	78
1	79
1	81
2	3
2	6
2	7
2	8
2	10
2	15
3	2
3	6
3	7
3	10
3	15
3	41
4	48
4	49
4	56
4	67
4	70
4	74
5	44
5	49
5	57
5	58
5	63
5	68
6	2
6	3
6	7
6	8
6	10
6	15
7	2
7	3
7	6
7	8
7	15
7	67
8	1
8	2
8	6
8	7
8	10
8	15
9	17
9	32
9	50
9	62
9	64
9	76
10	2
10	3
10	6
10	8
10	15
10	42
11	13
11	14
11	33
11	40
11	41
11	62
12	37
12	48
12	55
12	61
12	66
12	70
13	11
13	25
13	27
13	35
13	40
13	41
14	11
14	31
14	33
14	35
14	40
14	41
15	2
15	3
15	6
15	7
15	8
15	10
16	48
16	56
16	61
16	66
16	67
16	70
17	9
17	32
17	52
17	54
17	64
17	66
18	28
18	45
18	46
18	52
18	54
18	62
18	76
19	36
19	42
19	57
19	58
19	60
19	65
19	68
20	53
20	55
20	57
20	61
20	66
20	67
20	70
21	48
21	51
21	53
21	55
21	66
21	67
21	70
22	42
22	43
22	57
22	58
22	60
22	65
22	68
23	30
23	45
23	46
23	54
23	62
23	64
23	72
24	36
24	75
24	76
24	77
24	79
24	80
24	81
25	13
25	27
25	33
25	35
25	40
25	41
25	68
26	73
26	74
26	76
26	77
26	79
26	80
26	81
27	13
27	25
27	33
27	35
27	40
27	41
27	79
28	18
28	30
28	45
28	52
28	62
28	64
28	69
29	64
29	74
29	75
29	77
29	78
29	79
29	80
29	81
30	23
30	28
30	50
30	52
30	54
30	62
30	64
30	75
31	14
31	38
31	44
31	56
31	60
31	63
31	65
31	68
32	9
32	17
32	39
32	50
32	52
32	62
32	64
32	73
33	11
33	14
33	25
33	27
33	35
33	40
33	41
33	69
34	52
34	73
34	74
34	75
34	76
34	78
34	80
34	81
35	13
35	14
35	25
35	27
35	33
35	40
35	41
35	77
36	19
36	24
36	38
36	57
36	58
36	60
36	63
36	65
37	12
37	47
37	49
37	51
37	53
37	56
37	67
37	70
38	31
38	36
38	42
38	43
38	58
38	63
38	68
38	77
39	32
39	45
39	46
39	50
39	52
39	53
39	62
39	64
40	11
40	13
40	14
40	25
40	27
40	33
40	35
40	41
41	3
41	11
41	13
41	14
41	25
41	27
41	33
41	35
41	40
42	10
42	19
42	22
42	38
42	43
42	60
42	63
42	65
42	68
43	22
43	38
43	42
43	44
43	60
43	63
43	65
43	68
43	73
44	5
44	31
44	43
44	50
44	57
44	58
44	63
44	65
44	68
45	18
45	23
45	28
45	39
45	46
45	54
45	62
45	64
45	74
46	18
46	23
46	39
46	45
46	50
46	52
46	54
46	62
46	64
47	37
47	71
47	73
47	74
47	75
47	78
47	79
47	80
47	81
48	4
48	12
48	16
48	21
48	53
48	61
48	66
48	67
48	70
48	76
49	4
49	5
49	37
49	55
49	56
49	61
49	66
49	67
49	70
49	78
50	9
50	30
50	32
50	39
50	44
50	46
50	52
50	54
50	62
50	64
51	21
51	37
51	53
51	55
51	56
51	59
51	61
51	66
51	67
51	70
52	17
52	18
52	28
52	30
52	32
52	34
52	39
52	46
52	50
52	62
52	64
53	20
53	21
53	37
53	39
53	48
53	51
53	55
53	56
53	61
53	66
53	70
54	17
54	18
54	23
54	30
54	45
54	46
54	50
54	61
54	62
54	64
54	79
55	12
55	20
55	21
55	49
55	51
55	53
55	61
55	66
55	67
55	70
55	78
56	4
56	16
56	31
56	37
56	49
56	51
56	53
56	61
56	66
56	67
56	70
57	5
57	19
57	20
57	22
57	36
57	44
57	58
57	60
57	63
57	65
57	68
58	5
58	19
58	22
58	36
58	38
58	44
58	57
58	60
58	63
58	65
58	68
58	72
59	51
59	71
59	72
59	73
59	74
59	75
59	76
59	77
59	78
59	79
59	80
59	81
60	19
60	22
60	31
60	36
60	42
60	43
60	57
60	58
60	63
60	65
60	68
60	71
61	12
61	16
61	20
61	48
61	49
61	51
61	53
61	54
61	55
61	56
61	66
61	67
61	70
62	9
62	11
62	18
62	23
62	28
62	30
62	32
62	39
62	45
62	46
62	50
62	52
62	54
63	5
63	31
63	36
63	38
63	42
63	43
63	44
63	57
63	58
63	60
63	65
63	68
63	80
64	9
64	17
64	23
64	28
64	29
64	30
64	32
64	39
64	45
64	46
64	50
64	52
64	54
65	19
65	22
65	31
65	36
65	42
65	43
65	44
65	57
65	58
65	60
65	63
65	68
65	75
66	12
66	16
66	17
66	20
66	21
66	48
66	49
66	51
66	53
66	55
66	56
66	61
66	67
66	70
67	4
67	7
67	16
67	20
67	21
67	37
67	48
67	49
67	51
67	55
67	56
67	61
67	66
67	70
67	80
68	5
68	19
68	22
68	25
68	31
68	38
68	42
68	43
68	44
68	57
68	58
68	60
68	63
68	65
68	81
69	28
69	33
69	71
69	72
69	73
69	74
69	75
69	76
69	77
69	78
69	79
69	80
69	81
70	4
70	12
70	16
70	20
70	21
70	37
70	48
70	49
70	51
70	53
70	55
70	56
70	61
70	66
70	67
70	81
71	47
71	59
71	60
71	69
71	72
71	73
71	74
71	75
71	76
71	77
71	78
71	79
71	80
71	81
72	23
72	58
72	59
72	69
72	71
72	73
72	74
72	75
72	76
72	77
72	78
72	79
72	80
72	81
73	1
73	26
73	32
73	34
73	43
73	47
73	59
73	69
73	71
73	72
73	74
73	75
73	76
73	77
73	78
73	79
73	80
73	81
74	4
74	26
74	29
74	34
74	45
74	47
74	59
74	69
74	71
74	72
74	73
74	75
74	76
74	77
74	78
74	79
74	80
74	81
75	24
75	29
75	30
75	34
75	47
75	59
75	65
75	69
75	71
75	72
75	73
75	74
75	76
75	77
75	78
75	79
75	80
75	81
76	9
76	18
76	24
76	26
76	34
76	48
76	59
76	69
76	71
76	72
76	73
76	74
76	75
76	77
76	78
76	79
76	80
76	81
77	1
77	24
77	26
77	29
77	35
77	38
77	59
77	69
77	71
77	72
77	73
77	74
77	75
77	76
77	78
77	79
77	80
77	81
78	1
78	29
78	34
78	47
78	49
78	55
78	59
78	69
78	71
78	72
78	73
78	74
78	75
78	76
78	77
78	79
78	80
78	81
79	1
79	24
79	26
79	27
79	29
79	47
79	54
79	59
79	69
79	71
79	72
79	73
79	74
79	75
79	76
79	77
79	78
79	80
79	81
80	24
80	26
80	29
80	34
80	47
80	59
80	63
80	67
80	69
80	71
80	72
80	73
80	74
80	75
80	76
80	77
80	78
80	79
80	81
81	1
81	24
81	26
81	29
81	34
81	47
81	59
81	68
81	69
81	70
81	71
81	72
81	73
81	74
81	75
81	76
81	77
81	78
81	79
81	80
