1	38
1	52
1	58
1	69
1	79
1	80
2	26
2	39
2	53
2	59
2	76
2	81
3	4
3	8
3	13
3	15
3	20
3	30
4	3
4	8
4	13
4	15
4	20
4	30
5	23
5	59
5	62
5	66
5	80
5	81
6	28
6	39
6	41
6	72
6	76
6	81
7	27
7	29
7	58
7	69
7	79
7	80
8	3
8	4
8	13
8	15
8	20
8	30
9	19
9	41
9	72
9	73
9	77
9	78
10	56
10	67
10	73
10	75
10	77
10	78
11	29
11	57
11	69
11	72
11	79
11	80
12	52
12	55
12	58
12	79
12	80
12	81
13	3
13	4
13	8
13	20
13	30
13	32
14	47
14	61
14	70
14	71
14	74
14	75
15	3
15	4
15	8
15	20
15	30
15	43
16	45
16	51
16	61
16	70
16	71
16	74
17	42
17	48
17	55
17	69
17	79
17	80
18	61
18	65
18	72
18	73
18	75
18	77
18	78
19	9
19	60
19	65
19	72
19	75
19	77
19	78
20	3
20	4
20	8
20	13
20	15
20	30
20	78
21	60
21	65
21	67
21	71
21	73
21	77
21	78
22	28
22	34
22	50
22	59
22	66
22	76
22	81
23	5
23	40
23	53
23	62
23	76
23	77
23	81
24	50
24	67
24	72
24	73
24	75
24	77
24	78
25	36
25	61
25	64
25	70
25	71
25	74
25	79
26	2
26	50
26	59
26	62
26	63
26	66
26	76
27	7
27	29
27	54
27	55
27	58
27	69
27	80
28	6
28	22
28	31
28	39
28	59
28	66
28	81
29	7
29	11
29	27
29	42
29	57
29	79
29	80
30	3
30	4
30	8
30	13
30	15
30	20
30	62
31	28
31	45
31	57
31	61
31	63
31	68
31	74
32	13
32	47
32	61
32	63
32	68
32	70
32	71
32	74
33	37
33	49
33	65
33	72
33	73
33	75
33	77
33	78
34	22
34	49
34	60
34	67
34	73
34	75
34	77
34	78
35	41
35	42
35	43
35	44
35	53
35	66
35	76
35	81
36	25
36	47
36	61
36	64
36	68
36	70
36	71
36	74
37	33
37	42
37	48
37	57
37	58
37	69
37	79
37	80
38	1
38	48
38	52
38	54
38	57
38	58
38	69
38	79
39	2
39	6
39	28
39	43
39	62
39	73
39	76
39	81
40	23
40	41
40	50
40	53
40	59
40	62
40	76
40	81
41	6
41	9
41	35
41	40
41	59
41	66
41	76
41	81
42	17
42	29
42	35
42	37
42	46
42	54
42	79
42	80
43	15
43	35
43	39
43	44
43	62
43	66
43	76
43	81
44	35
44	43
44	50
44	53
44	59
44	62
44	66
44	76
44	81
45	16
45	31
45	46
45	63
45	64
45	68
45	70
45	71
45	74
46	42
46	45
46	51
46	63
46	64
46	68
46	70
46	71
46	74
47	14
47	32
47	36
47	49
47	61
47	63
47	64
47	68
47	74
48	17
48	37
48	38
48	52
48	54
48	55
48	76
48	79
48	80
49	33
49	34
49	47
49	56
49	67
49	72
49	75
49	77
49	78
50	22
50	24
50	26
50	40
50	44
50	53
50	62
50	76
50	81
51	16
51	46
51	60
51	63
51	64
51	68
51	70
51	71
51	74
52	1
52	12
52	38
52	48
52	55
52	58
52	64
52	69
52	79
52	80
53	2
53	23
53	35
53	40
53	44
53	50
53	66
53	76
53	77
53	81
54	27
54	38
54	42
54	48
54	55
54	57
54	67
54	69
54	79
54	80
55	12
55	17
55	27
55	48
55	52
55	54
55	57
55	62
55	79
55	80
56	10
56	49
56	60
56	65
56	67
56	72
56	73
56	74
56	75
56	77
56	78
57	11
57	29
57	31
57	37
57	38
57	54
57	55
57	69
57	78
57	79
57	80
58	1
58	7
58	12
58	27
58	37
58	38
58	52
58	68
58	69
58	79
58	80
59	2
59	5
59	22
59	26
59	28
59	40
59	41
59	44
59	64
59	66
59	81
60	19
60	21
60	34
60	51
60	56
60	65
60	72
60	73
60	74
60	75
60	77
60	78
61	14
61	16
61	18
61	25
61	31
61	32
61	36
61	47
61	63
61	68
61	71
61	74
62	5
62	23
62	26
62	30
62	39
62	40
62	43
62	44
62	50
62	55
62	76
62	81
63	26
63	31
63	32
63	45
63	46
63	47
63	51
63	61
63	64
63	68
63	70
63	71
64	25
64	36
64	45
64	46
64	47
64	51
64	52
64	59
64	63
64	70
64	71
64	74
65	18
65	19
65	21
65	33
65	56
65	60
65	67
65	69
65	72
65	73
65	75
65	77
65	78
66	5
66	22
66	26
66	28
66	35
66	41
66	43
66	44
66	53
66	59
66	75
66	76
66	81
67	10
67	21
67	24
67	34
67	49
67	54
67	56
67	65
67	72
67	73
67	75
67	77
67	78
68	31
68	32
68	36
68	45
68	46
68	47
68	51
68	58
68	61
68	63
68	70
68	71
68	74
69	1
69	7
69	11
69	17
69	27
69	37
69	38
69	52
69	54
69	57
69	58
69	65
69	79
69	80
70	14
70	16
70	25
70	32
70	36
70	45
70	46
70	51
70	63
70	64
70	68
70	71
70	74
70	79
71	14
71	16
71	21
71	25
71	32
71	36
71	45
71	46
71	51
71	61
71	63
71	64
71	68
71	70
71	74
71	81
72	6
72	9
72	11
72	18
72	19
72	24
72	33
72	49
72	56
72	60
72	65
72	67
72	73
72	75
72	77
72	78
73	9
73	10
73	18
73	21
73	24
73	33
73	34
73	39
73	56
73	60
73	65
73	67
73	72
73	75
73	77
73	78
74	14
74	16
74	25
74	31
74	32
74	36
74	45
74	46
74	47
74	51
74	56
74	60
74	61
74	64
74	68
74	70
74	71
75	10
75	14
75	18
75	19
75	24
75	33
75	34
75	49
75	56
75	60
75	65
75	66
75	67
75	72
75	73
75	77
75	78
76	2
76	6
76	22
76	23
76	26
76	35
76	39
76	40
76	41
76	43
76	44
76	48
76	50
76	53
76	62
76	66
76	80
76	81
77	9
77	10
77	18
77	19
77	21
77	23
77	24
77	33
77	34
77	49
77	53
77	56
77	60
77	65
77	67
77	72
77	73
77	75
77	78
78	9
78	10
78	18
78	19
78	20
78	21
78	24
78	33
78	34
78	49
78	56
78	57
78	60
78	65
78	67
78	72
78	73
78	75
78	77
79	1
79	7
79	11
79	12
79	17
79	25
79	29
79	37
79	38
79	42
79	48
79	52
79	54
79	55
79	57
79	58
79	69
79	70
79	80
80	1
80	5
80	7
80	11
80	12
80	17
80	27
80	29
80	37
80	42
80	48
80	52
80	54
80	55
80	57
80	58
80	69
80	76
80	79
81	2
81	5
81	6
81	12
81	22
81	23
81	28
81	35
81	39
81	40
81	41
81	43
81	44
81	50
81	53
81	59
81	62
81	66
81	71
81	76
