1	19
1	50
1	69
1	70
1	76
1	77
2	6
2	14
2	15
2	16
2	17
2	75
3	19
3	47
3	69
3	70
3	76
3	77
4	8
4	40
4	49
4	52
4	53
4	63
5	12
5	60
5	69
5	70
5	76
5	77
6	2
6	13
6	14
6	15
6	16
6	17
7	31
7	35
7	38
7	39
7	41
7	74
8	4
8	36
8	42
8	49
8	59
8	63
9	29
9	33
9	38
9	39
9	41
9	57
10	14
10	47
10	69
10	70
10	76
10	77
11	36
11	52
11	54
11	59
11	62
11	63
12	5
12	47
12	69
12	70
12	76
12	77
13	6
13	14
13	15
13	16
13	17
13	21
14	2
14	6
14	10
14	13
14	15
14	16
14	17
15	2
15	6
15	13
15	14
15	16
15	17
15	55
16	2
16	6
16	13
16	14
16	15
16	17
16	67
17	2
17	6
17	13
17	14
17	15
17	16
17	35
18	23
18	25
18	27
18	50
18	70
18	76
18	77
19	1
19	3
19	69
19	70
19	73
19	76
19	77
20	40
20	42
20	49
20	52
20	53
20	59
20	62
21	13
21	28
21	36
21	53
21	54
21	62
21	63
22	60
22	71
22	74
22	78
22	79
22	80
22	81
23	18
23	47
23	50
23	69
23	70
23	76
23	77
24	67
24	71
24	76
24	78
24	79
24	80
24	81
25	18
25	60
25	67
25	72
25	78
25	79
25	81
26	45
26	71
26	72
26	78
26	79
26	80
26	81
27	18
27	50
27	69
27	70
27	75
27	76
27	77
28	21
28	40
28	42
28	53
28	54
28	63
28	70
29	9
29	31
29	33
29	35
29	38
29	39
29	41
29	53
30	34
30	58
30	72
30	74
30	78
30	79
30	80
30	81
31	7
31	29
31	33
31	35
31	38
31	39
31	41
31	44
32	56
32	58
32	67
32	72
32	74
32	78
32	79
32	80
33	9
33	29
33	31
33	35
33	38
33	39
33	41
33	68
34	30
34	57
34	61
34	64
34	66
34	68
34	73
34	75
35	7
35	17
35	29
35	31
35	33
35	38
35	39
35	41
36	8
36	11
36	21
36	51
36	52
36	53
36	54
36	62
37	56
37	71
37	72
37	74
37	78
37	79
37	80
37	81
38	7
38	9
38	29
38	31
38	33
38	35
38	39
38	41
38	81
39	7
39	9
39	29
39	31
39	33
39	35
39	38
39	41
39	66
40	4
40	20
40	28
40	49
40	54
40	59
40	62
40	63
40	79
41	7
41	9
41	29
41	31
41	33
41	35
41	38
41	39
41	74
42	8
42	20
42	28
42	49
42	50
42	53
42	54
42	59
42	62
43	45
43	55
43	56
43	57
43	65
43	66
43	68
43	73
43	75
44	31
44	46
44	55
44	61
44	64
44	65
44	68
44	73
44	75
45	26
45	43
45	46
45	51
45	61
45	65
45	66
45	73
45	75
46	44
46	45
46	48
46	51
46	61
46	64
46	66
46	68
46	73
46	75
47	3
47	10
47	12
47	23
47	49
47	50
47	69
47	70
47	76
47	77
48	46
48	51
48	55
48	64
48	65
48	66
48	68
48	69
48	73
48	75
49	4
49	8
49	20
49	40
49	42
49	47
49	52
49	54
49	59
49	63
50	1
50	18
50	23
50	27
50	42
50	47
50	69
50	70
50	76
50	77
51	36
51	45
51	46
51	48
51	55
51	57
51	64
51	66
51	68
51	73
52	4
52	11
52	20
52	36
52	49
52	53
52	59
52	62
52	63
52	80
53	4
53	20
53	21
53	28
53	29
53	36
53	42
53	52
53	59
53	62
53	63
54	11
54	21
54	28
54	36
54	40
54	42
54	49
54	59
54	62
54	63
54	69
55	15
55	43
55	44
55	48
55	51
55	57
55	61
55	66
55	68
55	73
55	75
56	32
56	37
56	43
56	67
56	71
56	72
56	74
56	78
56	79
56	80
56	81
57	9
57	34
57	43
57	51
57	55
57	64
57	65
57	66
57	68
57	73
57	75
58	30
58	32
58	60
58	65
58	67
58	71
58	72
58	74
58	79
58	80
58	81
59	8
59	11
59	20
59	40
59	42
59	49
59	52
59	53
59	54
59	62
59	77
60	5
60	22
60	25
60	58
60	67
60	71
60	74
60	78
60	79
60	80
60	81
61	34
61	44
61	45
61	46
61	55
61	62
61	64
61	65
61	68
61	73
61	75
62	11
62	20
62	21
62	36
62	40
62	42
62	52
62	53
62	54
62	59
62	61
62	63
63	4
63	8
63	11
63	21
63	28
63	40
63	49
63	52
63	53
63	54
63	62
63	71
64	34
64	44
64	46
64	48
64	51
64	57
64	61
64	65
64	66
64	73
64	75
64	80
65	43
65	44
65	45
65	48
65	57
65	58
65	61
65	64
65	66
65	68
65	73
65	75
65	81
66	34
66	39
66	43
66	45
66	46
66	48
66	51
66	55
66	57
66	64
66	65
66	68
66	73
66	75
67	16
67	24
67	25
67	32
67	56
67	58
67	60
67	71
67	72
67	74
67	78
67	79
67	80
67	81
68	33
68	34
68	43
68	44
68	46
68	48
68	51
68	55
68	57
68	61
68	65
68	66
68	73
68	75
69	1
69	3
69	5
69	10
69	12
69	19
69	23
69	27
69	47
69	48
69	50
69	54
69	70
69	76
69	77
70	1
70	3
70	5
70	10
70	12
70	18
70	19
70	23
70	27
70	28
70	47
70	50
70	69
70	76
70	77
71	22
71	24
71	26
71	37
71	56
71	58
71	60
71	63
71	67
71	72
71	74
71	78
71	79
71	80
71	81
72	25
72	26
72	30
72	32
72	37
72	56
72	58
72	67
72	71
72	74
72	76
72	78
72	79
72	80
72	81
73	19
73	34
73	43
73	44
73	45
73	46
73	48
73	51
73	55
73	57
73	61
73	64
73	65
73	66
73	68
73	75
74	7
74	22
74	30
74	32
74	37
74	41
74	56
74	58
74	60
74	67
74	71
74	72
74	78
74	79
74	80
74	81
75	2
75	27
75	34
75	43
75	44
75	45
75	46
75	48
75	55
75	57
75	61
75	64
75	65
75	66
75	68
75	73
76	1
76	3
76	5
76	10
76	12
76	18
76	19
76	23
76	24
76	27
76	47
76	50
76	69
76	70
76	72
76	77
77	1
77	3
77	5
77	10
77	12
77	18
77	19
77	23
77	27
77	47
77	50
77	59
77	69
77	70
77	76
77	78
78	22
78	24
78	25
78	26
78	30
78	32
78	37
78	56
78	60
78	67
78	71
78	72
78	74
78	77
78	79
78	80
78	81
79	22
79	24
79	25
79	26
79	30
79	32
79	37
79	40
79	56
79	58
79	60
79	67
79	71
79	72
79	74
79	78
79	80
79	81
80	22
80	24
80	26
80	30
80	32
80	37
80	52
80	56
80	58
80	60
80	64
80	67
80	71
80	72
80	74
80	78
80	79
80	81
81	22
81	24
81	25
81	26
81	30
81	37
81	38
81	56
81	58
81	60
81	65
81	67
81	71
81	72
81	74
81	78
81	79
81	80
