1	46
1	58
1	67
1	71
1	73
1	75
2	28
2	60
2	61
2	62
2	64
2	65
3	37
3	76
3	77
3	79
3	80
3	81
4	21
4	26
4	29
4	34
4	35
4	38
5	16
5	43
5	61
5	62
5	64
5	65
6	52
6	53
6	55
6	57
6	58
6	64
7	8
7	13
7	14
7	20
7	23
7	30
8	7
8	12
8	13
8	14
8	23
8	30
9	74
9	76
9	77
9	79
9	80
9	81
10	40
10	45
10	47
10	54
10	59
10	78
11	52
11	53
11	55
11	57
11	58
11	80
12	8
12	74
12	76
12	77
12	80
12	81
13	7
13	8
13	14
13	20
13	23
13	30
14	7
14	8
14	13
14	20
14	23
14	30
15	31
15	60
15	61
15	62
15	64
15	65
16	5
16	19
16	24
16	51
16	54
16	59
17	74
17	76
17	77
17	79
17	80
17	81
18	43
18	60
18	61
18	62
18	64
18	65
19	16
19	25
19	38
19	47
19	51
19	54
20	7
20	13
20	14
20	23
20	30
20	77
21	4
21	26
21	32
21	34
21	35
21	38
22	74
22	76
22	77
22	78
22	79
22	80
22	81
23	7
23	8
23	13
23	14
23	20
23	30
23	36
24	16
24	25
24	40
24	51
24	54
24	59
24	70
25	19
25	24
25	42
25	45
25	47
25	51
25	68
26	4
26	21
26	29
26	32
26	35
26	38
26	49
27	50
27	74
27	76
27	77
27	79
27	80
27	81
28	2
28	60
28	61
28	62
28	64
28	65
28	74
29	4
29	26
29	32
29	34
29	35
29	38
29	54
30	7
30	8
30	13
30	14
30	20
30	23
30	53
31	15
31	43
31	60
31	61
31	62
31	64
31	65
32	21
32	26
32	29
32	34
32	35
32	38
32	79
33	39
33	56
33	69
33	70
33	71
33	73
33	75
34	4
34	21
34	29
34	32
34	35
34	38
34	78
35	4
35	21
35	26
35	29
35	32
35	34
35	38
35	75
36	23
36	63
36	66
36	67
36	70
36	71
36	73
36	75
37	3
37	63
37	66
37	67
37	70
37	71
37	73
37	75
38	4
38	19
38	21
38	26
38	29
38	32
38	34
38	35
39	33
39	48
39	63
39	66
39	67
39	71
39	73
39	75
40	10
40	24
40	42
40	45
40	47
40	51
40	59
40	75
41	44
41	50
41	52
41	53
41	55
41	57
41	58
41	70
42	25
42	40
42	45
42	47
42	51
42	54
42	59
42	81
43	5
43	18
43	31
43	60
43	61
43	62
43	64
43	65
44	41
44	50
44	52
44	53
44	55
44	57
44	58
44	59
45	10
45	25
45	40
45	42
45	47
45	51
45	54
45	59
45	60
46	1
46	56
46	63
46	66
46	67
46	70
46	71
46	73
46	75
47	10
47	19
47	25
47	40
47	42
47	45
47	48
47	54
47	59
48	39
48	47
48	56
48	63
48	66
48	70
48	71
48	73
48	75
49	26
49	68
49	74
49	76
49	77
49	78
49	79
49	80
49	81
50	27
50	41
50	44
50	52
50	53
50	55
50	57
50	58
51	16
51	19
51	24
51	25
51	40
51	42
51	45
51	54
51	57
51	59
52	6
52	11
52	41
52	44
52	50
52	53
52	55
52	57
52	58
52	73
53	6
53	11
53	30
53	41
53	44
53	50
53	52
53	55
53	57
53	58
54	10
54	16
54	19
54	24
54	29
54	42
54	45
54	47
54	51
54	59
55	6
55	11
55	41
55	44
55	50
55	52
55	53
55	57
55	58
55	79
56	33
56	46
56	48
56	66
56	67
56	70
56	71
56	73
56	75
56	80
57	6
57	11
57	41
57	44
57	50
57	51
57	52
57	53
57	55
57	58
58	1
58	6
58	11
58	41
58	44
58	50
58	52
58	53
58	55
58	57
59	10
59	16
59	24
59	40
59	42
59	44
59	45
59	47
59	51
59	54
60	2
60	15
60	18
60	28
60	31
60	43
60	45
60	61
60	62
60	64
60	65
61	2
61	5
61	15
61	18
61	28
61	31
61	43
61	60
61	64
61	65
61	66
62	2
62	5
62	15
62	18
62	28
62	31
62	43
62	60
62	64
62	65
62	69
63	36
63	37
63	39
63	46
63	48
63	66
63	67
63	70
63	71
63	72
63	73
63	75
64	2
64	5
64	6
64	15
64	18
64	28
64	31
64	43
64	60
64	61
64	62
64	65
65	2
65	5
65	15
65	18
65	28
65	31
65	43
65	60
65	61
65	62
65	64
65	76
66	36
66	37
66	39
66	46
66	48
66	56
66	61
66	63
66	67
66	70
66	71
66	73
66	75
67	1
67	36
67	37
67	39
67	46
67	56
67	63
67	66
67	70
67	71
67	72
67	73
67	75
68	25
68	49
68	69
68	72
68	74
68	76
68	77
68	78
68	79
68	80
68	81
69	33
69	62
69	68
69	72
69	74
69	76
69	77
69	78
69	79
69	80
69	81
70	24
70	33
70	36
70	37
70	41
70	46
70	48
70	56
70	63
70	66
70	67
70	71
70	73
70	75
71	1
71	33
71	36
71	37
71	39
71	46
71	48
71	56
71	63
71	66
71	67
71	70
71	73
71	75
71	81
72	63
72	67
72	68
72	69
72	74
72	76
72	77
72	78
72	79
72	80
72	81
73	1
73	33
73	36
73	37
73	39
73	46
73	48
73	52
73	56
73	63
73	66
73	67
73	70
73	71
73	75
74	9
74	12
74	17
74	22
74	27
74	28
74	49
74	68
74	69
74	72
74	76
74	77
74	78
74	79
74	80
74	81
75	1
75	33
75	35
75	36
75	37
75	39
75	40
75	46
75	48
75	56
75	63
75	66
75	67
75	70
75	71
75	73
76	3
76	9
76	12
76	17
76	22
76	27
76	49
76	65
76	68
76	69
76	72
76	74
76	77
76	78
76	79
76	80
76	81
77	3
77	9
77	12
77	17
77	20
77	22
77	27
77	49
77	68
77	69
77	72
77	74
77	76
77	78
77	79
77	80
77	81
78	10
78	22
78	34
78	49
78	68
78	69
78	72
78	74
78	76
78	77
78	79
78	80
78	81
79	3
79	9
79	17
79	22
79	27
79	32
79	49
79	55
79	68
79	69
79	72
79	74
79	76
79	77
79	78
79	80
79	81
80	3
80	9
80	11
80	12
80	17
80	22
80	27
80	49
80	56
80	68
80	69
80	72
80	74
80	76
80	77
80	78
80	79
80	81
81	3
81	9
81	12
81	17
81	22
81	27
81	42
81	49
81	68
81	69
81	71
81	72
81	74
81	76
81	77
81	78
81	79
81	80
