1	18
1	20
1	27
1	29
1	36
1	37
2	3
2	10
2	15
2	21
2	28
2	34
3	2
3	21
3	26
3	27
3	28
3	34
4	49
4	52
4	67
4	69
4	71
4	78
5	26
5	35
5	48
5	51
5	63
5	78
6	65
6	73
6	78
6	79
6	80
6	81
7	17
7	35
7	48
7	49
7	54
7	63
8	42
8	58
8	70
8	73
8	76
8	78
9	45
9	47
9	53
9	74
9	75
9	77
10	2
10	15
10	21
10	28
10	34
10	61
11	60
11	64
11	66
11	79
11	80
11	81
12	18
12	20
12	25
12	29
12	36
12	37
13	55
13	64
13	67
13	79
13	80
13	81
14	61
14	65
14	73
14	79
14	80
14	81
15	2
15	10
15	21
15	27
15	28
15	34
16	49
16	59
16	66
16	67
16	76
16	78
17	7
17	31
17	32
17	43
17	51
17	54
17	63
18	1
18	12
18	25
18	29
18	36
18	37
18	43
19	27
19	39
19	44
19	68
19	74
19	75
19	77
20	1
20	12
20	25
20	29
20	36
20	37
20	47
21	2
21	3
21	10
21	15
21	27
21	28
21	34
22	42
22	50
22	56
22	68
22	74
22	75
22	77
23	42
23	44
23	58
23	69
23	71
23	76
23	78
24	63
24	66
24	67
24	70
24	71
24	76
24	78
25	12
25	18
25	20
25	29
25	36
25	37
25	38
26	3
26	5
26	31
26	48
26	51
26	54
26	63
27	1
27	3
27	15
27	19
27	21
27	28
27	34
28	2
28	3
28	10
28	15
28	21
28	27
28	34
29	1
29	12
29	18
29	20
29	25
29	36
29	37
29	53
30	38
30	42
30	58
30	59
30	66
30	70
30	71
30	76
31	17
31	26
31	32
31	43
31	48
31	54
31	63
31	76
32	17
32	31
32	35
32	43
32	48
32	51
32	54
32	63
33	47
33	52
33	53
33	55
33	56
33	74
33	75
33	77
34	2
34	3
34	10
34	15
34	21
34	27
34	28
34	61
35	5
35	7
35	32
35	43
35	51
35	54
35	63
35	69
36	1
36	12
36	18
36	20
36	25
36	29
36	37
36	61
37	1
37	12
37	18
37	20
37	25
37	29
37	36
37	60
38	25
38	30
38	42
38	66
38	69
38	70
38	76
38	78
39	19
39	52
39	56
39	64
39	68
39	74
39	75
39	77
40	46
40	57
40	60
40	61
40	64
40	72
40	79
40	80
40	81
41	58
41	59
41	65
41	66
41	67
41	69
41	70
41	71
41	78
42	8
42	22
42	23
42	30
42	38
42	58
42	66
42	71
42	76
43	17
43	18
43	31
43	32
43	35
43	48
43	51
43	54
43	63
44	19
44	23
44	45
44	52
44	56
44	68
44	74
44	75
44	77
45	9
45	44
45	50
45	53
45	68
45	74
45	75
45	77
45	81
46	40
46	51
46	55
46	62
46	72
46	73
46	79
46	80
46	81
47	9
47	20
47	33
47	50
47	52
47	56
47	68
47	74
47	75
47	77
48	5
48	7
48	26
48	31
48	32
48	43
48	51
48	54
48	57
48	63
49	4
49	7
49	16
49	59
49	66
49	67
49	69
49	70
49	76
49	78
50	22
50	45
50	47
50	52
50	53
50	55
50	68
50	74
50	75
50	77
51	5
51	17
51	26
51	32
51	35
51	43
51	46
51	48
51	54
51	63
52	4
52	33
52	39
52	44
52	47
52	50
52	53
52	68
52	74
52	75
52	77
53	9
53	29
53	33
53	45
53	50
53	52
53	56
53	68
53	74
53	75
53	77
54	7
54	17
54	26
54	31
54	32
54	35
54	43
54	48
54	51
54	63
54	75
55	13
55	33
55	46
55	50
55	62
55	64
55	72
55	73
55	79
55	80
55	81
56	22
56	33
56	39
56	44
56	47
56	53
56	57
56	68
56	74
56	75
56	77
57	40
57	48
57	56
57	60
57	62
57	65
57	72
57	73
57	79
57	80
57	81
58	8
58	23
58	30
58	41
58	42
58	59
58	67
58	69
58	76
58	78
58	80
59	16
59	30
59	41
59	49
59	58
59	67
59	69
59	70
59	71
59	74
59	76
59	78
60	11
60	37
60	40
60	57
60	61
60	62
60	64
60	72
60	73
60	79
60	80
60	81
61	10
61	14
61	34
61	36
61	40
61	60
61	65
61	72
61	73
61	79
61	80
61	81
62	46
62	55
62	57
62	60
62	64
62	65
62	68
62	72
62	73
62	79
62	80
62	81
63	5
63	7
63	17
63	24
63	26
63	31
63	32
63	35
63	43
63	48
63	51
63	54
64	11
64	13
64	39
64	40
64	55
64	60
64	62
64	65
64	72
64	79
64	80
64	81
65	6
65	14
65	41
65	57
65	61
65	62
65	64
65	70
65	72
65	73
65	80
65	81
66	11
66	16
66	24
66	30
66	38
66	41
66	42
66	49
66	67
66	69
66	70
66	71
66	78
67	4
67	13
67	16
67	24
67	41
67	49
67	58
67	59
67	66
67	69
67	70
67	71
67	76
67	78
68	19
68	22
68	39
68	44
68	45
68	47
68	50
68	52
68	53
68	56
68	62
68	74
68	75
68	77
69	4
69	23
69	35
69	38
69	41
69	49
69	58
69	59
69	66
69	67
69	70
69	71
69	76
69	78
70	8
70	24
70	30
70	38
70	41
70	49
70	59
70	65
70	66
70	67
70	69
70	71
70	76
70	78
71	4
71	23
71	24
71	30
71	41
71	42
71	59
71	66
71	67
71	69
71	70
71	76
71	78
71	79
72	40
72	46
72	55
72	57
72	60
72	61
72	62
72	64
72	65
72	73
72	77
72	79
72	80
72	81
73	6
73	8
73	14
73	46
73	55
73	57
73	60
73	61
73	62
73	65
73	72
73	76
73	79
73	80
73	81
74	9
74	19
74	22
74	33
74	39
74	44
74	45
74	47
74	50
74	52
74	53
74	56
74	59
74	68
74	75
74	77
75	9
75	19
75	22
75	33
75	39
75	44
75	45
75	47
75	50
75	52
75	53
75	54
75	56
75	68
75	74
75	77
75	81
76	8
76	16
76	23
76	24
76	30
76	31
76	38
76	42
76	49
76	58
76	59
76	67
76	69
76	70
76	71
76	73
76	78
77	9
77	19
77	22
77	33
77	39
77	44
77	45
77	47
77	50
77	52
77	53
77	56
77	68
77	72
77	74
77	75
77	79
78	4
78	5
78	6
78	8
78	16
78	23
78	24
78	38
78	41
78	49
78	58
78	59
78	66
78	67
78	69
78	70
78	71
78	76
79	6
79	11
79	13
79	14
79	40
79	46
79	55
79	57
79	60
79	61
79	62
79	64
79	71
79	72
79	73
79	77
79	80
79	81
80	6
80	11
80	13
80	14
80	40
80	46
80	55
80	57
80	58
80	60
80	61
80	62
80	64
80	65
80	72
80	73
80	79
80	81
81	6
81	11
81	13
81	14
81	40
81	45
81	46
81	55
81	57
81	60
81	61
81	62
81	64
81	65
81	72
81	73
81	75
81	79
81	80
