1	3
1	9
1	14
1	25
1	34
1	62
2	18
2	21
2	29
2	31
2	33
2	38
3	1
3	9
3	13
3	22
3	25
3	34
4	26
4	32
4	43
4	44
4	46
4	75
5	6
5	58
5	61
5	68
5	69
5	72
6	5
6	27
6	40
6	42
6	54
6	59
7	22
7	65
7	70
7	79
7	80
7	81
8	21
8	30
8	41
8	50
8	52
8	62
9	1
9	3
9	13
9	14
9	22
9	34
10	11
10	18
10	24
10	31
10	33
10	38
11	10
11	18
11	24
11	29
11	31
11	38
12	35
12	39
12	41
12	50
12	52
12	62
13	3
13	9
13	22
13	25
13	34
13	80
14	1
14	9
14	22
14	25
14	34
14	48
15	37
15	40
15	45
15	48
15	54
15	59
16	17
16	32
16	36
16	43
16	44
16	46
16	64
17	16
17	19
17	26
17	36
17	43
17	44
17	46
18	2
18	10
18	11
18	31
18	33
18	38
18	68
19	17
19	32
19	36
19	43
19	44
19	46
19	74
20	21
20	30
20	35
20	41
20	50
20	52
20	62
21	2
21	8
21	20
21	39
21	50
21	52
21	62
22	3
22	7
22	9
22	13
22	14
22	25
22	34
23	27
23	42
23	45
23	48
23	54
23	59
23	76
24	10
24	11
24	29
24	31
24	33
24	38
24	52
25	1
25	3
25	13
25	14
25	22
25	34
25	79
26	4
26	17
26	32
26	36
26	43
26	44
26	46
27	6
27	23
27	37
27	45
27	48
27	54
27	59
28	51
28	58
28	61
28	68
28	69
28	72
28	79
29	2
29	11
29	24
29	31
29	33
29	38
29	49
30	8
30	20
30	39
30	41
30	50
30	52
30	62
31	2
31	10
31	11
31	18
31	24
31	29
31	33
31	38
32	4
32	16
32	19
32	26
32	36
32	43
32	44
32	46
33	2
33	10
33	18
33	24
33	29
33	31
33	38
33	74
34	1
34	3
34	9
34	13
34	14
34	22
34	25
34	72
35	12
35	20
35	39
35	41
35	50
35	52
35	62
35	77
36	16
36	17
36	19
36	26
36	32
36	43
36	44
36	46
36	80
37	15
37	27
37	40
37	42
37	45
37	47
37	48
37	54
37	59
38	2
38	10
38	11
38	18
38	24
38	29
38	31
38	33
38	72
39	12
39	21
39	30
39	35
39	41
39	50
39	52
39	56
39	62
40	6
40	15
40	37
40	42
40	45
40	48
40	54
40	59
40	78
41	8
41	12
41	20
41	30
41	35
41	39
41	50
41	52
41	62
42	6
42	23
42	37
42	40
42	45
42	48
42	54
42	57
42	59
43	4
43	16
43	17
43	19
43	26
43	32
43	36
43	44
43	46
44	4
44	16
44	17
44	19
44	26
44	32
44	36
44	43
44	46
44	70
45	15
45	23
45	27
45	37
45	40
45	42
45	48
45	51
45	54
45	59
46	4
46	16
46	17
46	19
46	26
46	32
46	36
46	43
46	44
46	73
47	37
47	49
47	55
47	56
47	57
47	60
47	61
47	68
47	69
47	72
48	14
48	15
48	23
48	27
48	37
48	40
48	42
48	45
48	54
48	59
49	29
49	47
49	51
49	55
49	56
49	57
49	60
49	67
49	68
49	69
49	72
50	8
50	12
50	20
50	21
50	30
50	35
50	39
50	41
50	52
50	62
50	65
51	28
51	45
51	49
51	56
51	57
51	58
51	60
51	61
51	68
51	69
51	72
52	8
52	12
52	20
52	21
52	24
52	30
52	35
52	39
52	41
52	50
52	62
53	58
53	66
53	71
53	73
53	75
53	76
53	77
53	78
53	79
53	80
53	81
54	6
54	15
54	23
54	27
54	37
54	40
54	42
54	45
54	48
54	59
54	78
55	47
55	49
55	56
55	57
55	58
55	60
55	61
55	68
55	69
55	72
55	81
56	39
56	47
56	49
56	51
56	55
56	58
56	60
56	68
56	69
56	72
56	77
57	42
57	47
57	49
57	51
57	55
57	58
57	60
57	61
57	68
57	69
57	72
58	5
58	28
58	51
58	53
58	55
58	56
58	57
58	60
58	61
58	68
58	69
58	72
59	6
59	15
59	23
59	27
59	37
59	40
59	42
59	45
59	48
59	54
59	73
59	75
60	47
60	49
60	51
60	55
60	56
60	57
60	58
60	61
60	63
60	68
60	69
60	72
61	5
61	28
61	47
61	51
61	55
61	57
61	58
61	60
61	68
61	69
61	72
61	81
62	1
62	8
62	12
62	20
62	21
62	30
62	35
62	39
62	41
62	50
62	52
62	71
63	60
63	65
63	70
63	71
63	73
63	74
63	75
63	76
63	77
63	78
63	79
63	80
63	81
64	16
64	65
64	67
64	70
64	73
64	74
64	75
64	76
64	77
64	78
64	79
64	80
64	81
65	7
65	50
65	63
65	64
65	66
65	70
65	71
65	73
65	75
65	76
65	77
65	78
65	79
65	81
66	53
66	65
66	67
66	69
66	71
66	73
66	74
66	75
66	76
66	77
66	78
66	79
66	80
66	81
67	49
67	64
67	66
67	70
67	71
67	73
67	74
67	75
67	76
67	77
67	78
67	79
67	80
67	81
68	5
68	18
68	28
68	47
68	49
68	51
68	55
68	56
68	57
68	58
68	60
68	61
68	69
68	72
69	5
69	28
69	47
69	49
69	51
69	55
69	56
69	57
69	58
69	60
69	61
69	66
69	68
69	72
70	7
70	44
70	63
70	64
70	65
70	67
70	73
70	74
70	75
70	77
70	78
70	79
70	80
70	81
71	53
71	62
71	63
71	65
71	66
71	67
71	73
71	74
71	75
71	76
71	77
71	78
71	79
71	80
71	81
72	5
72	28
72	34
72	38
72	47
72	49
72	51
72	55
72	56
72	57
72	58
72	60
72	61
72	68
72	69
73	46
73	53
73	59
73	63
73	64
73	65
73	66
73	67
73	70
73	71
73	74
73	76
73	77
73	78
73	80
73	81
74	19
74	33
74	63
74	64
74	66
74	67
74	70
74	71
74	73
74	75
74	76
74	77
74	78
74	79
74	80
74	81
75	4
75	53
75	59
75	63
75	64
75	65
75	66
75	67
75	70
75	71
75	74
75	76
75	78
75	79
75	80
75	81
76	23
76	53
76	63
76	64
76	65
76	66
76	67
76	71
76	73
76	74
76	75
76	77
76	78
76	79
76	80
76	81
77	35
77	53
77	56
77	63
77	64
77	65
77	66
77	67
77	70
77	71
77	73
77	74
77	76
77	78
77	79
77	80
77	81
78	40
78	53
78	54
78	63
78	64
78	65
78	66
78	67
78	70
78	71
78	73
78	74
78	75
78	76
78	77
78	79
78	80
78	81
79	7
79	25
79	28
79	53
79	63
79	64
79	65
79	66
79	67
79	70
79	71
79	74
79	75
79	76
79	77
79	78
79	80
79	81
80	7
80	13
80	36
80	53
80	63
80	64
80	66
80	67
80	70
80	71
80	73
80	74
80	75
80	76
80	77
80	78
80	79
80	81
81	7
81	53
81	55
81	61
81	63
81	64
81	65
81	66
81	67
81	70
81	71
81	73
81	74
81	75
81	76
81	77
81	78
81	79
81	80
