1	24
1	41
1	46
1	65
1	66
1	78
2	21
2	40
2	47
2	55
2	72
2	79
3	42
3	53
3	54
3	57
3	65
3	66
4	5
4	21
4	32
4	36
4	40
4	70
5	4
5	21
5	32
5	49
5	51
5	79
6	41
6	58
6	68
6	76
6	77
6	81
7	10
7	36
7	55
7	70
7	72
7	79
8	10
8	12
8	16
8	35
8	37
8	57
9	51
9	58
9	62
9	63
9	77
9	81
10	7
10	8
10	16
10	27
10	35
10	37
11	38
11	39
11	67
11	69
11	75
11	80
12	8
12	17
12	27
12	35
12	37
12	62
13	38
13	67
13	71
13	72
13	74
13	80
14	15
14	60
14	62
14	68
14	76
14	77
15	14
15	62
15	64
15	76
15	77
15	81
16	8
16	10
16	17
16	27
16	35
16	37
17	12
17	16
17	27
17	35
17	37
17	64
18	25
18	56
18	64
18	70
18	73
18	77
19	23
19	54
19	60
19	63
19	73
19	81
20	21
20	33
20	36
20	55
20	61
20	70
20	79
21	2
21	4
21	5
21	20
21	72
21	78
21	79
22	31
22	40
22	47
22	49
22	55
22	61
22	79
23	19
23	56
23	58
23	60
23	73
23	76
23	81
24	1
24	45
24	54
24	57
24	65
24	66
24	74
25	18
25	38
25	63
25	73
25	76
25	77
25	81
26	29
26	52
26	67
26	71
26	74
26	75
26	80
27	10
27	12
27	16
27	17
27	35
27	37
27	50
28	44
28	63
28	69
28	74
28	75
28	78
28	80
29	26
29	50
29	67
29	73
29	74
29	78
29	80
30	42
30	45
30	46
30	54
30	57
30	65
30	75
31	22
31	60
31	63
31	73
31	76
31	77
31	81
32	4
32	5
32	36
32	40
32	51
32	76
32	79
33	20
33	43
33	47
33	53
33	55
33	70
33	72
34	56
34	64
34	65
34	68
34	73
34	77
34	81
35	8
35	10
35	12
35	16
35	17
35	27
35	37
36	4
36	7
36	20
36	32
36	51
36	70
36	72
36	79
37	8
37	10
37	12
37	16
37	17
37	27
37	35
37	67
38	11
38	13
38	25
38	67
38	74
38	75
38	78
38	80
39	11
39	50
39	69
39	71
39	74
39	77
39	78
39	80
40	2
40	4
40	22
40	32
40	51
40	70
40	72
40	79
41	1
41	6
41	42
41	45
41	46
41	54
41	65
41	66
42	3
42	30
42	41
42	53
42	57
42	65
42	66
42	77
43	33
43	51
43	55
43	61
43	69
43	70
43	72
43	79
44	28
44	48
44	59
44	69
44	71
44	72
44	74
44	78
44	80
45	24
45	30
45	41
45	46
45	52
45	53
45	54
45	65
45	66
46	1
46	30
46	41
46	45
46	53
46	54
46	57
46	65
46	66
47	2
47	22
47	33
47	49
47	61
47	70
47	72
47	79
47	81
48	44
48	50
48	59
48	67
48	71
48	74
48	75
48	78
48	80
49	5
49	22
49	47
49	55
49	61
49	70
49	72
49	79
49	80
50	27
50	29
50	39
50	48
50	69
50	71
50	75
50	78
50	80
51	5
51	9
51	32
51	36
51	40
51	43
51	61
51	72
51	79
52	26
52	45
52	59
52	67
52	69
52	71
52	75
52	78
52	80
53	3
53	33
53	42
53	45
53	46
53	54
53	57
53	65
53	66
54	3
54	19
54	24
54	30
54	41
54	45
54	46
54	53
54	57
54	66
55	2
55	7
55	20
55	22
55	33
55	43
55	49
55	61
55	79
55	80
56	18
56	23
56	34
56	58
56	64
56	68
56	71
56	76
56	77
56	81
57	3
57	8
57	24
57	30
57	42
57	46
57	53
57	54
57	65
57	66
58	6
58	9
58	23
58	56
58	62
58	63
58	64
58	73
58	74
58	81
59	44
59	48
59	52
59	67
59	68
59	69
59	74
59	75
59	78
59	80
60	14
60	19
60	23
60	31
60	62
60	64
60	68
60	70
60	76
60	81
61	20
61	22
61	43
61	47
61	49
61	51
61	55
61	70
61	72
61	79
61	81
62	9
62	12
62	14
62	15
62	58
62	60
62	68
62	73
62	76
62	77
62	81
63	9
63	19
63	25
63	28
63	31
63	58
63	68
63	73
63	76
63	77
63	81
64	15
64	17
64	18
64	34
64	56
64	58
64	60
64	68
64	73
64	76
64	81
65	1
65	3
65	24
65	30
65	34
65	41
65	42
65	45
65	46
65	53
65	57
65	66
66	1
66	3
66	24
66	41
66	42
66	45
66	46
66	53
66	54
66	57
66	65
66	75
67	11
67	13
67	26
67	29
67	37
67	38
67	48
67	52
67	59
67	69
67	71
67	75
67	78
67	80
68	6
68	14
68	34
68	56
68	59
68	60
68	62
68	63
68	64
68	73
68	76
68	77
68	79
68	81
69	11
69	28
69	39
69	43
69	44
69	50
69	52
69	59
69	67
69	71
69	74
69	75
69	78
69	80
70	4
70	7
70	18
70	20
70	33
70	36
70	40
70	43
70	47
70	49
70	60
70	61
70	72
70	79
71	13
71	26
71	39
71	44
71	48
71	50
71	52
71	56
71	67
71	69
71	74
71	75
71	76
71	78
71	80
72	2
72	7
72	13
72	21
72	33
72	36
72	40
72	43
72	44
72	47
72	49
72	51
72	61
72	70
72	79
73	18
73	19
73	23
73	25
73	29
73	31
73	34
73	58
73	62
73	63
73	64
73	68
73	76
73	77
73	81
74	13
74	24
74	26
74	28
74	29
74	38
74	39
74	44
74	48
74	58
74	59
74	69
74	71
74	75
74	78
74	80
75	11
75	26
75	28
75	30
75	38
75	48
75	50
75	52
75	59
75	66
75	67
75	69
75	71
75	74
75	78
75	80
76	6
76	14
76	15
76	23
76	25
76	31
76	32
76	56
76	60
76	62
76	63
76	64
76	68
76	71
76	73
76	77
76	81
77	6
77	9
77	14
77	15
77	18
77	25
77	31
77	34
77	39
77	42
77	56
77	62
77	63
77	68
77	73
77	76
77	81
78	1
78	21
78	28
78	29
78	38
78	39
78	44
78	48
78	50
78	52
78	59
78	67
78	69
78	71
78	74
78	75
78	80
79	2
79	5
79	7
79	20
79	21
79	22
79	32
79	36
79	40
79	43
79	47
79	49
79	51
79	55
79	61
79	68
79	70
79	72
80	11
80	13
80	26
80	28
80	29
80	38
80	39
80	44
80	48
80	49
80	50
80	52
80	55
80	59
80	67
80	69
80	71
80	74
80	75
80	78
81	6
81	9
81	15
81	19
81	23
81	25
81	31
81	34
81	47
81	56
81	58
81	60
81	61
81	62
81	63
81	64
81	68
81	73
81	76
81	77
