1	53
1	59
1	65
1	69
1	70
1	71
2	4
2	5
2	11
2	15
2	25
2	30
3	4
3	11
3	15
3	25
3	30
3	69
4	2
4	3
4	5
4	11
4	25
4	30
5	2
5	4
5	15
5	25
5	30
5	72
6	9
6	17
6	23
6	26
6	44
6	46
7	29
7	31
7	33
7	34
7	40
7	57
8	29
8	33
8	34
8	35
8	40
8	54
9	6
9	10
9	23
9	24
9	44
9	46
10	9
10	12
10	17
10	21
10	44
10	46
11	2
11	3
11	4
11	25
11	30
11	68
12	10
12	13
12	23
12	24
12	44
12	46
13	12
13	66
13	78
13	79
13	80
13	81
14	31
14	33
14	34
14	35
14	40
14	77
15	2
15	3
15	5
15	25
15	30
15	75
16	50
16	56
16	57
16	61
16	72
16	73
17	6
17	10
17	21
17	24
17	44
17	46
18	47
18	57
18	61
18	73
18	74
18	77
19	47
19	49
19	64
19	72
19	73
19	74
19	77
20	42
20	50
20	57
20	72
20	74
20	75
20	77
21	10
21	17
21	23
21	24
21	44
21	46
21	49
22	60
22	63
22	66
22	78
22	79
22	80
22	81
23	6
23	9
23	12
23	21
23	44
23	46
23	62
24	9
24	12
24	17
24	21
24	44
24	46
24	76
25	2
25	3
25	4
25	5
25	11
25	15
25	30
26	6
26	53
26	64
26	65
26	69
26	70
26	71
27	42
27	47
27	48
27	57
27	72
27	73
27	75
27	77
28	42
28	55
28	61
28	68
28	72
28	74
28	77
28	81
29	7
29	8
29	31
29	33
29	34
29	35
29	40
29	52
30	2
30	3
30	4
30	5
30	11
30	15
30	25
30	37
31	7
31	14
31	29
31	33
31	34
31	35
31	40
31	66
32	41
32	45
32	56
32	64
32	65
32	69
32	70
32	71
33	7
33	8
33	14
33	29
33	31
33	34
33	35
33	40
34	7
34	8
34	14
34	29
34	31
34	33
34	35
34	40
35	8
35	14
35	29
35	31
35	33
35	34
35	40
35	74
36	47
36	50
36	59
36	61
36	68
36	73
36	74
36	75
37	30
37	38
37	56
37	58
37	59
37	64
37	65
37	70
37	71
38	37
38	53
38	58
38	59
38	64
38	65
38	69
38	70
38	71
39	50
39	52
39	62
39	67
39	76
39	78
39	79
39	80
39	81
40	7
40	8
40	14
40	29
40	31
40	33
40	34
40	35
40	78
41	32
41	45
41	52
41	53
41	59
41	65
41	69
41	70
41	71
42	20
42	27
42	28
42	47
42	68
42	71
42	72
42	74
42	75
42	77
43	51
43	60
43	62
43	63
43	76
43	77
43	78
43	79
43	80
43	81
44	6
44	9
44	10
44	12
44	17
44	21
44	23
44	24
44	46
44	79
45	32
45	41
45	56
45	58
45	64
45	65
45	67
45	69
45	70
45	71
46	6
46	9
46	10
46	12
46	17
46	21
46	23
46	24
46	44
46	56
47	18
47	19
47	27
47	36
47	42
47	68
47	72
47	75
47	77
47	80
48	27
48	51
48	54
48	62
48	67
48	76
48	78
48	79
48	80
48	81
49	19
49	21
49	55
49	57
49	68
49	72
49	73
49	74
49	75
49	77
50	16
50	20
50	36
50	39
50	57
50	61
50	73
50	74
50	75
50	77
51	43
51	48
51	60
51	62
51	63
51	66
51	75
51	76
51	79
51	80
51	81
52	29
52	39
52	41
52	54
52	60
52	67
52	76
52	78
52	79
52	80
52	81
53	1
53	26
53	38
53	41
53	58
53	64
53	65
53	69
53	70
53	71
53	73
54	8
54	48
54	52
54	60
54	66
54	67
54	76
54	78
54	79
54	80
54	81
55	28
55	49
55	57
55	61
55	63
55	68
55	72
55	73
55	74
55	75
55	77
56	16
56	32
56	37
56	45
56	46
56	58
56	59
56	64
56	65
56	69
56	70
56	71
57	7
57	16
57	18
57	20
57	27
57	49
57	50
57	55
57	68
57	73
57	74
57	75
58	37
58	38
58	45
58	53
58	56
58	59
58	64
58	65
58	69
58	70
58	71
58	81
59	1
59	36
59	37
59	38
59	41
59	56
59	58
59	64
59	69
59	70
59	71
59	78
60	22
60	43
60	51
60	52
60	54
60	61
60	63
60	66
60	76
60	79
60	80
60	81
61	16
61	18
61	28
61	36
61	50
61	55
61	60
61	68
61	73
61	74
61	75
61	77
62	23
62	39
62	43
62	48
62	51
62	63
62	66
62	67
62	76
62	78
62	79
62	80
62	81
63	22
63	43
63	51
63	55
63	60
63	62
63	66
63	67
63	76
63	78
63	79
63	80
63	81
64	19
64	26
64	32
64	37
64	38
64	45
64	53
64	56
64	58
64	59
64	69
64	70
64	71
65	1
65	26
65	32
65	37
65	38
65	41
65	45
65	53
65	56
65	58
65	69
65	70
65	71
65	72
66	13
66	22
66	31
66	51
66	54
66	60
66	62
66	63
66	67
66	76
66	78
66	79
66	80
66	81
67	39
67	45
67	48
67	52
67	54
67	62
67	63
67	66
67	70
67	76
67	78
67	79
67	80
67	81
68	11
68	28
68	36
68	42
68	47
68	49
68	55
68	57
68	61
68	72
68	73
68	74
68	75
68	76
69	1
69	3
69	26
69	32
69	38
69	41
69	45
69	53
69	56
69	58
69	59
69	64
69	65
69	70
69	71
70	1
70	26
70	32
70	37
70	38
70	41
70	45
70	53
70	56
70	58
70	59
70	64
70	65
70	67
70	69
71	1
71	26
71	32
71	37
71	38
71	41
71	42
71	45
71	53
71	56
71	58
71	59
71	64
71	65
71	69
71	80
72	5
72	16
72	19
72	20
72	27
72	28
72	42
72	47
72	49
72	55
72	65
72	68
72	73
72	74
72	75
72	77
73	16
73	18
73	19
73	27
73	36
73	49
73	50
73	53
73	55
73	57
73	61
73	68
73	72
73	74
73	75
73	77
74	18
74	19
74	20
74	28
74	35
74	36
74	42
74	49
74	50
74	55
74	57
74	61
74	68
74	72
74	73
74	75
74	77
75	15
75	20
75	27
75	36
75	42
75	47
75	49
75	50
75	51
75	55
75	57
75	61
75	68
75	72
75	73
75	74
75	77
76	24
76	39
76	43
76	48
76	51
76	52
76	54
76	60
76	62
76	63
76	66
76	67
76	68
76	78
76	79
76	80
76	81
77	14
77	18
77	19
77	20
77	27
77	28
77	42
77	43
77	47
77	49
77	50
77	55
77	61
77	72
77	73
77	74
77	75
78	13
78	22
78	39
78	40
78	43
78	48
78	52
78	54
78	59
78	62
78	63
78	66
78	67
78	76
78	79
78	80
78	81
79	13
79	22
79	39
79	43
79	44
79	48
79	51
79	52
79	54
79	60
79	62
79	63
79	66
79	67
79	76
79	78
79	80
79	81
80	13
80	22
80	39
80	43
80	47
80	48
80	51
80	52
80	54
80	60
80	62
80	63
80	66
80	67
80	71
80	76
80	78
80	79
80	81
81	13
81	22
81	28
81	39
81	43
81	48
81	51
81	52
81	54
81	58
81	60
81	62
81	63
81	66
81	67
81	76
81	78
81	79
81	80
