1	33
1	39
1	51
1	68
1	71
1	72
2	23
2	31
2	48
2	56
2	62
2	67
3	39
3	59
3	68
3	71
3	72
3	76
4	38
4	51
4	59
4	68
4	71
4	72
5	37
5	57
5	65
5	67
5	75
5	76
6	13
6	30
6	32
6	45
6	52
6	54
7	42
7	77
7	78
7	79
7	80
7	81
8	71
8	75
8	77
8	78
8	79
8	81
9	49
9	53
9	68
9	71
9	72
9	78
10	49
10	59
10	63
10	68
10	71
10	72
11	43
11	48
11	55
11	56
11	62
11	73
12	54
12	75
12	78
12	79
12	80
12	81
13	6
13	28
13	45
13	46
13	52
13	61
14	24
14	30
14	42
14	46
14	52
14	54
15	26
15	48
15	50
15	64
15	73
15	80
16	24
16	28
16	32
16	42
16	45
16	52
17	33
17	49
17	53
17	59
17	71
17	72
18	26
18	31
18	62
18	64
18	73
18	78
19	23
19	39
19	55
19	56
19	62
19	64
19	73
20	59
20	62
20	74
20	77
20	78
20	80
20	81
21	41
21	58
21	61
21	63
21	67
21	70
21	76
22	34
22	41
22	63
22	67
22	70
22	74
22	76
23	2
23	19
23	43
23	55
23	57
23	64
23	73
24	14
24	16
24	32
24	45
24	46
24	54
24	68
25	34
25	44
25	57
25	63
25	65
25	67
25	76
26	15
26	18
26	36
26	48
26	55
26	73
26	80
27	66
27	74
27	75
27	77
27	79
27	80
27	81
28	13
28	16
28	32
28	42
28	46
28	54
28	81
29	41
29	44
29	47
29	58
29	64
29	65
29	76
30	6
30	14
30	45
30	46
30	52
30	54
30	63
31	2
31	18
31	50
31	55
31	62
31	64
31	70
31	73
32	6
32	16
32	24
32	28
32	42
32	52
32	54
32	55
33	1
33	17
33	51
33	53
33	59
33	68
33	71
33	72
34	22
34	25
34	56
34	63
34	65
34	67
34	70
34	76
35	51
35	74
35	75
35	77
35	78
35	79
35	80
35	81
36	26
36	43
36	50
36	55
36	56
36	64
36	73
36	76
37	5
37	47
37	57
37	58
37	65
37	67
37	70
37	74
37	76
38	4
38	66
38	74
38	75
38	77
38	78
38	79
38	80
38	81
39	1
39	3
39	19
39	49
39	51
39	53
39	68
39	71
39	72
40	49
40	66
40	74
40	75
40	77
40	78
40	79
40	80
40	81
41	21
41	22
41	29
41	46
41	57
41	58
41	63
41	70
41	76
42	7
42	14
42	16
42	28
42	32
42	45
42	46
42	52
42	54
43	11
43	23
43	36
43	47
43	48
43	50
43	62
43	64
43	73
44	25
44	29
44	58
44	63
44	65
44	67
44	70
44	76
44	77
45	6
45	13
45	16
45	24
45	30
45	42
45	46
45	52
45	54
45	79
46	13
46	14
46	24
46	28
46	30
46	41
46	42
46	45
46	52
46	54
47	29
47	37
47	43
47	57
47	58
47	63
47	65
47	67
47	70
47	76
48	2
48	11
48	15
48	26
48	43
48	50
48	56
48	62
48	72
48	73
49	9
49	10
49	17
49	39
49	40
49	51
49	53
49	59
49	68
49	71
49	72
50	15
50	31
50	36
50	43
50	48
50	55
50	56
50	62
50	64
50	66
50	73
51	1
51	4
51	33
51	35
51	39
51	49
51	53
51	59
51	68
51	71
51	72
52	6
52	13
52	14
52	16
52	30
52	32
52	42
52	45
52	46
52	54
52	67
53	9
53	17
53	33
53	39
53	49
53	51
53	59
53	60
53	68
53	71
53	72
54	6
54	12
54	14
54	24
54	28
54	30
54	32
54	42
54	45
54	46
54	52
55	11
55	19
55	23
55	26
55	31
55	32
55	36
55	50
55	56
55	62
55	64
55	73
56	2
56	11
56	19
56	34
56	36
56	48
56	50
56	55
56	62
56	64
56	73
56	79
57	5
57	23
57	25
57	37
57	41
57	47
57	58
57	63
57	65
57	67
57	70
57	76
58	21
58	29
58	37
58	41
58	44
58	47
58	57
58	63
58	65
58	69
58	70
58	76
59	3
59	4
59	10
59	17
59	20
59	33
59	49
59	51
59	53
59	68
59	71
59	72
60	53
60	61
60	66
60	69
60	74
60	75
60	77
60	78
60	79
60	80
60	81
61	13
61	21
61	60
61	66
61	69
61	74
61	75
61	77
61	78
61	79
61	80
61	81
62	2
62	11
62	18
62	19
62	20
62	31
62	43
62	48
62	50
62	55
62	56
62	64
62	73
63	10
63	21
63	22
63	25
63	30
63	34
63	41
63	44
63	47
63	57
63	58
63	65
63	70
63	76
64	15
64	18
64	19
64	23
64	29
64	31
64	36
64	43
64	50
64	55
64	56
64	62
64	71
64	73
65	5
65	25
65	29
65	34
65	37
65	44
65	47
65	57
65	58
65	63
65	67
65	70
65	73
65	76
66	27
66	38
66	40
66	50
66	60
66	61
66	69
66	74
66	75
66	77
66	78
66	79
66	80
66	81
67	2
67	5
67	21
67	22
67	25
67	34
67	37
67	44
67	47
67	52
67	57
67	65
67	70
67	76
68	1
68	3
68	4
68	9
68	10
68	24
68	33
68	39
68	49
68	51
68	53
68	59
68	71
68	72
68	77
69	58
69	60
69	61
69	66
69	70
69	74
69	75
69	77
69	78
69	79
69	80
69	81
70	21
70	22
70	31
70	34
70	37
70	41
70	44
70	47
70	57
70	58
70	63
70	65
70	67
70	69
70	76
71	1
71	3
71	4
71	8
71	9
71	10
71	17
71	33
71	39
71	49
71	51
71	53
71	59
71	64
71	68
71	72
72	1
72	3
72	4
72	9
72	10
72	17
72	33
72	39
72	48
72	49
72	51
72	53
72	59
72	68
72	71
72	81
73	11
73	15
73	18
73	19
73	23
73	26
73	31
73	36
73	43
73	48
73	50
73	55
73	56
73	62
73	64
73	65
74	20
74	22
74	27
74	35
74	37
74	38
74	40
74	60
74	61
74	66
74	69
74	75
74	77
74	78
74	79
74	80
74	81
75	5
75	8
75	12
75	27
75	35
75	38
75	40
75	60
75	61
75	66
75	69
75	74
75	77
75	78
75	79
75	80
75	81
76	3
76	5
76	21
76	22
76	25
76	29
76	34
76	36
76	37
76	41
76	44
76	47
76	57
76	58
76	63
76	65
76	67
76	70
77	7
77	8
77	20
77	27
77	35
77	38
77	40
77	44
77	60
77	61
77	66
77	68
77	69
77	74
77	75
77	78
77	79
77	80
77	81
78	7
78	8
78	9
78	12
78	18
78	20
78	35
78	38
78	40
78	60
78	61
78	66
78	69
78	74
78	75
78	77
78	79
78	80
78	81
79	7
79	8
79	12
79	27
79	35
79	38
79	40
79	45
79	56
79	60
79	61
79	66
79	69
79	74
79	75
79	77
79	78
79	80
79	81
80	7
80	12
80	15
80	20
80	26
80	27
80	35
80	38
80	40
80	60
80	61
80	66
80	69
80	74
80	75
80	77
80	78
80	79
80	81
81	7
81	8
81	12
81	20
81	27
81	28
81	35
81	38
81	40
81	60
81	61
81	66
81	69
81	72
81	74
81	75
81	77
81	78
81	79
81	80
