1	8
1	19
1	34
1	45
1	56
1	65
2	39
2	46
2	61
2	64
2	66
2	67
3	9
3	37
3	40
3	45
3	47
3	65
4	17
4	22
4	42
4	62
4	63
4	64
5	13
5	24
5	29
5	30
5	31
5	33
6	25
6	26
6	37
6	41
6	55
6	70
7	19
7	37
7	45
7	47
7	56
7	65
8	1
8	18
8	46
8	61
8	66
8	67
9	3
9	40
9	47
9	56
9	65
9	81
10	11
10	41
10	49
10	55
10	70
10	73
11	10
11	28
11	40
11	41
11	49
11	70
12	20
12	23
12	44
12	51
12	55
12	70
13	5
13	24
13	29
13	30
13	31
13	33
14	72
14	74
14	78
14	79
14	80
14	81
15	20
15	46
15	48
15	61
15	66
15	67
16	24
16	29
16	30
16	31
16	33
16	44
17	4
17	27
17	32
17	39
17	66
17	67
18	8
18	39
18	61
18	66
18	67
18	77
19	1
19	7
19	34
19	47
19	65
19	75
20	12
20	15
20	26
20	44
20	51
20	70
21	32
21	41
21	44
21	49
21	55
21	70
22	4
22	50
22	52
22	57
22	62
22	64
22	68
23	12
23	34
23	37
23	43
23	47
23	56
23	65
24	5
24	13
24	16
24	29
24	30
24	31
24	33
25	6
25	26
25	28
25	41
25	49
25	69
25	70
26	6
26	20
26	25
26	28
26	44
26	51
26	70
27	17
27	39
27	48
27	61
27	66
27	67
27	78
28	11
28	25
28	26
28	44
28	45
28	51
28	70
29	5
29	13
29	16
29	24
29	30
29	31
29	33
30	5
30	13
30	16
30	24
30	29
30	31
30	33
31	5
31	13
31	16
31	24
31	29
31	30
31	33
32	17
32	21
32	46
32	48
32	61
32	66
32	67
33	5
33	13
33	16
33	24
33	29
33	30
33	31
33	72
34	1
34	19
34	23
34	37
34	40
34	56
34	63
34	65
35	47
35	71
35	74
35	75
35	77
35	79
35	80
35	81
36	42
36	50
36	52
36	53
36	60
36	63
36	64
36	80
37	3
37	6
37	7
37	23
37	34
37	40
37	45
37	65
38	49
38	71
38	72
38	75
38	77
38	78
38	79
38	81
39	2
39	17
39	18
39	27
39	48
39	58
39	61
39	66
39	67
40	3
40	9
40	11
40	34
40	37
40	45
40	47
40	56
40	65
41	6
41	10
41	11
41	21
41	25
41	49
41	55
41	70
41	76
42	4
42	36
42	43
42	52
42	60
42	62
42	63
42	64
42	67
43	23
43	42
43	50
43	53
43	57
43	60
43	62
43	63
43	64
44	12
44	16
44	20
44	21
44	26
44	28
44	49
44	51
44	55
45	1
45	3
45	7
45	28
45	37
45	40
45	47
45	56
45	65
46	2
46	8
46	15
46	32
46	48
46	61
46	66
46	67
46	71
47	3
47	7
47	9
47	19
47	23
47	35
47	40
47	45
47	56
48	15
48	27
48	32
48	39
48	46
48	57
48	61
48	66
48	67
49	10
49	11
49	21
49	25
49	38
49	41
49	44
49	51
49	55
49	70
50	22
50	36
50	43
50	53
50	57
50	60
50	62
50	63
50	64
50	80
51	12
51	20
51	26
51	28
51	44
51	49
51	55
51	65
51	70
51	71
52	22
52	36
52	42
52	53
52	57
52	60
52	62
52	63
52	64
52	74
53	36
53	43
53	50
53	52
53	57
53	60
53	62
53	63
53	64
53	70
54	58
54	65
54	73
54	75
54	76
54	77
54	78
54	79
54	80
54	81
55	6
55	10
55	12
55	21
55	41
55	44
55	49
55	51
55	70
55	76
56	1
56	7
56	9
56	23
56	34
56	40
56	45
56	47
56	65
56	74
57	22
57	43
57	48
57	50
57	52
57	53
57	60
57	62
57	63
57	64
58	39
58	54
58	69
58	72
58	73
58	75
58	76
58	78
58	79
58	80
58	81
59	61
59	68
59	69
59	73
59	74
59	76
59	77
59	78
59	79
59	80
59	81
60	36
60	42
60	43
60	50
60	52
60	53
60	57
60	62
60	63
60	64
60	77
61	2
61	8
61	15
61	18
61	27
61	32
61	39
61	46
61	48
61	59
61	66
61	67
62	4
62	22
62	42
62	43
62	50
62	52
62	53
62	57
62	60
62	63
62	64
62	81
63	4
63	34
63	36
63	42
63	43
63	50
63	52
63	53
63	57
63	60
63	62
63	64
64	2
64	4
64	22
64	36
64	42
64	43
64	50
64	52
64	53
64	57
64	60
64	62
64	63
65	1
65	3
65	7
65	9
65	19
65	23
65	34
65	37
65	40
65	45
65	51
65	54
65	56
66	2
66	8
66	15
66	17
66	18
66	27
66	32
66	39
66	46
66	48
66	61
66	67
66	78
67	2
67	8
67	15
67	17
67	18
67	27
67	32
67	39
67	42
67	46
67	48
67	61
67	66
68	22
68	59
68	69
68	71
68	72
68	73
68	74
68	75
68	76
68	77
68	78
68	79
68	80
68	81
69	25
69	58
69	59
69	68
69	71
69	72
69	73
69	74
69	75
69	76
69	77
69	78
69	79
69	80
69	81
70	6
70	10
70	11
70	12
70	20
70	21
70	25
70	26
70	28
70	41
70	49
70	51
70	53
70	55
70	79
71	35
71	38
71	46
71	51
71	68
71	69
71	72
71	73
71	74
71	75
71	76
71	77
71	78
71	79
71	80
71	81
72	14
72	33
72	38
72	58
72	68
72	69
72	71
72	73
72	74
72	75
72	76
72	77
72	78
72	79
72	80
72	81
73	10
73	54
73	58
73	59
73	68
73	69
73	71
73	72
73	74
73	75
73	76
73	77
73	78
73	79
73	80
73	81
74	14
74	35
74	52
74	56
74	59
74	68
74	69
74	71
74	72
74	73
74	75
74	76
74	77
74	78
74	79
74	80
74	81
75	19
75	35
75	38
75	54
75	58
75	68
75	69
75	71
75	72
75	73
75	74
75	76
75	77
75	78
75	79
75	80
75	81
76	41
76	54
76	55
76	58
76	59
76	68
76	69
76	71
76	72
76	73
76	74
76	75
76	77
76	78
76	79
76	80
76	81
77	18
77	35
77	38
77	54
77	59
77	60
77	68
77	69
77	71
77	72
77	73
77	74
77	75
77	76
77	78
77	79
77	80
77	81
78	14
78	27
78	38
78	54
78	58
78	59
78	66
78	68
78	69
78	71
78	72
78	73
78	74
78	75
78	76
78	77
78	79
78	80
78	81
79	14
79	35
79	38
79	54
79	58
79	59
79	68
79	69
79	70
79	71
79	72
79	73
79	74
79	75
79	76
79	77
79	78
79	80
79	81
80	14
80	35
80	36
80	50
80	54
80	58
80	59
80	68
80	69
80	71
80	72
80	73
80	74
80	75
80	76
80	77
80	78
80	79
80	81
81	9
81	14
81	35
81	38
81	54
81	58
81	59
81	62
81	68
81	69
81	71
81	72
81	73
81	74
81	75
81	76
81	77
81	78
81	79
81	80
