1	42
1	62
1	64
1	72
1	73
1	78
2	9
2	29
2	38
2	51
2	70
2	72
3	57
3	60
3	69
3	76
3	77
3	81
4	12
4	29
4	30
4	51
4	61
4	70
5	54
5	72
5	73
5	74
5	75
5	78
6	18
6	21
6	23
6	43
6	48
6	58
7	35
7	39
7	40
7	61
7	64
7	70
8	55
8	63
8	65
8	71
8	74
8	79
9	2
9	35
9	40
9	44
9	61
9	70
10	37
10	63
10	66
10	71
10	75
10	79
11	15
11	41
11	66
11	71
11	75
11	79
12	4
12	69
12	76
12	77
12	80
12	81
13	17
13	20
13	21
13	28
13	48
13	56
14	23
14	33
14	60
14	67
14	80
14	81
15	11
15	38
15	63
15	66
15	75
15	79
16	31
16	53
16	66
16	71
16	79
16	80
17	13
17	47
17	57
17	77
17	80
17	81
18	6
18	20
18	48
18	52
18	56
18	77
19	32
19	41
19	51
19	65
19	68
19	75
20	13
20	18
20	28
20	43
20	52
20	71
21	6
21	13
21	27
21	43
21	52
21	56
21	58
22	24
22	50
22	54
22	64
22	73
22	74
22	78
23	6
23	14
23	25
23	27
23	43
23	56
23	58
24	22
24	42
24	50
24	62
24	72
24	74
24	78
25	23
25	28
25	43
25	52
25	56
25	58
25	67
26	29
26	30
26	35
26	38
26	39
26	61
26	70
27	21
27	23
27	28
27	40
27	48
27	52
27	58
28	13
28	20
28	25
28	27
28	41
28	52
28	56
28	58
29	2
29	4
29	26
29	30
29	40
29	61
29	67
29	70
30	4
30	26
30	29
30	38
30	39
30	51
30	61
30	70
31	16
31	32
31	44
31	53
31	64
31	68
31	71
31	75
32	19
32	31
32	44
32	66
32	68
32	71
32	75
32	79
33	14
33	59
33	67
33	69
33	76
33	77
33	80
33	81
34	50
34	62
34	64
34	68
34	72
34	73
34	74
34	78
35	7
35	9
35	26
35	39
35	40
35	51
35	59
35	70
36	57
36	60
36	67
36	69
36	76
36	77
36	80
36	81
37	10
37	42
37	54
37	62
37	72
37	73
37	74
37	78
38	2
38	15
38	26
38	30
38	39
38	51
38	61
38	70
39	7
39	26
39	30
39	35
39	38
39	50
39	51
39	70
40	7
40	9
40	27
40	29
40	35
40	51
40	61
40	70
41	11
41	19
41	28
41	55
41	63
41	65
41	71
41	75
41	79
42	1
42	24
42	37
42	62
42	72
42	73
42	74
42	78
42	80
43	6
43	20
43	21
43	23
43	25
43	52
43	55
43	56
43	58
44	9
44	31
44	32
44	65
44	66
44	68
44	71
44	75
44	79
45	48
45	57
45	59
45	67
45	69
45	76
45	77
45	80
45	81
46	50
46	54
46	62
46	64
46	72
46	73
46	74
46	76
46	78
47	17
47	49
47	59
47	69
47	76
47	77
47	78
47	80
47	81
48	6
48	13
48	18
48	27
48	45
48	52
48	56
48	58
48	61
49	47
49	53
49	57
49	59
49	60
49	76
49	77
49	80
49	81
50	22
50	24
50	34
50	39
50	46
50	62
50	72
50	73
50	74
50	78
51	2
51	4
51	19
51	30
51	35
51	38
51	39
51	40
51	61
51	70
52	18
52	20
52	21
52	25
52	27
52	28
52	43
52	48
52	58
52	63
53	16
53	31
53	49
53	55
53	65
53	66
53	68
53	71
53	75
53	79
54	5
54	22
54	37
54	46
54	64
54	70
54	72
54	73
54	74
54	78
55	8
55	41
55	43
55	53
55	63
55	65
55	68
55	71
55	75
55	79
56	13
56	18
56	21
56	23
56	25
56	28
56	43
56	48
56	58
56	60
57	3
57	17
57	36
57	45
57	49
57	60
57	62
57	67
57	69
57	80
57	81
58	6
58	21
58	23
58	25
58	27
58	28
58	43
58	48
58	52
58	56
58	79
59	33
59	35
59	45
59	47
59	49
59	67
59	69
59	76
59	77
59	80
59	81
60	3
60	14
60	36
60	49
60	56
60	57
60	67
60	69
60	76
60	77
60	80
60	81
61	4
61	7
61	9
61	26
61	29
61	30
61	38
61	40
61	48
61	51
61	66
61	70
62	1
62	24
62	34
62	37
62	42
62	46
62	50
62	57
62	64
62	73
62	74
62	78
63	8
63	10
63	15
63	41
63	52
63	55
63	65
63	66
63	68
63	75
63	79
63	81
64	1
64	7
64	22
64	31
64	34
64	46
64	54
64	62
64	72
64	73
64	74
64	78
65	8
65	19
65	41
65	44
65	53
65	55
65	63
65	66
65	68
65	69
65	75
65	79
66	10
66	11
66	15
66	16
66	32
66	44
66	53
66	61
66	63
66	65
66	68
66	71
66	79
67	14
67	25
67	29
67	33
67	36
67	45
67	57
67	59
67	60
67	69
67	76
67	80
67	81
68	19
68	31
68	32
68	34
68	44
68	53
68	55
68	63
68	65
68	66
68	71
68	75
68	77
68	79
69	3
69	12
69	33
69	36
69	45
69	47
69	57
69	59
69	60
69	65
69	67
69	76
69	77
69	80
69	81
70	2
70	4
70	7
70	9
70	26
70	29
70	30
70	35
70	38
70	39
70	40
70	51
70	54
70	61
70	72
71	8
71	10
71	11
71	16
71	20
71	31
71	32
71	41
71	44
71	53
71	55
71	66
71	68
71	75
71	79
72	1
72	2
72	5
72	24
72	34
72	37
72	42
72	46
72	50
72	54
72	64
72	70
72	73
72	74
72	78
73	1
73	5
73	22
73	34
73	37
73	42
73	46
73	50
73	54
73	62
73	64
73	72
73	74
73	78
73	81
74	5
74	8
74	22
74	24
74	34
74	37
74	42
74	46
74	50
74	54
74	62
74	64
74	72
74	73
74	78
74	79
75	5
75	10
75	11
75	15
75	19
75	31
75	32
75	41
75	44
75	53
75	55
75	63
75	65
75	68
75	71
75	79
76	3
76	12
76	33
76	36
76	45
76	46
76	47
76	49
76	59
76	60
76	67
76	69
76	77
76	78
76	80
76	81
77	3
77	12
77	17
77	18
77	33
77	36
77	45
77	47
77	49
77	59
77	60
77	68
77	69
77	76
77	80
77	81
78	1
78	5
78	22
78	24
78	34
78	37
78	42
78	46
78	47
78	50
78	54
78	62
78	64
78	72
78	73
78	74
78	76
79	8
79	10
79	11
79	15
79	16
79	32
79	41
79	44
79	53
79	55
79	58
79	63
79	65
79	66
79	68
79	71
79	74
79	75
80	12
80	14
80	16
80	17
80	33
80	36
80	42
80	45
80	47
80	49
80	57
80	59
80	60
80	67
80	69
80	76
80	77
80	81
81	3
81	12
81	14
81	17
81	33
81	36
81	45
81	47
81	49
81	57
81	59
81	60
81	63
81	67
81	69
81	73
81	76
81	77
81	80
