1	7
1	9
1	33
1	40
1	47
1	80
2	25
2	37
2	45
2	52
2	55
2	57
3	34
3	60
3	62
3	69
3	72
3	73
4	17
4	29
4	51
4	61
4	65
4	70
5	13
5	22
5	30
5	32
5	35
5	36
6	72
6	77
6	78
6	79
6	80
6	81
7	1
7	10
7	19
7	21
7	40
7	44
8	48
8	74
8	78
8	79
8	80
8	81
9	1
9	21
9	33
9	44
9	47
9	69
10	7
10	21
10	33
10	40
10	44
10	54
11	22
11	30
11	32
11	35
11	36
11	75
12	26
12	56
12	62
12	69
12	72
12	73
13	5
13	22
13	30
13	32
13	35
13	36
14	25
14	46
14	60
14	69
14	72
14	73
15	46
15	60
15	62
15	69
15	72
15	73
16	19
16	33
16	40
16	42
16	44
16	47
17	4
17	30
17	50
17	58
17	64
17	66
17	68
18	68
18	74
18	77
18	78
18	79
18	80
18	81
19	7
19	16
19	33
19	40
19	44
19	47
19	76
20	48
20	56
20	62
20	69
20	72
20	73
20	74
21	7
21	9
21	10
21	33
21	44
21	47
21	66
22	5
22	11
22	13
22	30
22	32
22	35
22	36
23	29
23	46
23	63
23	64
23	65
23	68
23	70
24	37
24	39
24	41
24	45
24	55
24	57
24	73
25	2
25	14
25	39
25	41
25	52
25	55
25	57
26	12
26	48
26	56
26	62
26	69
26	72
26	73
27	56
27	76
27	77
27	78
27	79
27	80
27	81
28	39
28	41
28	45
28	52
28	55
28	57
28	77
29	4
29	23
29	63
29	65
29	68
29	70
29	81
30	5
30	11
30	13
30	17
30	22
30	32
30	35
30	36
31	48
31	56
31	60
31	62
31	69
31	70
31	72
31	73
32	5
32	11
32	13
32	22
32	30
32	35
32	36
32	67
33	1
33	9
33	10
33	16
33	19
33	21
33	40
33	47
34	3
34	46
34	56
34	59
34	62
34	69
34	72
34	73
35	5
35	11
35	13
35	22
35	30
35	32
35	36
35	81
36	5
36	11
36	13
36	22
36	30
36	32
36	35
36	43
37	2
37	24
37	41
37	45
37	52
37	53
37	55
37	57
38	51
38	58
38	61
38	64
38	66
38	68
38	70
38	78
39	24
39	25
39	28
39	41
39	52
39	55
39	57
39	63
40	1
40	7
40	10
40	16
40	19
40	33
40	44
40	47
41	24
41	25
41	28
41	37
41	39
41	45
41	52
41	55
41	74
42	16
42	74
42	75
42	76
42	77
42	78
42	79
42	80
42	81
43	36
43	58
43	61
43	63
43	64
43	65
43	66
43	68
43	70
44	7
44	9
44	10
44	16
44	19
44	21
44	40
44	47
44	62
45	2
45	24
45	28
45	37
45	41
45	52
45	55
45	57
45	65
46	14
46	15
46	23
46	34
46	48
46	60
46	69
46	72
46	73
47	1
47	9
47	16
47	19
47	21
47	33
47	40
47	44
47	51
48	8
48	20
48	26
48	31
48	46
48	56
48	60
48	69
48	72
48	73
49	50
49	71
49	74
49	75
49	76
49	77
49	78
49	79
49	80
49	81
50	17
50	49
50	51
50	58
50	61
50	63
50	65
50	66
50	68
50	70
51	4
51	38
51	47
51	50
51	61
51	63
51	64
51	66
51	68
51	70
52	2
52	25
52	28
52	37
52	39
52	41
52	45
52	55
52	57
52	72
53	37
53	71
53	74
53	75
53	76
53	77
53	78
53	79
53	80
53	81
54	10
54	71
54	74
54	75
54	76
54	77
54	78
54	79
54	80
54	81
55	2
55	24
55	25
55	28
55	37
55	39
55	41
55	45
55	52
55	57
55	79
56	12
56	20
56	26
56	27
56	31
56	34
56	48
56	60
56	62
56	72
56	73
57	2
57	24
57	25
57	28
57	37
57	39
57	45
57	52
57	55
57	64
57	76
58	17
58	38
58	43
58	50
58	61
58	63
58	65
58	66
58	68
58	70
58	75
59	34
59	67
59	71
59	74
59	75
59	76
59	77
59	78
59	79
59	80
59	81
60	3
60	14
60	15
60	31
60	46
60	48
60	56
60	62
60	69
60	72
60	73
60	77
61	4
61	38
61	43
61	50
61	51
61	58
61	64
61	65
61	66
61	68
61	70
61	79
62	3
62	12
62	15
62	20
62	26
62	31
62	34
62	44
62	56
62	60
62	72
62	73
63	23
63	29
63	39
63	43
63	50
63	51
63	58
63	64
63	65
63	66
63	68
63	70
64	17
64	23
64	38
64	43
64	51
64	57
64	61
64	63
64	65
64	66
64	68
64	70
65	4
65	23
65	29
65	43
65	45
65	50
65	58
65	61
65	63
65	64
65	66
65	68
65	70
66	17
66	21
66	38
66	43
66	50
66	51
66	58
66	61
66	63
66	64
66	65
66	68
66	70
67	32
67	59
67	71
67	74
67	75
67	76
67	77
67	78
67	79
67	80
67	81
68	17
68	18
68	23
68	29
68	38
68	43
68	50
68	51
68	58
68	61
68	63
68	64
68	65
68	66
68	70
69	3
69	9
69	12
69	14
69	15
69	20
69	26
69	31
69	34
69	46
69	48
69	60
69	72
69	73
69	80
70	4
70	23
70	29
70	31
70	38
70	43
70	50
70	51
70	58
70	61
70	63
70	64
70	65
70	66
70	68
71	49
71	53
71	54
71	59
71	67
71	73
71	74
71	75
71	76
71	77
71	78
71	79
71	80
71	81
72	3
72	6
72	12
72	14
72	15
72	20
72	26
72	31
72	34
72	46
72	48
72	52
72	56
72	60
72	62
72	69
72	73
73	3
73	12
73	14
73	15
73	20
73	24
73	26
73	31
73	34
73	46
73	48
73	56
73	60
73	62
73	69
73	71
73	72
74	8
74	18
74	20
74	41
74	42
74	49
74	53
74	54
74	59
74	67
74	71
74	75
74	76
74	77
74	78
74	79
74	80
74	81
75	11
75	42
75	49
75	53
75	54
75	58
75	59
75	67
75	71
75	74
75	76
75	77
75	78
75	79
75	80
75	81
76	19
76	27
76	42
76	49
76	53
76	54
76	57
76	59
76	67
76	71
76	74
76	75
76	77
76	78
76	79
76	80
76	81
77	6
77	18
77	27
77	28
77	42
77	49
77	53
77	54
77	59
77	60
77	67
77	71
77	74
77	75
77	76
77	78
77	79
77	80
77	81
78	6
78	8
78	18
78	27
78	38
78	42
78	49
78	53
78	54
78	59
78	67
78	71
78	74
78	75
78	76
78	77
78	79
78	80
78	81
79	6
79	8
79	18
79	27
79	42
79	49
79	53
79	54
79	55
79	59
79	61
79	67
79	71
79	74
79	75
79	76
79	77
79	78
79	80
79	81
80	1
80	6
80	8
80	18
80	27
80	42
80	49
80	53
80	54
80	59
80	67
80	69
80	71
80	74
80	75
80	76
80	77
80	78
80	79
80	81
81	6
81	8
81	18
81	27
81	29
81	35
81	42
81	49
81	53
81	54
81	59
81	67
81	71
81	74
81	75
81	76
81	77
81	78
81	79
81	80
