1	54
1	59
1	67
1	74
1	79
1	80
2	17
2	38
2	60
2	64
2	73
2	76
3	23
3	41
3	61
3	66
3	69
3	75
4	21
4	23
4	29
4	49
4	66
4	69
5	66
5	70
5	72
5	77
5	78
5	81
6	57
6	59
6	63
6	74
6	79
6	80
7	10
7	28
7	32
7	40
7	42
7	47
8	44
8	71
8	72
8	75
8	78
8	81
9	16
9	29
9	51
9	61
9	66
9	69
10	7
10	28
10	37
10	40
10	42
10	47
11	50
11	54
11	67
11	74
11	79
11	80
12	37
12	60
12	64
12	65
12	73
12	76
13	38
13	71
13	75
13	77
13	78
13	81
14	43
14	53
14	60
14	65
14	73
14	76
15	57
15	62
15	63
15	74
15	79
15	80
16	9
16	24
16	51
16	61
16	68
16	69
17	2
17	33
17	65
17	73
17	76
17	80
18	50
18	58
18	62
18	67
18	74
18	79
18	80
19	35
19	62
19	63
19	67
19	74
19	79
19	80
20	27
20	34
20	43
20	65
20	73
20	76
20	78
21	4
21	45
21	48
21	50
21	61
21	66
21	69
22	29
22	45
22	49
22	51
22	66
22	69
22	81
23	3
23	4
23	29
23	40
23	61
23	66
23	69
24	16
24	30
24	45
24	48
24	49
24	66
24	69
25	28
25	32
25	37
25	40
25	42
25	47
25	68
26	67
26	68
26	71
26	75
26	77
26	78
26	81
27	20
27	46
27	52
27	53
27	64
27	73
27	76
28	7
28	10
28	25
28	32
28	37
28	40
28	42
28	47
29	4
29	9
29	22
29	23
29	49
29	61
29	66
29	69
30	24
30	34
30	53
30	60
30	64
30	65
30	73
30	76
31	61
31	70
31	71
31	72
31	75
31	77
31	78
31	81
32	7
32	25
32	28
32	37
32	40
32	42
32	47
32	67
33	17
33	43
33	60
33	64
33	65
33	72
33	73
33	76
34	20
34	30
34	43
34	46
34	60
34	61
34	73
34	76
35	19
35	59
35	62
35	67
35	71
35	74
35	79
35	80
36	63
36	68
36	70
36	72
36	75
36	77
36	78
36	81
37	10
37	12
37	25
37	28
37	32
37	40
37	42
37	47
38	2
38	13
38	46
38	60
38	64
38	65
38	73
38	76
39	44
39	57
39	59
39	60
39	62
39	63
39	74
39	79
39	80
40	7
40	10
40	23
40	25
40	28
40	32
40	37
40	42
40	47
41	3
41	43
41	70
41	71
41	72
41	75
41	77
41	78
41	81
42	7
42	10
42	25
42	28
42	32
42	37
42	40
42	47
42	59
43	14
43	20
43	33
43	34
43	41
43	64
43	65
43	73
43	76
44	8
44	39
44	54
44	57
44	63
44	67
44	74
44	79
44	80
45	21
45	22
45	24
45	48
45	49
45	51
45	66
45	69
45	74
46	27
46	34
46	38
46	48
46	53
46	64
46	65
46	73
46	76
47	7
47	10
47	25
47	28
47	32
47	37
47	40
47	42
47	79
48	21
48	24
48	45
48	46
48	49
48	51
48	61
48	66
48	69
49	4
49	22
49	24
49	29
49	45
49	48
49	51
49	61
49	69
49	71
50	11
50	18
50	21
50	54
50	62
50	63
50	67
50	74
50	79
50	80
51	9
51	16
51	22
51	45
51	48
51	49
51	61
51	62
51	66
51	69
52	27
52	58
52	68
52	70
52	71
52	72
52	75
52	77
52	78
52	81
53	14
53	27
53	30
53	46
53	60
53	64
53	65
53	73
53	74
53	76
54	1
54	11
54	44
54	50
54	55
54	59
54	67
54	74
54	79
54	80
55	54
55	56
55	58
55	68
55	70
55	71
55	72
55	75
55	77
55	78
55	81
56	55
56	58
56	68
56	70
56	71
56	72
56	75
56	76
56	77
56	78
56	81
57	6
57	15
57	39
57	44
57	59
57	63
57	66
57	72
57	74
57	79
57	80
58	18
58	52
58	55
58	56
58	68
58	70
58	71
58	72
58	75
58	77
58	78
58	81
59	1
59	6
59	35
59	39
59	42
59	54
59	57
59	62
59	63
59	67
59	79
59	80
60	2
60	12
60	14
60	30
60	33
60	34
60	38
60	39
60	53
60	64
60	65
60	73
60	76
61	3
61	9
61	16
61	21
61	23
61	29
61	31
61	34
61	48
61	49
61	51
61	66
61	69
62	15
62	18
62	19
62	35
62	39
62	50
62	51
62	59
62	63
62	67
62	74
62	79
62	80
63	6
63	15
63	19
63	36
63	39
63	44
63	50
63	57
63	59
63	62
63	74
63	79
63	80
64	2
64	12
64	27
64	30
64	33
64	38
64	43
64	46
64	53
64	60
64	65
64	70
64	73
64	76
65	12
65	14
65	17
65	20
65	30
65	33
65	38
65	43
65	46
65	53
65	60
65	64
65	73
65	75
65	76
66	3
66	4
66	5
66	9
66	21
66	22
66	23
66	24
66	29
66	45
66	48
66	51
66	57
66	61
66	69
67	1
67	11
67	18
67	19
67	26
67	32
67	35
67	44
67	50
67	54
67	59
67	62
67	74
67	79
67	80
68	16
68	25
68	26
68	36
68	52
68	55
68	56
68	58
68	70
68	71
68	72
68	75
68	77
68	78
68	81
69	3
69	4
69	9
69	16
69	21
69	22
69	23
69	24
69	29
69	45
69	48
69	49
69	51
69	61
69	66
69	77
70	5
70	31
70	36
70	41
70	52
70	55
70	56
70	58
70	64
70	68
70	71
70	72
70	75
70	77
70	78
70	81
71	8
71	13
71	26
71	31
71	35
71	41
71	49
71	52
71	55
71	56
71	58
71	68
71	70
71	72
71	75
71	77
71	78
71	81
72	5
72	8
72	31
72	33
72	36
72	41
72	52
72	55
72	56
72	57
72	58
72	68
72	70
72	71
72	75
72	77
72	78
72	81
73	2
73	12
73	14
73	17
73	20
73	27
73	30
73	33
73	34
73	38
73	43
73	46
73	53
73	60
73	64
73	65
73	76
73	81
74	1
74	6
74	11
74	15
74	18
74	19
74	35
74	39
74	44
74	45
74	50
74	53
74	54
74	57
74	62
74	63
74	67
74	79
74	80
75	3
75	8
75	13
75	26
75	31
75	36
75	41
75	52
75	55
75	56
75	58
75	65
75	68
75	70
75	71
75	72
75	77
75	78
75	81
76	2
76	12
76	14
76	17
76	20
76	27
76	30
76	33
76	34
76	38
76	43
76	46
76	53
76	56
76	60
76	64
76	65
76	73
76	79
77	5
77	13
77	26
77	31
77	36
77	41
77	52
77	55
77	56
77	58
77	68
77	69
77	70
77	71
77	72
77	75
77	78
77	80
77	81
78	5
78	8
78	13
78	20
78	26
78	31
78	36
78	41
78	52
78	55
78	56
78	58
78	68
78	70
78	71
78	72
78	75
78	77
78	81
79	1
79	6
79	11
79	15
79	18
79	19
79	35
79	39
79	44
79	47
79	50
79	54
79	57
79	59
79	62
79	63
79	67
79	74
79	76
79	80
80	1
80	6
80	11
80	15
80	17
80	18
80	19
80	35
80	39
80	44
80	50
80	54
80	57
80	59
80	62
80	63
80	67
80	74
80	77
80	79
81	5
81	8
81	13
81	22
81	26
81	31
81	36
81	41
81	52
81	55
81	56
81	58
81	68
81	70
81	71
81	72
81	73
81	75
81	77
81	78
