1	17
1	27
1	46
1	47
1	54
1	63
2	74
2	76
2	77
2	79
2	80
2	81
3	10
3	32
3	46
3	54
3	62
3	63
4	48
4	50
4	70
4	73
4	75
4	78
5	74
5	76
5	77
5	79
5	80
5	81
6	21
6	23
6	37
6	67
6	68
6	69
7	66
7	76
7	77
7	79
7	80
7	81
8	38
8	44
8	70
8	72
8	73
8	78
9	15
9	43
9	45
9	64
9	65
9	71
10	3
10	19
10	22
10	46
10	62
10	63
11	18
11	19
11	22
11	54
11	62
11	63
12	30
12	43
12	45
12	60
12	65
12	71
13	74
13	76
13	77
13	79
13	80
13	81
14	25
14	41
14	67
14	68
14	69
14	76
15	9
15	16
15	32
15	38
15	71
15	79
16	15
16	30
16	33
16	57
16	64
16	71
17	1
17	27
17	54
17	62
17	63
17	73
18	11
18	22
18	27
18	46
18	62
18	63
19	10
19	11
19	30
19	46
19	54
19	62
19	63
20	42
20	51
20	62
20	70
20	73
20	75
20	78
21	6
21	23
21	25
21	37
21	56
21	69
21	80
22	10
22	11
22	18
22	27
22	37
22	54
22	62
23	6
23	21
23	58
23	61
23	68
23	69
23	81
24	70
24	74
24	76
24	77
24	79
24	80
24	81
25	14
25	21
25	56
25	58
25	67
25	68
25	80
26	34
26	43
26	57
26	60
26	64
26	65
26	71
27	1
27	17
27	18
27	22
27	46
27	63
27	78
28	58
28	74
28	76
28	77
28	79
28	80
28	81
29	49
29	52
29	66
29	70
29	73
29	75
29	78
30	12
30	16
30	19
30	45
30	57
30	60
30	64
30	65
31	47
31	51
31	64
31	70
31	72
31	73
31	75
31	78
32	3
32	15
32	43
32	45
32	57
32	64
32	65
32	71
33	16
33	44
33	52
33	59
33	72
33	73
33	75
33	78
34	26
34	55
34	66
34	74
34	77
34	79
34	80
34	81
35	36
35	37
35	41
35	56
35	61
35	67
35	68
35	69
36	35
36	56
36	58
36	60
36	61
36	67
36	68
36	69
37	6
37	21
37	22
37	35
37	58
37	61
37	67
37	69
38	8
38	15
38	39
38	57
38	60
38	64
38	65
38	71
39	38
39	43
39	49
39	57
39	60
39	64
39	65
39	71
40	69
40	72
40	74
40	76
40	77
40	79
40	80
40	81
41	14
41	35
41	56
41	58
41	61
41	67
41	68
41	69
41	76
42	20
42	47
42	49
42	52
42	59
42	70
42	72
42	73
42	78
43	9
43	12
43	26
43	32
43	39
43	45
43	57
43	59
43	65
44	8
44	33
44	46
44	50
44	70
44	72
44	73
44	75
44	78
45	9
45	12
45	30
45	32
45	43
45	60
45	64
45	71
45	77
46	1
46	3
46	10
46	18
46	19
46	27
46	44
46	54
46	63
47	1
47	31
47	42
47	51
47	59
47	72
47	73
47	75
47	78
48	4
48	53
48	55
48	66
48	74
48	76
48	77
48	79
48	80
48	81
49	29
49	39
49	42
49	50
49	51
49	70
49	72
49	73
49	75
49	78
50	4
50	44
50	49
50	52
50	53
50	59
50	70
50	73
50	75
50	78
51	20
51	31
51	47
51	49
51	59
51	60
51	72
51	73
51	75
51	78
52	29
52	33
52	42
52	50
52	57
52	70
52	72
52	73
52	75
52	78
53	48
53	50
53	55
53	66
53	74
53	76
53	77
53	79
53	80
53	81
54	1
54	3
54	11
54	17
54	19
54	22
54	46
54	62
54	63
54	77
55	34
55	48
55	53
55	56
55	66
55	74
55	76
55	77
55	79
55	80
55	81
56	21
56	25
56	35
56	36
56	41
56	55
56	58
56	61
56	67
56	68
56	69
57	16
57	26
57	30
57	32
57	38
57	39
57	43
57	52
57	64
57	65
57	71
58	23
58	25
58	28
58	36
58	37
58	41
58	56
58	61
58	67
58	68
58	69
59	33
59	42
59	43
59	47
59	50
59	51
59	70
59	72
59	73
59	75
59	78
60	12
60	26
60	30
60	36
60	38
60	39
60	45
60	51
60	64
60	65
60	71
61	23
61	35
61	36
61	37
61	41
61	56
61	58
61	65
61	67
61	68
61	69
62	3
62	10
62	11
62	17
62	18
62	19
62	20
62	22
62	54
62	63
62	75
63	1
63	3
63	10
63	11
63	17
63	18
63	19
63	27
63	46
63	54
63	62
63	71
64	9
64	16
64	26
64	30
64	31
64	32
64	38
64	39
64	45
64	57
64	60
64	71
65	9
65	12
65	26
65	30
65	32
65	38
65	39
65	43
65	57
65	60
65	61
65	71
66	7
66	29
66	34
66	48
66	53
66	55
66	68
66	74
66	76
66	77
66	79
66	80
66	81
67	6
67	14
67	25
67	35
67	36
67	37
67	41
67	56
67	58
67	61
67	68
67	69
67	72
68	6
68	14
68	23
68	25
68	35
68	36
68	41
68	56
68	58
68	61
68	66
68	67
68	69
69	6
69	14
69	21
69	23
69	35
69	36
69	37
69	40
69	41
69	56
69	58
69	61
69	67
69	68
70	4
70	8
70	20
70	24
70	29
70	31
70	42
70	44
70	49
70	50
70	52
70	59
70	72
70	75
70	78
71	9
71	12
71	15
71	16
71	26
71	32
71	38
71	39
71	45
71	57
71	60
71	63
71	64
71	65
71	74
72	8
72	31
72	33
72	40
72	42
72	44
72	47
72	49
72	51
72	52
72	59
72	67
72	70
72	73
72	75
72	78
73	4
73	8
73	17
73	20
73	29
73	31
73	33
73	42
73	44
73	47
73	49
73	50
73	51
73	52
73	59
73	72
73	75
74	2
74	5
74	13
74	24
74	28
74	34
74	40
74	48
74	53
74	55
74	66
74	71
74	76
74	77
74	79
74	80
74	81
75	4
75	20
75	29
75	31
75	33
75	44
75	47
75	49
75	50
75	51
75	52
75	59
75	62
75	70
75	72
75	73
75	78
75	79
76	2
76	5
76	7
76	13
76	14
76	24
76	28
76	40
76	41
76	48
76	53
76	55
76	66
76	74
76	77
76	79
76	80
76	81
77	2
77	5
77	7
77	13
77	24
77	28
77	34
77	40
77	45
77	48
77	53
77	54
77	55
77	66
77	74
77	76
77	79
77	80
77	81
78	4
78	8
78	20
78	27
78	29
78	31
78	33
78	42
78	44
78	47
78	49
78	50
78	51
78	52
78	59
78	70
78	72
78	75
78	81
79	2
79	5
79	7
79	13
79	15
79	24
79	28
79	34
79	40
79	48
79	53
79	55
79	66
79	74
79	75
79	76
79	77
79	80
79	81
80	2
80	5
80	7
80	13
80	21
80	24
80	25
80	28
80	34
80	40
80	48
80	53
80	55
80	66
80	74
80	76
80	77
80	79
80	81
81	2
81	5
81	7
81	13
81	23
81	24
81	28
81	34
81	40
81	48
81	53
81	55
81	66
81	74
81	76
81	77
81	78
81	79
81	80
