1	2
1	10
1	48
1	64
1	68
1	76
2	1
2	10
2	48
2	64
2	75
2	76
3	37
3	54
3	64
3	68
3	69
3	76
4	16
4	42
4	53
4	58
4	60
4	63
5	42
5	44
5	56
5	58
5	60
5	71
6	21
6	53
6	54
6	64
6	68
6	76
7	17
7	25
7	28
7	40
7	47
7	61
8	21
8	36
8	37
8	64
8	76
8	80
9	39
9	73
9	74
9	77
9	78
9	81
10	1
10	2
10	48
10	52
10	68
10	76
11	17
11	25
11	34
11	47
11	61
11	74
12	42
12	49
12	53
12	56
12	58
12	63
13	23
13	67
13	71
13	74
13	78
13	81
14	15
14	70
14	72
14	75
14	79
14	80
15	14
15	65
15	72
15	75
15	79
15	80
16	4
16	56
16	58
16	60
16	63
16	67
17	7
17	11
17	28
17	34
17	40
17	61
18	64
18	67
18	74
18	77
18	78
18	81
19	69
19	71
19	73
19	77
19	78
19	81
20	25
20	28
20	34
20	40
20	47
20	61
20	70
21	6
21	8
21	31
21	32
21	48
21	54
21	64
22	32
22	37
22	50
22	54
22	64
22	68
22	76
23	13
23	57
23	65
23	66
23	75
23	79
23	80
24	38
24	57
24	66
24	70
24	72
24	79
24	80
25	7
25	11
25	20
25	26
25	34
25	47
25	61
26	25
26	28
26	34
26	40
26	47
26	51
26	61
27	37
27	39
27	48
27	54
27	68
27	76
27	77
28	7
28	17
28	20
28	26
28	40
28	47
28	61
29	50
29	70
29	72
29	75
29	78
29	79
29	80
30	55
30	59
30	73
30	74
30	77
30	78
30	81
31	21
31	33
31	70
31	72
31	75
31	79
31	80
32	21
32	22
32	36
32	39
32	68
32	72
32	76
33	31
33	50
33	62
33	70
33	72
33	79
33	80
34	11
34	17
34	20
34	25
34	26
34	40
34	61
35	43
35	49
35	53
35	56
35	58
35	61
35	63
36	8
36	32
36	39
36	48
36	54
36	64
36	76
37	3
37	8
37	22
37	27
37	65
37	68
37	76
38	24
38	66
38	68
38	70
38	72
38	75
38	79
38	80
39	9
39	27
39	32
39	36
39	54
39	64
39	68
39	76
40	7
40	17
40	20
40	26
40	28
40	34
40	47
40	61
41	58
41	69
41	71
41	73
41	74
41	77
41	78
41	81
42	4
42	5
42	12
42	44
42	49
42	53
42	60
42	63
43	35
43	49
43	53
43	56
43	58
43	60
43	63
43	72
44	5
44	42
44	49
44	53
44	56
44	58
44	60
44	63
45	55
45	67
45	69
45	71
45	73
45	74
45	77
45	80
45	81
46	52
46	57
46	66
46	70
46	72
46	74
46	75
46	79
46	80
47	7
47	11
47	20
47	25
47	26
47	28
47	40
47	61
47	78
48	1
48	2
48	10
48	21
48	27
48	36
48	68
48	69
48	76
49	12
49	35
49	42
49	43
49	44
49	53
49	56
49	60
49	63
49	65
50	22
50	29
50	33
50	52
50	57
50	65
50	70
50	75
50	79
50	80
51	26
51	55
51	62
51	69
51	71
51	73
51	74
51	77
51	78
51	81
52	10
52	46
52	50
52	57
52	65
52	66
52	70
52	75
52	79
52	80
53	4
53	6
53	12
53	35
53	42
53	43
53	44
53	49
53	56
53	60
53	63
54	3
54	6
54	21
54	22
54	27
54	36
54	39
54	64
54	68
54	76
54	81
55	30
55	45
55	51
55	56
55	62
55	67
55	69
55	71
55	77
55	78
55	81
56	5
56	12
56	16
56	35
56	43
56	44
56	49
56	53
56	55
56	58
56	60
56	63
57	23
57	24
57	46
57	50
57	52
57	65
57	66
57	72
57	75
57	79
57	80
57	81
58	4
58	5
58	12
58	16
58	35
58	41
58	43
58	44
58	56
58	59
58	60
58	63
59	30
59	58
59	60
59	62
59	67
59	69
59	71
59	73
59	74
59	77
59	78
59	81
60	4
60	5
60	16
60	42
60	43
60	44
60	49
60	53
60	56
60	58
60	59
60	63
61	7
61	11
61	17
61	20
61	25
61	26
61	28
61	34
61	35
61	40
61	47
61	79
62	33
62	51
62	55
62	59
62	67
62	69
62	71
62	73
62	74
62	77
62	78
62	81
63	4
63	12
63	16
63	35
63	42
63	43
63	44
63	49
63	53
63	56
63	58
63	60
63	73
64	1
64	2
64	3
64	6
64	8
64	18
64	21
64	22
64	36
64	39
64	54
64	73
64	76
65	15
65	23
65	37
65	49
65	50
65	52
65	57
65	66
65	70
65	72
65	75
65	79
65	80
66	23
66	24
66	38
66	46
66	52
66	57
66	65
66	70
66	71
66	72
66	75
66	79
66	80
67	13
67	16
67	18
67	45
67	55
67	59
67	62
67	69
67	73
67	74
67	76
67	77
67	78
67	81
68	1
68	3
68	6
68	10
68	22
68	27
68	32
68	37
68	38
68	39
68	48
68	54
68	75
68	76
69	3
69	19
69	41
69	45
69	48
69	51
69	55
69	59
69	62
69	67
69	71
69	73
69	77
69	78
69	81
70	14
70	20
70	24
70	29
70	31
70	33
70	38
70	46
70	50
70	52
70	65
70	66
70	75
70	79
70	80
71	5
71	13
71	19
71	41
71	45
71	51
71	55
71	59
71	62
71	66
71	69
71	73
71	74
71	77
71	78
71	81
72	14
72	15
72	24
72	29
72	31
72	32
72	33
72	38
72	43
72	46
72	57
72	65
72	66
72	75
72	79
72	80
73	9
73	19
73	30
73	41
73	45
73	51
73	59
73	62
73	63
73	64
73	67
73	69
73	71
73	74
73	77
73	78
73	81
74	9
74	11
74	13
74	18
74	30
74	41
74	45
74	46
74	51
74	59
74	62
74	67
74	71
74	73
74	77
74	78
74	81
75	2
75	14
75	15
75	23
75	29
75	31
75	38
75	46
75	50
75	52
75	57
75	65
75	66
75	68
75	70
75	72
75	79
75	80
76	1
76	2
76	3
76	6
76	8
76	10
76	22
76	27
76	32
76	36
76	37
76	39
76	48
76	54
76	64
76	67
76	68
76	79
77	9
77	18
77	19
77	27
77	30
77	41
77	45
77	51
77	55
77	59
77	62
77	67
77	69
77	71
77	73
77	74
77	78
77	81
78	9
78	13
78	18
78	19
78	29
78	30
78	41
78	47
78	51
78	55
78	59
78	62
78	67
78	69
78	71
78	73
78	74
78	77
78	81
79	14
79	15
79	23
79	24
79	29
79	31
79	33
79	38
79	46
79	50
79	52
79	57
79	61
79	65
79	66
79	70
79	72
79	75
79	76
79	80
80	8
80	14
80	15
80	23
80	24
80	29
80	31
80	33
80	38
80	45
80	46
80	50
80	52
80	57
80	65
80	66
80	70
80	72
80	75
80	79
81	9
81	13
81	18
81	19
81	30
81	41
81	45
81	51
81	54
81	55
81	57
81	59
81	62
81	67
81	69
81	71
81	73
81	74
81	77
81	78
