1	28
1	31
1	40
1	49
1	55
1	66
2	56
2	64
2	73
2	75
2	78
2	80
3	9
3	11
3	15
3	17
3	21
3	29
4	58
4	64
4	65
4	74
4	75
4	80
5	19
5	59
5	73
5	74
5	78
5	80
6	24
6	50
6	51
6	60
6	62
6	81
7	34
7	57
7	58
7	76
7	79
7	81
8	37
8	48
8	67
8	70
8	71
8	72
9	3
9	11
9	14
9	17
9	21
9	29
10	46
10	73
10	74
10	75
10	78
10	80
11	3
11	9
11	14
11	15
11	17
11	29
12	36
12	38
12	42
12	44
12	67
12	71
13	52
13	56
13	76
13	77
13	79
13	81
14	9
14	11
14	15
14	21
14	29
14	74
15	3
15	11
15	14
15	17
15	21
15	29
15	61
16	24
16	38
16	45
16	50
16	51
16	60
16	62
17	3
17	9
17	11
17	15
17	21
17	29
17	55
18	33
18	48
18	65
18	67
18	70
18	71
18	72
19	5
19	57
19	74
19	76
19	77
19	79
19	81
20	68
20	69
20	74
20	75
20	77
20	78
20	80
21	3
21	9
21	14
21	15
21	17
21	29
21	63
22	68
22	69
22	73
22	74
22	75
22	78
22	80
23	31
23	40
23	44
23	53
23	55
23	59
23	66
24	6
24	16
24	30
24	39
24	45
24	60
24	62
25	30
25	39
25	45
25	50
25	51
25	60
25	62
26	52
26	61
26	63
26	69
26	77
26	79
26	81
27	32
27	38
27	42
27	48
27	70
27	71
27	72
28	1
28	33
28	38
28	42
28	67
28	70
28	72
29	3
29	9
29	11
29	14
29	15
29	17
29	21
29	78
30	24
30	25
30	39
30	50
30	51
30	60
30	62
30	67
31	1
31	23
31	46
31	49
31	53
31	55
31	66
31	76
32	27
32	35
32	36
32	38
32	42
32	70
32	71
32	72
33	18
33	28
33	35
33	38
33	67
33	70
33	71
33	72
34	7
34	41
34	54
34	61
34	76
34	77
34	79
34	81
35	32
35	33
35	48
35	67
35	70
35	71
35	72
35	78
36	12
36	32
36	38
36	48
36	67
36	70
36	71
36	72
36	77
37	8
37	64
37	68
37	69
37	73
37	74
37	75
37	78
37	80
38	12
38	16
38	27
38	28
38	32
38	33
38	36
38	70
38	71
39	24
39	25
39	30
39	45
39	50
39	51
39	53
39	60
39	62
40	1
40	23
40	43
40	46
40	47
40	53
40	55
40	57
40	66
41	34
41	50
41	54
41	57
41	63
41	76
41	77
41	79
41	81
42	12
42	27
42	28
42	32
42	60
42	67
42	70
42	71
42	72
43	40
43	44
43	46
43	47
43	49
43	53
43	55
43	66
43	68
44	12
44	23
44	43
44	46
44	47
44	49
44	53
44	55
44	66
45	16
45	24
45	25
45	39
45	50
45	51
45	60
45	62
45	81
46	10
46	31
46	40
46	43
46	44
46	47
46	49
46	53
46	66
47	40
47	43
47	44
47	46
47	49
47	53
47	55
47	64
47	66
48	8
48	18
48	27
48	35
48	36
48	67
48	70
48	71
48	72
48	73
49	1
49	31
49	43
49	44
49	46
49	47
49	53
49	55
49	65
49	66
50	6
50	16
50	25
50	30
50	39
50	41
50	45
50	51
50	60
50	62
51	6
51	16
51	25
51	30
51	39
51	45
51	50
51	54
51	60
51	62
52	13
52	26
52	54
52	56
52	58
52	76
52	77
52	79
52	80
52	81
53	23
53	31
53	39
53	40
53	43
53	44
53	46
53	47
53	49
53	55
53	66
54	34
54	41
54	51
54	52
54	56
54	58
54	61
54	76
54	77
54	79
54	81
55	1
55	17
55	23
55	31
55	40
55	43
55	44
55	47
55	49
55	53
55	66
56	2
56	13
56	52
56	54
56	57
56	58
56	63
56	76
56	77
56	79
56	81
57	7
57	19
57	40
57	41
57	56
57	61
57	63
57	76
57	77
57	79
57	81
58	4
58	7
58	52
58	54
58	56
58	61
58	63
58	76
58	77
58	79
58	81
59	5
59	23
59	64
59	65
59	68
59	69
59	73
59	74
59	75
59	78
59	80
60	6
60	16
60	24
60	25
60	30
60	39
60	42
60	45
60	50
60	51
60	62
61	15
61	26
61	34
61	54
61	57
61	58
61	63
61	76
61	77
61	79
61	81
62	6
62	16
62	24
62	25
62	30
62	39
62	45
62	50
62	51
62	60
62	71
63	21
63	26
63	41
63	56
63	57
63	58
63	61
63	76
63	77
63	79
63	81
64	2
64	4
64	37
64	47
64	59
64	65
64	68
64	69
64	73
64	75
64	78
64	80
65	4
65	18
65	49
65	59
65	64
65	68
65	69
65	73
65	74
65	75
65	78
65	80
66	1
66	23
66	31
66	40
66	43
66	44
66	46
66	47
66	49
66	53
66	55
66	76
67	8
67	12
67	18
67	28
67	30
67	33
67	35
67	36
67	42
67	48
67	70
67	71
67	72
68	20
68	22
68	37
68	43
68	59
68	64
68	65
68	69
68	73
68	74
68	75
68	78
68	80
69	20
69	22
69	26
69	37
69	59
69	64
69	65
69	68
69	73
69	74
69	75
69	78
69	80
70	8
70	18
70	27
70	28
70	32
70	33
70	35
70	36
70	38
70	42
70	48
70	67
70	72
70	80
71	8
71	12
71	18
71	27
71	32
71	33
71	35
71	36
71	38
71	42
71	48
71	62
71	67
71	72
72	8
72	18
72	27
72	28
72	32
72	33
72	35
72	36
72	42
72	48
72	67
72	70
72	71
72	75
72	79
73	2
73	5
73	10
73	22
73	37
73	48
73	59
73	64
73	65
73	68
73	69
73	74
73	75
73	78
73	80
74	4
74	5
74	10
74	14
74	19
74	20
74	22
74	37
74	59
74	65
74	68
74	69
74	73
74	75
74	78
74	80
75	2
75	4
75	10
75	20
75	22
75	37
75	59
75	64
75	65
75	68
75	69
75	72
75	73
75	74
75	78
75	80
76	7
76	13
76	19
76	31
76	34
76	41
76	52
76	54
76	56
76	57
76	58
76	61
76	63
76	66
76	79
76	81
77	13
77	19
77	20
77	26
77	34
77	36
77	41
77	52
77	54
77	56
77	57
77	58
77	61
77	63
77	79
77	81
78	2
78	5
78	10
78	20
78	22
78	29
78	35
78	37
78	59
78	64
78	65
78	68
78	69
78	73
78	74
78	75
78	80
79	7
79	13
79	19
79	26
79	34
79	41
79	52
79	54
79	56
79	57
79	58
79	61
79	63
79	72
79	76
79	77
79	81
80	2
80	4
80	5
80	10
80	20
80	22
80	37
80	52
80	59
80	64
80	65
80	68
80	69
80	70
80	73
80	74
80	75
80	78
81	6
81	7
81	13
81	19
81	26
81	34
81	41
81	45
81	52
81	54
81	56
81	57
81	58
81	61
81	63
81	76
81	77
81	79
