1	7
1	21
1	27
1	65
1	70
1	79
2	17
2	18
2	32
2	42
2	45
2	48
3	61
3	63
3	66
3	77
3	80
3	81
4	5
4	35
4	41
4	59
4	62
4	79
5	4
5	21
5	26
5	62
5	65
5	79
6	11
6	47
6	73
6	77
6	80
6	81
7	1
7	11
7	16
7	36
7	52
7	79
8	32
8	37
8	42
8	45
8	48
8	73
9	50
9	56
9	62
9	65
9	70
9	79
10	24
10	55
10	72
10	74
10	76
10	78
11	6
11	7
11	35
11	41
11	65
11	79
12	59
12	63
12	66
12	77
12	80
12	81
13	16
13	34
13	58
13	62
13	70
13	79
14	33
14	51
14	57
14	60
14	69
14	75
15	17
15	32
15	37
15	45
15	48
15	76
16	7
16	13
16	35
16	36
16	39
16	70
17	2
17	15
17	18
17	42
17	45
17	48
18	2
18	17
18	37
18	42
18	45
18	81
19	34
19	36
19	55
19	57
19	60
19	69
19	75
20	31
20	43
20	52
20	72
20	74
20	76
20	80
21	1
21	5
21	58
21	62
21	65
21	70
21	79
22	60
22	61
22	67
22	73
22	77
22	80
22	81
23	25
23	31
23	46
23	52
23	56
23	76
23	78
24	10
24	43
24	52
24	72
24	74
24	76
24	78
25	23
25	44
25	61
25	63
25	71
25	80
25	81
26	5
26	30
26	41
26	50
26	58
26	62
26	79
27	1
27	38
27	55
27	57
27	68
27	69
27	75
28	35
28	41
28	50
28	58
28	65
28	70
28	79
29	34
29	46
29	51
29	55
29	64
29	68
29	75
30	26
30	40
30	43
30	54
30	74
30	76
30	78
31	20
31	23
31	46
31	59
31	72
31	76
31	78
32	2
32	8
32	15
32	37
32	42
32	45
32	48
32	79
33	14
33	51
33	55
33	60
33	64
33	68
33	69
33	75
34	13
34	19
34	29
34	55
34	64
34	68
34	69
34	75
35	4
35	11
35	16
35	28
35	36
35	65
35	77
35	79
36	7
36	16
36	19
36	35
36	50
36	58
36	62
36	70
37	8
37	15
37	18
37	32
37	42
37	45
37	48
37	71
38	27
38	49
38	57
38	60
38	64
38	68
38	69
38	75
39	16
39	49
39	53
39	67
39	71
39	73
39	77
39	80
39	81
40	30
40	43
40	53
40	54
40	56
40	72
40	74
40	76
40	78
41	4
41	11
41	26
41	28
41	50
41	58
41	62
41	70
41	79
42	2
42	8
42	17
42	18
42	32
42	37
42	45
42	48
42	78
43	20
43	24
43	30
43	40
43	52
43	56
43	59
43	76
43	78
44	25
44	47
44	49
44	63
44	67
44	73
44	79
44	80
44	81
45	2
45	8
45	15
45	17
45	18
45	32
45	37
45	42
45	48
46	23
46	29
46	31
46	56
46	59
46	72
46	74
46	76
46	78
47	6
47	44
47	53
47	66
47	68
47	71
47	77
47	80
47	81
48	2
48	8
48	15
48	17
48	32
48	37
48	42
48	45
48	58
49	38
49	39
49	44
49	63
49	71
49	73
49	77
49	80
49	81
50	9
50	26
50	28
50	36
50	41
50	58
50	70
50	75
50	79
51	14
51	29
51	33
51	57
51	64
51	68
51	69
51	74
51	75
52	7
52	20
52	23
52	24
52	43
52	54
52	59
52	74
52	78
53	39
53	40
53	47
53	63
53	67
53	71
53	77
53	80
53	81
54	30
54	40
54	52
54	56
54	59
54	63
54	72
54	74
54	76
54	78
55	10
55	19
55	27
55	29
55	33
55	34
55	60
55	64
55	68
55	75
56	9
56	23
56	40
56	43
56	46
56	54
56	72
56	74
56	76
56	78
57	14
57	19
57	27
57	38
57	51
57	60
57	64
57	66
57	68
57	69
57	75
58	13
58	21
58	26
58	28
58	36
58	41
58	48
58	50
58	65
58	70
58	79
59	4
59	12
59	31
59	43
59	46
59	52
59	54
59	72
59	74
59	76
59	78
60	14
60	19
60	22
60	33
60	38
60	55
60	57
60	64
60	68
60	69
60	75
61	3
61	22
61	25
61	65
61	66
61	67
61	71
61	73
61	77
61	80
61	81
62	4
62	5
62	9
62	13
62	21
62	26
62	36
62	41
62	65
62	79
62	80
63	3
63	12
63	25
63	44
63	49
63	53
63	54
63	67
63	73
63	77
63	80
63	81
64	29
64	33
64	34
64	38
64	51
64	55
64	57
64	60
64	68
64	69
64	72
64	75
65	1
65	5
65	9
65	11
65	21
65	28
65	35
65	58
65	61
65	62
65	70
65	79
66	3
66	12
66	47
66	57
66	61
66	67
66	71
66	73
66	77
66	78
66	80
66	81
67	22
67	39
67	44
67	53
67	61
67	63
67	66
67	70
67	71
67	73
67	77
67	80
67	81
68	27
68	29
68	33
68	34
68	38
68	47
68	51
68	55
68	57
68	60
68	64
68	69
68	75
69	14
69	19
69	27
69	33
69	34
69	38
69	51
69	57
69	60
69	64
69	68
69	75
69	81
70	1
70	9
70	13
70	16
70	21
70	28
70	36
70	41
70	50
70	58
70	65
70	67
70	79
71	25
71	37
71	39
71	47
71	49
71	53
71	61
71	66
71	67
71	73
71	77
71	80
71	81
72	10
72	20
72	24
72	31
72	40
72	46
72	54
72	56
72	59
72	64
72	74
72	76
72	78
73	6
73	8
73	22
73	39
73	44
73	49
73	61
73	63
73	66
73	67
73	71
73	77
73	80
73	81
74	10
74	20
74	24
74	30
74	40
74	46
74	51
74	52
74	54
74	56
74	59
74	72
74	76
74	78
75	14
75	19
75	27
75	29
75	33
75	34
75	38
75	50
75	51
75	55
75	57
75	60
75	64
75	68
75	69
76	10
76	15
76	20
76	23
76	24
76	30
76	31
76	40
76	43
76	46
76	54
76	56
76	59
76	72
76	74
76	78
77	3
77	6
77	12
77	22
77	35
77	39
77	47
77	49
77	53
77	61
77	63
77	66
77	67
77	71
77	73
77	80
77	81
78	10
78	23
78	24
78	30
78	31
78	40
78	42
78	43
78	46
78	52
78	54
78	56
78	59
78	66
78	72
78	74
78	76
79	1
79	4
79	5
79	7
79	9
79	11
79	13
79	21
79	26
79	28
79	32
79	35
79	41
79	44
79	50
79	58
79	62
79	65
79	70
80	3
80	6
80	12
80	20
80	22
80	25
80	39
80	44
80	47
80	49
80	53
80	61
80	62
80	63
80	66
80	67
80	71
80	73
80	77
80	81
81	3
81	6
81	12
81	18
81	22
81	25
81	39
81	44
81	47
81	49
81	53
81	61
81	63
81	66
81	67
81	69
81	71
81	73
81	77
81	80
