1	8
1	45
1	49
1	70
1	78
1	79
2	34
2	42
2	61
2	70
2	75
2	80
3	4
3	29
3	45
3	48
3	66
3	71
4	3
4	32
4	48
4	53
4	66
4	71
5	8
5	43
5	58
5	72
5	77
5	81
6	51
6	54
6	62
6	70
6	74
6	79
7	13
7	28
7	47
7	57
7	65
7	76
8	1
8	5
8	59
8	68
8	72
8	81
9	22
9	27
9	47
9	57
9	65
9	77
10	50
10	56
10	64
10	73
10	75
10	80
11	29
11	31
11	44
11	53
11	71
11	74
12	15
12	26
12	58
12	69
12	77
12	81
13	7
13	36
13	61
13	64
13	75
13	80
14	32
14	41
14	73
14	75
14	80
14	81
15	12
15	59
15	68
15	69
15	77
15	81
16	28
16	31
16	55
16	63
16	65
16	76
17	29
17	43
17	48
17	66
17	71
17	77
18	26
18	58
18	59
18	69
18	77
18	81
19	33
19	55
19	57
19	63
19	65
19	76
20	24
20	37
20	58
20	68
20	72
20	81
21	29
21	30
21	44
21	53
21	66
21	71
22	9
22	27
22	33
22	63
22	65
22	76
22	79
23	36
23	42
23	55
23	56
23	61
23	64
23	73
24	20
24	52
24	59
24	68
24	72
24	77
24	81
25	27
25	47
25	55
25	57
25	63
25	65
25	76
26	12
26	18
26	37
26	38
26	69
26	72
26	81
27	9
27	22
27	25
27	28
27	60
27	63
27	76
28	7
28	16
28	27
28	55
28	57
28	76
28	79
29	3
29	11
29	17
29	21
29	44
29	66
29	71
30	21
30	39
30	46
30	51
30	60
30	62
30	78
31	11
31	16
31	43
31	48
31	53
31	66
31	71
32	4
32	14
32	36
32	50
32	73
32	75
32	80
33	19
33	22
33	47
33	55
33	63
33	65
33	73
33	76
34	2
34	36
34	51
34	56
34	64
34	73
34	75
34	80
35	36
35	39
35	41
35	56
35	64
35	73
35	75
35	80
36	13
36	23
36	32
36	34
36	35
36	73
36	74
36	80
37	20
37	26
37	52
37	68
37	72
37	77
37	78
37	81
38	26
38	49
38	59
38	68
38	69
38	72
38	77
38	81
39	30
39	35
39	40
39	49
39	70
39	74
39	78
39	79
40	39
40	56
40	62
40	67
40	70
40	74
40	78
40	79
41	14
41	35
41	50
41	61
41	64
41	73
41	75
41	80
42	2
42	23
42	56
42	61
42	71
42	73
42	75
42	80
43	5
43	17
43	31
43	44
43	48
43	53
43	66
43	71
44	11
44	21
44	29
44	43
44	53
44	62
44	66
44	71
45	1
45	3
45	46
45	49
45	51
45	54
45	70
45	78
45	79
46	30
46	45
46	54
46	60
46	62
46	67
46	74
46	78
46	79
47	7
47	9
47	25
47	33
47	48
47	57
47	63
47	65
47	76
48	3
48	4
48	17
48	31
48	43
48	47
48	53
48	66
48	71
49	1
49	38
49	39
49	45
49	60
49	62
49	67
49	74
49	79
50	10
50	32
50	41
50	56
50	61
50	64
50	69
50	75
50	80
51	6
51	30
51	34
51	45
51	54
51	60
51	67
51	74
51	78
51	79
52	24
52	37
52	58
52	59
52	64
52	68
52	69
52	72
52	77
52	81
53	4
53	11
53	21
53	31
53	43
53	44
53	48
53	66
53	69
53	71
54	6
54	45
54	46
54	51
54	62
54	63
54	67
54	70
54	78
54	79
55	16
55	19
55	23
55	25
55	28
55	33
55	57
55	63
55	65
55	76
56	10
56	23
56	34
56	35
56	40
56	42
56	50
56	61
56	73
56	81
57	7
57	9
57	19
57	25
57	28
57	47
57	55
57	63
57	65
57	76
57	80
58	5
58	12
58	18
58	20
58	52
58	68
58	69
58	72
58	77
58	80
58	81
59	8
59	15
59	18
59	24
59	38
59	52
59	66
59	68
59	72
59	77
59	81
60	27
60	30
60	46
60	49
60	51
60	62
60	67
60	70
60	74
60	78
60	79
61	2
61	13
61	23
61	41
61	42
61	50
61	56
61	64
61	65
61	75
61	80
62	6
62	30
62	40
62	44
62	46
62	49
62	54
62	60
62	67
62	70
62	74
62	78
63	16
63	19
63	22
63	25
63	27
63	33
63	47
63	54
63	55
63	57
63	76
63	78
64	10
64	13
64	23
64	34
64	35
64	41
64	50
64	52
64	61
64	73
64	75
64	80
65	7
65	9
65	16
65	19
65	22
65	25
65	33
65	47
65	55
65	57
65	61
65	76
66	3
66	4
66	17
66	21
66	29
66	31
66	43
66	44
66	48
66	53
66	59
66	71
67	40
67	46
67	49
67	51
67	54
67	60
67	62
67	70
67	74
67	76
67	78
67	79
68	8
68	15
68	20
68	24
68	37
68	38
68	52
68	58
68	59
68	69
68	75
68	77
68	81
69	12
69	15
69	18
69	26
69	38
69	50
69	52
69	53
69	58
69	68
69	72
69	77
69	81
70	1
70	2
70	6
70	39
70	40
70	45
70	54
70	60
70	62
70	67
70	74
70	78
70	79
71	3
71	4
71	11
71	17
71	21
71	29
71	31
71	42
71	43
71	44
71	48
71	53
71	66
72	5
72	8
72	20
72	24
72	26
72	37
72	38
72	52
72	58
72	59
72	69
72	76
72	81
73	10
73	14
73	23
73	32
73	33
73	34
73	35
73	36
73	41
73	42
73	56
73	64
73	75
73	80
74	6
74	11
74	36
74	39
74	40
74	46
74	49
74	51
74	60
74	62
74	67
74	70
74	78
74	79
75	2
75	10
75	13
75	14
75	32
75	34
75	35
75	41
75	42
75	50
75	61
75	64
75	68
75	73
75	80
76	7
76	16
76	19
76	22
76	25
76	27
76	28
76	33
76	47
76	55
76	57
76	63
76	65
76	67
76	72
77	5
77	9
77	12
77	15
77	17
77	18
77	24
77	37
77	38
77	52
77	58
77	59
77	68
77	69
77	81
78	1
78	30
78	37
78	39
78	40
78	45
78	46
78	51
78	54
78	60
78	62
78	63
78	67
78	70
78	74
78	79
79	1
79	6
79	22
79	28
79	39
79	40
79	45
79	46
79	49
79	51
79	54
79	60
79	67
79	70
79	74
79	78
80	2
80	10
80	13
80	14
80	32
80	34
80	35
80	36
80	41
80	42
80	50
80	57
80	58
80	61
80	64
80	73
80	75
81	5
81	8
81	12
81	14
81	15
81	18
81	20
81	24
81	26
81	37
81	38
81	52
81	56
81	58
81	59
81	68
81	69
81	72
81	77
