1	3
1	6
1	10
1	12
1	13
1	22
2	3
2	10
2	12
2	13
2	22
2	55
3	1
3	2
3	12
3	13
3	22
3	63
4	17
4	48
4	50
4	54
4	60
4	62
5	36
5	44
5	51
5	70
5	75
5	81
6	1
6	10
6	12
6	13
6	22
6	33
7	43
7	47
7	66
7	75
7	78
7	81
8	15
8	16
8	19
8	31
8	37
8	39
9	14
9	15
9	16
9	31
9	37
9	39
10	1
10	2
10	6
10	13
10	22
10	71
11	13
11	55
11	56
11	57
11	67
11	68
12	1
12	2
12	3
12	6
12	13
12	17
12	22
13	1
13	2
13	3
13	6
13	10
13	11
13	12
14	9
14	15
14	16
14	19
14	37
14	39
14	54
15	8
15	9
15	14
15	16
15	31
15	37
15	39
16	8
16	9
16	14
16	15
16	19
16	31
16	39
17	4
17	12
17	24
17	48
17	54
17	60
17	62
18	24
18	38
18	48
18	54
18	59
18	60
18	62
19	8
19	14
19	16
19	31
19	37
19	39
19	74
20	44
20	45
20	68
20	69
20	70
20	75
20	81
21	41
21	42
21	46
21	52
21	67
21	68
21	71
22	1
22	2
22	3
22	6
22	10
22	12
22	77
23	38
23	40
23	48
23	50
23	54
23	60
23	62
24	17
24	18
24	38
24	40
24	50
24	62
24	75
25	47
25	64
25	65
25	73
25	74
25	79
25	80
26	48
26	72
26	73
26	74
26	77
26	79
26	80
27	51
27	63
27	69
27	75
27	76
27	78
27	81
28	53
28	59
28	72
28	73
28	74
28	77
28	79
28	80
29	34
29	59
29	65
29	67
29	72
29	77
29	79
29	80
30	32
30	53
30	64
30	71
30	74
30	77
30	79
30	80
31	8
31	9
31	15
31	16
31	19
31	37
31	39
31	75
32	30
32	72
32	73
32	74
32	77
32	78
32	79
32	80
33	6
33	71
33	72
33	73
33	74
33	77
33	79
33	80
34	29
34	59
34	66
34	71
34	72
34	74
34	79
34	80
35	42
35	46
35	49
35	52
35	56
35	57
35	67
35	68
36	5
36	63
36	70
36	73
36	75
36	76
36	78
36	81
37	8
37	9
37	14
37	15
37	19
37	31
37	39
37	59
38	18
38	23
38	24
38	40
38	50
38	54
38	60
38	62
39	8
39	9
39	14
39	15
39	16
39	19
39	31
39	37
39	61
40	23
40	24
40	38
40	46
40	48
40	50
40	54
40	60
40	62
41	21
41	42
41	46
41	49
41	52
41	55
41	57
41	67
41	68
42	21
42	35
42	41
42	43
42	55
42	56
42	57
42	67
42	68
43	7
43	42
43	61
43	63
43	66
43	75
43	76
43	78
43	81
44	5
44	20
44	47
44	58
44	62
44	63
44	70
44	76
44	78
44	81
45	20
45	49
45	58
45	61
45	69
45	70
45	75
45	76
45	78
45	81
46	21
46	35
46	40
46	41
46	49
46	55
46	56
46	57
46	67
46	68
47	7
47	25
47	44
47	51
47	61
47	66
47	69
47	70
47	76
47	78
48	4
48	17
48	18
48	23
48	26
48	40
48	50
48	54
48	60
48	62
49	35
49	41
49	45
49	46
49	52
49	55
49	56
49	57
49	67
49	68
50	4
50	23
50	24
50	38
50	40
50	48
50	54
50	60
50	62
50	77
51	5
51	27
51	47
51	58
51	65
51	66
51	75
51	76
51	78
51	81
52	21
52	35
52	41
52	49
52	55
52	56
52	57
52	66
52	67
52	68
53	28
53	30
53	59
53	64
53	65
53	69
53	71
53	73
53	77
53	79
53	80
54	4
54	14
54	17
54	18
54	23
54	38
54	40
54	48
54	50
54	60
54	62
55	2
55	11
55	41
55	42
55	46
55	49
55	52
55	56
55	57
55	67
55	68
56	11
56	35
56	42
56	46
56	49
56	52
56	55
56	57
56	67
56	68
56	80
57	11
57	35
57	41
57	42
57	46
57	49
57	52
57	55
57	56
57	64
57	67
57	68
58	44
58	45
58	51
58	63
58	66
58	69
58	70
58	74
58	75
58	76
58	78
58	81
59	18
59	28
59	29
59	34
59	37
59	53
59	64
59	71
59	72
59	77
59	79
59	80
60	4
60	17
60	18
60	23
60	38
60	40
60	48
60	50
60	54
60	62
60	63
60	78
61	39
61	43
61	45
61	47
61	63
61	66
61	69
61	70
61	75
61	76
61	78
61	81
62	4
62	17
62	18
62	23
62	24
62	38
62	40
62	44
62	48
62	50
62	54
62	60
63	3
63	27
63	36
63	43
63	44
63	58
63	60
63	61
63	66
63	70
63	76
63	78
63	81
64	25
64	30
64	53
64	57
64	59
64	65
64	71
64	72
64	73
64	74
64	77
64	79
64	80
65	25
65	29
65	51
65	53
65	64
65	71
65	72
65	73
65	74
65	77
65	79
65	80
65	81
66	7
66	34
66	43
66	47
66	51
66	52
66	58
66	61
66	63
66	69
66	76
66	78
66	81
67	11
67	21
67	29
67	35
67	41
67	42
67	46
67	49
67	52
67	55
67	56
67	57
67	68
68	11
68	20
68	21
68	35
68	41
68	42
68	46
68	49
68	52
68	55
68	56
68	57
68	67
69	20
69	27
69	45
69	47
69	53
69	58
69	61
69	66
69	70
69	75
69	76
69	78
69	79
69	81
70	5
70	20
70	36
70	44
70	45
70	47
70	58
70	61
70	63
70	69
70	73
70	75
70	76
70	78
70	81
71	10
71	21
71	30
71	33
71	34
71	53
71	59
71	64
71	65
71	72
71	73
71	74
71	77
71	79
71	80
72	26
72	28
72	29
72	32
72	33
72	34
72	59
72	64
72	65
72	71
72	73
72	77
72	79
72	80
72	81
73	25
73	26
73	28
73	32
73	33
73	36
73	53
73	64
73	65
73	70
73	71
73	72
73	74
73	77
73	79
73	80
74	19
74	25
74	26
74	28
74	30
74	32
74	33
74	34
74	58
74	64
74	65
74	71
74	73
74	77
74	79
74	80
75	5
75	7
75	20
75	24
75	27
75	31
75	36
75	43
75	45
75	51
75	58
75	61
75	69
75	70
75	76
75	78
75	81
76	27
76	36
76	43
76	44
76	45
76	47
76	51
76	58
76	61
76	63
76	66
76	69
76	70
76	75
76	78
76	79
76	80
76	81
77	22
77	26
77	28
77	29
77	30
77	32
77	33
77	50
77	53
77	59
77	64
77	65
77	71
77	72
77	73
77	74
77	79
77	80
78	7
78	27
78	32
78	36
78	43
78	44
78	45
78	47
78	51
78	58
78	60
78	61
78	63
78	66
78	69
78	70
78	75
78	76
78	81
79	25
79	26
79	28
79	29
79	30
79	32
79	33
79	34
79	53
79	59
79	64
79	65
79	69
79	71
79	72
79	73
79	74
79	76
79	77
79	80
80	25
80	26
80	28
80	29
80	30
80	32
80	33
80	34
80	53
80	56
80	59
80	64
80	65
80	71
80	72
80	73
80	74
80	76
80	77
80	79
81	5
81	7
81	20
81	27
81	36
81	43
81	44
81	45
81	51
81	58
81	61
81	63
81	65
81	66
81	69
81	70
81	72
81	75
81	76
81	78
