1	5
1	25
1	29
1	59
1	73
1	78
2	9
2	48
2	65
2	74
2	77
2	80
3	11
3	18
3	27
3	39
3	57
3	60
4	12
4	33
4	48
4	69
4	79
4	81
5	1
5	43
5	49
5	65
5	68
5	78
6	7
6	12
6	53
6	73
6	75
6	81
7	6
7	17
7	56
7	69
7	74
7	79
8	23
8	40
8	63
8	75
8	79
8	81
9	2
9	70
9	71
9	72
9	76
9	80
10	49
10	52
10	68
10	72
10	73
10	78
11	3
11	24
11	27
11	34
11	57
11	60
12	4
12	6
12	63
12	75
12	79
12	81
13	38
13	59
13	61
13	64
13	66
13	67
14	16
14	40
14	69
14	75
14	79
14	81
15	47
15	65
15	70
15	74
15	77
15	80
16	14
16	20
16	27
16	39
16	57
16	60
17	7
17	40
17	69
17	75
17	79
17	81
18	3
18	20
18	39
18	57
18	60
18	67
19	22
19	58
19	68
19	72
19	73
19	78
20	16
20	18
20	24
20	34
20	39
20	45
21	33
21	50
21	65
21	71
21	76
21	80
22	19
22	50
22	61
22	64
22	66
22	67
23	8
23	46
23	53
23	56
23	75
23	79
23	81
24	11
24	20
24	37
24	39
24	45
24	57
24	60
25	1
25	36
25	58
25	68
25	72
25	73
25	78
26	28
26	50
26	59
26	61
26	64
26	66
26	67
27	3
27	11
27	16
27	37
27	45
27	57
27	60
28	26
28	48
28	56
28	63
28	69
28	79
28	81
29	1
29	35
29	36
29	49
29	66
29	72
29	78
30	42
30	55
30	62
30	71
30	76
30	77
30	80
31	62
31	70
31	74
31	76
31	77
31	80
31	81
32	33
32	55
32	65
32	74
32	76
32	77
32	80
33	4
33	21
33	32
33	65
33	70
33	74
33	80
34	11
34	20
34	37
34	45
34	57
34	60
34	78
35	29
35	36
35	54
35	58
35	68
35	73
35	78
36	25
36	29
36	35
36	43
36	68
36	73
36	78
37	24
37	27
37	34
37	39
37	45
37	57
37	60
38	13
38	42
38	43
38	59
38	64
38	66
38	67
39	3
39	16
39	18
39	20
39	24
39	37
39	79
40	8
40	14
40	17
40	48
40	69
40	70
40	81
41	42
41	50
41	59
41	61
41	64
41	66
41	67
42	30
42	38
42	41
42	59
42	61
42	64
42	66
42	67
43	5
43	36
43	38
43	54
43	68
43	72
43	73
43	78
44	45
44	46
44	53
44	56
44	69
44	75
44	79
44	81
45	20
45	24
45	27
45	34
45	37
45	44
45	57
45	60
46	23
46	44
46	48
46	56
46	69
46	75
46	79
46	81
47	15
47	51
47	62
47	70
47	71
47	76
47	77
47	80
48	2
48	4
48	28
48	40
48	46
48	56
48	75
48	79
48	81
49	5
49	10
49	29
49	52
49	53
49	54
49	72
49	73
49	78
50	21
50	22
50	26
50	41
50	59
50	61
50	64
50	66
50	67
51	47
51	62
51	70
51	71
51	74
51	76
51	77
51	78
51	80
52	10
52	49
52	54
52	58
52	68
52	72
52	73
52	78
52	80
53	6
53	23
53	44
53	49
53	63
53	69
53	75
53	79
53	81
54	35
54	43
54	49
54	52
54	58
54	62
54	68
54	72
54	73
54	78
55	30
55	32
55	61
55	65
55	70
55	71
55	74
55	76
55	77
55	80
56	7
56	23
56	28
56	44
56	46
56	48
56	63
56	68
56	79
56	81
57	3
57	11
57	16
57	18
57	24
57	27
57	34
57	37
57	45
57	60
58	19
58	25
58	35
58	52
58	54
58	68
58	72
58	73
58	78
58	81
59	1
59	13
59	26
59	38
59	41
59	42
59	50
59	61
59	64
59	66
59	67
60	3
60	11
60	16
60	18
60	24
60	27
60	34
60	37
60	45
60	57
60	74
61	13
61	22
61	26
61	41
61	42
61	50
61	55
61	59
61	64
61	66
61	67
62	30
62	31
62	47
62	51
62	54
62	70
62	71
62	74
62	76
62	77
62	80
63	8
63	12
63	28
63	53
63	56
63	69
63	71
63	73
63	75
63	79
63	81
64	13
64	22
64	26
64	38
64	41
64	42
64	50
64	59
64	61
64	66
64	67
64	80
65	2
65	5
65	15
65	21
65	32
65	33
65	55
65	71
65	74
65	76
65	77
65	80
66	13
66	22
66	26
66	29
66	38
66	41
66	42
66	50
66	59
66	61
66	64
66	67
67	13
67	18
67	22
67	26
67	38
67	41
67	42
67	50
67	59
67	61
67	64
67	66
68	5
68	10
68	19
68	25
68	35
68	36
68	43
68	52
68	54
68	56
68	58
68	72
68	78
69	4
69	7
69	14
69	17
69	28
69	40
69	44
69	46
69	53
69	63
69	72
69	75
69	79
69	81
70	9
70	15
70	31
70	33
70	40
70	47
70	51
70	55
70	62
70	71
70	74
70	76
70	77
70	80
71	9
71	21
71	30
71	47
71	51
71	55
71	62
71	63
71	65
71	70
71	74
71	76
71	77
71	80
72	9
72	10
72	19
72	25
72	29
72	43
72	49
72	52
72	54
72	58
72	68
72	69
72	73
72	78
73	1
73	6
73	10
73	19
73	25
73	35
73	36
73	43
73	49
73	52
73	54
73	58
73	63
73	72
73	78
74	2
74	7
74	15
74	31
74	32
74	33
74	51
74	55
74	60
74	62
74	65
74	70
74	71
74	76
74	77
74	80
75	6
75	8
75	12
75	14
75	17
75	23
75	44
75	46
75	48
75	53
75	63
75	69
75	76
75	77
75	79
75	81
76	9
76	21
76	30
76	31
76	32
76	47
76	51
76	55
76	62
76	65
76	70
76	71
76	74
76	75
76	77
76	80
77	2
77	15
77	30
77	31
77	32
77	47
77	51
77	55
77	62
77	65
77	70
77	71
77	74
77	75
77	76
77	79
77	80
78	1
78	5
78	10
78	19
78	25
78	29
78	34
78	35
78	36
78	43
78	49
78	51
78	52
78	54
78	58
78	68
78	72
78	73
79	4
79	7
79	8
79	12
79	14
79	17
79	23
79	28
79	39
79	44
79	46
79	48
79	53
79	56
79	63
79	69
79	75
79	77
79	81
80	2
80	9
80	15
80	21
80	30
80	31
80	32
80	33
80	47
80	51
80	52
80	55
80	62
80	64
80	65
80	70
80	71
80	74
80	76
80	77
81	4
81	6
81	8
81	12
81	14
81	17
81	23
81	28
81	31
81	40
81	44
81	46
81	48
81	53
81	56
81	58
81	63
81	69
81	75
81	79
