1	3
1	13
1	39
1	59
1	60
1	69
2	13
2	31
2	34
2	59
2	60
2	69
3	1
3	39
3	59
3	60
3	69
3	79
4	32
4	55
4	57
4	74
4	77
4	78
5	44
5	54
5	62
5	70
5	72
5	80
6	29
6	65
6	75
6	76
6	79
6	81
7	9
7	38
7	58
7	68
7	71
7	80
8	15
8	36
8	45
8	50
8	51
8	53
9	7
9	63
9	67
9	70
9	73
9	80
10	19
10	47
10	64
10	70
10	77
10	78
11	58
11	62
11	70
11	71
11	73
11	80
12	49
12	54
12	62
12	67
12	72
12	73
13	1
13	2
13	29
13	60
13	69
13	73
14	22
14	29
14	31
14	57
14	59
14	60
15	8
15	32
15	36
15	44
15	51
15	53
16	28
16	33
16	61
16	69
16	76
16	81
17	49
17	61
17	75
17	76
17	79
17	81
18	31
18	34
18	53
18	59
18	60
18	69
19	10
19	26
19	46
19	66
19	74
19	77
19	78
20	49
20	61
20	65
20	75
20	76
20	79
20	81
21	40
21	44
21	54
21	56
21	58
21	73
21	80
22	14
22	25
22	34
22	39
22	59
22	60
22	69
23	28
23	41
23	61
23	63
23	65
23	75
23	79
23	81
24	25
24	30
24	32
24	41
24	43
24	50
24	51
24	53
25	22
25	24
25	30
25	36
25	43
25	45
25	50
25	51
26	19
26	35
26	37
26	64
26	72
26	74
26	77
26	78
27	40
27	42
27	52
27	65
27	75
27	76
27	79
27	81
28	16
28	23
28	42
28	52
28	75
28	76
28	79
28	81
29	6
29	13
29	14
29	34
29	39
29	59
29	60
29	69
30	24
30	25
30	43
30	45
30	50
30	51
30	53
30	76
31	2
31	14
31	18
31	34
31	59
31	60
31	62
31	69
32	4
32	15
32	24
32	36
32	43
32	45
32	50
32	51
32	53
33	16
33	41
33	42
33	49
33	67
33	75
33	76
33	79
33	81
34	2
34	18
34	22
34	29
34	31
34	35
34	39
34	59
34	69
35	26
35	34
35	47
35	48
35	63
35	66
35	74
35	77
35	78
36	8
36	15
36	25
36	32
36	43
36	45
36	50
36	53
36	70
37	26
37	46
37	50
37	55
37	63
37	64
37	74
37	77
37	78
38	7
38	40
38	56
38	66
38	68
38	70
38	71
38	73
38	80
39	1
39	3
39	22
39	29
39	34
39	59
39	60
39	65
39	69
40	21
40	27
40	38
40	67
40	68
40	70
40	71
40	72
40	73
41	23
41	24
41	33
41	52
41	61
41	65
41	75
41	76
41	79
41	81
42	27
42	28
42	33
42	49
42	61
42	65
42	72
42	76
42	79
42	81
43	24
43	25
43	30
43	32
43	36
43	45
43	50
43	51
43	53
43	54
44	5
44	15
44	21
44	54
44	58
44	68
44	70
44	71
44	72
44	80
45	8
45	25
45	30
45	32
45	36
45	43
45	50
45	51
45	53
45	71
46	19
46	37
46	48
46	57
46	64
46	65
46	66
46	74
46	77
46	78
47	10
47	35
47	55
47	57
47	63
47	64
47	66
47	69
47	74
47	77
47	78
48	35
48	46
48	51
48	55
48	57
48	63
48	64
48	66
48	74
48	77
48	78
49	12
49	17
49	20
49	33
49	42
49	52
49	65
49	75
49	76
49	79
49	81
50	8
50	24
50	25
50	30
50	32
50	36
50	37
50	43
50	45
50	51
50	53
51	8
51	15
51	24
51	25
51	30
51	32
51	43
51	45
51	48
51	50
51	53
52	27
52	28
52	41
52	49
52	56
52	61
52	65
52	75
52	76
52	79
52	81
53	8
53	15
53	18
53	24
53	30
53	32
53	36
53	43
53	45
53	50
53	51
54	5
54	12
54	21
54	43
54	44
54	58
54	68
54	70
54	71
54	73
54	80
55	4
55	37
55	47
55	48
55	57
55	63
55	64
55	66
55	74
55	77
55	78
55	79
56	21
56	38
56	52
56	58
56	62
56	67
56	68
56	71
56	72
56	73
56	75
56	80
57	4
57	14
57	46
57	47
57	48
57	55
57	63
57	64
57	66
57	74
57	77
57	78
58	7
58	11
58	21
58	44
58	54
58	56
58	67
58	68
58	71
58	72
58	74
58	80
59	1
59	2
59	3
59	14
59	18
59	22
59	29
59	31
59	34
59	39
59	60
59	62
59	69
60	1
60	2
60	3
60	13
60	14
60	18
60	22
60	29
60	31
60	39
60	59
60	69
60	77
61	16
61	17
61	20
61	23
61	41
61	42
61	52
61	64
61	65
61	75
61	76
61	79
61	81
62	5
62	11
62	12
62	31
62	56
62	59
62	67
62	68
62	70
62	71
62	72
62	73
62	80
63	9
63	23
63	35
63	37
63	47
63	48
63	55
63	57
63	64
63	66
63	74
63	77
63	78
64	10
64	26
64	37
64	46
64	47
64	48
64	55
64	57
64	61
64	63
64	66
64	74
64	77
64	78
65	6
65	20
65	23
65	27
65	39
65	41
65	42
65	46
65	49
65	52
65	61
65	75
65	79
65	81
66	19
66	35
66	38
66	46
66	47
66	48
66	55
66	57
66	63
66	64
66	74
66	77
66	78
66	80
67	9
67	12
67	33
67	40
67	56
67	58
67	62
67	68
67	70
67	71
67	72
67	73
67	76
67	80
68	7
68	38
68	40
68	44
68	54
68	56
68	58
68	62
68	67
68	70
68	71
68	72
68	78
68	80
69	1
69	2
69	3
69	13
69	16
69	18
69	22
69	29
69	31
69	34
69	39
69	47
69	59
69	60
70	5
70	9
70	10
70	11
70	36
70	38
70	40
70	44
70	54
70	62
70	67
70	68
70	72
70	73
70	80
71	7
71	11
71	38
71	40
71	44
71	45
71	54
71	56
71	58
71	62
71	67
71	68
71	72
71	73
71	80
72	5
72	12
72	26
72	40
72	42
72	44
72	56
72	58
72	62
72	67
72	68
72	70
72	71
72	73
72	80
73	9
73	11
73	12
73	13
73	21
73	38
73	40
73	54
73	56
73	62
73	67
73	70
73	71
73	72
73	75
73	80
74	4
74	19
74	26
74	35
74	37
74	46
74	47
74	48
74	55
74	57
74	58
74	63
74	64
74	66
74	77
74	78
74	81
75	6
75	17
75	20
75	23
75	27
75	28
75	33
75	41
75	49
75	52
75	56
75	61
75	65
75	73
75	76
75	79
75	81
76	6
76	16
76	17
76	20
76	27
76	28
76	30
76	33
76	41
76	42
76	49
76	52
76	61
76	67
76	75
76	79
76	81
77	4
77	10
77	19
77	26
77	35
77	37
77	46
77	47
77	48
77	55
77	57
77	60
77	63
77	64
77	66
77	74
77	78
77	81
78	4
78	10
78	19
78	26
78	35
78	37
78	46
78	47
78	48
78	55
78	57
78	63
78	64
78	66
78	68
78	74
78	77
78	80
79	3
79	6
79	17
79	20
79	23
79	27
79	28
79	33
79	41
79	42
79	49
79	52
79	55
79	61
79	65
79	75
79	76
79	81
80	5
80	7
80	9
80	11
80	21
80	38
80	44
80	54
80	56
80	58
80	62
80	66
80	67
80	68
80	70
80	71
80	72
80	73
80	78
81	6
81	16
81	17
81	20
81	23
81	27
81	28
81	33
81	41
81	42
81	49
81	52
81	61
81	65
81	74
81	75
81	76
81	77
81	79
