1	22
1	29
1	34
1	35
1	37
1	63
2	28
2	38
2	44
2	51
2	53
2	61
3	25
3	31
3	41
3	48
3	57
3	70
4	5
4	30
4	49
4	52
4	53
4	58
5	4
5	47
5	49
5	52
5	53
5	58
6	71
6	76
6	78
6	79
6	80
6	81
7	23
7	29
7	34
7	35
7	37
7	77
8	19
8	27
8	32
8	36
8	39
8	74
9	18
9	56
9	78
9	79
9	80
9	81
10	28
10	33
10	49
10	51
10	54
10	61
11	26
11	31
11	40
11	41
11	48
11	57
12	24
12	25
12	41
12	48
12	57
12	81
13	72
13	73
13	74
13	75
13	77
13	80
14	19
14	21
14	27
14	32
14	36
14	39
15	55
15	67
15	68
15	73
15	74
15	77
16	34
16	42
16	44
16	51
16	54
16	61
17	20
17	47
17	49
17	52
17	53
17	58
17	81
18	9
18	72
18	73
18	74
18	75
18	77
18	79
19	8
19	14
19	21
19	27
19	32
19	36
19	39
20	17
20	30
20	47
20	52
20	53
20	58
20	76
21	14
21	19
21	27
21	28
21	32
21	36
21	39
22	1
22	23
22	29
22	34
22	35
22	37
22	61
23	7
23	22
23	29
23	34
23	35
23	37
23	75
24	12
24	25
24	26
24	31
24	41
24	48
24	57
25	3
25	12
25	24
25	26
25	41
25	48
25	57
26	11
26	24
26	25
26	31
26	48
26	57
26	64
27	8
27	14
27	19
27	21
27	32
27	36
27	39
28	2
28	10
28	21
28	38
28	42
28	44
28	54
28	61
29	1
29	7
29	22
29	23
29	34
29	35
29	37
29	44
30	4
30	20
30	47
30	49
30	52
30	53
30	58
30	73
31	3
31	11
31	24
31	26
31	36
31	41
31	48
31	57
32	8
32	14
32	19
32	21
32	27
32	36
32	39
32	41
33	10
33	38
33	42
33	44
33	51
33	54
33	61
33	66
34	1
34	7
34	16
34	22
34	23
34	29
34	35
34	37
35	1
35	7
35	22
35	23
35	29
35	34
35	37
35	38
36	8
36	14
36	19
36	21
36	27
36	31
36	32
36	39
37	1
37	7
37	22
37	23
37	29
37	34
37	35
37	59
38	2
38	28
38	33
38	35
38	42
38	51
38	54
38	61
39	8
39	14
39	19
39	21
39	27
39	32
39	36
39	51
40	11
40	63
40	68
40	69
40	72
40	73
40	74
40	75
40	77
41	3
41	11
41	12
41	24
41	25
41	31
41	32
41	48
41	57
42	16
42	28
42	33
42	38
42	44
42	51
42	54
42	61
42	71
43	63
43	67
43	68
43	69
43	72
43	73
43	75
43	77
43	80
44	2
44	16
44	28
44	29
44	33
44	42
44	51
44	54
44	61
45	50
45	62
45	64
45	70
45	76
45	78
45	79
45	80
45	81
46	52
46	66
46	70
46	71
46	76
46	78
46	79
46	80
46	81
47	5
47	17
47	20
47	30
47	49
47	52
47	53
47	55
47	58
48	3
48	11
48	12
48	24
48	25
48	26
48	31
48	41
48	56
48	57
49	4
49	5
49	10
49	17
49	30
49	47
49	52
49	53
49	58
49	79
50	45
50	63
50	67
50	68
50	69
50	72
50	73
50	74
50	75
50	77
51	2
51	10
51	16
51	33
51	38
51	39
51	42
51	44
51	54
51	61
52	4
52	5
52	17
52	20
52	30
52	46
52	47
52	49
52	53
52	58
53	2
53	4
53	5
53	17
53	20
53	30
53	47
53	49
53	52
53	58
54	10
54	16
54	28
54	33
54	38
54	42
54	44
54	51
54	61
54	69
55	15
55	47
55	63
55	68
55	69
55	72
55	73
55	74
55	75
55	77
56	9
56	48
56	59
56	64
56	65
56	76
56	78
56	79
56	80
56	81
57	3
57	11
57	12
57	24
57	25
57	26
57	31
57	41
57	48
57	68
58	4
58	5
58	17
58	20
58	30
58	47
58	49
58	52
58	53
58	60
58	67
59	37
59	56
59	60
59	62
59	70
59	71
59	76
59	78
59	79
59	80
59	81
60	58
60	59
60	65
60	66
60	70
60	71
60	76
60	77
60	79
60	80
60	81
61	2
61	10
61	16
61	22
61	28
61	33
61	38
61	42
61	44
61	51
61	54
62	45
62	59
62	64
62	65
62	66
62	71
62	75
62	76
62	78
62	79
62	80
62	81
63	1
63	40
63	43
63	50
63	55
63	67
63	69
63	72
63	73
63	74
63	75
63	77
64	26
64	45
64	56
64	62
64	65
64	66
64	70
64	76
64	78
64	79
64	80
64	81
65	56
65	60
65	62
65	64
65	70
65	71
65	72
65	76
65	78
65	79
65	80
65	81
66	33
66	46
66	60
66	62
66	64
66	70
66	71
66	76
66	78
66	79
66	80
66	81
67	15
67	43
67	50
67	58
67	63
67	68
67	69
67	72
67	73
67	74
67	75
67	77
67	78
68	15
68	40
68	43
68	50
68	55
68	57
68	67
68	69
68	72
68	73
68	74
68	75
68	77
69	40
69	43
69	50
69	54
69	55
69	63
69	67
69	68
69	72
69	73
69	74
69	75
69	77
70	3
70	45
70	46
70	59
70	60
70	64
70	65
70	66
70	71
70	76
70	78
70	79
70	80
70	81
71	6
71	42
71	46
71	59
71	60
71	62
71	65
71	66
71	70
71	76
71	78
71	79
71	80
71	81
72	13
72	18
72	40
72	43
72	50
72	55
72	63
72	65
72	67
72	68
72	69
72	73
72	74
72	75
72	77
73	13
73	15
73	18
73	30
73	40
73	43
73	50
73	55
73	63
73	67
73	68
73	69
73	72
73	74
73	75
73	77
74	8
74	13
74	15
74	18
74	40
74	50
74	55
74	63
74	67
74	68
74	69
74	72
74	73
74	75
74	77
74	78
75	13
75	18
75	23
75	40
75	43
75	50
75	55
75	62
75	63
75	67
75	68
75	69
75	72
75	73
75	74
75	77
76	6
76	20
76	45
76	46
76	56
76	59
76	60
76	62
76	64
76	65
76	66
76	70
76	71
76	78
76	79
76	80
76	81
77	7
77	13
77	15
77	18
77	40
77	43
77	50
77	55
77	60
77	63
77	67
77	68
77	69
77	72
77	73
77	74
77	75
78	6
78	9
78	45
78	46
78	56
78	59
78	62
78	64
78	65
78	66
78	67
78	70
78	71
78	74
78	76
78	79
78	80
78	81
79	6
79	9
79	18
79	45
79	46
79	49
79	56
79	59
79	60
79	62
79	64
79	65
79	66
79	70
79	71
79	76
79	78
79	80
79	81
80	6
80	9
80	13
80	43
80	45
80	46
80	56
80	59
80	60
80	62
80	64
80	65
80	66
80	70
80	71
80	76
80	78
80	79
80	81
81	6
81	9
81	12
81	17
81	45
81	46
81	56
81	59
81	60
81	62
81	64
81	65
81	66
81	70
81	71
81	76
81	78
81	79
81	80
