1	21
1	27
1	29
1	46
1	47
1	48
2	3
2	9
2	10
2	12
2	13
2	24
3	2
3	9
3	10
3	13
3	24
3	81
4	5
4	33
4	34
4	45
4	46
4	47
5	4
5	21
5	45
5	46
5	47
5	66
6	32
6	40
6	42
6	44
6	50
6	75
7	20
7	26
7	30
7	35
7	37
7	80
8	20
8	23
8	26
8	30
8	35
8	37
9	2
9	3
9	10
9	12
9	13
9	24
10	2
10	3
10	9
10	12
10	13
10	24
11	39
11	49
11	52
11	54
11	56
11	57
12	2
12	9
12	10
12	13
12	24
12	68
13	2
13	3
13	9
13	10
13	12
13	24
14	51
14	53
14	58
14	59
14	60
14	61
14	62
15	28
15	43
15	52
15	54
15	56
15	57
15	78
16	51
16	58
16	59
16	60
16	61
16	62
16	63
17	19
17	43
17	49
17	52
17	54
17	56
17	57
18	25
18	32
18	36
18	40
18	42
18	44
18	50
19	17
19	49
19	52
19	54
19	56
19	57
19	70
20	7
20	8
20	23
20	26
20	30
20	35
20	37
21	1
21	5
21	27
21	34
21	45
21	46
21	47
22	24
22	53
22	58
22	59
22	60
22	61
22	62
23	8
23	20
23	26
23	30
23	35
23	37
23	77
24	2
24	3
24	9
24	10
24	12
24	13
24	22
25	18
25	31
25	32
25	38
25	42
25	44
25	50
26	7
26	8
26	20
26	23
26	30
26	35
26	37
26	73
27	1
27	21
27	29
27	33
27	34
27	45
27	46
27	47
28	15
28	39
28	43
28	49
28	52
28	54
28	56
28	57
29	1
29	27
29	33
29	34
29	45
29	46
29	47
29	55
30	7
30	8
30	20
30	23
30	26
30	35
30	37
30	72
31	25
31	32
31	36
31	38
31	40
31	44
31	50
31	61
32	6
32	18
32	25
32	31
32	38
32	42
32	44
32	50
33	4
33	27
33	29
33	34
33	45
33	46
33	47
33	65
34	4
34	21
34	27
34	29
34	33
34	45
34	47
34	81
35	7
35	8
35	20
35	23
35	26
35	30
35	37
35	56
36	18
36	31
36	38
36	40
36	42
36	44
36	50
36	58
37	7
37	8
37	20
37	23
37	26
37	30
37	35
37	71
38	25
38	31
38	32
38	36
38	40
38	42
38	43
38	44
38	50
39	11
39	28
39	43
39	49
39	52
39	54
39	56
39	57
39	79
40	6
40	18
40	31
40	36
40	38
40	42
40	44
40	50
40	67
41	51
41	53
41	55
41	58
41	59
41	60
41	61
41	62
41	66
42	6
42	18
42	25
42	32
42	36
42	38
42	40
42	50
42	71
43	15
43	17
43	28
43	38
43	39
43	49
43	52
43	54
43	56
43	57
44	6
44	18
44	25
44	31
44	32
44	36
44	38
44	40
44	50
44	64
45	4
45	5
45	21
45	27
45	29
45	33
45	34
45	46
45	47
45	76
46	1
46	4
46	5
46	21
46	27
46	29
46	33
46	45
46	47
46	67
46	79
47	1
47	4
47	5
47	21
47	27
47	29
47	33
47	34
47	45
47	46
47	62
48	1
48	51
48	53
48	55
48	58
48	59
48	60
48	61
48	62
48	65
49	11
49	17
49	19
49	28
49	39
49	43
49	52
49	54
49	56
49	57
49	76
50	6
50	18
50	25
50	31
50	32
50	36
50	38
50	40
50	42
50	44
50	72
51	14
51	16
51	41
51	48
51	53
51	55
51	58
51	59
51	60
51	61
51	62
51	68
52	11
52	15
52	17
52	19
52	28
52	39
52	43
52	49
52	54
52	56
52	57
52	77
53	14
53	22
53	41
53	48
53	51
53	55
53	58
53	59
53	60
53	61
53	62
53	70
54	11
54	15
54	17
54	19
54	28
54	39
54	43
54	49
54	52
54	56
54	57
54	74
55	29
55	41
55	48
55	51
55	53
55	58
55	59
55	60
55	61
55	62
55	75
56	11
56	15
56	17
56	19
56	28
56	35
56	39
56	43
56	49
56	52
56	54
56	57
57	11
57	15
57	17
57	19
57	28
57	39
57	43
57	49
57	52
57	54
57	56
57	69
58	14
58	16
58	22
58	36
58	41
58	48
58	51
58	53
58	55
58	59
58	60
58	61
58	62
59	14
59	16
59	22
59	41
59	48
59	51
59	53
59	55
59	58
59	60
59	61
59	62
59	80
60	14
60	16
60	22
60	41
60	48
60	51
60	53
60	55
60	58
60	59
60	61
60	62
60	69
61	14
61	16
61	22
61	31
61	41
61	48
61	51
61	53
61	55
61	58
61	59
61	60
61	62
62	14
62	16
62	22
62	41
62	47
62	48
62	51
62	53
62	55
62	58
62	59
62	60
62	61
62	74
63	16
63	64
63	66
63	69
63	70
63	71
63	72
63	74
63	75
63	77
63	78
63	79
63	80
63	81
64	44
64	63
64	65
64	67
64	68
64	71
64	72
64	73
64	75
64	76
64	77
64	78
64	79
64	81
65	33
65	48
65	64
65	68
65	70
65	71
65	73
65	74
65	75
65	76
65	77
65	78
65	80
65	81
66	5
66	41
66	63
66	68
66	69
66	70
66	71
66	72
66	73
66	74
66	75
66	77
66	79
66	80
66	81
67	40
67	46
67	64
67	68
67	69
67	70
67	71
67	72
67	75
67	76
67	77
67	78
67	79
67	80
67	81
68	12
68	51
68	64
68	65
68	66
68	67
68	72
68	73
68	75
68	76
68	77
68	78
68	79
68	80
68	81
69	57
69	60
69	63
69	66
69	67
69	71
69	72
69	73
69	74
69	76
69	77
69	78
69	79
69	80
69	81
70	19
70	53
70	63
70	65
70	66
70	67
70	72
70	73
70	74
70	76
70	77
70	78
70	79
70	80
70	81
71	37
71	42
71	63
71	64
71	65
71	66
71	67
71	69
71	73
71	74
71	76
71	78
71	79
71	80
71	81
72	30
72	50
72	63
72	64
72	66
72	67
72	68
72	69
72	70
72	73
72	75
72	77
72	78
72	79
72	80
72	81
73	26
73	64
73	65
73	66
73	68
73	69
73	70
73	71
73	72
73	74
73	75
73	76
73	78
73	79
73	80
73	81
74	54
74	62
74	63
74	65
74	66
74	69
74	70
74	71
74	73
74	75
74	76
74	77
74	78
74	79
74	80
74	81
75	6
75	55
75	63
75	64
75	65
75	66
75	67
75	68
75	72
75	73
75	74
75	76
75	78
75	79
75	80
75	81
76	45
76	49
76	64
76	65
76	67
76	68
76	69
76	70
76	71
76	73
76	74
76	75
76	77
76	79
76	80
76	81
77	23
77	52
77	63
77	64
77	65
77	66
77	67
77	68
77	69
77	70
77	72
77	74
77	76
77	78
77	79
77	80
77	81
78	15
78	63
78	64
78	65
78	67
78	68
78	69
78	70
78	71
78	72
78	73
78	74
78	75
78	77
78	79
78	80
78	81
79	39
79	46
79	63
79	64
79	66
79	67
79	68
79	69
79	70
79	71
79	72
79	73
79	74
79	75
79	76
79	77
79	78
79	80
79	81
80	7
80	59
80	63
80	65
80	66
80	67
80	68
80	69
80	70
80	71
80	72
80	73
80	74
80	75
80	76
80	77
80	78
80	79
80	81
81	3
81	34
81	63
81	64
81	65
81	66
81	67
81	68
81	69
81	70
81	71
81	72
81	73
81	74
81	75
81	76
81	77
81	78
81	79
81	80
