1	33
1	42
1	51
1	71
1	76
1	79
2	32
2	36
2	61
2	75
2	78
2	80
3	7
3	23
3	48
3	68
3	73
3	74
4	51
4	57
4	65
4	68
4	73
4	74
5	12
5	40
5	42
5	48
5	54
5	72
6	38
6	55
6	59
6	60
6	71
6	76
7	3
7	21
7	53
7	57
7	68
7	74
8	19
8	56
8	65
8	73
8	74
8	75
9	21
9	30
9	59
9	76
9	80
9	81
10	24
10	37
10	62
10	66
10	69
10	77
11	37
11	43
11	63
11	64
11	66
11	77
12	5
12	35
12	45
12	52
12	67
12	72
13	39
13	51
13	55
13	59
13	60
13	78
14	58
14	62
14	66
14	69
14	74
14	77
15	36
15	53
15	55
15	61
15	71
15	81
16	22
16	27
16	44
16	45
16	54
16	67
17	50
17	62
17	63
17	64
17	66
17	69
18	40
18	44
18	52
18	55
18	67
18	70
19	8
19	56
19	65
19	68
19	73
19	74
20	33
20	61
20	75
20	79
20	80
20	81
21	7
21	9
21	47
21	60
21	71
21	78
21	79
22	16
22	44
22	48
22	52
22	59
22	67
22	70
23	3
23	49
23	65
23	68
23	73
23	74
23	80
24	10
24	26
24	50
24	62
24	63
24	69
24	77
25	49
25	54
25	56
25	57
25	68
25	73
25	74
26	24
26	36
26	41
26	50
26	58
26	64
26	77
27	16
27	30
27	44
27	52
27	54
27	70
27	72
28	59
28	72
28	75
28	76
28	78
28	79
28	81
29	50
29	58
29	64
29	66
29	67
29	69
29	77
30	9
30	27
30	47
30	60
30	75
30	76
30	79
30	80
31	35
31	48
31	52
31	54
31	59
31	67
31	70
31	72
32	2
32	42
32	55
32	59
32	63
32	75
32	79
32	81
33	1
33	20
33	51
33	75
33	76
33	79
33	80
33	81
34	53
34	56
34	57
34	65
34	68
34	73
34	74
34	80
35	12
35	31
35	48
35	52
35	54
35	67
35	70
35	72
36	2
36	15
36	26
36	38
36	42
36	55
36	75
36	76
37	10
37	11
37	46
37	61
37	64
37	66
37	69
37	77
38	6
38	36
38	46
38	71
38	76
38	78
38	80
38	81
39	13
39	42
39	59
39	65
39	75
39	78
39	79
39	81
40	5
40	18
40	45
40	52
40	54
40	58
40	70
40	72
41	26
41	43
41	63
41	64
41	66
41	69
41	76
41	77
42	1
42	5
42	32
42	36
42	39
42	60
42	71
42	78
43	11
43	41
43	58
43	62
43	63
43	64
43	69
43	74
43	77
44	16
44	18
44	22
44	27
44	45
44	50
44	67
44	70
44	72
45	12
45	16
45	40
45	44
45	48
45	53
45	54
45	70
45	72
46	37
46	38
46	50
46	58
46	62
46	63
46	66
46	69
46	77
47	21
47	30
47	55
47	57
47	61
47	73
47	76
47	79
47	80
48	3
48	5
48	22
48	31
48	35
48	45
48	67
48	70
48	72
49	23
49	25
49	53
49	56
49	57
49	65
49	68
49	73
49	74
49	81
50	17
50	24
50	26
50	29
50	44
50	46
50	63
50	66
50	69
50	77
51	1
51	4
51	13
51	33
51	71
51	76
51	78
51	79
51	80
51	81
52	12
52	18
52	22
52	27
52	31
52	35
52	40
52	56
52	67
52	70
52	72
53	7
53	15
53	34
53	45
53	49
53	56
53	57
53	65
53	68
53	73
53	74
54	5
54	16
54	25
54	27
54	31
54	35
54	40
54	45
54	67
54	70
54	72
55	6
55	13
55	15
55	18
55	32
55	36
55	47
55	59
55	61
55	78
55	80
55	81
56	8
56	19
56	25
56	34
56	49
56	52
56	53
56	57
56	65
56	68
56	73
56	74
57	4
57	7
57	25
57	34
57	47
57	49
57	53
57	56
57	65
57	68
57	73
57	74
58	14
58	26
58	29
58	40
58	43
58	46
58	62
58	63
58	64
58	66
58	69
58	77
59	6
59	9
59	13
59	22
59	28
59	31
59	32
59	39
59	55
59	79
59	80
59	81
60	6
60	13
60	21
60	30
60	42
60	61
60	63
60	77
60	78
60	79
60	80
60	81
61	2
61	15
61	20
61	37
61	47
61	55
61	60
61	71
61	75
61	76
61	78
61	80
61	81
62	10
62	14
62	17
62	24
62	43
62	46
62	58
62	63
62	64
62	66
62	69
62	77
62	81
63	11
63	17
63	24
63	32
63	41
63	43
63	46
63	50
63	58
63	60
63	62
63	64
63	77
64	11
64	17
64	26
64	29
64	37
64	41
64	43
64	58
64	62
64	63
64	66
64	69
64	77
64	79
65	4
65	8
65	19
65	23
65	34
65	39
65	49
65	53
65	56
65	57
65	68
65	73
65	74
65	75
66	10
66	11
66	14
66	17
66	29
66	37
66	41
66	46
66	50
66	58
66	62
66	64
66	71
66	77
67	12
67	16
67	18
67	22
67	29
67	31
67	35
67	44
67	48
67	52
67	54
67	70
67	72
67	78
68	3
68	4
68	7
68	19
68	23
68	25
68	34
68	49
68	53
68	56
68	57
68	65
68	73
68	74
68	76
69	10
69	14
69	17
69	24
69	29
69	37
69	41
69	43
69	46
69	50
69	58
69	62
69	64
69	70
69	77
70	18
70	22
70	27
70	31
70	35
70	40
70	44
70	45
70	48
70	52
70	54
70	67
70	69
70	72
70	78
71	1
71	6
71	15
71	21
71	38
71	42
71	51
71	61
71	66
71	75
71	76
71	78
71	79
71	80
71	81
72	5
72	12
72	27
72	28
72	31
72	35
72	40
72	44
72	45
72	48
72	52
72	54
72	67
72	70
72	73
73	3
73	4
73	8
73	19
73	23
73	25
73	34
73	47
73	49
73	53
73	56
73	57
73	65
73	68
73	72
73	74
74	3
74	4
74	7
74	8
74	14
74	19
74	23
74	25
74	34
74	43
74	49
74	53
74	56
74	57
74	65
74	68
74	73
75	2
75	8
75	20
75	28
75	30
75	32
75	33
75	36
75	39
75	61
75	65
75	71
75	76
75	78
75	79
75	80
75	81
76	1
76	6
76	9
76	28
76	30
76	33
76	36
76	38
76	41
76	47
76	51
76	61
76	68
76	71
76	75
76	78
76	79
76	80
77	10
77	11
77	14
77	24
77	26
77	29
77	37
77	41
77	43
77	46
77	50
77	58
77	60
77	62
77	63
77	64
77	66
77	69
77	79
78	2
78	13
78	21
78	28
78	38
78	39
78	42
78	51
78	55
78	60
78	61
78	67
78	70
78	71
78	75
78	76
78	79
78	80
78	81
79	1
79	20
79	21
79	28
79	30
79	32
79	33
79	39
79	47
79	51
79	59
79	60
79	64
79	71
79	75
79	76
79	77
79	78
79	80
79	81
80	2
80	9
80	20
80	23
80	30
80	33
80	34
80	38
80	47
80	51
80	55
80	59
80	60
80	61
80	71
80	75
80	76
80	78
80	79
80	81
81	9
81	15
81	20
81	28
81	32
81	33
81	38
81	39
81	49
81	51
81	55
81	59
81	60
81	61
81	62
81	71
81	75
81	78
81	79
81	80
