1	23
1	41
1	57
1	58
1	59
1	61
2	20
2	25
2	30
2	48
2	51
2	56
3	24
3	62
3	73
3	74
3	75
3	81
4	11
4	49
4	52
4	58
4	61
4	80
5	47
5	62
5	63
5	66
5	78
5	79
6	64
6	67
6	73
6	74
6	80
6	81
7	52
7	57
7	58
7	59
7	61
7	73
8	48
8	55
8	62
8	74
8	75
8	80
9	47
9	53
9	74
9	75
9	80
9	81
10	19
10	45
10	70
10	71
10	72
10	76
11	4
11	32
11	49
11	52
11	59
11	61
12	62
12	73
12	74
12	75
12	80
12	81
13	38
13	49
13	52
13	57
13	59
13	61
14	22
14	60
14	63
14	68
14	77
14	79
15	50
15	54
15	66
15	77
15	78
15	79
16	50
16	66
16	67
16	68
16	77
16	78
17	54
17	66
17	68
17	76
17	77
17	78
18	26
18	31
18	44
18	45
18	70
18	72
18	76
19	10
19	43
19	45
19	69
19	70
19	71
19	76
20	2
20	29
20	37
20	39
20	51
20	56
20	70
21	34
21	49
21	57
21	58
21	59
21	61
21	75
22	14
22	64
22	67
22	73
22	75
22	80
22	81
23	1
23	34
23	49
23	52
23	57
23	58
23	59
24	3
24	27
24	50
24	65
24	77
24	78
24	79
25	2
25	28
25	37
25	39
25	41
25	48
25	56
26	18
26	33
26	36
26	69
26	71
26	72
26	76
27	24
27	40
27	63
27	65
27	66
27	77
27	78
28	25
28	37
28	39
28	41
28	48
28	56
28	69
29	20
29	37
29	39
29	41
29	48
29	51
29	56
30	2
30	67
30	73
30	74
30	75
30	79
30	80
30	81
31	18
31	33
31	36
31	69
31	70
31	71
31	72
31	76
32	11
32	36
32	43
32	45
32	69
32	71
32	72
32	76
33	26
33	31
33	44
33	69
33	70
33	71
33	72
33	76
34	21
34	23
34	39
34	52
34	57
34	58
34	59
34	61
35	44
35	47
35	54
35	60
35	63
35	66
35	68
35	79
36	26
36	31
36	32
36	56
36	69
36	71
36	72
36	76
37	20
37	25
37	28
37	29
37	41
37	48
37	51
37	56
37	63
38	13
38	53
38	62
38	67
38	73
38	74
38	75
38	80
38	81
39	20
39	25
39	28
39	29
39	34
39	41
39	48
39	51
39	56
40	27
40	42
40	51
40	60
40	65
40	66
40	77
40	78
40	79
41	1
41	25
41	28
41	29
41	37
41	39
41	48
41	51
41	56
42	40
42	53
42	63
42	65
42	66
42	68
42	77
42	78
42	79
43	19
43	32
43	46
43	63
43	69
43	70
43	71
43	72
43	76
44	18
44	33
44	35
44	46
44	69
44	70
44	71
44	72
44	76
45	10
45	18
45	19
45	32
45	46
45	70
45	72
45	76
45	78
46	43
46	44
46	45
46	69
46	70
46	71
46	72
46	76
46	78
47	5
47	9
47	35
47	50
47	60
47	65
47	68
47	77
47	78
47	79
48	2
48	8
48	25
48	28
48	29
48	37
48	39
48	41
48	51
48	56
49	4
49	11
49	13
49	21
49	23
49	52
49	57
49	58
49	61
49	64
50	15
50	16
50	24
50	47
50	54
50	60
50	63
50	65
50	71
50	79
51	2
51	20
51	29
51	37
51	39
51	40
51	41
51	48
51	56
51	81
52	4
52	7
52	11
52	13
52	23
52	34
52	49
52	57
52	58
52	59
53	9
53	38
53	42
53	55
53	64
53	67
53	73
53	74
53	75
53	80
53	81
54	15
54	17
54	35
54	50
54	55
54	60
54	63
54	66
54	68
54	77
54	78
55	8
55	53
55	54
55	62
55	64
55	67
55	73
55	74
55	75
55	80
55	81
56	2
56	20
56	25
56	28
56	29
56	36
56	37
56	39
56	41
56	48
56	51
57	1
57	7
57	13
57	21
57	23
57	34
57	49
57	52
57	58
57	59
57	61
57	71
58	1
58	4
58	7
58	21
58	23
58	34
58	49
58	52
58	57
58	59
58	61
58	65
59	1
59	7
59	11
59	13
59	21
59	23
59	34
59	52
59	57
59	58
59	61
59	69
60	14
60	35
60	40
60	47
60	50
60	54
60	63
60	65
60	68
60	77
60	78
60	79
61	1
61	4
61	7
61	11
61	13
61	21
61	34
61	49
61	57
61	58
61	59
61	68
62	3
62	5
62	8
62	12
62	38
62	55
62	64
62	67
62	70
62	73
62	75
62	80
62	81
63	5
63	14
63	27
63	35
63	37
63	42
63	43
63	50
63	54
63	60
63	68
63	78
63	79
64	6
64	22
64	49
64	53
64	55
64	62
64	67
64	72
64	73
64	74
64	75
64	80
64	81
65	24
65	27
65	40
65	42
65	47
65	50
65	58
65	60
65	66
65	68
65	77
65	78
65	79
66	5
66	15
66	16
66	17
66	27
66	35
66	40
66	42
66	54
66	65
66	68
66	74
66	77
66	79
67	6
67	16
67	22
67	30
67	38
67	53
67	55
67	62
67	64
67	73
67	74
67	75
67	80
67	81
68	14
68	16
68	17
68	35
68	42
68	47
68	54
68	60
68	61
68	63
68	65
68	66
68	78
68	79
69	19
69	26
69	28
69	31
69	32
69	33
69	36
69	43
69	44
69	46
69	59
69	70
69	71
69	72
69	76
70	10
70	18
70	19
70	20
70	31
70	33
70	43
70	44
70	45
70	46
70	62
70	69
70	71
70	72
70	76
71	10
71	19
71	26
71	31
71	32
71	33
71	36
71	43
71	44
71	46
71	50
71	57
71	69
71	70
71	72
71	76
72	10
72	18
72	26
72	31
72	32
72	33
72	36
72	43
72	44
72	45
72	46
72	64
72	69
72	70
72	71
72	76
73	3
73	6
73	7
73	12
73	22
73	30
73	38
73	53
73	55
73	62
73	64
73	67
73	74
73	75
73	80
73	81
74	3
74	6
74	8
74	9
74	12
74	30
74	38
74	53
74	55
74	64
74	66
74	67
74	73
74	75
74	77
74	80
74	81
75	3
75	8
75	9
75	12
75	21
75	22
75	30
75	38
75	53
75	55
75	62
75	64
75	67
75	73
75	74
75	80
75	81
76	10
76	17
76	18
76	19
76	26
76	31
76	32
76	33
76	36
76	43
76	44
76	45
76	46
76	69
76	70
76	71
76	72
77	14
77	15
77	16
77	17
77	24
77	27
77	40
77	42
77	47
77	54
77	60
77	65
77	66
77	74
77	78
77	79
77	81
78	5
78	15
78	16
78	17
78	24
78	27
78	40
78	42
78	45
78	46
78	47
78	54
78	60
78	63
78	65
78	68
78	77
78	79
79	5
79	14
79	15
79	24
79	30
79	35
79	40
79	42
79	47
79	50
79	60
79	63
79	65
79	66
79	68
79	77
79	78
79	80
80	4
80	6
80	8
80	9
80	12
80	22
80	30
80	38
80	53
80	55
80	62
80	64
80	67
80	73
80	74
80	75
80	79
80	81
81	3
81	6
81	9
81	12
81	22
81	30
81	38
81	51
81	53
81	55
81	62
81	64
81	67
81	73
81	74
81	75
81	77
81	80
