1	12
1	27
1	37
1	39
1	41
1	46
2	32
2	37
2	39
2	41
2	46
2	79
3	40
3	43
3	47
3	50
3	52
3	73
4	5
4	9
4	14
4	15
4	18
4	19
5	4
5	9
5	13
5	18
5	19
5	53
6	24
6	26
6	28
6	30
6	31
6	35
7	27
7	48
7	51
7	53
7	54
7	58
8	31
8	73
8	76
8	77
8	80
8	81
9	4
9	5
9	13
9	14
9	15
9	64
10	26
10	28
10	30
10	31
10	35
10	52
11	16
11	22
11	36
11	40
11	44
11	50
12	1
12	21
12	32
12	37
12	46
12	75
13	5
13	9
13	14
13	15
13	18
13	19
14	4
14	9
14	13
14	15
14	18
14	19
15	4
15	9
15	13
15	14
15	18
15	19
15	66
16	11
16	40
16	42
16	47
16	50
16	52
16	58
17	48
17	49
17	51
17	53
17	54
17	55
17	58
18	4
18	5
18	13
18	14
18	15
18	19
18	75
19	4
19	5
19	13
19	14
19	15
19	18
19	47
20	63
20	75
20	76
20	78
20	79
20	80
20	81
21	12
21	27
21	32
21	37
21	39
21	41
21	46
22	11
22	40
22	42
22	43
22	44
22	47
22	52
23	38
23	48
23	49
23	51
23	53
23	54
23	58
24	6
24	26
24	28
24	30
24	31
24	35
24	71
25	62
25	72
25	76
25	77
25	79
25	80
25	81
26	6
26	10
26	24
26	28
26	30
26	31
26	35
27	1
27	7
27	21
27	32
27	39
27	41
27	46
28	6
28	10
28	24
28	26
28	30
28	31
28	35
29	38
29	48
29	49
29	51
29	53
29	54
29	58
30	6
30	10
30	24
30	26
30	28
30	31
30	35
30	46
31	6
31	8
31	10
31	24
31	26
31	28
31	30
31	35
32	2
32	12
32	21
32	27
32	37
32	39
32	41
32	46
33	57
33	61
33	62
33	65
33	66
33	68
33	69
33	70
34	59
34	62
34	65
34	66
34	67
34	69
34	70
34	76
35	6
35	10
35	24
35	26
35	28
35	30
35	31
35	66
36	11
36	56
36	57
36	61
36	62
36	65
36	67
36	69
36	70
37	1
37	2
37	12
37	21
37	32
37	39
37	41
37	46
37	61
38	23
38	29
38	48
38	49
38	51
38	53
38	54
38	58
38	60
39	1
39	2
39	21
39	27
39	32
39	37
39	41
39	44
39	46
40	3
40	11
40	16
40	22
40	42
40	43
40	47
40	50
40	52
41	1
41	2
41	21
41	27
41	32
41	37
41	39
41	46
41	56
42	16
42	22
42	40
42	43
42	44
42	47
42	50
42	52
42	65
43	3
43	22
43	40
43	42
43	44
43	47
43	50
43	52
43	78
44	11
44	22
44	39
44	42
44	43
44	47
44	50
44	52
44	78
45	56
45	59
45	61
45	65
45	66
45	67
45	69
45	70
45	71
46	1
46	2
46	12
46	21
46	27
46	30
46	32
46	37
46	39
46	41
47	3
47	16
47	19
47	22
47	40
47	42
47	43
47	44
47	50
47	52
48	7
48	17
48	23
48	29
48	38
48	49
48	53
48	54
48	58
48	80
49	17
49	23
49	29
49	38
49	48
49	51
49	53
49	54
49	58
49	69
50	3
50	11
50	16
50	40
50	42
50	43
50	44
50	47
50	51
50	52
51	7
51	17
51	23
51	29
51	38
51	49
51	50
51	53
51	54
51	58
52	3
52	10
52	16
52	22
52	40
52	42
52	43
52	44
52	47
52	50
53	5
53	7
53	17
53	23
53	29
53	38
53	48
53	49
53	51
53	54
53	58
54	7
54	17
54	23
54	29
54	38
54	48
54	49
54	51
54	53
54	58
54	80
55	17
55	68
55	72
55	73
55	74
55	75
55	76
55	77
55	78
55	79
55	80
55	81
56	36
56	41
56	45
56	57
56	59
56	61
56	62
56	65
56	66
56	67
56	69
56	70
57	33
57	36
57	56
57	59
57	61
57	62
57	65
57	66
57	67
57	69
57	70
57	76
58	7
58	16
58	17
58	23
58	29
58	38
58	48
58	49
58	51
58	53
58	54
58	77
59	34
59	45
59	56
59	57
59	61
59	62
59	65
59	66
59	67
59	69
59	70
59	81
60	38
60	64
60	71
60	72
60	73
60	74
60	75
60	77
60	78
60	79
60	80
60	81
61	33
61	36
61	37
61	45
61	56
61	57
61	59
61	62
61	65
61	66
61	67
61	69
61	70
62	25
62	33
62	34
62	36
62	56
62	57
62	59
62	61
62	65
62	66
62	67
62	69
62	70
63	20
63	64
63	69
63	71
63	73
63	74
63	75
63	76
63	77
63	78
63	79
63	80
63	81
64	9
64	60
64	63
64	68
64	71
64	72
64	73
64	74
64	75
64	77
64	78
64	79
64	80
64	81
65	33
65	34
65	36
65	42
65	45
65	56
65	57
65	59
65	61
65	62
65	66
65	67
65	69
65	70
66	15
66	33
66	34
66	35
66	45
66	56
66	57
66	59
66	61
66	62
66	65
66	67
66	69
66	70
67	34
67	36
67	45
67	56
67	57
67	59
67	61
67	62
67	65
67	66
67	69
67	70
67	72
67	74
68	33
68	55
68	64
68	70
68	71
68	72
68	73
68	74
68	75
68	76
68	77
68	78
68	79
68	80
68	81
69	33
69	34
69	36
69	45
69	49
69	56
69	57
69	59
69	61
69	62
69	63
69	65
69	66
69	67
69	70
70	33
70	34
70	36
70	45
70	56
70	57
70	59
70	61
70	62
70	65
70	66
70	67
70	68
70	69
70	81
71	24
71	45
71	60
71	63
71	64
71	68
71	72
71	73
71	74
71	76
71	77
71	78
71	79
71	80
71	81
72	25
72	55
72	60
72	64
72	67
72	68
72	71
72	73
72	74
72	75
72	76
72	77
72	78
72	79
72	80
72	81
73	3
73	8
73	55
73	60
73	63
73	64
73	68
73	71
73	72
73	74
73	75
73	77
73	78
73	79
73	80
73	81
74	55
74	60
74	63
74	64
74	67
74	68
74	71
74	72
74	73
74	75
74	76
74	77
74	78
74	79
74	80
74	81
75	12
75	18
75	20
75	55
75	60
75	63
75	64
75	68
75	72
75	73
75	74
75	76
75	77
75	78
75	79
75	80
75	81
76	8
76	20
76	25
76	34
76	55
76	57
76	63
76	68
76	71
76	72
76	74
76	75
76	77
76	78
76	79
76	80
76	81
77	8
77	25
77	55
77	58
77	60
77	63
77	64
77	68
77	71
77	72
77	73
77	74
77	75
77	76
77	78
77	79
77	80
77	81
78	20
78	43
78	44
78	55
78	60
78	63
78	64
78	68
78	71
78	72
78	73
78	74
78	75
78	76
78	77
78	79
78	80
78	81
79	2
79	20
79	25
79	55
79	60
79	63
79	64
79	68
79	71
79	72
79	73
79	74
79	75
79	76
79	77
79	78
79	80
79	81
80	8
80	20
80	25
80	48
80	54
80	55
80	60
80	63
80	64
80	68
80	71
80	72
80	73
80	74
80	75
80	76
80	77
80	78
80	79
80	81
81	8
81	20
81	25
81	55
81	59
81	60
81	63
81	64
81	68
81	70
81	71
81	72
81	73
81	74
81	75
81	76
81	77
81	78
81	79
81	80
