1	2
1	6
1	10
1	41
1	51
1	52
2	1
2	13
2	41
2	42
2	51
2	52
3	28
3	30
3	31
3	46
3	49
3	53
4	17
4	54
4	55
4	58
4	61
4	63
5	17
5	30
5	31
5	43
5	49
5	78
6	1
6	19
6	41
6	42
6	51
6	52
7	20
7	21
7	36
7	57
7	60
7	67
8	16
8	31
8	43
8	49
8	53
8	62
9	14
9	15
9	37
9	39
9	57
9	67
10	1
10	23
10	41
10	42
10	51
10	52
11	35
11	47
11	54
11	58
11	61
11	63
12	20
12	22
12	39
12	60
12	67
12	81
13	2
13	19
13	41
13	42
13	51
13	52
14	9
14	15
14	57
14	60
14	66
14	67
15	9
15	14
15	57
15	60
15	67
15	78
16	8
16	28
16	43
16	49
16	53
16	79
17	4
17	5
17	30
17	31
17	43
17	53
18	69
18	74
18	78
18	79
18	80
18	81
19	6
19	13
19	42
19	50
19	51
19	52
20	7
20	12
20	36
20	39
20	57
20	79
21	7
21	37
21	39
21	41
21	57
21	60
21	67
22	12
22	24
22	47
22	54
22	56
22	61
22	63
23	10
23	24
23	35
23	47
23	55
23	58
23	63
24	22
24	23
24	54
24	56
24	58
24	61
24	77
25	69
25	74
25	77
25	78
25	79
25	80
25	81
26	30
26	66
26	77
26	78
26	79
26	80
26	81
27	64
27	74
27	77
27	78
27	79
27	80
27	81
28	3
28	16
28	30
28	33
28	43
28	49
28	53
29	40
29	51
29	71
29	72
29	73
29	75
29	76
30	3
30	5
30	17
30	26
30	28
30	49
30	53
31	3
31	5
31	8
31	17
31	43
31	49
31	53
32	33
32	45
32	59
32	68
32	72
32	73
32	75
32	76
33	28
33	32
33	65
33	68
33	71
33	73
33	75
33	76
34	46
34	59
34	65
34	71
34	72
34	73
34	75
34	76
35	11
35	23
35	43
35	54
35	55
35	56
35	61
35	63
36	7
36	20
36	37
36	39
36	53
36	57
36	60
36	67
37	9
37	21
37	36
37	39
37	57
37	59
37	60
37	67
38	56
38	59
38	68
38	71
38	72
38	73
38	75
38	76
39	9
39	12
39	20
39	21
39	36
39	37
39	60
39	67
40	29
40	68
40	71
40	72
40	73
40	75
40	76
40	79
41	1
41	2
41	6
41	10
41	13
41	21
41	42
41	51
41	52
42	2
42	6
42	10
42	13
42	19
42	41
42	51
42	52
42	80
43	5
43	8
43	16
43	17
43	28
43	31
43	35
43	49
43	53
44	54
44	62
44	64
44	70
44	74
44	77
44	78
44	80
44	81
45	32
45	64
45	65
45	68
45	71
45	72
45	73
45	75
45	76
46	3
46	34
46	65
46	68
46	71
46	72
46	73
46	75
46	76
47	11
47	22
47	23
47	55
47	56
47	58
47	60
47	61
47	63
48	62
48	69
48	70
48	74
48	76
48	77
48	78
48	79
48	80
48	81
49	3
49	5
49	8
49	16
49	28
49	30
49	31
49	43
49	53
49	58
50	19
50	66
50	69
50	70
50	74
50	77
50	78
50	79
50	80
50	81
51	1
51	2
51	6
51	10
51	13
51	19
51	29
51	41
51	42
51	52
52	1
52	2
52	6
52	10
52	13
52	19
52	41
52	42
52	51
52	73
53	3
53	8
53	16
53	17
53	28
53	30
53	31
53	36
53	43
53	49
54	4
54	11
54	22
54	24
54	35
54	44
54	55
54	56
54	58
54	63
55	4
55	23
55	35
55	47
55	54
55	56
55	58
55	61
55	63
55	75
56	22
56	24
56	35
56	38
56	47
56	54
56	55
56	58
56	61
56	63
57	7
57	9
57	14
57	15
57	20
57	21
57	36
57	37
57	60
57	67
57	68
58	4
58	11
58	23
58	24
58	47
58	49
58	54
58	55
58	56
58	61
58	63
59	32
59	34
59	37
59	38
59	65
59	68
59	71
59	72
59	73
59	75
59	76
60	7
60	12
60	14
60	15
60	21
60	36
60	37
60	39
60	47
60	57
60	67
61	4
61	11
61	22
61	24
61	35
61	47
61	55
61	56
61	58
61	63
61	69
62	8
62	44
62	48
62	64
62	66
62	70
62	74
62	77
62	78
62	79
62	80
62	81
63	4
63	11
63	22
63	23
63	35
63	47
63	54
63	55
63	56
63	58
63	61
63	70
64	27
64	44
64	45
64	62
64	66
64	70
64	74
64	77
64	78
64	79
64	80
64	81
65	33
65	34
65	45
65	46
65	59
65	67
65	68
65	71
65	72
65	73
65	75
65	76
66	14
66	26
66	50
66	62
66	64
66	69
66	70
66	74
66	77
66	78
66	79
66	80
66	81
67	7
67	9
67	12
67	14
67	15
67	21
67	36
67	37
67	39
67	57
67	60
67	65
67	74
68	32
68	33
68	38
68	40
68	45
68	46
68	57
68	59
68	65
68	71
68	72
68	73
68	75
68	76
69	18
69	25
69	48
69	50
69	61
69	66
69	70
69	74
69	75
69	77
69	78
69	79
69	80
69	81
70	44
70	48
70	50
70	62
70	63
70	64
70	66
70	69
70	71
70	74
70	77
70	78
70	79
70	80
70	81
71	29
71	33
71	34
71	38
71	40
71	45
71	46
71	59
71	65
71	68
71	70
71	72
71	73
71	75
71	76
72	29
72	32
72	34
72	38
72	40
72	45
72	46
72	59
72	65
72	68
72	71
72	73
72	75
72	76
72	80
72	81
73	29
73	32
73	33
73	34
73	38
73	40
73	45
73	46
73	52
73	59
73	65
73	68
73	71
73	72
73	75
73	76
74	18
74	25
74	27
74	44
74	48
74	50
74	62
74	64
74	66
74	67
74	69
74	70
74	77
74	78
74	79
74	80
74	81
75	29
75	32
75	33
75	34
75	38
75	40
75	45
75	46
75	55
75	59
75	65
75	68
75	69
75	71
75	72
75	73
75	76
76	29
76	32
76	33
76	34
76	38
76	40
76	45
76	46
76	48
76	59
76	65
76	68
76	71
76	72
76	73
76	75
76	77
77	24
77	25
77	26
77	27
77	44
77	48
77	50
77	62
77	64
77	66
77	69
77	70
77	74
77	76
77	78
77	79
77	80
77	81
78	5
78	15
78	18
78	25
78	26
78	27
78	44
78	48
78	50
78	62
78	64
78	66
78	69
78	70
78	74
78	77
78	79
78	80
78	81
79	16
79	18
79	20
79	25
79	26
79	27
79	40
79	48
79	50
79	62
79	64
79	66
79	69
79	70
79	74
79	77
79	78
79	80
79	81
80	18
80	25
80	26
80	27
80	42
80	44
80	48
80	50
80	62
80	64
80	66
80	69
80	70
80	72
80	74
80	77
80	78
80	79
80	81
81	12
81	18
81	25
81	26
81	27
81	44
81	48
81	50
81	62
81	64
81	66
81	69
81	70
81	72
81	74
81	77
81	78
81	79
81	80
