1	2
1	8
1	9
1	14
1	25
1	27
2	1
2	8
2	9
2	14
2	25
2	27
3	6
3	29
3	43
3	56
3	57
3	79
4	6
4	10
4	45
4	48
4	56
4	57
5	7
5	22
5	41
5	50
5	52
5	80
6	3
6	4
6	29
6	45
6	56
6	57
7	5
7	11
7	22
7	33
7	50
7	52
8	1
8	2
8	14
8	25
8	27
8	61
9	1
9	2
9	14
9	25
9	27
9	54
10	4
10	26
10	36
10	43
10	48
10	56
11	7
11	21
11	33
11	41
11	50
11	52
12	57
12	66
12	67
12	69
12	70
12	71
13	21
13	22
13	33
13	41
13	50
13	52
14	1
14	2
14	8
14	9
14	25
14	27
15	45
15	72
15	73
15	75
15	80
15	81
16	51
16	63
16	72
16	73
16	75
16	80
16	81
17	42
17	59
17	74
17	76
17	77
17	78
17	79
18	38
18	59
18	74
18	76
18	77
18	78
18	79
19	34
19	47
19	58
19	74
19	77
19	78
19	79
20	37
20	55
20	74
20	76
20	77
20	78
20	79
21	11
21	13
21	33
21	41
21	50
21	52
21	68
22	5
22	7
22	13
22	41
22	50
22	52
22	81
23	63
23	68
23	72
23	73
23	75
23	80
23	81
24	64
24	68
24	72
24	73
24	75
24	80
24	81
25	1
25	2
25	8
25	9
25	14
25	27
25	40
26	10
26	36
26	43
26	45
26	48
26	56
26	57
27	1
27	2
27	8
27	9
27	14
27	25
27	76
28	65
28	66
28	67
28	69
28	70
28	71
28	81
29	3
29	6
29	43
29	45
29	48
29	56
29	57
29	62
30	58
30	61
30	62
30	65
30	66
30	67
30	69
30	70
31	63
31	64
31	66
31	68
31	72
31	75
31	80
31	81
32	63
32	64
32	71
32	72
32	73
32	75
32	80
32	81
33	7
33	11
33	13
33	21
33	41
33	50
33	52
33	64
34	19
34	62
34	65
34	66
34	67
34	69
34	70
34	71
35	61
35	62
35	65
35	66
35	67
35	69
35	70
35	71
36	10
36	26
36	43
36	45
36	48
36	56
36	57
36	78
37	20
37	41
37	58
37	60
37	74
37	76
37	77
37	78
37	79
38	18
38	51
38	55
38	58
38	74
38	76
38	77
38	78
38	79
39	44
39	64
39	68
39	69
39	72
39	73
39	75
39	80
39	81
40	25
40	55
40	59
40	60
40	74
40	76
40	77
40	78
40	79
41	5
41	11
41	13
41	21
41	22
41	33
41	37
41	50
41	52
42	17
42	53
42	58
42	60
42	74
42	76
42	77
42	78
42	79
43	3
43	10
43	26
43	29
43	36
43	45
43	48
43	56
43	57
43	68
44	39
44	46
44	63
44	68
44	72
44	73
44	75
44	78
44	80
44	81
45	4
45	6
45	15
45	26
45	29
45	36
45	43
45	48
45	56
45	57
46	44
46	48
46	51
46	63
46	64
46	68
46	73
46	75
46	80
46	81
47	19
47	55
47	59
47	60
47	61
47	74
47	76
47	77
47	78
47	79
48	4
48	10
48	26
48	29
48	36
48	43
48	45
48	46
48	56
48	57
49	53
49	54
49	61
49	62
49	66
49	67
49	69
49	70
49	71
49	79
50	5
50	7
50	11
50	13
50	21
50	22
50	33
50	41
50	52
50	77
51	16
51	38
51	46
51	64
51	68
51	72
51	73
51	75
51	80
51	81
52	5
52	7
52	11
52	13
52	21
52	22
52	33
52	41
52	50
52	65
53	42
53	49
53	54
53	61
53	62
53	65
53	66
53	67
53	69
53	70
53	71
54	9
54	49
54	53
54	61
54	62
54	65
54	66
54	67
54	69
54	70
54	71
55	20
55	38
55	40
55	47
55	58
55	59
55	60
55	65
55	74
55	76
55	78
55	79
56	3
56	4
56	6
56	10
56	26
56	29
56	36
56	43
56	45
56	48
56	57
56	71
57	3
57	4
57	6
57	12
57	26
57	29
57	36
57	43
57	45
57	48
57	56
57	63
58	19
58	30
58	37
58	38
58	42
58	55
58	59
58	60
58	74
58	76
58	77
58	78
58	79
59	17
59	18
59	40
59	47
59	55
59	58
59	60
59	72
59	74
59	76
59	77
59	78
59	79
60	37
60	40
60	42
60	47
60	55
60	58
60	59
60	70
60	74
60	76
60	77
60	78
60	79
61	8
61	30
61	35
61	47
61	49
61	53
61	54
61	62
61	65
61	66
61	67
61	69
61	70
61	71
62	29
62	30
62	34
62	35
62	49
62	53
62	54
62	61
62	65
62	66
62	67
62	69
62	70
62	71
63	16
63	23
63	31
63	32
63	44
63	46
63	57
63	64
63	68
63	72
63	73
63	75
63	80
63	81
64	24
64	31
64	32
64	33
64	39
64	46
64	51
64	63
64	68
64	72
64	73
64	75
64	80
64	81
65	28
65	30
65	34
65	35
65	52
65	53
65	54
65	55
65	61
65	62
65	66
65	67
65	69
65	70
65	71
66	12
66	28
66	30
66	31
66	34
66	35
66	49
66	53
66	54
66	61
66	62
66	65
66	67
66	69
66	70
66	71
67	12
67	28
67	30
67	34
67	35
67	49
67	53
67	54
67	61
67	62
67	65
67	66
67	69
67	70
67	71
67	74
68	21
68	23
68	24
68	31
68	39
68	43
68	44
68	46
68	51
68	63
68	64
68	72
68	73
68	75
68	80
68	81
69	12
69	28
69	30
69	34
69	35
69	39
69	49
69	53
69	54
69	61
69	62
69	65
69	66
69	67
69	70
69	71
70	12
70	28
70	30
70	34
70	35
70	49
70	53
70	54
70	60
70	61
70	62
70	65
70	66
70	67
70	69
70	71
71	12
71	28
71	32
71	34
71	35
71	49
71	53
71	54
71	56
71	61
71	62
71	65
71	66
71	67
71	69
71	70
72	15
72	16
72	23
72	24
72	31
72	32
72	39
72	44
72	51
72	59
72	63
72	64
72	68
72	73
72	75
72	80
72	81
73	15
73	16
73	23
73	24
73	32
73	39
73	44
73	46
73	51
73	63
73	64
73	68
73	72
73	74
73	75
73	80
73	81
74	17
74	18
74	19
74	20
74	37
74	38
74	40
74	42
74	47
74	55
74	58
74	59
74	60
74	67
74	73
74	76
74	77
74	79
75	15
75	16
75	23
75	24
75	31
75	32
75	39
75	44
75	46
75	51
75	63
75	64
75	68
75	72
75	73
75	77
75	80
75	81
76	17
76	18
76	20
76	27
76	37
76	38
76	40
76	42
76	47
76	55
76	58
76	59
76	60
76	74
76	77
76	78
76	79
76	80
77	17
77	18
77	19
77	20
77	37
77	38
77	40
77	42
77	47
77	50
77	58
77	59
77	60
77	74
77	75
77	76
77	78
77	79
78	17
78	18
78	19
78	20
78	36
78	37
78	38
78	40
78	42
78	44
78	47
78	55
78	58
78	59
78	60
78	76
78	77
78	79
79	3
79	17
79	18
79	19
79	20
79	37
79	38
79	40
79	42
79	47
79	49
79	55
79	58
79	59
79	60
79	74
79	76
79	77
79	78
80	5
80	15
80	16
80	23
80	24
80	31
80	32
80	39
80	44
80	46
80	51
80	63
80	64
80	68
80	72
80	73
80	75
80	76
80	81
81	15
81	16
81	22
81	23
81	24
81	28
81	31
81	32
81	39
81	44
81	46
81	51
81	63
81	64
81	68
81	72
81	73
81	75
81	80
