1	6
1	8
1	13
1	15
1	19
1	23
2	4
2	9
2	11
2	12
2	21
2	74
3	25
3	56
3	64
3	66
3	73
3	77
4	2
4	9
4	11
4	12
4	18
4	21
5	45
5	64
5	66
5	72
5	73
5	77
6	1
6	8
6	13
6	15
6	19
6	23
7	43
7	49
7	53
7	59
7	68
7	79
8	1
8	6
8	13
8	19
8	23
8	54
9	2
9	4
9	11
9	12
9	18
9	21
10	37
10	48
10	64
10	72
10	73
10	77
11	2
11	4
11	9
11	12
11	18
11	21
12	2
12	4
12	9
12	11
12	18
12	21
13	1
13	6
13	8
13	15
13	23
13	81
14	31
14	54
14	62
14	65
14	74
14	78
15	1
15	6
15	13
15	19
15	23
15	70
16	17
16	46
16	57
16	66
16	73
16	77
17	16
17	49
17	51
17	53
17	58
17	68
18	4
18	9
18	11
18	12
18	21
18	40
19	1
19	6
19	8
19	15
19	23
19	46
19	76
20	45
20	52
20	62
20	65
20	71
20	74
20	78
21	2
21	4
21	9
21	11
21	12
21	18
21	32
22	24
22	27
22	65
22	69
22	71
22	74
22	78
23	1
23	6
23	8
23	13
23	15
23	19
23	59
24	22
24	54
24	62
24	65
24	71
24	74
24	78
25	3
25	47
25	57
25	64
25	72
25	73
25	77
26	50
26	61
26	67
26	73
26	75
26	79
26	80
26	81
27	22
27	34
27	54
27	60
27	69
27	71
27	74
27	78
28	30
28	38
28	39
28	42
28	51
28	58
28	66
28	68
29	30
29	42
29	47
29	49
29	51
29	58
29	59
29	68
30	28
30	29
30	39
30	51
30	53
30	58
30	59
30	68
31	14
31	41
31	57
31	62
31	69
31	71
31	74
31	78
32	21
32	56
32	63
32	70
32	75
32	79
32	80
32	81
33	39
33	67
33	70
33	75
33	76
33	79
33	80
33	81
34	27
34	55
34	70
34	75
34	76
34	79
34	80
34	81
35	44
35	52
35	67
35	70
35	76
35	79
35	80
35	81
36	37
36	46
36	48
36	57
36	60
36	66
36	72
36	73
36	77
37	10
37	36
37	48
37	64
37	66
37	69
37	72
37	73
37	77
38	28
38	39
38	42
38	43
38	49
38	53
38	58
38	59
38	68
39	28
39	30
39	33
39	38
39	43
39	51
39	53
39	59
39	68
40	18
40	52
40	54
40	60
40	62
40	69
40	71
40	74
40	78
41	31
41	52
41	58
41	60
41	65
41	69
41	71
41	74
41	78
42	28
42	29
42	38
42	43
42	49
42	58
42	59
42	67
42	68
43	7
43	38
43	39
43	42
43	51
43	58
43	59
43	68
43	69
44	35
44	55
44	61
44	67
44	70
44	76
44	79
44	80
44	81
45	5
45	20
45	46
45	47
45	57
45	64
45	72
45	73
45	77
46	16
46	19
46	36
46	45
46	47
46	57
46	64
46	72
46	73
46	77
47	25
47	29
47	45
47	46
47	57
47	64
47	66
47	72
47	73
47	77
48	10
48	36
48	37
48	57
48	64
48	66
48	72
48	73
48	77
48	80
49	7
49	17
49	29
49	38
49	42
49	51
49	53
49	58
49	59
49	68
50	26
50	53
50	55
50	56
50	67
50	75
50	76
50	79
50	80
50	81
51	17
51	28
51	29
51	30
51	39
51	43
51	49
51	53
51	62
51	68
52	20
52	35
52	40
52	41
52	54
52	65
52	69
52	71
52	74
52	78
53	7
53	17
53	30
53	38
53	39
53	49
53	50
53	51
53	59
53	68
53	79
54	8
54	14
54	24
54	27
54	40
54	52
54	60
54	62
54	71
54	74
54	78
55	34
55	44
55	50
55	63
55	69
55	70
55	75
55	76
55	79
55	80
55	81
56	3
56	32
56	50
56	61
56	63
56	70
56	72
56	75
56	76
56	80
56	81
57	16
57	25
57	31
57	36
57	45
57	46
57	47
57	48
57	66
57	72
57	73
57	77
58	17
58	28
58	29
58	30
58	38
58	41
58	42
58	43
58	49
58	59
58	68
58	78
59	7
59	23
59	29
59	30
59	38
59	39
59	42
59	43
59	49
59	53
59	58
59	68
60	27
60	36
60	40
60	41
60	54
60	62
60	65
60	66
60	69
60	71
60	74
60	78
61	26
61	44
61	56
61	63
61	67
61	70
61	75
61	76
61	77
61	79
61	80
61	81
62	14
62	20
62	24
62	31
62	40
62	51
62	54
62	60
62	65
62	69
62	71
62	78
63	32
63	55
63	56
63	61
63	67
63	68
63	70
63	75
63	76
63	78
63	79
63	80
63	81
64	3
64	5
64	10
64	25
64	37
64	45
64	46
64	47
64	48
64	72
64	73
64	75
64	77
65	14
65	20
65	22
65	24
65	41
65	52
65	60
65	62
65	69
65	71
65	72
65	74
65	78
66	3
66	5
66	16
66	28
66	36
66	37
66	47
66	48
66	57
66	60
66	72
66	73
66	77
67	26
67	33
67	35
67	42
67	44
67	50
67	61
67	63
67	70
67	75
67	76
67	79
67	80
67	81
68	7
68	17
68	28
68	29
68	30
68	38
68	39
68	42
68	43
68	49
68	51
68	53
68	58
68	59
68	63
69	22
69	27
69	31
69	37
69	40
69	41
69	43
69	52
69	55
69	60
69	62
69	65
69	71
69	74
69	78
70	15
70	32
70	33
70	34
70	35
70	44
70	55
70	56
70	61
70	63
70	67
70	75
70	76
70	79
70	80
70	81
71	20
71	22
71	24
71	27
71	31
71	40
71	41
71	52
71	54
71	60
71	62
71	65
71	69
71	74
71	75
71	78
72	5
72	10
72	25
72	36
72	37
72	45
72	46
72	47
72	48
72	56
72	57
72	64
72	65
72	66
72	73
72	77
73	3
73	5
73	10
73	16
73	25
73	26
73	36
73	37
73	45
73	46
73	47
73	48
73	57
73	64
73	66
73	72
73	77
74	2
74	14
74	20
74	22
74	24
74	27
74	31
74	40
74	41
74	52
74	54
74	60
74	65
74	69
74	71
74	76
74	78
75	26
75	32
75	33
75	34
75	50
75	55
75	56
75	61
75	63
75	64
75	67
75	70
75	71
75	76
75	79
75	80
75	81
76	19
76	33
76	34
76	35
76	44
76	50
76	55
76	56
76	61
76	63
76	67
76	70
76	74
76	75
76	79
76	80
76	81
77	3
77	5
77	10
77	16
77	25
77	36
77	37
77	45
77	46
77	47
77	48
77	57
77	61
77	64
77	66
77	72
77	73
78	14
78	20
78	22
78	24
78	27
78	31
78	40
78	41
78	52
78	54
78	58
78	60
78	62
78	63
78	65
78	69
78	71
78	74
79	7
79	26
79	32
79	33
79	34
79	35
79	44
79	50
79	53
79	55
79	61
79	63
79	67
79	70
79	75
79	76
79	80
79	81
80	26
80	32
80	33
80	34
80	35
80	44
80	48
80	50
80	55
80	56
80	61
80	63
80	67
80	70
80	75
80	76
80	79
80	81
81	13
81	26
81	32
81	33
81	34
81	35
81	44
81	50
81	55
81	56
81	61
81	63
81	67
81	70
81	75
81	76
81	79
81	80
