1	21
1	43
1	46
1	48
1	49
1	63
2	10
2	17
2	18
2	19
2	31
2	34
3	14
3	37
3	42
3	47
3	51
3	77
4	38
4	44
4	45
4	52
4	54
4	56
5	24
5	32
5	41
5	45
5	52
5	54
6	22
6	43
6	46
6	48
6	49
6	67
7	11
7	33
7	36
7	37
7	42
7	51
8	36
8	37
8	42
8	47
8	51
8	67
9	17
9	18
9	19
9	31
9	34
9	70
10	2
10	13
10	18
10	19
10	31
10	34
11	7
11	36
11	42
11	47
11	51
11	74
12	22
12	26
12	43
12	46
12	48
12	49
13	10
13	17
13	19
13	31
13	34
13	43
14	3
14	33
14	42
14	47
14	51
14	73
15	16
15	23
15	25
15	29
15	30
15	32
16	15
16	20
16	25
16	29
16	30
16	32
17	2
17	9
17	13
17	18
17	19
17	31
17	34
18	2
18	9
18	10
18	17
18	31
18	34
18	74
19	2
19	9
19	10
19	13
19	17
19	31
19	34
20	16
20	23
20	25
20	29
20	30
20	32
20	68
21	1
21	26
21	43
21	46
21	48
21	49
21	60
22	6
22	12
22	38
22	43
22	46
22	48
22	49
23	15
23	20
23	25
23	29
23	30
23	32
23	80
24	5
24	38
24	39
24	41
24	44
24	52
24	54
25	15
25	16
25	20
25	23
25	29
25	30
25	32
26	12
26	21
26	43
26	46
26	48
26	49
26	77
27	39
27	41
27	44
27	45
27	52
27	54
27	60
28	57
28	61
28	62
28	63
28	64
28	65
28	71
29	15
29	16
29	20
29	23
29	25
29	30
29	32
29	52
30	15
30	16
30	20
30	23
30	25
30	29
30	32
30	69
31	2
31	9
31	10
31	13
31	17
31	18
31	19
31	34
32	5
32	15
32	16
32	20
32	23
32	25
32	29
32	30
33	7
33	14
33	36
33	37
33	42
33	47
33	51
33	64
34	2
34	9
34	10
34	13
34	17
34	18
34	19
34	31
34	73
35	58
35	67
35	70
35	74
35	75
35	78
35	79
35	80
35	81
36	7
36	8
36	11
36	33
36	37
36	42
36	44
36	47
36	51
37	3
37	7
37	8
37	33
37	36
37	42
37	47
37	49
37	51
38	4
38	22
38	24
38	39
38	41
38	44
38	45
38	52
38	54
39	24
39	27
39	38
39	41
39	44
39	45
39	52
39	54
39	56
40	55
40	57
40	60
40	62
40	63
40	64
40	65
40	71
40	78
41	5
41	24
41	27
41	38
41	39
41	44
41	45
41	46
41	52
41	54
42	3
42	7
42	8
42	11
42	14
42	33
42	36
42	37
42	47
42	51
43	1
43	6
43	12
43	13
43	21
43	22
43	26
43	46
43	48
43	49
44	4
44	24
44	27
44	36
44	38
44	39
44	41
44	45
44	52
44	54
45	4
45	5
45	27
45	38
45	39
45	41
45	44
45	52
45	54
45	76
46	1
46	6
46	12
46	21
46	22
46	26
46	41
46	43
46	48
46	49
47	3
47	8
47	11
47	14
47	33
47	36
47	37
47	42
47	51
47	81
48	1
48	6
48	12
48	21
48	22
48	26
48	43
48	46
48	49
48	66
49	1
49	6
49	12
49	21
49	22
49	26
49	37
49	43
49	46
49	48
50	59
50	66
50	68
50	70
50	73
50	74
50	76
50	78
50	79
50	80
50	81
51	3
51	7
51	8
51	11
51	14
51	33
51	36
51	37
51	42
51	47
51	81
52	4
52	5
52	24
52	27
52	29
52	38
52	39
52	41
52	44
52	45
52	54
53	55
53	57
53	58
53	59
53	61
53	62
53	63
53	64
53	65
53	71
53	79
54	4
54	5
54	24
54	27
54	38
54	39
54	41
54	44
54	45
54	52
54	76
55	40
55	53
55	58
55	59
55	60
55	61
55	62
55	63
55	64
55	65
55	71
55	79
56	4
56	39
56	67
56	69
56	70
56	74
56	75
56	76
56	77
56	78
56	80
56	81
57	28
57	40
57	53
57	58
57	59
57	60
57	61
57	62
57	63
57	64
57	65
57	71
58	35
58	53
58	55
58	57
58	59
58	60
58	61
58	62
58	63
58	64
58	65
58	71
59	50
59	53
59	55
59	57
59	58
59	60
59	61
59	62
59	63
59	64
59	65
59	71
59	75
60	21
60	27
60	40
60	55
60	57
60	58
60	59
60	61
60	62
60	63
60	64
60	65
60	71
61	28
61	53
61	55
61	57
61	58
61	59
61	60
61	62
61	63
61	64
61	65
61	71
61	72
62	28
62	40
62	53
62	55
62	57
62	58
62	59
62	60
62	61
62	63
62	64
62	65
62	71
62	72
63	1
63	28
63	40
63	53
63	55
63	57
63	58
63	59
63	60
63	61
63	62
63	64
63	65
63	71
64	28
64	33
64	40
64	53
64	55
64	57
64	58
64	59
64	60
64	61
64	62
64	63
64	65
64	71
65	28
65	40
65	53
65	55
65	57
65	58
65	59
65	60
65	61
65	62
65	63
65	64
65	71
65	80
66	48
66	50
66	68
66	69
66	70
66	72
66	73
66	74
66	75
66	76
66	77
66	78
66	79
66	80
66	81
67	6
67	8
67	35
67	56
67	68
67	69
67	72
67	73
67	74
67	76
67	77
67	78
67	79
67	80
67	81
68	20
68	50
68	66
68	67
68	69
68	70
68	72
68	73
68	75
68	76
68	77
68	78
68	79
68	80
68	81
69	30
69	56
69	66
69	67
69	68
69	70
69	71
69	72
69	73
69	75
69	77
69	78
69	79
69	80
69	81
70	9
70	35
70	50
70	56
70	66
70	68
70	69
70	72
70	74
70	75
70	76
70	77
70	79
70	80
70	81
71	28
71	40
71	53
71	55
71	57
71	58
71	59
71	60
71	61
71	62
71	63
71	64
71	65
71	69
71	78
72	61
72	62
72	66
72	67
72	68
72	69
72	70
72	73
72	75
72	76
72	77
72	78
72	79
72	80
72	81
73	14
73	34
73	50
73	66
73	67
73	68
73	69
73	72
73	74
73	75
73	76
73	77
73	78
73	79
73	80
73	81
74	11
74	18
74	35
74	50
74	56
74	66
74	67
74	70
74	73
74	75
74	76
74	77
74	78
74	79
74	80
74	81
75	35
75	56
75	59
75	66
75	68
75	69
75	70
75	72
75	73
75	74
75	76
75	77
75	78
75	79
75	80
75	81
76	45
76	50
76	54
76	56
76	66
76	67
76	68
76	70
76	72
76	73
76	74
76	75
76	77
76	78
76	79
76	80
76	81
77	3
77	26
77	56
77	66
77	67
77	68
77	69
77	70
77	72
77	73
77	74
77	75
77	76
77	78
77	79
77	80
77	81
78	35
78	40
78	50
78	56
78	66
78	67
78	68
78	69
78	71
78	72
78	73
78	74
78	75
78	76
78	77
78	79
78	80
78	81
79	35
79	50
79	53
79	55
79	66
79	67
79	68
79	69
79	70
79	72
79	73
79	74
79	75
79	76
79	77
79	78
79	80
79	81
80	23
80	35
80	50
80	56
80	65
80	66
80	67
80	68
80	69
80	70
80	72
80	73
80	74
80	75
80	76
80	77
80	78
80	79
80	81
81	35
81	47
81	50
81	51
81	56
81	66
81	67
81	68
81	69
81	70
81	72
81	73
81	74
81	75
81	76
81	77
81	78
81	79
81	80
