1	6
1	29
1	31
1	35
1	43
1	73
2	10
2	36
2	49
2	52
2	67
2	79
3	4
3	5
3	7
3	8
3	24
3	26
4	3
4	5
4	8
4	24
4	26
4	64
5	3
5	4
5	7
5	8
5	24
5	26
6	1
6	21
6	29
6	31
6	35
6	43
7	3
7	5
7	8
7	22
7	24
7	26
8	3
8	4
8	5
8	7
8	24
8	26
9	11
9	15
9	38
9	44
9	50
9	69
10	2
10	36
10	51
10	56
10	62
10	67
11	9
11	33
11	40
11	41
11	44
11	50
12	28
12	45
12	49
12	54
12	62
12	67
13	14
13	19
13	20
13	23
13	34
13	37
14	13
14	17
14	20
14	23
14	34
14	37
15	9
15	27
15	38
15	41
15	50
15	62
16	53
16	58
16	59
16	61
16	63
16	65
17	14
17	19
17	20
17	23
17	34
17	37
18	27
18	33
18	40
18	41
18	44
18	50
19	13
19	17
19	20
19	23
19	34
19	37
20	13
20	14
20	17
20	19
20	34
20	37
21	6
21	22
21	25
21	29
21	43
21	80
22	7
22	21
22	25
22	29
22	31
22	35
22	43
23	13
23	14
23	17
23	19
23	34
23	37
23	75
24	3
24	4
24	5
24	7
24	8
24	26
24	46
25	21
25	22
25	29
25	31
25	35
25	43
25	56
26	3
26	4
26	5
26	7
26	8
26	24
26	52
27	15
27	18
27	38
27	40
27	44
27	50
27	73
28	12
28	49
28	52
28	54
28	62
28	67
28	81
29	1
29	6
29	21
29	22
29	25
29	35
29	43
30	32
30	58
30	60
30	61
30	63
30	65
30	71
31	1
31	6
31	22
31	25
31	35
31	43
31	68
32	30
32	57
32	58
32	59
32	60
32	61
32	63
32	65
33	11
33	18
33	38
33	40
33	41
33	44
33	50
33	60
34	13
34	14
34	17
34	19
34	20
34	23
34	37
34	66
35	1
35	6
35	22
35	25
35	29
35	31
35	43
35	78
36	2
36	10
36	45
36	47
36	56
36	62
36	67
36	79
37	13
37	14
37	17
37	19
37	20
37	23
37	34
37	77
38	9
38	15
38	27
38	33
38	40
38	41
38	44
38	50
39	53
39	57
39	58
39	59
39	60
39	61
39	63
39	65
40	11
40	18
40	27
40	33
40	38
40	41
40	50
40	60
41	11
41	15
41	18
41	33
41	38
41	40
41	44
41	65
42	53
42	57
42	59
42	60
42	61
42	63
42	65
42	70
43	1
43	6
43	21
43	22
43	25
43	29
43	31
43	35
44	9
44	11
44	18
44	27
44	33
44	38
44	41
44	50
45	12
45	36
45	46
45	47
45	52
45	54
45	56
45	62
45	67
46	24
46	45
46	47
46	49
46	52
46	54
46	56
46	62
46	67
47	36
47	45
47	46
47	52
47	54
47	56
47	62
47	67
47	77
48	70
48	71
48	72
48	73
48	74
48	78
48	79
48	80
48	81
49	2
49	12
49	28
49	46
49	52
49	54
49	56
49	62
49	67
49	68
50	9
50	11
50	15
50	18
50	27
50	33
50	38
50	40
50	44
50	69
51	10
51	69
51	70
51	72
51	73
51	74
51	76
51	78
51	79
51	80
51	81
52	2
52	26
52	28
52	45
52	46
52	47
52	49
52	54
52	56
52	62
52	67
53	16
53	39
53	42
53	57
53	58
53	59
53	60
53	61
53	63
53	65
53	77
54	12
54	28
54	45
54	46
54	47
54	49
54	52
54	56
54	62
54	67
54	80
55	66
55	67
55	71
55	72
55	75
55	76
55	77
55	78
55	79
55	80
55	81
56	10
56	25
56	36
56	45
56	46
56	47
56	49
56	52
56	54
56	62
56	67
57	32
57	39
57	42
57	53
57	58
57	59
57	60
57	61
57	63
57	65
57	71
57	81
58	16
58	30
58	32
58	39
58	53
58	57
58	59
58	60
58	61
58	63
58	65
58	66
59	16
59	32
59	39
59	42
59	53
59	57
59	58
59	60
59	61
59	63
59	65
59	74
60	30
60	32
60	33
60	39
60	40
60	42
60	53
60	57
60	58
60	59
60	61
60	63
60	65
61	16
61	30
61	32
61	39
61	42
61	53
61	57
61	58
61	59
61	60
61	63
61	65
61	74
62	10
62	12
62	15
62	28
62	36
62	45
62	46
62	47
62	49
62	52
62	54
62	56
62	67
62	70
63	16
63	30
63	32
63	39
63	42
63	53
63	57
63	58
63	59
63	60
63	61
63	64
63	65
63	72
64	4
64	63
64	68
64	70
64	72
64	73
64	74
64	75
64	76
64	77
64	78
64	79
64	80
64	81
65	16
65	30
65	32
65	39
65	41
65	42
65	53
65	57
65	58
65	59
65	60
65	61
65	63
65	75
66	34
66	55
66	58
66	68
66	69
66	70
66	71
66	74
66	75
66	76
66	77
66	78
66	79
66	80
66	81
67	2
67	10
67	12
67	28
67	36
67	45
67	46
67	47
67	49
67	52
67	54
67	55
67	56
67	62
67	76
68	31
68	49
68	64
68	66
68	69
68	71
68	72
68	73
68	74
68	75
68	76
68	77
68	78
68	79
68	80
68	81
69	9
69	50
69	51
69	66
69	68
69	70
69	71
69	72
69	73
69	74
69	75
69	76
69	77
69	78
69	79
69	80
69	81
70	42
70	48
70	51
70	62
70	64
70	66
70	69
70	71
70	72
70	73
70	74
70	75
70	76
70	77
70	78
70	80
70	81
71	30
71	48
71	55
71	57
71	66
71	68
71	69
71	70
71	72
71	73
71	74
71	76
71	77
71	78
71	79
71	80
71	81
72	48
72	51
72	55
72	63
72	64
72	68
72	69
72	70
72	71
72	73
72	74
72	75
72	77
72	78
72	79
72	80
72	81
73	1
73	27
73	48
73	51
73	64
73	68
73	69
73	70
73	71
73	72
73	75
73	76
73	77
73	78
73	79
73	80
73	81
74	48
74	51
74	59
74	61
74	64
74	66
74	68
74	69
74	70
74	71
74	72
74	75
74	76
74	78
74	79
74	80
74	81
75	23
75	55
75	64
75	65
75	66
75	68
75	69
75	70
75	72
75	73
75	74
75	76
75	77
75	78
75	79
75	80
75	81
76	51
76	55
76	64
76	66
76	67
76	68
76	69
76	70
76	71
76	73
76	74
76	75
76	77
76	78
76	79
76	80
76	81
77	37
77	47
77	53
77	55
77	64
77	66
77	68
77	69
77	70
77	71
77	72
77	73
77	75
77	76
77	78
77	79
77	80
77	81
78	35
78	48
78	51
78	55
78	64
78	66
78	68
78	69
78	70
78	71
78	72
78	73
78	74
78	75
78	76
78	77
78	79
78	80
78	81
79	2
79	36
79	48
79	51
79	55
79	64
79	66
79	68
79	69
79	71
79	72
79	73
79	74
79	75
79	76
79	77
79	78
79	80
79	81
80	21
80	48
80	51
80	54
80	55
80	64
80	66
80	68
80	69
80	70
80	71
80	72
80	73
80	74
80	75
80	76
80	77
80	78
80	79
80	81
81	28
81	48
81	51
81	55
81	57
81	64
81	66
81	68
81	69
81	70
81	71
81	72
81	73
81	74
81	75
81	76
81	77
81	78
81	79
81	80
