1	6
1	42
1	53
1	70
1	75
1	77
2	4
2	36
2	48
2	57
2	61
2	69
3	56
3	66
3	73
3	78
3	79
3	80
4	2
4	9
4	21
4	35
4	39
4	69
5	30
5	45
5	47
5	51
5	52
5	80
6	1
6	31
6	47
6	74
6	75
6	77
7	27
7	38
7	45
7	64
7	71
7	81
8	34
8	36
8	57
8	61
8	69
8	81
9	4
9	11
9	34
9	57
9	61
9	76
10	41
10	62
10	66
10	73
10	78
10	80
11	9
11	34
11	44
11	57
11	61
11	69
12	30
12	45
12	47
12	51
12	52
12	65
13	27
13	67
13	71
13	72
13	76
13	81
14	56
14	62
14	74
14	78
14	79
14	80
15	53
15	57
15	68
15	70
15	75
15	77
16	25
16	56
16	60
16	78
16	79
16	80
17	23
17	26
17	47
17	50
17	51
17	52
18	22
18	59
18	65
18	73
18	78
18	79
19	22
19	55
19	68
19	70
19	74
19	75
19	77
20	52
20	63
20	67
20	71
20	72
20	76
20	81
21	4
21	39
21	48
21	57
21	61
21	69
21	72
22	18
22	19
22	53
22	58
22	68
22	75
22	77
23	17
23	26
23	30
23	45
23	51
23	52
23	67
24	42
24	43
24	58
24	74
24	75
24	77
24	79
25	16
25	29
25	50
25	65
25	73
25	79
25	80
26	17
26	23
26	30
26	45
26	47
26	51
26	52
27	7
27	13
27	29
27	64
27	71
27	76
27	81
28	37
28	42
28	54
28	63
28	71
28	72
28	81
29	25
29	27
29	49
29	63
29	71
29	72
29	76
29	81
30	5
30	12
30	23
30	26
30	45
30	47
30	51
30	52
31	6
31	40
31	68
31	70
31	74
31	75
31	76
31	77
32	36
32	54
32	55
32	64
32	71
32	72
32	76
32	81
33	40
33	43
33	68
33	70
33	74
33	75
33	77
33	79
34	8
34	9
34	11
34	36
34	39
34	44
34	61
34	69
35	4
35	39
35	44
35	48
35	57
35	61
35	69
35	71
36	2
36	8
36	32
36	34
36	44
36	48
36	61
36	69
37	28
37	49
37	55
37	63
37	64
37	72
37	76
37	81
38	7
38	54
38	55
38	64
38	67
38	72
38	76
38	81
39	4
39	21
39	34
39	35
39	48
39	57
39	62
39	69
40	31
40	33
40	41
40	43
40	58
40	70
40	74
40	75
40	77
41	10
41	40
41	50
41	59
41	65
41	73
41	78
41	79
41	80
42	1
42	24
42	28
42	58
42	68
42	70
42	74
42	75
42	77
43	24
43	33
43	40
43	53
43	56
43	70
43	74
43	75
43	77
44	11
44	34
44	35
44	36
44	48
44	57
44	61
44	69
44	80
45	5
45	7
45	12
45	23
45	26
45	30
45	47
45	51
45	52
46	50
46	59
46	62
46	65
46	68
46	73
46	78
46	79
46	80
47	5
47	6
47	12
47	17
47	26
47	30
47	45
47	51
47	52
48	2
48	21
48	35
48	36
48	39
48	44
48	61
48	69
48	75
49	29
49	37
49	55
49	64
49	70
49	71
49	72
49	76
49	81
50	17
50	25
50	41
50	46
50	59
50	60
50	66
50	78
50	79
50	80
51	5
51	12
51	17
51	23
51	26
51	30
51	45
51	47
51	52
51	53
52	5
52	12
52	17
52	20
52	23
52	26
52	30
52	45
52	47
52	51
53	1
53	15
53	22
53	43
53	51
53	58
53	70
53	74
53	75
53	77
54	28
54	32
54	38
54	55
54	63
54	67
54	69
54	71
54	72
54	76
54	81
55	19
55	32
55	37
55	38
55	49
55	54
55	63
55	67
55	71
55	76
55	81
56	3
56	14
56	16
56	43
56	60
56	62
56	66
56	73
56	78
56	79
56	80
57	2
57	8
57	9
57	11
57	15
57	21
57	35
57	39
57	44
57	61
57	69
58	22
58	24
58	40
58	42
58	53
58	68
58	70
58	74
58	75
58	77
58	78
59	18
59	41
59	46
59	50
59	60
59	62
59	65
59	68
59	73
59	78
59	79
59	80
60	16
60	50
60	56
60	59
60	62
60	65
60	66
60	73
60	77
60	78
60	79
60	80
61	2
61	8
61	9
61	11
61	21
61	34
61	35
61	36
61	44
61	48
61	57
61	69
62	10
62	14
62	39
62	46
62	56
62	59
62	60
62	66
62	73
62	78
62	79
62	80
63	20
63	28
63	29
63	37
63	54
63	55
63	64
63	67
63	72
63	74
63	76
63	81
64	7
64	27
64	32
64	37
64	38
64	49
64	63
64	67
64	72
64	74
64	76
64	81
65	12
65	18
65	25
65	41
65	46
65	59
65	60
65	66
65	73
65	78
65	79
65	80
66	3
66	10
66	50
66	56
66	60
66	62
66	65
66	73
66	78
66	79
66	80
66	81
67	13
67	20
67	23
67	38
67	54
67	55
67	63
67	64
67	71
67	72
67	76
67	81
68	15
68	19
68	22
68	31
68	33
68	42
68	46
68	58
68	59
68	70
68	74
68	75
68	77
69	2
69	4
69	8
69	11
69	21
69	34
69	35
69	36
69	39
69	44
69	48
69	54
69	57
69	61
70	1
70	15
70	19
70	31
70	33
70	40
70	42
70	43
70	49
70	53
70	58
70	68
70	74
70	75
70	77
71	7
71	13
71	20
71	27
71	28
71	29
71	32
71	35
71	49
71	54
71	55
71	67
71	72
71	73
71	76
71	81
72	13
72	20
72	21
72	28
72	29
72	32
72	37
72	38
72	49
72	54
72	63
72	64
72	67
72	71
72	76
72	81
73	3
73	10
73	18
73	25
73	41
73	46
73	56
73	59
73	60
73	62
73	65
73	66
73	71
73	78
73	79
73	80
74	6
74	14
74	19
74	24
74	31
74	33
74	40
74	42
74	43
74	53
74	58
74	63
74	64
74	68
74	70
74	75
74	77
75	1
75	6
75	15
75	19
75	22
75	24
75	31
75	33
75	40
75	42
75	43
75	48
75	53
75	58
75	68
75	70
75	74
75	77
76	9
76	13
76	20
76	27
76	29
76	31
76	32
76	37
76	38
76	49
76	54
76	55
76	63
76	64
76	67
76	71
76	72
76	81
77	1
77	6
77	15
77	19
77	22
77	24
77	31
77	33
77	40
77	42
77	43
77	53
77	58
77	60
77	68
77	70
77	74
77	75
77	78
78	3
78	10
78	14
78	16
78	18
78	41
78	46
78	50
78	56
78	58
78	59
78	60
78	62
78	65
78	66
78	73
78	77
78	79
78	80
79	3
79	14
79	16
79	18
79	24
79	25
79	33
79	41
79	46
79	50
79	56
79	59
79	60
79	62
79	65
79	66
79	73
79	78
79	80
80	3
80	5
80	10
80	14
80	16
80	25
80	41
80	44
80	46
80	50
80	56
80	59
80	60
80	62
80	65
80	66
80	73
80	78
80	79
81	7
81	8
81	13
81	20
81	27
81	28
81	29
81	32
81	37
81	38
81	49
81	54
81	55
81	63
81	64
81	66
81	67
81	71
81	72
81	76
