1	10
1	25
1	36
1	44
1	46
1	76
2	31
2	61
2	77
2	78
2	80
2	81
3	20
3	59
3	60
3	63
3	68
3	69
4	33
4	52
4	72
4	73
4	74
4	80
5	31
5	48
5	49
5	51
5	57
5	81
6	60
6	75
6	78
6	79
6	80
6	81
7	27
7	52
7	62
7	72
7	73
7	74
8	11
8	17
8	25
8	36
8	44
8	79
9	26
9	52
9	62
9	72
9	73
9	74
10	1
10	25
10	32
10	44
10	46
10	78
11	8
11	17
11	32
11	36
11	38
11	46
12	35
12	45
12	65
12	67
12	70
12	75
13	42
13	76
13	77
13	79
13	80
13	81
14	52
14	64
14	71
14	79
14	80
14	81
15	28
15	29
15	47
15	48
15	50
15	51
16	64
16	76
16	77
16	78
16	79
16	81
17	8
17	11
17	32
17	34
17	44
17	46
18	45
18	62
18	71
18	72
18	73
18	74
19	40
19	41
19	55
19	59
19	68
19	69
20	3
20	39
20	55
20	59
20	63
20	69
21	53
21	57
21	65
21	66
21	70
21	75
22	66
22	77
22	78
22	79
22	80
22	81
23	55
23	59
23	60
23	63
23	68
23	69
24	32
24	54
24	58
24	67
24	70
24	75
25	1
25	8
25	10
25	36
25	44
25	46
25	55
26	9
26	27
26	62
26	72
26	73
26	74
26	77
27	7
27	26
27	45
27	62
27	72
27	73
27	74
28	15
28	29
28	31
28	47
28	48
28	57
28	73
29	15
29	28
29	47
29	49
29	50
29	51
29	57
30	53
30	54
30	65
30	66
30	70
30	75
30	80
31	2
31	5
31	28
31	48
31	49
31	50
31	57
32	10
32	11
32	17
32	24
32	36
32	44
32	46
33	4
33	37
33	45
33	62
33	72
33	73
33	74
34	17
34	53
34	65
34	66
34	67
34	70
34	75
35	12
35	43
35	58
35	66
35	67
35	70
35	75
36	1
36	8
36	11
36	25
36	32
36	44
36	46
36	47
37	33
37	45
37	52
37	62
37	72
37	73
37	74
37	77
38	11
38	61
38	71
38	76
38	78
38	79
38	80
38	81
39	20
39	40
39	59
39	60
39	63
39	68
39	69
39	78
40	19
40	39
40	41
40	60
40	63
40	68
40	69
40	76
41	19
41	40
41	55
41	56
41	59
41	60
41	68
41	69
42	13
42	71
42	76
42	77
42	78
42	79
42	80
42	81
43	35
43	56
43	64
43	71
43	76
43	79
43	80
43	81
44	1
44	8
44	10
44	17
44	25
44	32
44	36
44	46
44	75
45	12
45	18
45	27
45	33
45	37
45	52
45	72
45	73
45	74
46	1
46	10
46	11
46	17
46	25
46	32
46	36
46	44
46	70
47	15
47	28
47	29
47	36
47	48
47	49
47	50
47	51
47	57
48	5
48	15
48	28
48	31
48	47
48	49
48	50
48	51
48	57
49	5
49	29
49	31
49	47
49	48
49	50
49	51
49	57
49	65
50	15
50	29
50	31
50	47
50	48
50	49
50	51
50	57
50	64
51	5
51	15
51	29
51	47
51	48
51	49
51	50
51	57
51	58
52	4
52	7
52	9
52	14
52	37
52	45
52	62
52	72
52	73
52	74
53	21
53	30
53	34
53	54
53	58
53	61
53	65
53	66
53	67
53	75
54	24
54	30
54	53
54	58
54	63
54	65
54	66
54	67
54	70
54	75
55	19
55	20
55	23
55	25
55	41
55	59
55	60
55	63
55	68
55	69
56	41
56	43
56	61
56	71
56	76
56	77
56	78
56	79
56	80
56	81
57	5
57	21
57	28
57	29
57	31
57	47
57	48
57	49
57	50
57	51
58	24
58	35
58	51
58	53
58	54
58	65
58	66
58	67
58	70
58	75
59	3
59	19
59	20
59	23
59	39
59	41
59	55
59	60
59	63
59	68
59	69
60	3
60	6
60	23
60	39
60	40
60	41
60	55
60	59
60	63
60	68
60	69
61	2
61	38
61	53
61	56
61	71
61	76
61	77
61	78
61	79
61	80
61	81
62	7
62	9
62	18
62	26
62	27
62	33
62	37
62	52
62	72
62	73
62	74
63	3
63	20
63	23
63	39
63	40
63	54
63	55
63	59
63	60
63	68
63	69
64	14
64	16
64	43
64	50
64	71
64	76
64	77
64	78
64	79
64	80
64	81
65	12
65	21
65	30
65	34
65	49
65	53
65	54
65	58
65	66
65	67
65	70
65	75
66	21
66	22
66	30
66	34
66	35
66	53
66	54
66	58
66	65
66	67
66	70
66	75
67	12
67	24
67	34
67	35
67	53
67	54
67	58
67	65
67	66
67	70
67	75
67	79
68	3
68	19
68	23
68	39
68	40
68	41
68	55
68	59
68	60
68	63
68	69
68	72
68	74
69	3
69	19
69	20
69	23
69	39
69	40
69	41
69	55
69	59
69	60
69	63
69	68
69	81
70	12
70	21
70	24
70	30
70	34
70	35
70	46
70	54
70	58
70	65
70	66
70	67
70	75
71	14
71	18
71	38
71	42
71	43
71	56
71	61
71	64
71	76
71	77
71	78
71	79
71	80
71	81
72	4
72	7
72	9
72	18
72	26
72	27
72	33
72	37
72	45
72	52
72	62
72	68
72	73
72	74
73	4
73	7
73	9
73	18
73	26
73	27
73	28
73	33
73	37
73	45
73	52
73	62
73	72
73	74
74	4
74	7
74	9
74	18
74	26
74	27
74	33
74	37
74	45
74	52
74	62
74	68
74	72
74	73
75	6
75	12
75	21
75	24
75	30
75	34
75	35
75	44
75	53
75	54
75	58
75	65
75	66
75	67
75	70
76	1
76	13
76	16
76	38
76	40
76	42
76	43
76	56
76	61
76	64
76	71
76	77
76	78
76	79
76	80
76	81
77	2
77	13
77	16
77	22
77	26
77	37
77	42
77	56
77	61
77	64
77	71
77	76
77	78
77	79
77	80
77	81
78	2
78	6
78	10
78	16
78	22
78	38
78	39
78	42
78	56
78	61
78	64
78	71
78	76
78	77
78	79
78	80
78	81
79	6
79	8
79	13
79	14
79	16
79	22
79	38
79	42
79	43
79	56
79	61
79	64
79	67
79	71
79	76
79	77
79	78
79	80
79	81
80	2
80	4
80	6
80	13
80	14
80	22
80	30
80	38
80	42
80	43
80	56
80	61
80	64
80	71
80	76
80	77
80	78
80	79
80	81
81	2
81	5
81	6
81	13
81	14
81	16
81	22
81	38
81	42
81	43
81	56
81	61
81	64
81	69
81	71
81	76
81	77
81	78
81	79
81	80
