1	27
1	28
1	30
1	37
1	40
1	43
2	25
2	39
2	41
2	44
2	48
2	69
3	5
3	42
3	46
3	49
3	53
3	57
4	76
4	77
4	78
4	79
4	80
4	81
5	3
5	46
5	49
5	53
5	57
5	77
6	7
6	11
6	12
6	20
6	24
6	50
7	6
7	12
7	18
7	20
7	24
7	80
8	14
8	39
8	41
8	44
8	48
8	57
9	73
9	74
9	76
9	78
9	79
9	80
10	22
10	42
10	46
10	49
10	53
10	57
11	6
11	12
11	18
11	20
11	24
11	42
12	6
12	7
12	11
12	18
12	20
12	24
13	76
13	77
13	78
13	79
13	80
13	81
14	8
14	25
14	36
14	41
14	44
14	48
15	27
15	28
15	30
15	37
15	40
15	43
16	36
16	47
16	59
16	60
16	61
16	71
17	30
17	51
17	64
17	65
17	68
17	69
18	7
18	11
18	12
18	20
18	24
18	70
19	59
19	61
19	62
19	66
19	71
19	72
20	6
20	7
20	11
20	12
20	18
20	24
21	27
21	30
21	37
21	40
21	43
21	58
22	10
22	31
22	49
22	52
22	53
22	57
23	73
23	74
23	78
23	79
23	80
23	81
24	6
24	7
24	11
24	12
24	18
24	20
25	2
25	14
25	36
25	39
25	41
25	44
25	48
26	46
26	56
26	64
26	65
26	67
26	68
26	69
27	1
27	15
27	21
27	28
27	37
27	40
27	43
28	1
28	15
28	27
28	30
28	37
28	40
28	43
29	60
29	75
29	77
29	78
29	79
29	80
29	81
30	1
30	15
30	17
30	21
30	28
30	40
30	43
31	22
31	42
31	46
31	49
31	53
31	57
31	73
32	51
32	55
32	64
32	67
32	68
32	69
32	75
33	34
33	50
33	54
33	59
33	66
33	71
33	72
34	33
34	47
34	50
34	60
34	62
34	71
34	72
35	51
35	54
35	64
35	65
35	67
35	68
35	69
36	14
36	16
36	25
36	39
36	41
36	44
36	48
37	1
37	15
37	21
37	27
37	28
37	40
37	43
38	62
38	74
38	75
38	76
38	77
38	79
38	81
39	2
39	8
39	25
39	36
39	41
39	44
39	48
39	73
40	1
40	15
40	21
40	27
40	28
40	30
40	37
40	43
41	2
41	8
41	14
41	25
41	36
41	39
41	44
41	48
42	3
42	10
42	11
42	31
42	46
42	49
42	53
42	57
43	1
43	15
43	21
43	27
43	28
43	30
43	37
43	40
44	2
44	8
44	14
44	25
44	36
44	39
44	41
44	48
45	55
45	56
45	64
45	65
45	67
45	68
45	69
45	77
46	3
46	5
46	10
46	26
46	31
46	42
46	49
46	53
46	57
47	16
47	34
47	50
47	51
47	54
47	62
47	66
47	71
47	72
48	2
48	8
48	14
48	25
48	36
48	39
48	41
48	44
48	79
49	3
49	5
49	10
49	22
49	31
49	42
49	46
49	53
49	57
49	76
50	6
50	33
50	34
50	47
50	54
50	60
50	61
50	66
50	71
50	72
51	17
51	32
51	35
51	47
51	55
51	56
51	65
51	67
51	68
51	69
52	22
52	70
52	73
52	74
52	75
52	77
52	78
52	79
52	80
52	81
53	3
53	5
53	10
53	22
53	31
53	42
53	46
53	49
53	57
53	61
54	33
54	35
54	47
54	50
54	59
54	60
54	61
54	62
54	66
54	72
55	32
55	45
55	51
55	56
55	64
55	65
55	67
55	68
55	69
55	78
56	26
56	45
56	51
56	55
56	64
56	65
56	67
56	68
56	69
56	80
57	3
57	5
57	8
57	10
57	22
57	31
57	42
57	46
57	49
57	53
58	21
58	73
58	74
58	75
58	76
58	77
58	78
58	79
58	80
58	81
59	16
59	19
59	33
59	54
59	60
59	61
59	62
59	66
59	71
59	72
59	81
60	16
60	29
60	34
60	50
60	54
60	59
60	61
60	62
60	66
60	71
60	72
61	16
61	19
61	50
61	53
61	54
61	59
61	60
61	62
61	66
61	71
61	72
62	19
62	34
62	38
62	47
62	54
62	59
62	60
62	61
62	66
62	71
62	72
62	81
63	70
63	71
63	73
63	74
63	75
63	76
63	77
63	78
63	79
63	80
63	81
64	17
64	26
64	32
64	35
64	45
64	55
64	56
64	65
64	66
64	67
64	68
64	69
65	17
65	26
65	35
65	45
65	51
65	55
65	56
65	64
65	67
65	68
65	69
65	74
66	19
66	33
66	47
66	50
66	54
66	59
66	60
66	61
66	62
66	64
66	71
66	72
67	26
67	32
67	35
67	45
67	51
67	55
67	56
67	64
67	65
67	68
67	69
67	72
68	17
68	26
68	32
68	35
68	45
68	51
68	55
68	56
68	64
68	65
68	67
68	69
68	75
69	2
69	17
69	26
69	32
69	35
69	45
69	51
69	55
69	56
69	64
69	65
69	67
69	68
70	18
70	52
70	63
70	73
70	74
70	75
70	76
70	77
70	78
70	79
70	80
70	81
71	16
71	19
71	33
71	34
71	47
71	50
71	59
71	60
71	61
71	62
71	63
71	66
71	72
72	19
72	33
72	34
72	47
72	50
72	54
72	59
72	60
72	61
72	62
72	66
72	67
72	71
73	9
73	23
73	31
73	39
73	52
73	58
73	63
73	70
73	74
73	75
73	76
73	77
73	78
73	79
73	80
73	81
74	9
74	23
74	38
74	52
74	58
74	63
74	65
74	70
74	73
74	75
74	76
74	77
74	78
74	79
74	80
74	81
75	29
75	32
75	38
75	52
75	58
75	63
75	68
75	70
75	73
75	74
75	76
75	77
75	78
75	79
75	80
75	81
76	4
76	9
76	13
76	38
76	49
76	58
76	63
76	70
76	73
76	74
76	75
76	77
76	78
76	79
76	80
76	81
77	4
77	5
77	13
77	29
77	38
77	45
77	52
77	58
77	63
77	70
77	73
77	74
77	75
77	76
77	78
77	79
77	80
77	81
78	4
78	9
78	13
78	23
78	29
78	52
78	55
78	58
78	63
78	70
78	73
78	74
78	75
78	76
78	77
78	79
78	80
78	81
79	4
79	9
79	13
79	23
79	29
79	38
79	48
79	52
79	58
79	63
79	70
79	73
79	74
79	75
79	76
79	77
79	78
79	80
79	81
80	4
80	7
80	9
80	13
80	23
80	29
80	52
80	56
80	58
80	63
80	70
80	73
80	74
80	75
80	76
80	77
80	78
80	79
80	81
81	4
81	13
81	23
81	29
81	38
81	52
81	58
81	59
81	62
81	63
81	70
81	73
81	74
81	75
81	76
81	77
81	78
81	79
81	80
