1	11
1	27
1	34
1	42
1	52
1	63
2	4
2	8
2	14
2	24
2	25
2	35
3	4
3	8
3	14
3	24
3	25
3	58
4	2
4	3
4	8
4	14
4	24
4	35
5	15
5	20
5	21
5	22
5	30
5	33
6	15
6	21
6	22
6	28
6	33
6	80
7	16
7	36
7	57
7	77
7	80
7	81
8	2
8	3
8	4
8	21
8	25
8	35
9	23
9	35
9	49
9	77
9	80
9	81
10	49
10	59
10	70
10	72
10	76
10	79
11	1
11	32
11	41
11	52
11	61
11	63
12	41
12	42
12	53
12	61
12	63
12	66
13	64
13	68
13	69
13	74
13	80
13	81
14	2
14	3
14	4
14	24
14	25
14	35
15	5
15	6
15	28
15	30
15	33
15	73
16	7
16	45
16	58
16	60
16	62
16	67
17	46
17	47
17	71
17	73
17	76
17	78
17	79
18	20
18	36
18	57
18	65
18	69
18	77
18	81
19	26
19	32
19	41
19	42
19	53
19	56
19	63
20	5
20	18
20	21
20	22
20	28
20	30
20	33
21	5
21	6
21	8
21	20
21	28
21	30
21	33
22	5
22	6
22	20
22	28
22	30
22	31
22	33
23	9
23	28
23	57
23	64
23	68
23	74
23	81
24	2
24	3
24	4
24	14
24	25
24	35
24	59
25	2
25	3
25	8
25	14
25	24
25	35
25	77
26	19
26	32
26	34
26	53
26	54
26	61
26	63
27	1
27	59
27	70
27	71
27	72
27	76
27	78
28	6
28	15
28	20
28	21
28	22
28	23
28	30
28	33
29	37
29	39
29	43
29	54
29	58
29	60
29	67
29	79
30	5
30	15
30	20
30	21
30	22
30	28
30	33
30	81
31	22
31	39
31	45
31	48
31	56
31	58
31	60
31	67
32	11
32	19
32	26
32	52
32	53
32	61
32	63
32	71
33	5
33	6
33	15
33	20
33	21
33	22
33	28
33	30
34	1
34	26
34	41
34	42
34	52
34	53
34	61
34	63
35	2
35	4
35	8
35	9
35	14
35	24
35	25
35	69
36	7
36	18
36	49
36	52
36	55
36	74
36	77
36	80
36	81
37	29
37	39
37	43
37	45
37	54
37	55
37	56
37	62
37	67
38	60
38	66
38	70
38	72
38	73
38	75
38	76
38	78
38	79
39	29
39	31
39	37
39	48
39	56
39	58
39	60
39	62
39	67
40	46
40	66
40	70
40	71
40	73
40	75
40	76
40	78
40	79
41	11
41	12
41	19
41	34
41	52
41	53
41	61
41	63
41	67
42	1
42	12
42	19
42	34
42	52
42	53
42	61
42	63
42	74
43	29
43	37
43	45
43	48
43	54
43	60
43	62
43	67
43	76
44	51
44	54
44	55
44	65
44	68
44	69
44	77
44	80
44	81
45	16
45	31
45	37
45	43
45	56
45	58
45	60
45	62
45	63
45	67
46	17
46	40
46	50
46	64
46	71
46	72
46	73
46	75
46	78
46	79
47	17
47	59
47	62
47	66
47	71
47	72
47	73
47	75
47	76
47	78
48	31
48	39
48	43
48	54
48	56
48	58
48	60
48	62
48	67
48	78
49	9
49	10
49	36
49	55
49	64
49	65
49	68
49	74
49	77
49	80
50	46
50	68
50	70
50	71
50	72
50	73
50	75
50	76
50	78
50	79
51	44
51	55
51	57
51	68
51	69
51	74
51	75
51	77
51	80
51	81
52	1
52	11
52	32
52	34
52	36
52	41
52	42
52	53
52	61
52	63
53	12
53	19
53	26
53	32
53	34
53	41
53	42
53	52
53	61
53	63
53	72
54	26
54	29
54	37
54	43
54	44
54	48
54	56
54	58
54	60
54	62
54	67
55	36
55	37
55	44
55	49
55	51
55	57
55	64
55	65
55	69
55	74
55	81
56	19
56	31
56	37
56	39
56	45
56	48
56	54
56	57
56	58
56	62
56	67
57	7
57	18
57	23
57	51
57	55
57	56
57	64
57	69
57	74
57	80
57	81
58	3
58	16
58	29
58	31
58	39
58	45
58	48
58	54
58	56
58	62
58	67
59	10
59	24
59	27
59	47
59	70
59	71
59	72
59	75
59	76
59	78
59	79
60	16
60	29
60	31
60	38
60	39
60	43
60	45
60	48
60	54
60	62
60	67
61	11
61	12
61	26
61	32
61	34
61	41
61	42
61	52
61	53
61	63
61	65
62	16
62	37
62	39
62	43
62	45
62	47
62	48
62	54
62	56
62	58
62	60
62	67
63	1
63	11
63	12
63	19
63	26
63	32
63	34
63	41
63	42
63	45
63	52
63	53
63	61
64	13
64	23
64	46
64	49
64	55
64	57
64	65
64	68
64	69
64	74
64	77
64	80
64	81
65	18
65	44
65	49
65	55
65	61
65	64
65	68
65	69
65	74
65	76
65	77
65	80
65	81
66	12
66	38
66	40
66	47
66	68
66	70
66	71
66	72
66	73
66	75
66	76
66	78
66	79
67	16
67	29
67	31
67	37
67	39
67	41
67	43
67	45
67	48
67	54
67	56
67	58
67	60
67	62
68	13
68	23
68	44
68	49
68	50
68	51
68	64
68	65
68	66
68	69
68	74
68	77
68	80
68	81
69	13
69	18
69	35
69	44
69	51
69	55
69	57
69	64
69	65
69	68
69	74
69	77
69	80
69	81
70	10
70	27
70	38
70	40
70	50
70	59
70	66
70	71
70	72
70	73
70	75
70	76
70	77
70	78
70	79
71	17
71	27
71	32
71	40
71	46
71	47
71	50
71	59
71	66
71	70
71	72
71	73
71	75
71	78
71	79
72	10
72	27
72	38
72	46
72	47
72	50
72	53
72	59
72	66
72	70
72	71
72	73
72	75
72	78
72	79
73	15
73	17
73	38
73	40
73	46
73	47
73	50
73	66
73	70
73	71
73	72
73	75
73	76
73	78
73	79
74	13
74	23
74	36
74	42
74	49
74	51
74	55
74	57
74	64
74	65
74	68
74	69
74	77
74	80
74	81
75	38
75	40
75	46
75	47
75	50
75	51
75	59
75	66
75	70
75	71
75	72
75	73
75	76
75	79
75	81
76	10
76	17
76	27
76	38
76	40
76	43
76	47
76	50
76	59
76	65
76	66
76	70
76	73
76	75
76	78
76	79
77	7
77	9
77	18
77	25
77	36
77	44
77	49
77	51
77	64
77	65
77	68
77	69
77	70
77	74
77	80
77	81
78	17
78	27
78	38
78	40
78	46
78	47
78	48
78	50
78	59
78	66
78	70
78	71
78	72
78	73
78	76
78	79
79	10
79	17
79	29
79	38
79	40
79	46
79	50
79	59
79	66
79	70
79	71
79	72
79	73
79	75
79	76
79	78
80	6
80	7
80	9
80	13
80	36
80	44
80	49
80	51
80	57
80	64
80	65
80	68
80	69
80	74
80	77
80	81
81	7
81	9
81	13
81	18
81	23
81	30
81	36
81	44
81	51
81	55
81	57
81	64
81	65
81	68
81	69
81	74
81	75
81	77
81	80
