1	2
1	7
1	9
1	17
1	20
1	22
2	1
2	7
2	9
2	17
2	20
2	22
3	50
3	53
3	56
3	67
3	69
3	70
4	27
4	28
4	36
4	38
4	39
4	58
5	8
5	53
5	56
5	67
5	69
5	70
6	63
6	65
6	74
6	76
6	78
6	80
7	1
7	2
7	9
7	17
7	18
7	22
8	5
8	42
8	51
8	55
8	56
8	68
9	1
9	2
9	7
9	20
9	22
9	76
10	40
10	72
10	75
10	77
10	78
10	79
11	33
11	48
11	65
11	71
11	76
11	80
12	14
12	19
12	29
12	30
12	37
12	66
13	33
13	57
13	71
13	74
13	76
13	80
14	12
14	19
14	29
14	30
14	37
14	48
15	27
15	28
15	36
15	38
15	39
15	67
16	32
16	44
16	49
16	50
16	68
16	70
17	1
17	2
17	7
17	20
17	22
17	73
18	7
18	19
18	24
18	29
18	30
18	37
19	12
19	14
19	18
19	24
19	25
19	37
20	1
20	2
20	9
20	17
20	22
20	71
21	27
21	28
21	34
21	36
21	38
21	39
22	1
22	2
22	7
22	9
22	17
22	20
23	49
23	53
23	55
23	64
23	67
23	68
23	69
24	18
24	19
24	25
24	29
24	30
24	37
24	78
25	19
25	24
25	29
25	30
25	37
25	70
25	72
26	31
26	40
26	48
26	51
26	57
26	65
26	74
26	80
27	4
27	15
27	21
27	28
27	34
27	36
27	38
27	39
28	4
28	15
28	21
28	27
28	34
28	36
28	38
28	39
29	12
29	14
29	18
29	24
29	25
29	30
29	37
29	60
30	12
30	14
30	18
30	24
30	25
30	29
30	37
30	75
31	26
31	46
31	54
31	66
31	72
31	73
31	78
31	81
32	16
32	43
32	49
32	59
32	67
32	68
32	69
32	70
33	11
33	13
33	63
33	65
33	74
33	76
33	77
33	80
34	21
34	27
34	28
34	36
34	38
34	39
34	41
35	52
35	58
35	72
35	75
35	77
35	78
35	79
35	80
35	81
36	4
36	15
36	21
36	27
36	28
36	34
36	38
36	39
36	77
37	12
37	14
37	18
37	19
37	24
37	25
37	29
37	30
37	53
38	4
38	15
38	21
38	27
38	28
38	34
38	36
38	39
38	46
39	4
39	15
39	21
39	27
39	28
39	34
39	36
39	38
39	74
40	10
40	26
40	45
40	57
40	63
40	71
40	74
40	76
40	80
41	34
41	44
41	51
41	60
41	65
41	71
41	74
41	76
41	80
42	8
42	50
42	55
42	56
42	59
42	67
42	68
42	69
42	81
43	32
43	46
43	62
43	64
43	73
43	75
43	77
43	78
43	79
43	81
44	16
44	41
44	45
44	48
44	57
44	60
44	63
44	71
44	74
44	80
45	40
45	44
45	51
45	59
45	60
45	63
45	65
45	71
45	76
45	80
46	31
46	38
46	43
46	54
46	61
46	66
46	73
46	77
46	79
46	81
47	52
47	54
47	61
47	62
47	65
47	66
47	72
47	75
47	77
47	79
47	81
48	11
48	14
48	26
48	44
48	51
48	57
48	60
48	63
48	74
48	76
48	80
49	16
49	23
49	32
49	50
49	53
49	54
49	59
49	67
49	68
49	69
49	70
50	3
50	16
50	42
50	49
50	56
50	58
50	59
50	67
50	68
50	69
50	70
51	8
51	26
51	41
51	45
51	48
51	57
51	60
51	65
51	71
51	76
51	80
52	35
52	47
52	61
52	66
52	73
52	75
52	77
52	78
52	79
52	80
52	81
53	3
53	5
53	23
53	37
53	49
53	55
53	59
53	67
53	68
53	69
53	70
54	31
54	46
54	47
54	49
54	58
54	64
54	72
54	73
54	78
54	79
54	81
55	8
55	23
55	42
55	53
55	56
55	59
55	66
55	68
55	69
55	70
55	73
56	3
56	5
56	8
56	42
56	50
56	55
56	59
56	67
56	68
56	69
56	70
56	79
57	13
57	26
57	40
57	44
57	48
57	51
57	63
57	64
57	71
57	74
57	76
57	80
58	4
58	35
58	50
58	54
58	62
58	64
58	73
58	75
58	77
58	78
58	79
58	81
59	32
59	42
59	45
59	49
59	50
59	53
59	55
59	56
59	67
59	68
59	69
59	70
60	29
60	41
60	44
60	45
60	48
60	51
60	63
60	65
60	71
60	74
60	76
60	80
61	46
61	47
61	52
61	64
61	66
61	70
61	73
61	75
61	77
61	78
61	79
61	81
62	43
62	47
62	58
62	64
62	65
62	66
62	72
62	73
62	75
62	77
62	78
62	79
62	81
63	6
63	33
63	40
63	44
63	45
63	48
63	57
63	60
63	65
63	71
63	74
63	76
63	80
64	23
64	43
64	54
64	57
64	58
64	61
64	62
64	66
64	72
64	75
64	77
64	78
64	79
64	81
65	6
65	11
65	26
65	33
65	41
65	45
65	47
65	51
65	60
65	62
65	63
65	71
65	76
65	80
66	12
66	31
66	46
66	47
66	52
66	55
66	61
66	62
66	64
66	72
66	77
66	78
66	79
66	81
67	3
67	5
67	15
67	23
67	32
67	42
67	49
67	50
67	53
67	56
67	59
67	68
67	69
67	70
68	8
68	16
68	23
68	32
68	42
68	49
68	50
68	53
68	55
68	56
68	59
68	67
68	69
68	70
68	79
69	3
69	5
69	23
69	32
69	42
69	49
69	50
69	53
69	55
69	56
69	59
69	67
69	68
69	70
69	74
70	3
70	5
70	16
70	25
70	32
70	49
70	50
70	53
70	55
70	56
70	59
70	61
70	67
70	68
70	69
71	11
71	13
71	20
71	40
71	41
71	44
71	45
71	51
71	57
71	60
71	63
71	65
71	74
71	76
71	80
71	81
72	10
72	25
72	31
72	35
72	47
72	54
72	62
72	64
72	66
72	73
72	75
72	76
72	77
72	78
72	79
72	81
73	17
73	31
73	43
73	46
73	52
73	54
73	55
73	58
73	61
73	62
73	72
73	75
73	77
73	78
73	79
73	81
74	6
74	13
74	26
74	33
74	39
74	40
74	41
74	44
74	48
74	57
74	60
74	63
74	69
74	71
74	76
74	80
75	10
75	30
75	35
75	43
75	47
75	52
75	58
75	61
75	62
75	64
75	72
75	73
75	77
75	78
75	79
75	81
76	6
76	9
76	11
76	13
76	33
76	40
76	41
76	45
76	48
76	51
76	57
76	60
76	63
76	65
76	71
76	72
76	74
76	80
77	10
77	33
77	35
77	36
77	43
77	46
77	47
77	52
77	58
77	61
77	62
77	64
77	66
77	72
77	73
77	75
77	79
77	81
78	6
78	10
78	24
78	31
78	35
78	43
78	52
78	54
78	58
78	61
78	62
78	64
78	66
78	72
78	73
78	75
78	79
78	81
79	10
79	35
79	43
79	46
79	47
79	52
79	54
79	56
79	58
79	61
79	62
79	64
79	66
79	68
79	72
79	73
79	75
79	77
79	78
79	81
80	6
80	11
80	13
80	26
80	33
80	35
80	40
80	41
80	44
80	45
80	48
80	51
80	52
80	57
80	60
80	63
80	65
80	71
80	74
80	76
81	31
81	35
81	42
81	43
81	46
81	47
81	52
81	54
81	58
81	61
81	62
81	64
81	66
81	71
81	72
81	73
81	75
81	77
81	78
81	79
