1	35
1	36
1	40
1	64
1	68
1	73
2	6
2	10
2	15
2	26
2	48
2	56
3	17
3	22
3	39
3	41
3	53
3	77
4	10
4	19
4	30
4	48
4	56
4	78
5	37
5	50
5	67
5	68
5	73
5	74
6	2
6	15
6	19
6	26
6	48
6	56
7	45
7	52
7	58
7	60
7	70
7	71
8	47
8	58
8	60
8	70
8	71
8	80
9	16
9	22
9	29
9	42
9	53
9	69
10	2
10	4
10	26
10	30
10	56
10	78
11	13
11	18
11	33
11	44
11	61
11	65
12	23
12	31
12	32
12	34
12	61
12	65
13	11
13	18
13	38
13	49
13	61
13	65
14	52
14	54
14	60
14	65
14	70
14	71
15	2
15	6
15	30
15	38
15	48
15	56
16	9
16	17
16	29
16	41
16	42
16	53
17	3
17	16
17	22
17	39
17	41
17	53
18	11
18	13
18	27
18	33
18	44
18	49
19	4
19	6
19	26
19	30
19	48
19	56
20	21
20	24
20	52
20	54
20	58
20	70
20	71
21	20
21	35
21	47
21	50
21	58
21	60
21	71
22	3
22	9
22	17
22	39
22	41
22	42
22	53
23	12
23	75
23	76
23	77
23	79
23	80
23	81
24	20
24	47
24	52
24	54
24	60
24	70
24	71
25	37
25	63
25	64
25	67
25	68
25	73
25	76
26	2
26	6
26	10
26	19
26	30
26	49
26	56
27	18
27	31
27	34
27	38
27	44
27	49
27	65
28	50
28	55
28	64
28	67
28	68
28	72
28	73
29	9
29	16
29	39
29	41
29	42
29	53
29	58
30	4
30	10
30	15
30	19
30	26
30	48
30	56
31	12
31	27
31	32
31	33
31	44
31	49
31	61
32	12
32	31
32	34
32	38
32	49
32	62
32	65
33	11
33	18
33	31
33	34
33	49
33	61
33	65
34	12
34	27
34	32
34	33
34	38
34	61
34	65
35	1
35	21
35	55
35	63
35	64
35	67
35	73
36	1
36	37
36	50
36	55
36	63
36	64
36	68
36	73
37	5
37	25
37	36
37	40
37	63
37	64
37	73
37	76
38	13
38	15
38	27
38	32
38	34
38	44
38	61
38	65
39	3
39	17
39	22
39	29
39	41
39	42
39	53
39	79
40	1
40	37
40	56
40	63
40	64
40	67
40	68
40	73
41	3
41	16
41	17
41	22
41	29
41	39
41	42
41	75
42	9
42	16
42	22
42	29
42	39
42	41
42	53
42	57
43	61
43	66
43	74
43	75
43	78
43	79
43	80
43	81
44	11
44	18
44	27
44	31
44	38
44	59
44	61
44	65
45	7
45	75
45	76
45	77
45	78
45	79
45	80
45	81
46	69
46	70
46	74
46	75
46	77
46	78
46	80
46	81
47	8
47	21
47	24
47	54
47	58
47	60
47	70
47	71
48	2
48	4
48	6
48	15
48	19
48	30
48	56
48	77
49	13
49	18
49	26
49	27
49	31
49	32
49	33
49	61
49	65
50	5
50	21
50	28
50	36
50	63
50	64
50	67
50	68
50	73
51	57
51	67
51	72
51	74
51	76
51	77
51	79
51	80
51	81
52	7
52	14
52	20
52	24
52	58
52	60
52	70
52	71
52	81
53	3
53	9
53	16
53	17
53	22
53	29
53	39
53	42
53	71
54	14
54	20
54	24
54	47
54	55
54	58
54	60
54	70
54	71
55	28
55	35
55	36
55	54
55	63
55	64
55	67
55	68
55	73
56	2
56	4
56	6
56	10
56	15
56	19
56	26
56	30
56	40
56	48
57	42
57	51
57	66
57	72
57	75
57	76
57	78
57	79
57	80
57	81
58	7
58	8
58	20
58	21
58	29
58	47
58	52
58	54
58	70
58	71
59	44
59	69
59	72
59	74
59	75
59	76
59	77
59	78
59	79
59	80
59	81
60	7
60	8
60	14
60	21
60	24
60	47
60	52
60	54
60	70
60	71
60	80
61	11
61	12
61	13
61	31
61	33
61	34
61	38
61	43
61	44
61	49
61	65
62	32
62	63
62	69
62	72
62	74
62	75
62	77
62	78
62	79
62	80
62	81
63	25
63	35
63	36
63	37
63	40
63	50
63	55
63	62
63	64
63	67
63	73
64	1
64	25
64	28
64	35
64	36
64	37
64	40
64	50
64	55
64	63
64	72
64	73
65	11
65	12
65	13
65	14
65	27
65	32
65	33
65	34
65	38
65	44
65	49
65	61
66	43
66	57
66	68
66	69
66	72
66	74
66	76
66	77
66	78
66	79
66	80
66	81
67	5
67	25
67	28
67	35
67	40
67	50
67	51
67	55
67	63
67	68
67	73
67	81
68	1
68	5
68	25
68	28
68	36
68	40
68	50
68	55
68	66
68	67
68	73
68	79
69	9
69	46
69	59
69	62
69	66
69	72
69	74
69	75
69	76
69	78
69	79
69	80
69	81
70	7
70	8
70	14
70	20
70	24
70	46
70	47
70	52
70	54
70	58
70	60
70	71
70	73
71	7
71	8
71	14
71	20
71	21
71	24
71	47
71	52
71	53
71	54
71	58
71	60
71	70
72	28
72	51
72	57
72	59
72	62
72	64
72	66
72	69
72	74
72	76
72	77
72	78
72	79
72	80
72	81
73	1
73	5
73	25
73	28
73	35
73	36
73	37
73	40
73	50
73	55
73	63
73	64
73	67
73	68
73	70
73	75
74	5
74	43
74	46
74	51
74	59
74	62
74	66
74	69
74	72
74	75
74	76
74	77
74	78
74	79
74	80
74	81
75	23
75	41
75	43
75	45
75	46
75	57
75	59
75	62
75	69
75	73
75	74
75	76
75	77
75	78
75	79
75	80
75	81
76	23
76	25
76	37
76	45
76	51
76	57
76	59
76	66
76	69
76	72
76	74
76	75
76	77
76	78
76	79
76	80
76	81
77	3
77	23
77	45
77	46
77	48
77	51
77	59
77	62
77	66
77	72
77	74
77	75
77	76
77	78
77	79
77	80
77	81
78	4
78	10
78	43
78	45
78	46
78	57
78	59
78	62
78	66
78	69
78	72
78	74
78	75
78	76
78	77
78	79
78	80
78	81
79	23
79	39
79	43
79	45
79	51
79	57
79	59
79	62
79	66
79	68
79	69
79	72
79	74
79	75
79	76
79	77
79	78
79	80
79	81
80	8
80	23
80	43
80	45
80	46
80	51
80	57
80	59
80	60
80	62
80	66
80	69
80	72
80	74
80	75
80	76
80	77
80	78
80	79
80	81
81	23
81	43
81	45
81	46
81	51
81	52
81	57
81	59
81	62
81	66
81	67
81	69
81	72
81	74
81	75
81	76
81	77
81	78
81	79
81	80
