1	42
1	44
1	48
1	63
1	71
1	73
2	24
2	40
2	47
2	50
2	56
2	80
3	39
3	65
3	73
3	76
3	78
3	79
4	22
4	40
4	47
4	49
4	50
4	56
5	15
5	61
5	62
5	74
5	77
5	78
6	42
6	44
6	45
6	48
6	63
6	73
7	8
7	32
7	33
7	68
7	69
7	70
8	7
8	23
8	35
8	41
8	68
8	69
9	21
9	45
9	60
9	63
9	71
9	73
10	42
10	44
10	45
10	48
10	63
10	71
11	52
11	53
11	60
11	72
11	80
11	81
12	14
12	52
12	54
12	74
12	78
12	79
13	15
13	24
13	36
13	47
13	50
13	56
14	12
14	61
14	62
14	76
14	77
14	79
15	5
15	13
15	36
15	40
15	47
15	56
16	17
16	21
16	31
16	51
16	71
16	73
17	16
17	43
17	49
17	68
17	69
17	70
18	19
18	33
18	60
18	66
18	75
18	80
18	81
19	18
19	34
19	60
19	64
19	72
19	80
19	81
20	26
20	38
20	39
20	67
20	74
20	76
20	79
21	9
21	16
21	31
21	44
21	51
21	71
21	73
22	4
22	36
22	40
22	47
22	50
22	56
22	69
23	8
23	37
23	43
23	68
23	69
23	70
23	76
24	2
24	13
24	36
24	40
24	47
24	50
24	56
25	54
25	62
25	65
25	72
25	74
25	77
25	79
26	20
26	36
26	65
26	74
26	76
26	77
26	78
27	37
27	39
27	41
27	43
27	68
27	69
27	70
28	57
28	59
28	64
28	66
28	72
28	80
28	81
29	31
29	40
29	44
29	45
29	51
29	63
29	71
29	73
30	57
30	61
30	64
30	66
30	72
30	75
30	80
30	81
31	16
31	21
31	29
31	35
31	51
31	63
31	71
31	73
32	7
32	35
32	41
32	43
32	49
32	68
32	69
32	70
33	7
33	18
33	37
33	43
33	49
33	68
33	69
33	70
34	19
34	54
34	55
34	58
34	64
34	72
34	80
34	81
35	8
35	31
35	32
35	37
35	49
35	68
35	70
35	74
36	13
36	15
36	22
36	24
36	26
36	40
36	47
36	50
36	56
37	23
37	27
37	33
37	35
37	41
37	49
37	57
37	69
37	70
38	20
38	39
38	61
38	62
38	65
38	76
38	77
38	78
38	79
39	3
39	20
39	27
39	38
39	54
39	74
39	76
39	78
39	79
40	2
40	4
40	15
40	22
40	24
40	29
40	36
40	50
40	56
41	8
41	27
41	32
41	37
41	43
41	49
41	69
41	70
41	80
42	1
42	6
42	10
42	44
42	45
42	48
42	51
42	63
42	71
43	17
43	23
43	27
43	32
43	33
43	41
43	68
43	69
43	70
44	1
44	6
44	10
44	21
44	29
44	42
44	48
44	62
44	71
44	73
45	6
45	9
45	10
45	29
45	42
45	48
45	63
45	66
45	71
45	73
46	47
46	52
46	55
46	58
46	59
46	60
46	72
46	75
46	80
46	81
47	2
47	4
47	13
47	15
47	22
47	24
47	36
47	46
47	50
47	56
48	1
48	6
48	10
48	42
48	44
48	45
48	51
48	59
48	71
48	73
49	4
49	17
49	32
49	33
49	35
49	37
49	41
49	68
49	69
49	70
50	2
50	4
50	13
50	22
50	24
50	36
50	40
50	47
50	56
50	74
51	16
51	21
51	29
51	31
51	42
51	48
51	63
51	65
51	70
51	71
51	73
52	11
52	12
52	46
52	55
52	59
52	64
52	66
52	72
52	75
52	80
52	81
53	11
53	55
53	57
53	58
53	59
53	64
53	72
53	75
53	78
53	80
53	81
54	12
54	25
54	34
54	39
54	61
54	62
54	67
54	76
54	77
54	78
54	79
55	34
55	46
55	52
55	53
55	58
55	59
55	60
55	72
55	73
55	75
55	81
56	2
56	4
56	13
56	15
56	22
56	24
56	36
56	40
56	47
56	50
56	59
57	28
57	30
57	37
57	53
57	58
57	60
57	64
57	66
57	72
57	75
57	81
58	34
58	46
58	53
58	55
58	57
58	59
58	60
58	75
58	76
58	80
58	81
59	28
59	46
59	48
59	52
59	53
59	55
59	56
59	58
59	75
59	80
59	81
60	9
60	11
60	18
60	19
60	46
60	55
60	57
60	58
60	66
60	75
60	80
61	5
61	14
61	30
61	38
61	54
61	65
61	67
61	74
61	76
61	77
61	79
62	5
62	14
62	25
62	38
62	44
62	54
62	65
62	67
62	74
62	77
62	78
62	79
63	1
63	6
63	9
63	10
63	29
63	31
63	42
63	45
63	51
63	71
63	73
63	78
64	19
64	28
64	30
64	34
64	52
64	53
64	57
64	66
64	67
64	75
64	80
64	81
65	3
65	25
65	26
65	38
65	51
65	61
65	62
65	67
65	76
65	77
65	78
65	79
66	18
66	28
66	30
66	45
66	52
66	57
66	60
66	64
66	72
66	75
66	80
66	81
67	20
67	54
67	61
67	62
67	64
67	65
67	74
67	76
67	77
67	78
67	79
67	81
68	7
68	8
68	17
68	23
68	27
68	32
68	33
68	35
68	43
68	49
68	69
68	70
68	78
69	7
69	8
69	17
69	22
69	23
69	27
69	32
69	33
69	37
69	41
69	43
69	49
69	68
69	70
70	7
70	17
70	23
70	27
70	32
70	33
70	35
70	37
70	41
70	43
70	49
70	51
70	68
70	69
71	1
71	9
71	10
71	16
71	21
71	29
71	31
71	42
71	44
71	45
71	48
71	51
71	63
71	73
71	79
72	11
72	19
72	25
72	28
72	30
72	34
72	46
72	52
72	53
72	55
72	57
72	66
72	75
72	80
72	81
73	1
73	3
73	6
73	9
73	16
73	21
73	29
73	31
73	44
73	45
73	48
73	51
73	55
73	63
73	71
74	5
74	12
74	20
74	25
74	26
74	35
74	39
74	50
74	61
74	62
74	67
74	76
74	77
74	78
74	79
75	18
75	30
75	46
75	52
75	53
75	55
75	57
75	58
75	59
75	60
75	64
75	66
75	72
75	77
75	81
76	3
76	14
76	20
76	23
76	26
76	38
76	39
76	54
76	58
76	61
76	65
76	67
76	74
76	77
76	78
76	79
77	5
77	14
77	25
77	26
77	38
77	54
77	61
77	62
77	65
77	67
77	74
77	75
77	76
77	78
77	79
77	81
78	3
78	5
78	12
78	26
78	38
78	39
78	53
78	54
78	62
78	63
78	65
78	67
78	68
78	74
78	76
78	77
78	79
79	3
79	12
79	14
79	20
79	25
79	38
79	39
79	54
79	61
79	62
79	65
79	67
79	71
79	74
79	76
79	77
79	78
80	2
80	11
80	18
80	19
80	28
80	30
80	34
80	41
80	46
80	52
80	53
80	58
80	59
80	60
80	64
80	66
80	72
80	81
81	11
81	18
81	19
81	28
81	30
81	34
81	46
81	52
81	53
81	55
81	57
81	58
81	59
81	64
81	66
81	67
81	72
81	75
81	77
81	80
