1	27
1	49
1	73
1	76
1	80
1	81
2	60
2	65
2	73
2	76
2	80
2	81
3	46
3	58
3	63
3	69
3	70
3	71
4	47
4	60
4	65
4	73
4	80
4	81
5	7
5	68
5	74
5	77
5	78
5	79
6	49
6	53
6	72
6	74
6	75
6	78
7	5
7	20
7	25
7	29
7	31
7	32
8	14
8	45
8	63
8	69
8	70
8	71
9	17
9	52
9	54
9	62
9	67
9	80
10	53
10	55
10	68
10	74
10	78
10	79
11	38
11	48
11	50
11	52
11	54
11	67
12	21
12	38
12	41
12	54
12	56
12	67
13	20
13	24
13	29
13	31
13	32
13	39
14	8
14	21
14	42
14	50
14	56
14	62
15	20
15	25
15	29
15	31
15	32
15	35
16	33
16	60
16	65
16	68
16	73
16	80
16	81
17	9
17	21
17	30
17	37
17	56
17	62
17	74
18	55
18	66
18	72
18	74
18	75
18	77
18	79
19	44
19	58
19	63
19	64
19	69
19	70
19	71
20	7
20	13
20	15
20	24
20	25
20	29
20	32
21	12
21	14
21	17
21	43
21	52
21	62
21	67
22	36
22	49
22	55
22	73
22	76
22	80
22	81
23	27
23	44
23	45
23	57
23	58
23	63
23	64
24	13
24	20
24	25
24	29
24	31
24	32
24	72
25	7
25	15
25	20
25	24
25	29
25	32
25	81
26	60
26	65
26	73
26	76
26	77
26	80
26	81
27	1
27	23
27	39
27	65
27	76
27	80
27	81
28	44
28	45
28	48
28	63
28	65
28	70
28	71
29	7
29	13
29	15
29	20
29	24
29	25
29	31
29	32
30	17
30	37
30	42
30	50
30	54
30	56
30	62
30	67
31	7
31	13
31	15
31	24
31	29
31	32
31	45
31	57
32	7
32	13
32	15
32	20
32	24
32	25
32	29
32	31
32	53
33	16
33	36
33	46
33	60
33	65
33	73
33	76
33	80
33	81
34	40
34	48
34	54
34	57
34	58
34	64
34	69
34	70
34	71
35	15
35	59
35	61
35	66
35	68
35	72
35	75
35	77
35	78
35	79
36	22
36	33
36	39
36	49
36	65
36	67
36	73
36	76
36	80
36	81
37	17
37	30
37	40
37	41
37	50
37	52
37	54
37	56
37	62
37	67
38	11
38	12
38	41
38	42
38	50
38	52
38	54
38	62
38	67
38	76
39	13
39	27
39	36
39	46
39	47
39	60
39	73
39	76
39	80
39	81
40	34
40	37
40	45
40	57
40	58
40	63
40	64
40	69
40	70
40	71
41	12
41	37
41	38
41	44
41	50
41	52
41	56
41	62
41	67
41	68
42	14
42	30
42	38
42	50
42	52
42	54
42	56
42	59
42	62
42	67
43	21
43	51
43	55
43	66
43	72
43	74
43	75
43	77
43	78
43	79
44	19
44	23
44	28
44	41
44	57
44	58
44	63
44	64
44	69
44	70
44	71
45	8
45	23
45	28
45	31
45	40
45	48
45	57
45	64
45	69
45	70
45	71
46	3
46	33
46	39
46	47
46	49
46	60
46	73
46	76
46	78
46	80
46	81
47	4
47	39
47	46
47	49
47	60
47	65
47	66
47	73
47	76
47	80
47	81
48	11
48	28
48	34
48	45
48	57
48	58
48	63
48	64
48	69
48	70
48	71
49	1
49	6
49	22
49	36
49	46
49	47
49	65
49	73
49	76
49	80
49	81
50	11
50	14
50	30
50	37
50	38
50	41
50	42
50	62
50	67
50	69
50	77
51	43
51	52
51	59
51	61
51	66
51	69
51	72
51	74
51	75
51	77
51	78
51	79
52	9
52	11
52	21
52	37
52	38
52	41
52	42
52	51
52	56
52	62
52	67
52	72
53	6
53	10
53	32
53	55
53	59
53	64
53	68
53	74
53	75
53	77
53	78
53	79
54	9
54	11
54	12
54	30
54	34
54	37
54	38
54	42
54	56
54	62
54	67
54	74
55	10
55	18
55	22
55	43
55	53
55	59
55	61
55	66
55	68
55	75
55	77
55	78
55	79
56	12
56	14
56	17
56	30
56	37
56	41
56	42
56	52
56	54
56	58
56	62
56	67
56	78
57	23
57	31
57	34
57	40
57	44
57	45
57	48
57	58
57	63
57	64
57	69
57	70
57	71
58	3
58	19
58	23
58	34
58	40
58	44
58	48
58	56
58	57
58	63
58	64
58	69
58	70
58	71
59	35
59	42
59	51
59	53
59	55
59	61
59	66
59	68
59	72
59	74
59	75
59	77
59	78
59	79
60	2
60	4
60	16
60	26
60	33
60	39
60	46
60	47
60	65
60	73
60	75
60	76
60	80
60	81
61	35
61	51
61	55
61	59
61	62
61	66
61	68
61	72
61	74
61	75
61	77
61	78
61	79
61	80
62	9
62	14
62	17
62	21
62	30
62	37
62	38
62	41
62	42
62	50
62	52
62	54
62	56
62	61
62	67
63	3
63	8
63	19
63	23
63	28
63	40
63	44
63	48
63	57
63	58
63	64
63	67
63	69
63	70
63	71
64	19
64	23
64	34
64	40
64	44
64	45
64	48
64	53
64	57
64	58
64	63
64	69
64	70
64	71
64	79
65	2
65	4
65	16
65	26
65	27
65	28
65	33
65	36
65	47
65	49
65	60
65	73
65	76
65	80
65	81
66	18
66	35
66	43
66	47
66	51
66	55
66	59
66	61
66	68
66	71
66	72
66	74
66	75
66	77
66	78
66	79
67	9
67	11
67	12
67	21
67	30
67	36
67	37
67	38
67	41
67	42
67	50
67	52
67	54
67	56
67	62
67	63
68	5
68	10
68	16
68	35
68	41
68	53
68	55
68	59
68	61
68	66
68	72
68	74
68	75
68	77
68	78
68	79
69	3
69	8
69	19
69	34
69	40
69	44
69	45
69	48
69	50
69	51
69	57
69	58
69	63
69	64
69	70
69	71
70	3
70	8
70	19
70	28
70	34
70	40
70	44
70	45
70	48
70	57
70	58
70	63
70	64
70	69
70	71
70	73
71	3
71	8
71	19
71	28
71	34
71	40
71	44
71	45
71	48
71	57
71	58
71	63
71	64
71	66
71	69
71	70
71	79
72	6
72	18
72	24
72	35
72	43
72	51
72	52
72	59
72	61
72	66
72	68
72	74
72	75
72	77
72	78
72	79
72	81
73	1
73	2
73	4
73	16
73	22
73	26
73	33
73	36
73	39
73	46
73	47
73	49
73	60
73	65
73	70
73	76
73	80
73	81
74	5
74	6
74	10
74	17
74	18
74	43
74	51
74	53
74	54
74	59
74	61
74	66
74	68
74	72
74	75
74	77
74	78
74	79
75	6
75	18
75	35
75	43
75	51
75	53
75	55
75	59
75	60
75	61
75	66
75	68
75	72
75	74
75	76
75	77
75	78
75	79
76	1
76	2
76	22
76	26
76	27
76	33
76	36
76	38
76	39
76	46
76	47
76	49
76	60
76	65
76	73
76	75
76	80
76	81
77	5
77	18
77	26
77	35
77	43
77	50
77	51
77	53
77	55
77	59
77	61
77	66
77	68
77	72
77	74
77	75
77	78
77	79
78	5
78	6
78	10
78	35
78	43
78	46
78	51
78	53
78	55
78	56
78	59
78	61
78	66
78	68
78	72
78	74
78	75
78	77
78	79
79	5
79	10
79	18
79	35
79	43
79	51
79	53
79	55
79	59
79	61
79	64
79	66
79	68
79	71
79	72
79	74
79	75
79	77
79	78
80	1
80	2
80	4
80	9
80	16
80	22
80	26
80	27
80	33
80	36
80	39
80	46
80	47
80	49
80	60
80	61
80	65
80	73
80	76
80	81
81	1
81	2
81	4
81	16
81	22
81	25
81	26
81	27
81	33
81	36
81	39
81	46
81	47
81	49
81	60
81	65
81	72
81	73
81	76
81	80
