1	28
1	38
1	44
1	49
1	51
1	56
2	10
2	24
2	25
2	31
2	32
2	43
3	36
3	59
3	69
3	77
3	80
3	81
4	23
4	24
4	31
4	32
4	35
4	43
5	22
5	69
5	70
5	74
5	80
5	81
6	64
6	66
6	72
6	76
6	78
6	79
7	9
7	14
7	29
7	34
7	40
7	50
8	13
8	15
8	28
8	44
8	52
8	56
9	7
9	21
9	34
9	36
9	50
9	78
10	2
10	23
10	24
10	31
10	35
10	43
11	57
11	58
11	59
11	62
11	67
11	71
12	16
12	54
12	60
12	61
12	65
12	79
13	8
13	20
13	33
13	37
13	44
13	56
14	7
14	29
14	33
14	34
14	40
14	50
15	8
15	33
15	37
15	38
15	49
15	52
16	12
16	23
16	55
16	72
16	78
16	79
17	41
17	48
17	61
17	62
17	67
17	68
17	71
18	21
18	29
18	34
18	36
18	40
18	50
18	72
19	27
19	42
19	45
19	57
19	67
19	68
19	71
20	13
20	28
20	37
20	44
20	49
20	52
20	56
21	9
21	18
21	29
21	36
21	40
21	49
21	50
22	5
22	26
22	73
22	74
22	77
22	80
22	81
23	4
23	10
23	16
23	31
23	32
23	35
23	43
24	2
24	4
24	10
24	31
24	32
24	35
24	43
25	2
25	69
25	73
25	74
25	75
25	77
25	81
26	22
26	39
26	73
26	74
26	75
26	80
26	81
27	19
27	41
27	48
27	62
27	66
27	67
27	68
27	71
28	1
28	8
28	20
28	33
28	37
28	38
28	49
28	52
29	7
29	14
29	18
29	21
29	36
29	40
29	50
29	63
30	55
30	65
30	66
30	67
30	72
30	76
30	78
30	79
31	2
31	4
31	10
31	23
31	24
31	32
31	35
31	43
32	2
32	4
32	23
32	24
32	31
32	35
32	43
32	70
33	13
33	14
33	15
33	28
33	44
33	49
33	52
33	56
34	7
34	9
34	14
34	18
34	36
34	40
34	50
34	79
35	4
35	10
35	23
35	24
35	31
35	32
35	43
35	81
36	3
36	9
36	18
36	21
36	29
36	34
36	40
36	50
37	13
37	15
37	20
37	28
37	44
37	49
37	56
37	64
38	1
38	15
38	28
38	44
38	49
38	52
38	56
38	65
39	26
39	59
39	73
39	74
39	75
39	77
39	80
39	81
40	7
40	14
40	18
40	21
40	29
40	34
40	36
40	50
41	17
41	27
41	48
41	57
41	58
41	62
41	68
41	71
42	19
42	45
42	48
42	57
42	58
42	67
42	68
42	71
42	75
43	2
43	4
43	10
43	23
43	24
43	31
43	32
43	35
43	71
44	1
44	8
44	13
44	20
44	33
44	37
44	38
44	52
44	56
45	19
45	42
45	53
45	57
45	58
45	62
45	67
45	68
45	71
46	48
46	54
46	69
46	70
46	73
46	75
46	77
46	80
46	81
47	54
47	69
47	70
47	74
47	75
47	76
47	77
47	80
47	81
48	17
48	27
48	41
48	42
48	46
48	58
48	62
48	67
48	68
48	71
49	1
49	15
49	20
49	21
49	28
49	33
49	37
49	38
49	52
49	56
50	7
50	9
50	14
50	18
50	21
50	29
50	34
50	36
50	40
50	74
51	1
51	53
51	60
51	63
51	64
51	66
51	72
51	76
51	78
51	79
52	8
52	15
52	20
52	28
52	33
52	38
52	44
52	49
52	56
52	69
53	45
53	51
53	55
53	63
53	64
53	65
53	66
53	72
53	76
53	78
53	79
54	12
54	46
54	47
54	59
54	69
54	70
54	73
54	75
54	77
54	80
54	81
55	16
55	30
55	53
55	58
55	61
55	64
55	65
55	66
55	76
55	78
55	79
56	1
56	8
56	13
56	20
56	33
56	37
56	38
56	44
56	49
56	52
56	80
57	11
57	19
57	41
57	42
57	45
57	58
57	62
57	67
57	68
57	71
57	77
58	11
58	41
58	42
58	45
58	48
58	55
58	57
58	62
58	67
58	68
58	71
59	3
59	11
59	39
59	54
59	70
59	73
59	74
59	75
59	77
59	80
59	81
60	12
60	51
60	61
60	63
60	64
60	65
60	72
60	76
60	78
60	79
60	80
61	12
61	17
61	55
61	60
61	63
61	64
61	65
61	72
61	76
61	78
61	79
62	11
62	17
62	27
62	41
62	45
62	48
62	57
62	58
62	67
62	68
62	71
62	74
63	29
63	51
63	53
63	60
63	61
63	64
63	65
63	66
63	70
63	72
63	76
63	78
63	79
64	6
64	37
64	51
64	53
64	55
64	60
64	61
64	63
64	66
64	72
64	76
64	78
64	79
65	12
65	30
65	38
65	53
65	55
65	60
65	61
65	63
65	66
65	72
65	76
65	78
65	79
66	6
66	27
66	30
66	51
66	53
66	55
66	63
66	64
66	65
66	72
66	76
66	78
66	79
67	11
67	17
67	19
67	27
67	30
67	42
67	45
67	48
67	57
67	58
67	62
67	68
67	71
68	17
68	19
68	27
68	41
68	42
68	45
68	48
68	57
68	58
68	62
68	67
68	71
68	77
69	3
69	5
69	25
69	46
69	47
69	52
69	54
69	70
69	73
69	74
69	75
69	77
69	80
69	81
70	5
70	32
70	46
70	47
70	54
70	59
70	63
70	69
70	73
70	74
70	75
70	77
70	80
70	81
71	11
71	17
71	19
71	27
71	41
71	42
71	43
71	45
71	48
71	57
71	58
71	62
71	67
71	68
72	6
72	16
72	18
72	30
72	51
72	53
72	60
72	61
72	63
72	64
72	65
72	66
72	76
72	78
72	79
73	22
73	25
73	26
73	39
73	46
73	54
73	59
73	69
73	70
73	74
73	75
73	76
73	77
73	80
73	81
74	5
74	22
74	25
74	26
74	39
74	47
74	50
74	59
74	62
74	69
74	70
74	73
74	75
74	77
74	80
74	81
75	25
75	26
75	39
75	42
75	46
75	47
75	54
75	59
75	69
75	70
75	73
75	74
75	77
75	78
75	80
75	81
76	6
76	30
76	47
76	51
76	53
76	55
76	60
76	61
76	63
76	64
76	65
76	66
76	72
76	73
76	78
76	79
77	3
77	22
77	25
77	39
77	46
77	47
77	54
77	57
77	59
77	68
77	69
77	70
77	73
77	74
77	75
77	80
77	81
78	6
78	9
78	16
78	30
78	51
78	53
78	55
78	60
78	61
78	63
78	64
78	65
78	66
78	72
78	75
78	76
78	79
79	6
79	12
79	16
79	30
79	34
79	51
79	53
79	55
79	60
79	61
79	63
79	64
79	65
79	66
79	72
79	76
79	78
79	81
80	3
80	5
80	22
80	26
80	39
80	46
80	47
80	54
80	56
80	59
80	60
80	69
80	70
80	73
80	74
80	75
80	77
80	81
81	3
81	5
81	22
81	25
81	26
81	35
81	39
81	46
81	47
81	54
81	59
81	69
81	70
81	73
81	74
81	75
81	77
81	79
81	80
