1	27
1	37
1	66
1	69
1	73
1	74
2	24
2	57
2	67
2	72
2	80
2	81
3	17
3	54
3	62
3	75
3	77
3	79
4	42
4	48
4	68
4	76
4	78
4	79
5	23
5	58
5	63
5	65
5	80
5	81
6	19
6	26
6	29
6	30
6	40
6	43
7	44
7	47
7	51
7	75
7	77
7	79
8	50
8	56
8	59
8	68
8	70
8	76
9	19
9	26
9	29
9	31
9	40
9	43
10	14
10	39
10	53
10	58
10	63
10	81
11	36
11	48
11	56
11	68
11	76
11	78
12	55
12	62
12	71
12	75
12	77
12	79
13	28
13	48
13	50
13	56
13	68
13	78
14	10
14	22
14	67
14	72
14	80
14	81
15	22
15	41
15	52
15	71
15	75
15	77
15	79
16	25
16	37
16	60
16	64
16	65
16	70
16	73
17	3
17	47
17	51
17	52
17	71
17	75
17	79
18	57
18	58
18	63
18	72
18	73
18	80
18	81
19	6
19	9
19	29
19	30
19	31
19	40
19	43
20	27
20	37
20	49
20	64
20	69
20	74
20	76
21	26
21	48
21	55
21	56
21	59
21	76
21	78
22	14
22	15
22	47
22	52
22	71
22	75
22	79
23	5
23	51
23	63
23	67
23	72
23	80
23	81
24	2
24	34
24	39
24	45
24	67
24	72
24	80
24	81
25	16
25	49
25	54
25	64
25	65
25	69
25	70
25	74
26	6
26	9
26	21
26	29
26	30
26	31
26	40
26	43
27	1
27	20
27	38
27	60
27	66
27	70
27	74
27	80
28	13
28	45
28	58
28	63
28	67
28	72
28	80
28	81
29	6
29	9
29	19
29	26
29	30
29	31
29	40
29	43
30	6
30	19
30	26
30	29
30	31
30	40
30	43
30	58
31	9
31	19
31	26
31	29
31	30
31	40
31	43
31	66
32	42
32	50
32	56
32	59
32	61
32	62
32	68
32	78
33	44
33	46
33	52
33	62
33	64
33	75
33	77
33	79
34	24
34	41
34	53
34	57
34	63
34	67
34	80
34	81
35	38
35	44
35	49
35	64
35	65
35	66
35	70
35	73
35	74
36	11
36	48
36	49
36	50
36	55
36	59
36	61
36	76
36	78
37	1
37	16
37	20
37	49
37	54
37	64
37	69
37	73
37	74
38	27
38	35
38	43
38	54
38	64
38	66
38	70
38	73
38	74
39	10
39	24
39	45
39	53
39	57
39	58
39	77
39	80
39	81
40	6
40	9
40	19
40	26
40	29
40	30
40	31
40	43
40	70
41	15
41	34
41	46
41	52
41	62
41	71
41	75
41	77
41	79
42	4
42	32
42	55
42	56
42	60
42	61
42	68
42	76
42	78
43	6
43	9
43	19
43	26
43	29
43	30
43	31
43	38
43	40
44	7
44	33
44	35
44	46
44	47
44	62
44	71
44	75
44	77
44	79
45	24
45	28
45	39
45	53
45	57
45	67
45	72
45	74
45	80
45	81
46	33
46	41
46	44
46	47
46	51
46	71
46	75
46	77
46	79
46	80
47	7
47	17
47	22
47	44
47	46
47	50
47	62
47	71
47	77
47	79
48	4
48	11
48	13
48	21
48	36
48	61
48	68
48	76
48	78
48	81
49	20
49	25
49	35
49	36
49	37
49	54
49	60
49	64
49	69
49	73
50	8
50	13
50	32
50	36
50	47
50	55
50	59
50	61
50	76
50	78
51	7
51	17
51	23
51	46
51	52
51	62
51	71
51	75
51	77
51	79
52	15
52	17
52	22
52	33
52	41
52	51
52	62
52	69
52	77
52	79
53	10
53	34
53	39
53	45
53	57
53	58
53	72
53	74
53	80
53	81
54	3
54	25
54	37
54	38
54	49
54	64
54	65
54	69
54	70
54	73
54	74
55	12
55	21
55	36
55	42
55	50
55	59
55	61
55	68
55	75
55	76
55	78
56	8
56	11
56	13
56	21
56	32
56	42
56	57
56	61
56	68
56	76
56	78
57	2
57	18
57	34
57	39
57	45
57	53
57	56
57	63
57	67
57	80
57	81
58	5
58	10
58	18
58	28
58	30
58	39
58	53
58	63
58	67
58	72
58	80
59	8
59	21
59	32
59	36
59	50
59	55
59	61
59	68
59	71
59	76
59	78
60	16
60	27
60	42
60	49
60	64
60	65
60	66
60	69
60	70
60	72
60	73
60	74
61	32
61	36
61	42
61	48
61	50
61	55
61	56
61	59
61	65
61	68
61	76
61	78
62	3
62	12
62	32
62	33
62	41
62	44
62	47
62	51
62	52
62	71
62	77
62	79
63	5
63	10
63	18
63	23
63	28
63	34
63	57
63	58
63	67
63	72
63	78
63	81
64	16
64	20
64	25
64	33
64	35
64	37
64	38
64	49
64	54
64	60
64	65
64	66
65	5
65	16
65	25
65	35
65	54
65	60
65	61
65	64
65	66
65	69
65	70
65	73
65	74
66	1
66	27
66	31
66	35
66	38
66	60
66	64
66	65
66	68
66	69
66	70
66	73
66	74
67	2
67	14
67	23
67	24
67	28
67	34
67	45
67	57
67	58
67	63
67	72
67	76
67	80
67	81
68	4
68	8
68	11
68	13
68	32
68	42
68	48
68	55
68	56
68	59
68	61
68	66
68	76
68	78
69	1
69	20
69	25
69	37
69	49
69	52
69	54
69	60
69	65
69	66
69	70
69	73
69	74
69	77
70	8
70	16
70	25
70	27
70	35
70	38
70	40
70	54
70	60
70	65
70	66
70	69
70	73
70	74
71	12
71	15
71	17
71	22
71	41
71	44
71	46
71	47
71	51
71	59
71	62
71	75
71	77
71	79
71	81
72	2
72	14
72	18
72	23
72	24
72	28
72	45
72	53
72	58
72	60
72	63
72	67
72	78
72	80
72	81
73	1
73	16
73	18
73	35
73	37
73	38
73	49
73	54
73	60
73	65
73	66
73	69
73	70
73	74
73	75
74	1
74	20
74	25
74	27
74	35
74	37
74	38
74	45
74	53
74	54
74	60
74	65
74	66
74	69
74	70
74	73
75	3
75	7
75	12
75	15
75	17
75	22
75	33
75	41
75	44
75	46
75	51
75	55
75	71
75	73
75	77
75	79
76	4
76	8
76	11
76	20
76	21
76	36
76	42
76	48
76	50
76	55
76	56
76	59
76	61
76	67
76	68
76	78
77	3
77	7
77	12
77	15
77	33
77	39
77	41
77	44
77	46
77	47
77	51
77	52
77	62
77	69
77	71
77	75
77	79
78	4
78	11
78	13
78	21
78	32
78	36
78	42
78	48
78	50
78	55
78	56
78	59
78	61
78	63
78	68
78	72
78	76
79	3
79	4
79	7
79	12
79	15
79	17
79	22
79	33
79	41
79	44
79	46
79	47
79	51
79	52
79	62
79	71
79	75
79	77
80	2
80	5
80	14
80	18
80	23
80	24
80	27
80	28
80	34
80	39
80	45
80	46
80	53
80	57
80	58
80	67
80	72
80	81
81	2
81	5
81	10
81	14
81	18
81	23
81	24
81	28
81	34
81	39
81	45
81	48
81	53
81	57
81	63
81	67
81	71
81	72
81	80
