1	15
1	16
1	22
1	27
1	28
1	29
2	42
2	46
2	51
2	54
2	56
2	58
3	21
3	59
3	76
3	79
3	80
3	81
4	33
4	59
4	67
4	75
4	80
4	81
5	8
5	13
5	24
5	31
5	33
5	69
6	15
6	16
6	27
6	28
6	29
6	51
7	11
7	19
7	36
7	37
7	43
7	54
8	5
8	14
8	24
8	31
8	33
8	68
9	35
9	40
9	44
9	45
9	47
9	48
10	11
10	30
10	34
10	36
10	37
10	43
11	7
11	10
11	30
11	34
11	37
11	43
12	59
12	69
12	71
12	73
12	77
12	78
13	5
13	14
13	24
13	31
13	33
13	66
14	8
14	13
14	24
14	31
14	33
14	76
15	1
15	6
15	16
15	22
15	27
15	28
16	1
16	6
16	15
16	22
16	28
16	29
17	25
17	51
17	52
17	54
17	56
17	58
18	26
18	40
18	44
18	45
18	47
18	48
19	7
19	34
19	36
19	37
19	43
19	63
20	60
20	62
20	65
20	73
20	77
20	78
21	3
21	26
21	75
21	79
21	80
21	81
22	1
22	15
22	16
22	27
22	28
22	29
23	35
23	38
23	46
23	52
23	54
23	56
23	58
24	5
24	8
24	13
24	14
24	31
24	33
24	79
25	17
25	42
25	51
25	54
25	56
25	58
25	61
26	18
26	21
26	40
26	44
26	45
26	47
26	48
27	1
27	6
27	15
27	22
27	28
27	29
27	70
28	1
28	6
28	15
28	16
28	22
28	27
28	29
29	1
29	6
29	16
29	22
29	27
29	28
29	75
30	10
30	11
30	34
30	36
30	37
30	43
30	44
31	5
31	8
31	13
31	14
31	24
31	32
31	33
32	31
32	35
32	40
32	44
32	45
32	47
32	48
33	4
33	5
33	8
33	13
33	14
33	24
33	31
34	10
34	11
34	19
34	30
34	37
34	43
34	48
35	9
35	23
35	32
35	40
35	44
35	45
35	47
35	48
36	7
36	10
36	19
36	30
36	37
36	43
36	73
36	74
37	7
37	10
37	11
37	19
37	30
37	34
37	36
37	43
38	23
38	46
38	51
38	52
38	54
38	56
38	58
38	80
39	53
39	66
39	69
39	74
39	76
39	79
39	80
39	81
40	9
40	18
40	26
40	32
40	35
40	44
40	45
40	47
40	48
41	59
41	60
41	74
41	75
41	76
41	77
41	79
41	80
41	81
42	2
42	25
42	46
42	51
42	52
42	54
42	56
42	58
42	75
43	7
43	10
43	11
43	19
43	30
43	34
43	36
43	37
43	72
44	9
44	18
44	26
44	30
44	32
44	35
44	40
44	45
44	47
44	48
45	9
45	18
45	26
45	32
45	35
45	40
45	44
45	47
45	48
45	52
46	2
46	23
46	38
46	42
46	50
46	51
46	52
46	54
46	56
46	58
47	9
47	18
47	26
47	32
47	35
47	40
47	44
47	45
47	48
47	65
48	9
48	18
48	26
48	32
48	34
48	35
48	40
48	44
48	45
48	47
49	60
49	62
49	66
49	67
49	74
49	75
49	76
49	79
49	80
49	81
50	46
50	60
50	63
50	67
50	74
50	75
50	76
50	79
50	80
50	81
51	2
51	6
51	17
51	25
51	38
51	42
51	46
51	52
51	56
51	58
52	17
52	23
52	38
52	42
52	45
52	46
52	51
52	54
52	56
52	58
53	39
53	60
53	63
53	64
53	66
53	74
53	75
53	76
53	79
53	80
53	81
54	2
54	7
54	17
54	23
54	25
54	38
54	42
54	46
54	52
54	56
54	58
55	57
55	61
55	64
55	68
55	70
55	71
55	72
55	73
55	77
55	78
55	81
56	2
56	17
56	23
56	25
56	38
56	42
56	46
56	51
56	52
56	54
56	58
56	77
57	55
57	61
57	64
57	65
57	68
57	70
57	71
57	72
57	73
57	77
57	78
57	80
58	2
58	17
58	23
58	25
58	38
58	42
58	46
58	51
58	52
58	54
58	56
58	78
59	3
59	4
59	12
59	41
59	60
59	63
59	66
59	74
59	75
59	76
59	79
59	81
60	20
60	41
60	49
60	50
60	53
60	59
60	63
60	67
60	74
60	76
60	80
60	81
61	25
61	55
61	57
61	62
61	64
61	68
61	69
61	70
61	71
61	72
61	73
61	77
61	78
62	20
62	49
62	61
62	64
62	65
62	68
62	69
62	70
62	71
62	72
62	73
62	77
62	78
63	19
63	50
63	53
63	59
63	60
63	66
63	67
63	74
63	75
63	76
63	79
63	80
63	81
64	53
64	55
64	57
64	61
64	62
64	65
64	69
64	70
64	71
64	72
64	73
64	77
64	78
65	20
65	47
65	57
65	62
65	64
65	68
65	69
65	70
65	71
65	72
65	73
65	77
65	78
66	13
66	39
66	49
66	53
66	59
66	63
66	67
66	74
66	75
66	76
66	79
66	80
66	81
67	4
67	49
67	50
67	60
67	63
67	66
67	71
67	74
67	75
67	76
67	79
67	80
67	81
68	8
68	55
68	57
68	61
68	62
68	65
68	69
68	70
68	71
68	72
68	73
68	77
68	78
69	5
69	12
69	39
69	61
69	62
69	64
69	65
69	68
69	70
69	71
69	72
69	73
69	77
69	78
70	27
70	55
70	57
70	61
70	62
70	64
70	65
70	68
70	69
70	71
70	72
70	73
70	77
70	78
70	79
71	12
71	55
71	57
71	61
71	62
71	64
71	65
71	67
71	68
71	69
71	70
71	72
71	73
71	77
71	78
72	43
72	55
72	57
72	61
72	62
72	64
72	65
72	68
72	69
72	70
72	71
72	73
72	77
72	78
72	81
73	12
73	20
73	36
73	55
73	57
73	61
73	62
73	64
73	65
73	68
73	69
73	70
73	71
73	72
73	77
73	78
74	36
74	39
74	41
74	49
74	50
74	53
74	59
74	60
74	63
74	66
74	67
74	75
74	76
74	78
74	79
74	80
74	81
75	4
75	21
75	29
75	41
75	42
75	49
75	50
75	53
75	59
75	63
75	66
75	67
75	74
75	76
75	79
75	80
75	81
76	3
76	14
76	39
76	41
76	49
76	50
76	53
76	59
76	60
76	63
76	66
76	67
76	74
76	75
76	79
76	80
76	81
77	12
77	20
77	41
77	55
77	56
77	57
77	61
77	62
77	64
77	65
77	68
77	69
77	70
77	71
77	72
77	73
77	78
78	12
78	20
78	55
78	57
78	58
78	61
78	62
78	64
78	65
78	68
78	69
78	70
78	71
78	72
78	73
78	74
78	77
79	3
79	21
79	24
79	39
79	41
79	49
79	50
79	53
79	59
79	63
79	66
79	67
79	70
79	74
79	75
79	76
79	80
79	81
80	3
80	4
80	21
80	38
80	39
80	41
80	49
80	50
80	53
80	57
80	60
80	63
80	66
80	67
80	74
80	75
80	76
80	79
80	81
81	3
81	4
81	21
81	39
81	41
81	49
81	50
81	53
81	55
81	59
81	60
81	63
81	66
81	67
81	72
81	74
81	75
81	76
81	79
81	80
