1	25
1	34
1	48
1	74
1	78
1	80
2	19
2	62
2	68
2	77
2	79
2	81
3	10
3	22
3	32
3	37
3	39
3	52
4	7
4	49
4	53
4	55
4	56
4	63
5	62
5	64
5	67
5	74
5	76
5	78
6	46
6	48
6	70
6	77
6	79
6	81
7	4
7	16
7	49
7	53
7	55
7	56
8	13
8	17
8	23
8	29
8	33
8	81
9	31
9	49
9	53
9	55
9	56
9	70
10	3
10	11
10	12
10	22
10	39
10	41
11	10
11	62
11	70
11	77
11	79
11	81
12	10
12	32
12	39
12	41
12	44
12	66
13	8
13	17
13	24
13	29
13	33
13	49
14	43
14	47
14	59
14	71
14	72
14	73
15	16
15	31
15	53
15	54
15	55
15	56
16	7
16	15
16	49
16	53
16	55
16	56
17	8
17	13
17	23
17	24
17	29
17	33
18	27
18	59
18	69
18	72
18	73
18	75
19	2
19	32
19	39
19	41
19	44
19	45
20	45
20	46
20	54
20	77
20	79
20	81
21	51
21	60
21	61
21	62
21	79
21	81
22	3
22	10
22	37
22	39
22	45
22	72
23	8
23	17
23	24
23	29
23	33
23	80
24	13
24	17
24	23
24	29
24	33
24	50
25	1
25	61
25	68
25	70
25	79
25	81
26	36
26	42
26	64
26	71
26	76
26	80
27	18
27	61
27	62
27	68
27	77
27	79
27	81
28	58
28	63
28	66
28	71
28	75
28	78
28	80
29	8
29	13
29	17
29	23
29	24
29	33
29	80
30	63
30	65
30	71
30	74
30	76
30	78
30	80
31	9
31	15
31	49
31	53
31	55
31	56
31	61
32	3
32	12
32	19
32	37
32	41
32	44
32	45
33	8
33	13
33	17
33	23
33	24
33	29
33	51
34	1
34	38
34	50
34	69
34	72
34	73
34	75
35	50
35	57
35	59
35	69
35	72
35	73
35	75
36	26
36	55
36	60
36	66
36	74
36	78
36	80
37	3
37	22
37	32
37	41
37	44
37	45
37	65
38	34
38	43
38	57
38	69
38	72
38	73
38	75
39	3
39	10
39	12
39	19
39	22
39	41
39	44
39	45
40	42
40	54
40	56
40	68
40	70
40	77
40	79
40	81
41	10
41	12
41	19
41	32
41	37
41	39
41	44
41	45
42	26
42	40
42	51
42	61
42	62
42	70
42	79
42	81
43	14
43	38
43	52
43	64
43	69
43	72
43	73
43	75
44	12
44	19
44	32
44	37
44	39
44	41
44	45
44	75
45	19
45	20
45	22
45	32
45	37
45	39
45	41
45	44
46	6
46	20
46	54
46	68
46	76
46	77
46	79
46	81
47	14
47	50
47	52
47	57
47	67
47	69
47	72
47	73
47	75
48	1
48	6
48	60
48	65
48	67
48	71
48	76
48	78
48	80
49	4
49	7
49	9
49	13
49	16
49	31
49	53
49	55
49	56
50	24
50	34
50	35
50	47
50	57
50	59
50	69
50	73
50	75
51	21
51	33
51	42
51	62
51	68
51	70
51	77
51	79
51	81
52	3
52	43
52	47
52	57
52	59
52	69
52	72
52	73
52	75
53	4
53	7
53	9
53	15
53	16
53	31
53	49
53	55
53	56
53	77
54	15
54	20
54	40
54	46
54	61
54	68
54	70
54	77
54	79
54	81
55	4
55	7
55	9
55	15
55	16
55	31
55	36
55	49
55	53
55	56
56	4
56	7
56	9
56	15
56	16
56	31
56	40
56	49
56	53
56	55
57	35
57	38
57	47
57	50
57	52
57	59
57	69
57	72
57	73
57	75
57	78
58	28
58	60
58	63
58	66
58	67
58	68
58	71
58	74
58	76
58	78
58	80
59	14
59	18
59	35
59	50
59	52
59	57
59	69
59	72
59	73
59	74
59	75
60	21
60	36
60	48
60	58
60	65
60	66
60	67
60	74
60	76
60	78
60	80
61	21
61	25
61	27
61	31
61	42
61	54
61	68
61	70
61	77
61	79
61	81
62	2
62	5
62	11
62	21
62	27
62	42
62	51
62	68
62	70
62	77
62	79
62	81
63	4
63	28
63	30
63	58
63	64
63	65
63	67
63	71
63	74
63	76
63	78
63	80
64	5
64	26
64	43
64	63
64	65
64	67
64	69
64	71
64	74
64	76
64	78
64	80
65	30
65	37
65	48
65	60
65	63
65	64
65	66
65	67
65	71
65	76
65	78
65	80
66	12
66	28
66	36
66	58
66	60
66	65
66	67
66	70
66	71
66	74
66	76
66	78
66	80
67	5
67	47
67	48
67	58
67	60
67	63
67	64
67	65
67	66
67	71
67	74
67	76
67	78
67	80
68	2
68	25
68	27
68	40
68	46
68	51
68	54
68	58
68	61
68	62
68	70
68	77
68	79
68	81
69	18
69	34
69	35
69	38
69	43
69	47
69	50
69	52
69	57
69	59
69	64
69	72
69	73
69	75
69	79
70	6
70	9
70	11
70	25
70	40
70	42
70	51
70	54
70	61
70	62
70	66
70	68
70	77
70	79
70	81
71	14
71	26
71	28
71	30
71	48
71	58
71	63
71	64
71	65
71	66
71	67
71	74
71	76
71	78
71	80
72	14
72	18
72	22
72	34
72	35
72	38
72	43
72	47
72	52
72	57
72	59
72	69
72	73
72	75
72	76
73	14
73	18
73	34
73	35
73	38
73	43
73	47
73	50
73	52
73	57
73	59
73	69
73	72
73	75
73	78
74	1
74	5
74	30
74	36
74	58
74	59
74	60
74	63
74	64
74	66
74	67
74	71
74	76
74	78
74	80
74	81
75	18
75	28
75	34
75	35
75	38
75	43
75	44
75	47
75	50
75	52
75	57
75	59
75	69
75	72
75	73
75	77
76	5
76	26
76	30
76	46
76	48
76	58
76	60
76	63
76	64
76	65
76	66
76	67
76	71
76	72
76	74
76	78
76	80
77	2
77	6
77	11
77	20
77	27
77	40
77	46
77	51
77	53
77	54
77	61
77	62
77	68
77	70
77	75
77	79
77	81
78	1
78	5
78	28
78	30
78	36
78	48
78	57
78	58
78	60
78	63
78	64
78	65
78	66
78	67
78	71
78	73
78	74
78	76
78	80
79	2
79	6
79	11
79	20
79	21
79	25
79	27
79	40
79	42
79	46
79	51
79	54
79	61
79	62
79	68
79	69
79	70
79	77
79	81
80	1
80	23
80	26
80	28
80	29
80	30
80	36
80	48
80	58
80	60
80	63
80	64
80	65
80	66
80	67
80	71
80	74
80	76
80	78
81	2
81	6
81	8
81	11
81	20
81	21
81	25
81	27
81	40
81	42
81	46
81	51
81	54
81	61
81	62
81	68
81	70
81	74
81	77
81	79
