1	4
1	14
1	20
1	53
1	73
1	81
2	44
2	52
2	65
2	68
2	73
2	81
3	31
3	45
3	63
3	70
3	77
3	79
4	1
4	12
4	44
4	55
4	58
4	60
5	33
5	54
5	65
5	72
5	75
5	76
6	37
6	53
6	61
6	63
6	77
6	79
7	40
7	52
7	55
7	60
7	73
7	81
8	22
8	52
8	60
8	68
8	73
8	81
9	16
9	19
9	35
9	69
9	78
9	80
10	15
10	22
10	24
10	44
10	52
10	73
11	28
11	45
11	62
11	74
11	75
11	76
12	4
12	40
12	44
12	68
12	73
12	76
13	19
13	25
13	66
13	71
13	78
13	80
14	1
14	44
14	48
14	52
14	73
14	81
15	10
15	40
15	50
15	62
15	68
15	81
16	9
16	57
16	72
16	74
16	75
16	76
17	35
17	48
17	69
17	71
17	78
17	80
18	19
18	38
18	47
18	49
18	69
18	80
19	9
19	13
19	18
19	43
19	66
19	80
20	1
20	46
20	50
20	56
20	68
20	81
21	65
21	70
21	72
21	74
21	75
21	76
22	8
22	10
22	44
22	56
22	68
22	73
22	79
23	26
23	54
23	62
23	72
23	74
23	76
23	80
24	10
24	33
24	34
24	57
24	62
24	65
24	72
25	13
25	38
25	47
25	55
25	66
25	71
25	78
26	23
26	62
26	65
26	69
26	74
26	75
26	76
27	42
27	48
27	51
27	68
27	69
27	71
27	80
28	11
28	31
28	54
28	65
28	72
28	75
28	76
29	41
29	59
29	61
29	67
29	70
29	77
29	79
30	31
30	59
30	67
30	70
30	77
30	78
30	79
31	3
31	28
31	30
31	58
31	64
31	67
31	77
32	58
32	59
32	60
32	61
32	67
32	77
32	79
33	5
33	24
33	34
33	45
33	74
33	75
33	76
34	24
34	33
34	57
34	62
34	72
34	74
34	75
35	9
35	17
35	49
35	66
35	69
35	71
35	78
36	38
36	49
36	51
36	66
36	71
36	78
36	80
37	6
37	43
37	58
37	63
37	70
37	77
37	79
38	18
38	25
38	36
38	69
38	78
38	80
38	81
39	44
39	46
39	50
39	53
39	54
39	55
39	56
40	7
40	12
40	15
40	53
40	55
40	68
40	81
41	29
41	58
41	61
41	64
41	67
41	70
41	77
41	79
42	27
42	49
42	66
42	69
42	71
42	74
42	78
42	80
43	19
43	37
43	58
43	61
43	64
43	70
43	77
43	79
44	2
44	4
44	10
44	12
44	14
44	22
44	39
44	78
45	3
45	11
45	33
45	65
45	72
45	74
45	75
45	76
46	20
46	39
46	50
46	51
46	53
46	56
46	73
46	81
47	18
47	25
47	51
47	67
47	69
47	71
47	78
47	80
48	14
48	17
48	27
48	51
48	69
48	71
48	78
48	80
49	18
49	35
49	36
49	42
49	69
49	71
49	78
49	80
50	15
50	20
50	39
50	46
50	56
50	57
50	60
50	73
50	81
51	27
51	36
51	46
51	47
51	48
51	66
51	71
51	78
51	80
52	2
52	7
52	8
52	10
52	14
52	60
52	68
52	74
52	81
53	1
53	6
53	39
53	40
53	46
53	55
53	56
53	73
53	81
54	5
54	23
54	28
54	39
54	57
54	62
54	72
54	74
54	75
54	76
55	4
55	7
55	25
55	39
55	40
55	53
55	60
55	68
55	73
55	81
56	20
56	22
56	39
56	46
56	50
56	53
56	60
56	68
56	76
56	81
57	16
57	24
57	34
57	50
57	54
57	65
57	72
57	74
57	75
57	76
58	4
58	31
58	32
58	37
58	41
58	43
58	64
58	70
58	77
58	79
59	29
59	30
59	32
59	63
59	64
59	67
59	70
59	76
59	77
59	79
60	4
60	7
60	8
60	32
60	50
60	52
60	55
60	56
60	73
60	81
61	6
61	29
61	32
61	41
61	43
61	63
61	64
61	67
61	70
61	77
61	79
62	11
62	15
62	23
62	24
62	26
62	34
62	54
62	72
62	74
62	75
62	76
63	3
63	6
63	37
63	59
63	61
63	64
63	67
63	70
63	77
63	79
63	80
64	31
64	41
64	43
64	58
64	59
64	61
64	63
64	66
64	70
64	77
64	79
65	2
65	5
65	21
65	24
65	26
65	28
65	45
65	57
65	72
65	74
65	76
66	13
66	19
66	25
66	35
66	36
66	42
66	51
66	64
66	69
66	71
66	78
66	80
67	29
67	30
67	31
67	32
67	41
67	47
67	59
67	61
67	63
67	70
67	73
67	77
67	79
68	2
68	8
68	12
68	15
68	20
68	22
68	27
68	40
68	52
68	55
68	56
68	72
68	73
68	81
69	9
69	17
69	18
69	26
69	27
69	35
69	38
69	42
69	47
69	48
69	49
69	66
69	71
69	75
69	78
69	80
70	3
70	21
70	29
70	30
70	37
70	41
70	43
70	58
70	59
70	61
70	63
70	64
70	67
70	73
70	77
70	79
71	13
71	17
71	25
71	27
71	35
71	36
71	42
71	47
71	48
71	49
71	51
71	66
71	69
71	78
71	80
71	81
72	5
72	16
72	21
72	23
72	24
72	28
72	34
72	45
72	54
72	57
72	62
72	65
72	68
72	74
72	75
72	77
73	1
73	2
73	7
73	8
73	10
73	12
73	14
73	22
73	46
73	50
73	53
73	55
73	60
73	67
73	68
73	70
73	81
74	11
74	16
74	21
74	23
74	26
74	33
74	34
74	42
74	45
74	52
74	54
74	57
74	62
74	65
74	72
74	75
74	76
75	5
75	11
75	16
75	21
75	26
75	28
75	33
75	34
75	45
75	54
75	57
75	62
75	69
75	72
75	74
75	76
75	79
76	5
76	11
76	12
76	16
76	21
76	23
76	26
76	28
76	33
76	45
76	54
76	56
76	57
76	59
76	62
76	65
76	74
76	75
77	3
77	6
77	29
77	30
77	31
77	32
77	37
77	41
77	43
77	58
77	59
77	61
77	63
77	64
77	67
77	70
77	72
77	79
78	9
78	13
78	17
78	25
78	30
78	35
78	36
78	38
78	42
78	44
78	47
78	48
78	49
78	51
78	66
78	69
78	71
78	80
79	3
79	6
79	22
79	29
79	30
79	32
79	37
79	41
79	43
79	58
79	59
79	61
79	63
79	64
79	67
79	70
79	75
79	77
80	9
80	13
80	17
80	18
80	19
80	23
80	27
80	36
80	38
80	42
80	47
80	48
80	49
80	51
80	63
80	66
80	69
80	71
80	78
81	1
81	2
81	7
81	8
81	14
81	15
81	20
81	38
81	40
81	46
81	50
81	52
81	53
81	55
81	56
81	60
81	68
81	71
81	73
