1	57
1	68
1	70
1	71
1	72
1	73
2	29
2	39
2	43
2	44
2	45
2	67
3	68
3	69
3	70
3	71
3	72
3	81
4	5
4	8
4	19
4	20
4	35
4	37
5	4
5	12
5	20
5	32
5	35
5	37
6	18
6	34
6	38
6	49
6	50
6	53
7	18
7	26
7	38
7	49
7	50
7	53
8	4
8	19
8	32
8	35
8	37
8	41
9	56
9	58
9	59
9	60
9	62
9	77
10	57
10	66
10	69
10	70
10	71
10	72
11	13
11	21
11	24
11	36
11	58
11	60
12	5
12	32
12	35
12	37
12	51
12	56
13	11
13	46
13	52
13	59
13	60
13	62
14	46
14	65
14	68
14	69
14	70
14	72
15	43
15	45
15	48
15	55
15	67
15	78
16	39
16	43
16	48
16	55
16	67
16	80
17	65
17	74
17	75
17	77
17	80
17	81
18	6
18	7
18	38
18	48
18	49
18	50
18	53
19	4
19	8
19	20
19	32
19	35
19	37
19	42
20	4
20	5
20	19
20	32
20	35
20	37
20	80
21	11
21	26
21	34
21	38
21	49
21	50
21	53
22	29
22	32
22	39
22	44
22	45
22	55
22	67
23	24
23	42
23	57
23	59
23	60
23	62
23	76
24	11
24	23
24	52
24	56
24	58
24	62
24	63
25	65
25	66
25	68
25	69
25	70
25	71
25	72
26	7
26	21
26	34
26	49
26	50
26	53
26	78
27	65
27	66
27	69
27	70
27	71
27	72
27	79
28	55
28	73
28	77
28	78
28	79
28	80
28	81
29	2
29	22
29	39
29	43
29	44
29	48
29	55
29	67
30	62
30	73
30	76
30	77
30	78
30	79
30	80
30	81
31	39
31	43
31	44
31	45
31	48
31	55
31	67
31	68
32	5
32	8
32	12
32	19
32	20
32	22
32	35
32	37
33	59
33	73
33	74
33	76
33	77
33	78
33	79
33	81
34	6
34	21
34	26
34	38
34	49
34	50
34	53
34	61
35	4
35	5
35	8
35	12
35	19
35	20
35	32
35	37
36	11
36	42
36	46
36	52
36	56
36	58
36	59
36	60
36	79
37	4
37	5
37	8
37	12
37	19
37	20
37	32
37	35
37	47
38	6
38	7
38	18
38	21
38	34
38	49
38	50
38	52
38	53
39	2
39	16
39	22
39	29
39	31
39	43
39	44
39	55
39	67
40	61
40	74
40	75
40	76
40	77
40	78
40	79
40	80
40	81
41	8
41	64
41	73
41	75
41	76
41	78
41	79
41	80
41	81
42	19
42	23
42	36
42	46
42	52
42	56
42	58
42	59
42	60
42	62
43	2
43	15
43	16
43	29
43	31
43	39
43	45
43	48
43	67
43	71
44	2
44	22
44	29
44	31
44	39
44	45
44	48
44	49
44	55
44	67
45	2
45	15
45	22
45	31
45	43
45	44
45	48
45	55
45	67
45	81
46	13
46	14
46	36
46	42
46	52
46	56
46	58
46	59
46	60
46	62
47	37
47	57
47	63
47	65
47	66
47	68
47	69
47	70
47	71
47	72
48	15
48	16
48	18
48	29
48	31
48	43
48	44
48	45
48	55
48	67
49	6
49	7
49	18
49	21
49	26
49	34
49	38
49	44
49	50
49	53
50	6
50	7
50	18
50	21
50	26
50	34
50	38
50	49
50	53
50	76
51	12
51	73
51	74
51	75
51	76
51	77
51	78
51	79
51	80
51	81
52	13
52	24
52	36
52	38
52	42
52	46
52	56
52	58
52	59
52	62
53	6
53	7
53	18
53	21
53	26
53	34
53	38
53	49
53	50
53	70
54	64
54	71
54	74
54	75
54	76
54	77
54	78
54	79
54	80
54	81
55	15
55	16
55	22
55	28
55	29
55	31
55	39
55	44
55	45
55	48
55	67
56	9
56	12
56	24
56	36
56	42
56	46
56	52
56	58
56	59
56	60
56	62
57	1
57	10
57	23
57	47
57	63
57	65
57	66
57	68
57	69
57	70
57	71
57	72
58	9
58	11
58	24
58	36
58	42
58	46
58	52
58	56
58	59
58	60
58	62
58	77
59	9
59	13
59	23
59	33
59	36
59	42
59	46
59	52
59	56
59	58
59	60
59	62
60	9
60	11
60	13
60	23
60	36
60	42
60	46
60	56
60	58
60	59
60	62
60	75
61	34
61	40
61	64
61	73
61	74
61	75
61	76
61	77
61	78
61	79
61	80
61	81
62	9
62	13
62	23
62	24
62	30
62	42
62	46
62	52
62	56
62	58
62	59
62	60
63	24
63	47
63	57
63	65
63	66
63	68
63	69
63	70
63	71
63	72
63	75
64	41
64	54
64	61
64	67
64	73
64	74
64	75
64	76
64	77
64	78
64	79
64	80
64	81
65	14
65	17
65	25
65	27
65	47
65	57
65	63
65	66
65	68
65	69
65	70
65	71
65	72
66	10
66	25
66	27
66	47
66	57
66	63
66	65
66	67
66	68
66	69
66	70
66	71
66	72
67	2
67	15
67	16
67	22
67	29
67	31
67	39
67	43
67	44
67	45
67	48
67	55
67	64
67	66
68	1
68	3
68	14
68	25
68	31
68	47
68	57
68	63
68	65
68	66
68	69
68	70
68	71
68	72
69	3
69	10
69	14
69	25
69	27
69	47
69	57
69	63
69	65
69	66
69	68
69	70
69	71
69	72
69	74
70	1
70	3
70	10
70	14
70	25
70	27
70	47
70	53
70	57
70	63
70	65
70	66
70	68
70	69
70	71
70	72
71	1
71	3
71	10
71	25
71	27
71	43
71	47
71	54
71	57
71	63
71	65
71	66
71	68
71	69
71	70
71	72
72	1
72	3
72	10
72	14
72	25
72	27
72	47
72	57
72	63
72	65
72	66
72	68
72	69
72	70
72	71
72	74
73	1
73	28
73	30
73	33
73	41
73	51
73	61
73	64
73	74
73	75
73	76
73	77
73	78
73	79
73	80
73	81
74	17
74	33
74	40
74	51
74	54
74	61
74	64
74	69
74	72
74	73
74	75
74	76
74	77
74	78
74	79
74	80
74	81
75	17
75	40
75	41
75	51
75	54
75	60
75	61
75	63
75	64
75	73
75	74
75	76
75	77
75	78
75	79
75	80
75	81
76	23
76	30
76	33
76	40
76	41
76	50
76	51
76	54
76	61
76	64
76	73
76	74
76	75
76	77
76	78
76	79
76	80
76	81
77	9
77	17
77	28
77	30
77	33
77	40
77	51
77	54
77	58
77	61
77	64
77	73
77	74
77	75
77	76
77	78
77	79
77	80
77	81
78	15
78	26
78	28
78	30
78	33
78	40
78	41
78	51
78	54
78	61
78	64
78	73
78	74
78	75
78	76
78	77
78	79
78	80
78	81
79	27
79	28
79	30
79	33
79	36
79	40
79	41
79	51
79	54
79	61
79	64
79	73
79	74
79	75
79	76
79	77
79	78
79	80
79	81
80	16
80	17
80	20
80	28
80	30
80	40
80	41
80	51
80	54
80	61
80	64
80	73
80	74
80	75
80	76
80	77
80	78
80	79
80	81
81	3
81	17
81	28
81	30
81	33
81	40
81	41
81	45
81	51
81	54
81	61
81	64
81	73
81	74
81	75
81	76
81	77
81	78
81	79
81	80
