1	48
1	56
1	67
1	68
1	71
1	73
2	4
2	14
2	34
2	35
2	36
2	47
3	15
3	18
3	29
3	33
3	42
3	77
4	2
4	13
4	34
4	35
4	36
4	67
5	38
5	43
5	48
5	49
5	68
5	73
6	15
6	18
6	20
6	23
6	29
6	42
7	8
7	12
7	23
7	31
7	50
7	52
8	7
8	17
8	31
8	44
8	50
8	52
9	10
9	47
9	57
9	59
9	66
9	68
10	9
10	21
10	40
10	57
10	59
10	66
11	26
11	53
11	54
11	55
11	61
11	64
12	7
12	25
12	31
12	44
12	50
12	52
13	4
13	14
13	16
13	34
13	35
13	36
14	2
14	13
14	16
14	34
14	35
14	36
15	3
15	6
15	20
15	23
15	33
15	64
16	13
16	14
16	34
16	35
16	36
16	77
17	8
17	25
17	44
17	50
17	52
17	66
18	3
18	6
18	23
18	29
18	33
18	42
19	27
19	41
19	45
19	57
19	59
19	66
20	6
20	15
20	29
20	33
20	42
20	65
21	10
21	27
21	40
21	41
21	45
21	47
21	57
22	36
22	38
22	48
22	49
22	67
22	68
22	73
23	6
23	7
23	15
23	18
23	29
23	33
23	42
24	28
24	37
24	46
24	53
24	54
24	61
24	64
25	12
25	17
25	31
25	44
25	50
25	52
25	69
26	11
26	46
26	51
26	55
26	61
26	64
26	79
27	19
27	21
27	47
27	57
27	59
27	66
27	76
28	24
28	58
28	70
28	78
28	79
28	80
28	81
29	3
29	6
29	18
29	20
29	23
29	33
29	42
30	39
30	43
30	56
30	67
30	68
30	73
30	74
31	7
31	8
31	12
31	25
31	44
31	50
31	52
32	37
32	51
32	53
32	54
32	55
32	61
32	64
33	3
33	15
33	18
33	20
33	23
33	29
33	42
33	46
34	2
34	4
34	13
34	14
34	16
34	35
34	36
34	74
35	2
35	4
35	13
35	14
35	16
35	34
35	36
35	40
36	2
36	4
36	13
36	14
36	16
36	22
36	34
36	35
37	24
37	32
37	51
37	53
37	54
37	55
37	61
37	64
38	5
38	22
38	49
38	56
38	67
38	68
38	73
38	78
39	30
39	48
39	49
39	56
39	62
39	67
39	68
39	73
40	10
40	21
40	35
40	41
40	45
40	47
40	59
40	66
41	19
41	21
41	40
41	45
41	57
41	59
41	66
41	75
42	3
42	6
42	18
42	20
42	23
42	29
42	33
42	59
43	5
43	30
43	48
43	49
43	67
43	68
43	73
43	76
44	8
44	12
44	17
44	25
44	31
44	50
44	52
44	73
45	19
45	21
45	40
45	41
45	57
45	59
45	60
45	66
46	24
46	26
46	33
46	51
46	54
46	55
46	61
46	64
47	2
47	9
47	21
47	27
47	40
47	57
47	59
47	66
48	1
48	5
48	22
48	39
48	43
48	56
48	67
48	68
48	73
49	5
49	22
49	38
49	39
49	43
49	56
49	67
49	68
49	73
50	7
50	8
50	12
50	17
50	25
50	31
50	44
50	52
50	80
51	26
51	32
51	37
51	46
51	53
51	54
51	55
51	61
51	64
52	7
52	8
52	12
52	17
52	25
52	31
52	44
52	50
52	79
53	11
53	24
53	32
53	37
53	51
53	54
53	61
53	64
53	81
54	11
54	24
54	32
54	37
54	46
54	51
54	53
54	55
54	61
54	64
55	11
55	26
55	32
55	37
55	46
55	51
55	54
55	61
55	64
55	70
56	1
56	30
56	38
56	39
56	48
56	49
56	67
56	68
56	72
56	73
57	9
57	10
57	19
57	21
57	27
57	41
57	45
57	47
57	58
57	59
57	66
58	28
58	57
58	65
58	71
58	74
58	75
58	76
58	78
58	79
58	80
58	81
59	9
59	10
59	19
59	27
59	40
59	41
59	42
59	45
59	47
59	57
59	66
60	45
60	62
60	69
60	71
60	75
60	76
60	77
60	78
60	79
60	80
60	81
61	11
61	24
61	26
61	32
61	37
61	46
61	51
61	53
61	54
61	55
61	63
61	64
62	39
62	60
62	69
62	70
62	72
62	75
62	76
62	77
62	78
62	79
62	80
62	81
63	61
63	69
63	70
63	71
63	72
63	74
63	76
63	77
63	78
63	79
63	80
63	81
64	11
64	15
64	24
64	26
64	32
64	37
64	46
64	51
64	53
64	54
64	55
64	61
65	20
65	58
65	71
65	72
65	73
65	74
65	75
65	77
65	78
65	79
65	80
65	81
66	9
66	10
66	17
66	19
66	27
66	40
66	41
66	45
66	47
66	57
66	59
66	81
67	1
67	4
67	22
67	30
67	38
67	39
67	43
67	48
67	49
67	56
67	68
67	73
67	75
68	1
68	5
68	9
68	22
68	30
68	38
68	39
68	43
68	48
68	49
68	56
68	67
68	73
69	25
69	60
69	62
69	63
69	70
69	72
69	74
69	75
69	76
69	77
69	78
69	79
69	80
69	81
70	28
70	55
70	62
70	63
70	69
70	71
70	74
70	75
70	76
70	77
70	78
70	79
70	80
70	81
71	1
71	58
71	60
71	63
71	65
71	70
71	72
71	75
71	76
71	77
71	78
71	79
71	80
71	81
72	56
72	62
72	63
72	65
72	69
72	71
72	74
72	75
72	76
72	77
72	78
72	79
72	80
72	81
73	1
73	5
73	22
73	30
73	38
73	39
73	43
73	44
73	48
73	49
73	56
73	65
73	67
73	68
74	30
74	34
74	58
74	63
74	65
74	69
74	70
74	72
74	75
74	76
74	77
74	78
74	79
74	80
74	81
75	41
75	58
75	60
75	62
75	65
75	67
75	69
75	70
75	71
75	72
75	74
75	76
75	77
75	78
75	80
75	81
76	27
76	43
76	58
76	60
76	62
76	63
76	69
76	70
76	71
76	72
76	74
76	75
76	77
76	78
76	79
76	80
76	81
77	3
77	16
77	60
77	62
77	63
77	65
77	69
77	70
77	71
77	72
77	74
77	75
77	76
77	78
77	79
77	80
77	81
78	28
78	38
78	58
78	60
78	62
78	63
78	65
78	69
78	70
78	71
78	72
78	74
78	75
78	76
78	77
78	79
78	80
78	81
79	26
79	28
79	52
79	58
79	60
79	62
79	63
79	65
79	69
79	70
79	71
79	72
79	74
79	76
79	77
79	78
79	80
79	81
80	28
80	50
80	58
80	60
80	62
80	63
80	65
80	69
80	70
80	71
80	72
80	74
80	75
80	76
80	77
80	78
80	79
80	81
81	28
81	53
81	58
81	60
81	62
81	63
81	65
81	66
81	69
81	70
81	71
81	72
81	74
81	75
81	76
81	77
81	78
81	79
81	80
