1	11
1	34
1	50
1	55
1	58
1	63
2	7
2	15
2	17
2	18
2	20
2	28
3	29
3	30
3	34
3	38
3	39
3	54
4	29
4	30
4	35
4	38
4	39
4	47
5	10
5	12
5	14
5	26
5	33
5	59
6	31
6	37
6	49
6	53
6	57
6	60
7	2
7	15
7	17
7	20
7	28
7	41
8	63
8	73
8	76
8	79
8	80
8	81
9	28
9	76
9	77
9	78
9	79
9	81
10	5
10	12
10	21
10	26
10	33
10	72
11	1
11	43
11	52
11	58
11	63
11	75
12	5
12	10
12	14
12	21
12	26
12	33
13	59
13	62
13	64
13	66
13	69
13	70
14	5
14	12
14	21
14	26
14	33
14	65
15	2
15	7
15	18
15	20
15	28
15	66
16	27
16	29
16	39
16	41
16	47
16	58
17	2
17	7
17	18
17	20
17	28
17	73
18	2
18	15
18	17
18	20
18	28
18	78
19	42
19	49
19	51
19	55
19	58
19	63
20	2
20	7
20	15
20	17
20	18
20	28
21	10
21	12
21	14
21	26
21	33
21	79
22	62
22	63
22	64
22	66
22	69
22	70
23	40
23	46
23	49
23	53
23	57
23	60
24	44
24	59
24	62
24	69
24	70
24	77
25	36
25	46
25	49
25	53
25	57
25	60
25	81
26	5
26	10
26	12
26	14
26	21
26	33
26	56
27	16
27	29
27	30
27	35
27	38
27	41
27	47
28	2
28	7
28	9
28	15
28	17
28	18
28	20
29	3
29	4
29	16
29	27
29	34
29	41
29	47
30	3
30	4
30	27
30	34
30	35
30	38
30	47
31	6
31	36
31	46
31	49
31	57
31	60
31	80
32	45
32	56
32	62
32	64
32	66
32	69
32	70
33	5
33	10
33	12
33	14
33	21
33	26
33	71
34	1
34	3
34	29
34	30
34	38
34	41
34	47
35	4
35	27
35	30
35	38
35	39
35	41
35	76
36	25
36	31
36	46
36	49
36	53
36	57
36	60
37	6
37	44
37	59
37	64
37	66
37	69
37	70
38	3
38	4
38	27
38	30
38	34
38	35
38	39
38	44
39	3
39	4
39	16
39	35
39	38
39	41
39	47
39	80
40	23
40	42
40	46
40	49
40	53
40	57
40	60
40	67
41	7
41	16
41	27
41	29
41	34
41	35
41	39
41	47
42	19
42	40
42	50
42	51
42	52
42	55
42	58
42	63
43	11
43	50
43	51
43	52
43	55
43	58
43	63
43	71
44	24
44	37
44	38
44	56
44	62
44	64
44	66
44	69
45	32
45	56
45	59
45	64
45	66
45	69
45	70
45	74
46	23
46	25
46	31
46	36
46	40
46	53
46	57
46	60
46	81
47	4
47	16
47	27
47	29
47	30
47	34
47	39
47	41
47	48
48	47
48	72
48	73
48	74
48	77
48	78
48	79
48	80
48	81
49	6
49	19
49	23
49	25
49	31
49	36
49	40
49	53
49	60
50	1
50	42
50	43
50	51
50	52
50	55
50	58
50	63
50	65
51	19
51	42
51	43
51	50
51	52
51	55
51	58
51	63
51	78
52	11
52	42
52	43
52	50
52	51
52	55
52	58
52	62
52	63
53	6
53	23
53	25
53	36
53	40
53	46
53	49
53	57
53	60
54	3
54	68
54	74
54	75
54	76
54	77
54	78
54	79
54	80
54	81
55	1
55	19
55	42
55	43
55	50
55	51
55	52
55	58
55	63
55	66
56	26
56	32
56	44
56	45
56	59
56	62
56	64
56	66
56	69
56	70
57	6
57	23
57	25
57	31
57	36
57	40
57	46
57	53
57	60
57	70
58	1
58	11
58	16
58	19
58	42
58	43
58	50
58	51
58	52
58	55
58	63
59	5
59	13
59	24
59	37
59	45
59	56
59	62
59	64
59	66
59	69
59	70
60	6
60	23
60	25
60	31
60	36
60	40
60	46
60	49
60	53
60	57
60	79
61	64
61	67
61	72
61	73
61	74
61	75
61	76
61	77
61	78
61	80
61	81
62	13
62	22
62	24
62	32
62	44
62	52
62	56
62	59
62	64
62	66
62	69
62	70
63	1
63	8
63	11
63	19
63	22
63	42
63	43
63	50
63	51
63	52
63	55
63	58
64	13
64	22
64	32
64	37
64	44
64	45
64	56
64	59
64	61
64	62
64	66
64	69
64	70
65	14
65	50
65	67
65	71
65	72
65	73
65	74
65	75
65	77
65	78
65	79
65	80
65	81
66	13
66	15
66	22
66	32
66	37
66	44
66	45
66	55
66	56
66	59
66	62
66	64
66	69
66	70
67	40
67	61
67	65
67	68
67	69
67	71
67	74
67	75
67	76
67	77
67	78
67	79
67	80
67	81
68	54
68	67
68	70
68	71
68	72
68	73
68	74
68	75
68	76
68	77
68	78
68	79
68	80
68	81
69	13
69	22
69	24
69	32
69	37
69	44
69	45
69	56
69	59
69	62
69	64
69	66
69	67
69	70
70	13
70	22
70	24
70	32
70	37
70	45
70	56
70	57
70	59
70	62
70	64
70	66
70	68
70	69
71	33
71	43
71	65
71	67
71	68
71	72
71	73
71	74
71	75
71	76
71	77
71	78
71	79
71	80
71	81
72	10
72	48
72	61
72	65
72	68
72	71
72	73
72	74
72	75
72	76
72	77
72	78
72	79
72	80
72	81
73	8
73	17
73	48
73	61
73	65
73	68
73	71
73	72
73	74
73	75
73	76
73	77
73	78
73	79
73	80
73	81
74	45
74	48
74	54
74	61
74	65
74	67
74	68
74	71
74	72
74	73
74	75
74	76
74	78
74	79
74	80
74	81
75	11
75	54
75	61
75	65
75	67
75	68
75	71
75	72
75	73
75	74
75	76
75	77
75	78
75	79
75	80
75	81
76	8
76	9
76	35
76	54
76	61
76	67
76	68
76	71
76	72
76	73
76	74
76	75
76	77
76	78
76	79
76	80
76	81
77	9
77	24
77	48
77	54
77	61
77	65
77	67
77	68
77	71
77	72
77	73
77	75
77	76
77	78
77	79
77	80
77	81
78	9
78	18
78	48
78	51
78	54
78	61
78	65
78	67
78	68
78	71
78	72
78	73
78	74
78	75
78	76
78	77
78	79
78	80
78	81
79	8
79	9
79	21
79	48
79	54
79	60
79	65
79	67
79	68
79	71
79	72
79	73
79	74
79	75
79	76
79	77
79	78
79	80
79	81
80	8
80	31
80	39
80	48
80	54
80	61
80	65
80	67
80	68
80	71
80	72
80	73
80	74
80	75
80	76
80	77
80	78
80	79
80	81
81	8
81	9
81	25
81	46
81	48
81	54
81	61
81	65
81	67
81	68
81	71
81	72
81	73
81	74
81	75
81	76
81	77
81	78
81	79
81	80
