1	18
1	19
1	45
1	49
1	52
1	61
2	10
2	29
2	34
2	43
2	53
2	72
3	18
3	28
3	30
3	45
3	52
3	61
4	20
4	25
4	27
4	38
4	46
4	72
5	16
5	41
5	73
5	77
5	79
5	80
6	63
6	67
6	69
6	71
6	77
6	79
7	44
7	55
7	56
7	77
7	79
7	80
8	41
8	47
8	71
8	77
8	79
8	80
9	68
9	70
9	75
9	77
9	78
9	81
10	2
10	13
10	31
10	34
10	43
10	46
11	25
11	27
11	38
11	46
11	53
11	72
12	42
12	68
12	75
12	76
12	78
12	81
13	10
13	21
13	34
13	38
13	43
13	50
14	42
14	59
14	60
14	65
14	66
14	80
15	64
15	74
15	75
15	76
15	78
15	81
16	5
16	57
16	59
16	60
16	65
16	66
17	20
17	27
17	43
17	53
17	54
17	72
18	1
18	3
18	37
18	52
18	56
18	61
19	1
19	30
19	32
19	45
19	49
19	61
20	4
20	17
20	21
20	25
20	29
20	50
20	72
21	13
21	20
21	25
21	31
21	50
21	53
21	72
22	24
22	49
22	57
22	59
22	60
22	65
22	66
23	70
23	74
23	75
23	76
23	77
23	78
23	81
24	22
24	57
24	59
24	60
24	62
24	65
24	66
25	4
25	11
25	20
25	21
25	29
25	31
25	50
26	39
26	56
26	73
26	75
26	79
26	80
26	81
27	4
27	11
27	17
27	29
27	38
27	43
27	78
28	3
28	32
28	34
28	37
28	45
28	52
28	61
29	2
29	20
29	25
29	27
29	43
29	47
29	72
30	3
30	19
30	37
30	49
30	52
30	61
30	78
31	10
31	21
31	25
31	34
31	53
31	72
31	74
32	19
32	28
32	37
32	45
32	49
32	55
32	61
33	36
33	42
33	59
33	60
33	65
33	66
33	76
34	2
34	10
34	13
34	28
34	31
34	38
34	46
34	72
35	39
35	58
35	68
35	70
35	74
35	75
35	76
35	81
36	33
36	42
36	57
36	59
36	60
36	65
36	66
36	67
37	18
37	28
37	30
37	32
37	43
37	49
37	52
37	61
38	4
38	11
38	13
38	27
38	34
38	46
38	50
38	79
39	26
39	35
39	62
39	71
39	73
39	77
39	79
39	80
40	44
40	64
40	65
40	70
40	75
40	76
40	78
40	81
41	5
41	8
41	51
41	55
41	62
41	63
41	67
41	77
41	80
42	12
42	14
42	33
42	36
42	57
42	59
42	60
42	65
42	66
43	2
43	10
43	13
43	17
43	27
43	29
43	37
43	53
43	72
44	7
44	40
44	58
44	64
44	68
44	74
44	76
44	78
44	81
45	1
45	3
45	19
45	28
45	32
45	49
45	52
45	53
45	61
46	4
46	10
46	11
46	34
46	38
46	50
46	53
46	72
46	73
47	8
47	29
47	51
47	55
47	56
47	69
47	71
47	77
47	80
48	54
48	57
48	58
48	68
48	70
48	74
48	76
48	78
48	81
49	1
49	19
49	22
49	30
49	32
49	37
49	45
49	52
49	61
50	13
50	20
50	21
50	25
50	38
50	46
50	53
50	67
50	72
51	41
51	47
51	62
51	63
51	66
51	67
51	69
51	71
51	73
51	80
52	1
52	3
52	18
52	28
52	30
52	37
52	45
52	49
52	61
52	80
53	2
53	11
53	17
53	21
53	31
53	43
53	45
53	46
53	50
53	72
54	17
54	48
54	58
54	64
54	70
54	74
54	75
54	76
54	78
54	81
55	7
55	32
55	41
55	47
55	63
55	67
55	69
55	71
55	73
55	77
55	79
56	7
56	18
56	26
56	47
56	67
56	69
56	71
56	73
56	77
56	79
56	80
57	16
57	22
57	24
57	36
57	42
57	48
57	59
57	60
57	65
57	66
57	70
58	35
58	44
58	48
58	54
58	61
58	64
58	68
58	70
58	74
58	75
58	78
58	81
59	14
59	16
59	22
59	24
59	33
59	36
59	42
59	57
59	60
59	65
59	66
59	79
60	14
60	16
60	22
60	24
60	33
60	36
60	42
60	57
60	59
60	65
60	66
60	69
61	1
61	3
61	18
61	19
61	28
61	30
61	32
61	37
61	45
61	49
61	52
61	58
62	24
62	39
62	41
62	51
62	63
62	69
62	71
62	72
62	73
62	77
62	79
62	80
63	6
63	41
63	51
63	55
63	62
63	67
63	69
63	71
63	74
63	77
63	79
63	80
64	15
64	40
64	44
64	54
64	58
64	68
64	73
64	74
64	75
64	76
64	78
64	81
65	14
65	16
65	22
65	24
65	33
65	36
65	40
65	42
65	57
65	59
65	60
65	66
65	68
66	14
66	16
66	22
66	24
66	33
66	36
66	42
66	51
66	57
66	59
66	60
66	65
66	72
67	6
67	36
67	41
67	50
67	51
67	55
67	56
67	63
67	69
67	71
67	73
67	77
67	79
67	80
68	9
68	12
68	35
68	44
68	48
68	58
68	64
68	65
68	70
68	74
68	75
68	76
68	78
68	81
69	6
69	47
69	51
69	55
69	56
69	60
69	62
69	63
69	67
69	71
69	73
69	76
69	79
69	80
70	9
70	23
70	35
70	40
70	48
70	54
70	57
70	58
70	68
70	74
70	75
70	76
70	78
70	81
71	6
71	8
71	39
71	47
71	51
71	55
71	56
71	62
71	63
71	67
71	69
71	73
71	79
71	80
71	81
72	2
72	4
72	11
72	17
72	20
72	21
72	29
72	31
72	34
72	43
72	46
72	50
72	53
72	62
72	66
73	5
73	26
73	39
73	46
73	51
73	55
73	56
73	62
73	64
73	67
73	69
73	71
73	77
73	79
73	80
74	15
74	23
74	31
74	35
74	44
74	48
74	54
74	58
74	63
74	64
74	68
74	70
74	75
74	76
74	78
74	81
75	9
75	12
75	15
75	23
75	26
75	35
75	40
75	54
75	58
75	64
75	68
75	70
75	74
75	76
75	78
75	81
76	12
76	15
76	23
76	33
76	35
76	40
76	44
76	48
76	54
76	64
76	68
76	69
76	70
76	74
76	75
76	78
76	81
77	5
77	6
77	7
77	8
77	9
77	23
77	39
77	41
77	47
77	55
77	56
77	62
77	63
77	67
77	73
77	79
77	80
78	9
78	12
78	15
78	23
78	27
78	30
78	40
78	44
78	48
78	54
78	58
78	64
78	68
78	70
78	74
78	75
78	76
78	81
79	5
79	6
79	7
79	8
79	26
79	38
79	39
79	55
79	56
79	59
79	62
79	63
79	67
79	69
79	71
79	73
79	77
79	80
80	5
80	7
80	8
80	14
80	26
80	39
80	41
80	47
80	51
80	52
80	56
80	62
80	63
80	67
80	69
80	71
80	73
80	77
80	79
81	9
81	12
81	15
81	23
81	26
81	35
81	40
81	44
81	48
81	54
81	58
81	64
81	68
81	70
81	71
81	74
81	75
81	76
81	78
