1	3
1	53
1	75
1	76
1	77
1	80
2	11
2	15
2	22
2	65
2	74
2	79
3	1
3	55
3	60
3	65
3	74
3	79
4	6
4	29
4	35
4	43
4	47
4	63
5	66
5	70
5	75
5	76
5	77
5	80
6	4
6	29
6	40
6	43
6	44
6	63
7	12
7	46
7	49
7	51
7	58
7	59
8	12
8	21
8	33
8	46
8	48
8	59
9	64
9	70
9	75
9	76
9	77
9	80
10	55
10	56
10	60
10	65
10	74
10	79
11	2
11	13
11	38
11	45
11	55
11	79
12	7
12	8
12	25
12	33
12	46
12	66
13	11
13	69
13	72
13	73
13	78
13	81
14	28
14	71
14	72
14	73
14	78
14	81
15	2
15	31
15	60
15	65
15	74
15	79
16	36
16	39
16	43
16	44
16	47
16	63
17	42
17	68
17	71
17	73
17	78
17	81
18	29
18	38
18	40
18	41
18	43
18	44
19	61
19	67
19	75
19	76
19	77
19	80
20	40
20	69
20	71
20	72
20	78
20	81
21	8
21	25
21	27
21	34
21	49
21	51
21	58
22	2
22	26
22	31
22	45
22	60
22	74
22	79
23	32
23	61
23	72
23	73
23	78
23	79
23	81
24	64
24	66
24	67
24	70
24	75
24	76
24	80
25	12
25	21
25	46
25	49
25	51
25	56
25	59
26	22
26	31
26	47
26	56
26	65
26	74
26	79
27	21
27	34
27	46
27	51
27	58
27	59
27	64
28	14
28	31
28	38
28	45
28	65
28	74
28	79
29	4
29	6
29	18
29	36
29	39
29	45
29	47
30	48
30	58
30	69
30	71
30	72
30	78
30	81
31	15
31	22
31	26
31	28
31	37
31	74
31	79
32	23
32	61
32	71
32	72
32	73
32	78
32	81
33	8
33	12
33	34
33	49
33	58
33	59
33	72
34	21
34	27
34	33
34	49
34	51
34	58
34	59
35	4
35	40
35	43
35	44
35	47
35	63
35	67
36	16
36	29
36	39
36	41
36	47
36	63
36	69
37	31
37	56
37	60
37	65
37	74
37	79
37	80
38	11
38	18
38	28
38	55
38	56
38	65
38	74
38	79
39	16
39	29
39	36
39	40
39	43
39	47
39	63
39	68
40	6
40	18
40	20
40	35
40	39
40	41
40	44
40	63
41	18
41	36
41	40
41	43
41	44
41	47
41	49
41	63
42	17
42	69
42	71
42	72
42	73
42	77
42	78
42	81
43	4
43	6
43	16
43	18
43	35
43	39
43	41
43	44
43	71
44	6
44	16
44	18
44	35
44	40
44	41
44	43
44	63
44	65
45	11
45	22
45	28
45	29
45	55
45	60
45	65
45	74
45	79
46	7
46	8
46	12
46	25
46	27
46	51
46	58
46	59
46	81
47	4
47	16
47	26
47	29
47	35
47	36
47	39
47	41
47	63
48	8
48	30
48	50
48	57
48	69
48	72
48	73
48	78
48	81
49	7
49	21
49	25
49	33
49	34
49	41
49	51
49	58
49	59
50	48
50	57
50	61
50	69
50	71
50	73
50	76
50	78
50	81
51	7
51	21
51	25
51	27
51	34
51	46
51	49
51	58
51	59
51	78
52	53
52	64
52	67
52	68
52	70
52	73
52	75
52	76
52	77
52	80
53	1
53	52
53	62
53	66
53	68
53	70
53	73
53	76
53	77
53	80
54	58
54	62
54	66
54	67
54	68
54	70
54	75
54	76
54	77
54	80
55	3
55	10
55	11
55	38
55	45
55	56
55	60
55	69
55	74
55	79
56	10
56	25
56	26
56	37
56	38
56	55
56	60
56	65
56	74
56	79
57	48
57	50
57	61
57	69
57	71
57	72
57	73
57	77
57	78
57	81
58	7
58	21
58	27
58	30
58	33
58	34
58	46
58	49
58	51
58	54
58	59
59	7
59	8
59	25
59	27
59	33
59	34
59	46
59	49
59	51
59	58
59	60
60	3
60	10
60	15
60	22
60	37
60	45
60	55
60	56
60	59
60	74
60	79
61	19
61	23
61	32
61	50
61	57
61	69
61	71
61	72
61	73
61	78
61	81
62	53
62	54
62	64
62	66
62	67
62	68
62	70
62	74
62	75
62	76
62	77
62	80
63	4
63	6
63	16
63	35
63	36
63	39
63	40
63	41
63	44
63	47
63	80
63	81
64	9
64	24
64	27
64	52
64	62
64	66
64	67
64	68
64	70
64	75
64	76
64	77
64	80
65	2
65	3
65	10
65	15
65	26
65	28
65	37
65	38
65	44
65	45
65	56
65	74
65	79
66	5
66	12
66	24
66	53
66	54
66	62
66	64
66	67
66	68
66	70
66	75
66	76
66	77
66	80
67	19
67	24
67	35
67	52
67	54
67	62
67	64
67	66
67	68
67	70
67	75
67	76
67	77
67	80
68	17
68	39
68	52
68	53
68	54
68	62
68	64
68	66
68	67
68	70
68	75
68	76
68	77
68	80
69	13
69	20
69	30
69	36
69	42
69	48
69	50
69	55
69	57
69	61
69	71
69	72
69	73
69	78
69	81
70	5
70	9
70	24
70	52
70	53
70	54
70	62
70	64
70	66
70	67
70	68
70	75
70	76
70	77
70	79
70	80
71	14
71	17
71	20
71	30
71	32
71	42
71	43
71	50
71	57
71	61
71	69
71	72
71	73
71	75
71	78
71	81
72	13
72	14
72	20
72	23
72	30
72	32
72	33
72	42
72	48
72	57
72	61
72	69
72	71
72	73
72	75
72	78
72	81
73	13
73	14
73	17
73	23
73	32
73	42
73	48
73	50
73	52
73	53
73	57
73	61
73	69
73	71
73	72
73	78
73	81
74	2
74	3
74	10
74	15
74	22
74	26
74	28
74	31
74	37
74	38
74	45
74	55
74	56
74	60
74	62
74	65
74	79
75	1
75	5
75	9
75	19
75	24
75	52
75	54
75	62
75	64
75	66
75	67
75	68
75	70
75	71
75	72
75	76
75	77
75	80
76	1
76	5
76	9
76	19
76	24
76	50
76	52
76	53
76	54
76	62
76	64
76	66
76	67
76	68
76	70
76	75
76	77
76	80
77	1
77	5
77	9
77	19
77	42
77	52
77	53
77	54
77	57
77	62
77	64
77	66
77	67
77	68
77	70
77	75
77	76
77	80
78	13
78	14
78	17
78	20
78	23
78	30
78	32
78	42
78	48
78	50
78	51
78	57
78	61
78	69
78	71
78	72
78	73
78	81
79	2
79	3
79	10
79	11
79	15
79	22
79	23
79	26
79	28
79	31
79	37
79	38
79	45
79	55
79	56
79	60
79	65
79	70
79	74
80	1
80	5
80	9
80	19
80	24
80	37
80	52
80	53
80	54
80	62
80	63
80	64
80	66
80	67
80	68
80	70
80	75
80	76
80	77
81	13
81	14
81	17
81	20
81	23
81	30
81	32
81	42
81	46
81	48
81	50
81	57
81	61
81	63
81	69
81	71
81	72
81	73
81	78
