1	32
1	39
1	46
1	47
1	58
1	77
2	10
2	15
2	18
2	19
2	24
2	35
3	10
3	14
3	15
3	18
3	24
3	35
4	43
4	48
4	57
4	64
4	72
4	76
5	42
5	45
5	53
5	74
5	75
5	76
6	28
6	32
6	39
6	46
6	47
6	58
7	64
7	66
7	69
7	72
7	73
7	76
8	49
8	54
8	68
8	70
8	74
8	75
9	16
9	28
9	30
9	39
9	47
9	58
10	2
10	3
10	15
10	18
10	24
10	35
11	17
11	22
11	25
11	31
11	37
11	65
12	62
12	66
12	69
12	72
12	73
12	76
13	17
13	23
13	31
13	34
13	37
13	79
14	3
14	15
14	18
14	24
14	35
14	48
15	2
15	3
15	10
15	14
15	18
15	24
15	35
16	9
16	27
16	28
16	39
16	46
16	47
16	58
17	11
17	13
17	22
17	23
17	25
17	34
17	37
18	2
18	3
18	10
18	14
18	15
18	24
18	35
19	2
19	44
19	45
19	51
19	60
19	68
19	75
20	56
20	71
20	77
20	78
20	79
20	80
20	81
21	59
21	65
21	71
21	78
21	79
21	80
21	81
22	11
22	17
22	25
22	31
22	34
22	37
22	70
23	13
23	17
23	25
23	31
23	34
23	37
23	77
24	2
24	3
24	10
24	14
24	15
24	18
24	35
25	11
25	17
25	22
25	23
25	31
25	34
25	37
26	44
26	53
26	60
26	68
26	70
26	74
26	75
27	16
27	28
27	32
27	39
27	46
27	58
27	65
28	6
28	9
28	16
28	27
28	46
28	47
28	58
29	49
29	51
29	53
29	68
29	70
29	74
29	75
30	9
30	55
30	61
30	77
30	78
30	79
30	80
30	81
31	11
31	13
31	22
31	23
31	25
31	34
31	37
31	59
32	1
32	6
32	27
32	39
32	46
32	47
32	57
32	58
33	40
33	62
33	64
33	66
33	71
33	72
33	73
33	76
34	13
34	17
34	22
34	23
34	25
34	31
34	37
34	69
35	2
35	3
35	10
35	14
35	15
35	18
35	24
35	78
36	41
36	61
36	71
36	77
36	78
36	79
36	80
36	81
37	11
37	13
37	17
37	22
37	23
37	25
37	31
37	34
37	58
38	40
38	57
38	61
38	62
38	66
38	69
38	72
38	73
38	76
39	1
39	6
39	9
39	16
39	27
39	32
39	46
39	47
39	58
40	33
40	38
40	43
40	57
40	62
40	66
40	72
40	73
40	76
41	36
41	44
41	45
41	49
41	54
41	68
41	70
41	74
41	75
42	5
42	44
42	49
42	51
42	53
42	54
42	67
42	70
42	74
42	75
43	4
43	40
43	48
43	53
43	57
43	64
43	69
43	72
43	73
43	76
44	19
44	26
44	41
44	42
44	54
44	60
44	68
44	74
44	75
44	81
45	5
45	19
45	41
45	49
45	51
45	54
45	55
45	60
45	74
45	75
46	1
46	6
46	16
46	27
46	28
46	32
46	39
46	47
46	50
46	58
47	1
47	6
47	9
47	16
47	28
47	32
47	39
47	46
47	58
47	75
48	4
48	14
48	43
48	57
48	62
48	66
48	69
48	72
48	73
48	76
49	8
49	29
49	41
49	42
49	45
49	54
49	56
49	70
49	74
49	75
50	46
50	52
50	56
50	65
50	67
50	72
50	77
50	78
50	79
50	80
50	81
51	19
51	29
51	42
51	45
51	53
51	54
51	60
51	66
51	68
51	69
51	74
51	75
52	50
52	61
52	62
52	63
52	65
52	67
52	71
52	77
52	78
52	79
52	80
52	81
53	5
53	26
53	29
53	42
53	43
53	51
53	54
53	60
53	68
53	70
53	74
53	75
54	8
54	41
54	42
54	44
54	45
54	49
54	51
54	53
54	60
54	70
54	73
54	74
55	30
55	45
55	56
55	61
55	63
55	65
55	67
55	77
55	78
55	79
55	80
55	81
56	20
56	49
56	50
56	55
56	59
56	67
56	71
56	77
56	78
56	79
56	80
56	81
57	4
57	32
57	38
57	40
57	43
57	48
57	62
57	64
57	69
57	72
57	73
57	76
58	1
58	6
58	9
58	16
58	27
58	28
58	32
58	37
58	39
58	46
58	47
58	79
59	21
59	31
59	56
59	63
59	65
59	67
59	71
59	77
59	78
59	79
59	80
59	81
60	19
60	26
60	44
60	45
60	51
60	53
60	54
60	68
60	70
60	74
60	75
60	80
61	30
61	36
61	38
61	52
61	55
61	63
61	65
61	67
61	77
61	78
61	79
61	80
61	81
62	12
62	33
62	38
62	40
62	48
62	52
62	57
62	64
62	66
62	69
62	72
62	73
62	76
63	52
63	55
63	59
63	61
63	65
63	67
63	71
63	74
63	77
63	78
63	79
63	80
63	81
64	4
64	7
64	33
64	43
64	57
64	62
64	66
64	68
64	69
64	71
64	72
64	73
64	76
65	11
65	21
65	27
65	50
65	52
65	55
65	59
65	61
65	63
65	78
65	79
65	80
65	81
66	7
66	12
66	33
66	38
66	40
66	48
66	51
66	62
66	64
66	69
66	72
66	73
66	76
67	42
67	50
67	52
67	55
67	56
67	59
67	61
67	63
67	71
67	77
67	78
67	79
67	80
67	81
68	8
68	19
68	26
68	29
68	41
68	44
68	51
68	53
68	60
68	64
68	70
68	73
68	74
68	75
69	7
69	12
69	34
69	38
69	43
69	48
69	51
69	57
69	62
69	64
69	66
69	72
69	73
69	76
70	8
70	22
70	26
70	29
70	41
70	42
70	49
70	53
70	54
70	60
70	68
70	74
70	75
70	80
71	20
71	21
71	33
71	36
71	52
71	56
71	59
71	63
71	64
71	67
71	77
71	78
71	79
71	80
71	81
72	4
72	7
72	12
72	33
72	38
72	40
72	43
72	48
72	50
72	57
72	62
72	64
72	66
72	69
72	73
72	76
73	7
73	12
73	33
73	38
73	40
73	43
73	48
73	54
73	57
73	62
73	64
73	66
73	68
73	69
73	72
73	76
74	5
74	8
74	26
74	29
74	41
74	42
74	44
74	45
74	49
74	51
74	53
74	54
74	60
74	63
74	68
74	70
74	75
75	5
75	8
75	19
75	26
75	29
75	41
75	42
75	44
75	45
75	47
75	49
75	51
75	53
75	60
75	68
75	70
75	74
76	4
76	5
76	7
76	12
76	33
76	38
76	40
76	43
76	48
76	57
76	62
76	64
76	66
76	69
76	72
76	73
76	81
77	1
77	20
77	23
77	30
77	36
77	50
77	52
77	55
77	56
77	59
77	61
77	63
77	67
77	71
77	78
77	79
77	80
77	81
78	20
78	21
78	30
78	35
78	36
78	50
78	52
78	55
78	56
78	59
78	61
78	63
78	65
78	67
78	71
78	77
78	79
78	80
78	81
79	13
79	20
79	21
79	30
79	36
79	50
79	52
79	55
79	56
79	58
79	59
79	61
79	63
79	65
79	67
79	71
79	77
79	78
79	80
79	81
80	20
80	21
80	30
80	36
80	50
80	52
80	55
80	56
80	59
80	60
80	61
80	63
80	65
80	67
80	70
80	71
80	77
80	78
80	79
80	81
81	20
81	21
81	30
81	36
81	44
81	50
81	52
81	55
81	56
81	59
81	61
81	63
81	65
81	67
81	71
81	76
81	77
81	78
81	79
81	80
