1	29
1	32
1	56
1	60
1	69
1	70
2	16
2	50
2	68
2	69
2	70
2	71
3	33
3	48
3	58
3	61
3	66
3	78
4	18
4	48
4	57
4	58
4	60
4	61
5	74
5	77
5	78
5	79
5	80
5	81
6	44
6	59
6	62
6	65
6	70
6	75
7	27
7	44
7	52
7	63
7	65
7	75
8	36
8	49
8	56
8	64
8	72
8	73
9	33
9	38
9	49
9	58
9	61
9	75
10	14
10	23
10	59
10	63
10	68
10	75
11	33
11	38
11	49
11	53
11	57
11	61
12	36
12	42
12	54
12	64
12	72
12	73
13	33
13	48
13	49
13	57
13	58
13	61
14	10
14	23
14	40
14	44
14	63
14	65
14	75
15	25
15	34
15	74
15	78
15	79
15	80
15	81
16	2
16	43
16	47
16	50
16	66
16	68
16	71
17	30
17	42
17	51
17	54
17	55
17	72
17	73
18	4
18	33
18	35
18	38
18	48
18	49
18	57
19	67
19	74
19	76
19	77
19	79
19	80
19	81
20	66
20	76
20	77
20	78
20	79
20	80
20	81
21	22
21	30
21	39
21	41
21	52
21	59
21	75
22	21
22	39
22	52
22	62
22	63
22	65
22	75
23	10
23	14
23	39
23	44
23	46
23	52
23	75
24	28
24	36
24	42
24	51
24	56
24	72
24	73
24	81
25	15
25	37
25	41
25	43
25	47
25	68
25	70
25	71
26	30
26	44
26	52
26	59
26	62
26	63
26	67
26	75
27	7
27	42
27	51
27	55
27	56
27	64
27	72
27	73
28	24
28	36
28	38
28	55
28	56
28	64
28	72
28	73
29	1
29	41
29	53
29	62
29	68
29	69
29	70
29	71
30	17
30	21
30	26
30	59
30	62
30	63
30	65
30	75
31	43
31	67
31	76
31	77
31	78
31	79
31	80
31	81
32	1
32	36
32	37
32	53
32	68
32	69
32	70
32	71
33	3
33	9
33	11
33	13
33	18
33	48
33	49
33	58
34	15
34	46
34	72
34	74
34	76
34	77
34	78
34	80
34	81
35	18
35	45
35	74
35	76
35	77
35	78
35	79
35	80
35	81
36	8
36	12
36	24
36	28
36	32
36	54
36	55
36	72
36	73
37	25
37	32
37	41
37	50
37	60
37	68
37	69
37	70
37	71
38	9
38	11
38	18
38	28
38	48
38	49
38	57
38	58
38	61
39	21
39	22
39	23
39	54
39	59
39	62
39	65
39	73
39	75
40	14
40	67
40	74
40	76
40	77
40	78
40	79
40	80
40	81
41	21
41	25
41	29
41	37
41	47
41	60
41	69
41	70
41	71
42	12
42	17
42	24
42	27
42	50
42	51
42	54
42	72
42	73
43	16
43	25
43	31
43	47
43	53
43	60
43	68
43	69
43	71
44	6
44	7
44	14
44	23
44	26
44	52
44	62
44	65
44	72
44	75
45	35
45	65
45	66
45	74
45	76
45	77
45	78
45	79
45	80
45	81
46	23
46	34
46	66
46	74
46	76
46	77
46	78
46	79
46	80
46	81
47	16
47	25
47	41
47	43
47	50
47	53
47	57
47	60
47	70
47	71
48	3
48	4
48	13
48	18
48	33
48	38
48	57
48	58
48	61
48	80
49	8
49	9
49	11
49	13
49	18
49	33
49	38
49	57
49	58
49	61
50	2
50	16
50	37
50	42
50	47
50	53
50	60
50	68
50	69
50	70
51	17
51	24
51	27
51	42
51	54
51	56
51	64
51	69
51	72
51	73
52	7
52	21
52	22
52	23
52	26
52	44
52	62
52	63
52	75
52	78
53	11
53	29
53	32
53	43
53	47
53	50
53	60
53	68
53	69
53	70
53	71
54	12
54	17
54	36
54	39
54	42
54	51
54	55
54	56
54	64
54	72
54	73
55	17
55	27
55	28
55	36
55	54
55	56
55	63
55	64
55	72
55	73
55	76
56	1
56	8
56	24
56	27
56	28
56	51
56	54
56	55
56	64
56	72
56	73
57	4
57	11
57	13
57	18
57	38
57	47
57	48
57	49
57	58
57	61
57	74
58	3
58	4
58	9
58	13
58	33
58	38
58	48
58	49
58	57
58	61
58	79
59	6
59	10
59	21
59	26
59	30
59	39
59	61
59	62
59	63
59	65
59	75
60	1
60	4
60	37
60	41
60	43
60	47
60	50
60	53
60	68
60	69
60	71
61	3
61	4
61	9
61	11
61	13
61	38
61	48
61	49
61	57
61	58
61	59
62	6
62	22
62	26
62	29
62	30
62	39
62	44
62	52
62	59
62	63
62	65
62	75
63	7
63	10
63	14
63	22
63	26
63	30
63	52
63	55
63	59
63	62
63	65
63	75
64	8
64	12
64	27
64	28
64	51
64	54
64	55
64	56
64	72
64	73
64	76
64	80
65	6
65	7
65	14
65	22
65	30
65	39
65	44
65	45
65	59
65	62
65	63
65	75
66	3
66	16
66	20
66	45
66	46
66	67
66	74
66	76
66	77
66	78
66	79
66	80
66	81
67	19
67	26
67	31
67	40
67	66
67	69
67	74
67	76
67	77
67	78
67	79
67	80
67	81
68	2
68	10
68	16
68	25
68	29
68	32
68	37
68	43
68	50
68	53
68	60
68	69
68	70
68	71
69	1
69	2
69	29
69	32
69	37
69	41
69	43
69	50
69	51
69	53
69	60
69	67
69	68
69	70
69	71
70	1
70	2
70	6
70	25
70	29
70	32
70	37
70	41
70	47
70	50
70	53
70	68
70	69
70	71
70	77
71	2
71	16
71	25
71	29
71	32
71	37
71	41
71	43
71	47
71	53
71	60
71	68
71	69
71	70
71	81
72	8
72	12
72	17
72	24
72	27
72	28
72	34
72	36
72	42
72	44
72	51
72	54
72	55
72	56
72	64
72	73
73	8
73	12
73	17
73	24
73	27
73	28
73	36
73	39
73	42
73	51
73	54
73	55
73	56
73	64
73	72
73	79
74	5
74	15
74	19
74	34
74	35
74	40
74	45
74	46
74	57
74	66
74	67
74	76
74	77
74	78
74	79
74	80
74	81
75	6
75	7
75	9
75	10
75	14
75	21
75	22
75	23
75	26
75	30
75	39
75	44
75	52
75	59
75	62
75	63
75	65
76	19
76	20
76	31
76	34
76	35
76	40
76	45
76	46
76	55
76	64
76	66
76	67
76	74
76	77
76	78
76	79
76	80
76	81
77	5
77	19
77	20
77	31
77	34
77	35
77	40
77	45
77	46
77	66
77	67
77	70
77	74
77	76
77	78
77	79
77	80
77	81
78	3
78	5
78	15
78	20
78	31
78	34
78	35
78	40
78	45
78	46
78	52
78	66
78	67
78	74
78	76
78	77
78	79
78	80
78	81
79	5
79	15
79	19
79	20
79	31
79	35
79	40
79	45
79	46
79	58
79	66
79	67
79	73
79	74
79	76
79	77
79	78
79	80
79	81
80	5
80	15
80	19
80	20
80	31
80	34
80	35
80	40
80	45
80	46
80	48
80	64
80	66
80	67
80	74
80	76
80	77
80	78
80	79
80	81
81	5
81	15
81	19
81	20
81	24
81	31
81	34
81	35
81	40
81	45
81	46
81	66
81	67
81	71
81	74
81	76
81	77
81	78
81	79
81	80
