1	21
1	69
1	70
1	72
1	74
1	75
2	52
2	60
2	63
2	66
2	68
2	73
3	52
3	62
3	77
3	78
3	80
3	81
4	23
4	27
4	63
4	66
4	68
4	73
5	38
5	71
5	76
5	79
5	80
5	81
6	9
6	39
6	54
6	55
6	61
6	70
7	9
7	35
7	36
7	54
7	55
7	61
8	14
8	16
8	20
8	26
8	34
8	43
9	6
9	7
9	11
9	42
9	55
9	61
10	12
10	29
10	30
10	56
10	59
10	71
11	9
11	76
11	78
11	79
11	80
11	81
12	10
12	17
12	41
12	51
12	53
12	59
13	41
13	51
13	53
13	56
13	59
13	72
14	8
14	15
14	20
14	26
14	34
14	74
15	14
15	16
15	20
15	32
15	34
15	43
16	8
16	15
16	26
16	32
16	34
16	43
17	12
17	24
17	29
17	51
17	53
17	56
18	50
18	69
18	70
18	74
18	75
18	79
19	59
19	77
19	78
19	79
19	80
19	81
20	8
20	14
20	15
20	32
20	43
20	63
21	1
21	33
21	43
21	72
21	74
21	75
22	24
22	64
22	67
22	69
22	72
22	75
23	4
23	27
23	40
23	63
23	66
23	73
24	17
24	22
24	67
24	72
24	74
24	75
25	64
25	71
25	78
25	79
25	80
25	81
26	8
26	14
26	16
26	32
26	43
26	45
27	4
27	23
27	52
27	60
27	63
27	68
27	73
28	40
28	44
28	48
28	60
28	66
28	68
28	73
29	10
29	17
29	30
29	41
29	51
29	56
29	59
30	10
30	29
30	41
30	51
30	53
30	56
30	59
31	35
31	36
31	39
31	42
31	54
31	61
31	75
32	15
32	16
32	20
32	26
32	34
32	43
32	62
33	21
33	37
33	67
33	69
33	70
33	72
33	74
34	8
34	14
34	15
34	16
34	32
34	43
34	81
35	7
35	31
35	36
35	39
35	42
35	54
35	61
36	7
36	31
36	35
36	42
36	54
36	55
36	61
36	70
37	33
37	65
37	71
37	76
37	77
37	79
37	80
37	81
38	5
38	57
38	65
38	77
38	78
38	79
38	80
38	81
39	6
39	31
39	35
39	42
39	54
39	55
39	61
39	81
40	23
40	28
40	46
40	52
40	60
40	68
40	73
40	75
41	12
41	13
41	29
41	30
41	44
41	53
41	56
41	59
42	9
42	31
42	35
42	36
42	39
42	54
42	55
42	61
43	8
43	15
43	16
43	20
43	21
43	26
43	32
43	34
44	28
44	41
44	46
44	48
44	63
44	66
44	68
44	73
45	26
45	47
45	50
45	64
45	69
45	70
45	72
45	74
46	40
46	44
46	48
46	55
46	60
46	66
46	68
46	73
47	45
47	64
47	67
47	69
47	70
47	74
47	75
47	77
48	28
48	44
48	46
48	49
48	52
48	63
48	66
48	73
49	48
49	58
49	62
49	71
49	78
49	79
49	80
49	81
50	18
50	45
50	67
50	69
50	70
50	72
50	74
50	75
50	79
51	12
51	13
51	17
51	29
51	30
51	53
51	56
51	59
51	80
52	2
52	3
52	27
52	40
52	48
52	63
52	66
52	68
52	73
53	12
53	13
53	17
53	30
53	41
53	51
53	56
53	59
53	69
54	6
54	7
54	31
54	35
54	36
54	39
54	42
54	55
54	61
55	6
55	7
55	9
55	36
55	39
55	42
55	46
55	54
55	61
56	10
56	13
56	17
56	29
56	30
56	41
56	51
56	53
56	59
57	38
57	58
57	71
57	76
57	77
57	78
57	79
57	80
57	81
58	49
58	57
58	60
58	65
58	76
58	77
58	78
58	79
58	80
58	81
59	10
59	12
59	13
59	19
59	29
59	30
59	41
59	51
59	53
59	56
60	2
60	27
60	28
60	40
60	46
60	58
60	63
60	66
60	68
60	73
61	6
61	7
61	9
61	31
61	35
61	36
61	39
61	42
61	54
61	55
61	78
62	3
62	32
62	49
62	65
62	71
62	76
62	77
62	78
62	79
62	80
62	81
63	2
63	4
63	20
63	23
63	27
63	44
63	48
63	52
63	60
63	68
63	73
64	22
64	25
64	45
64	47
64	67
64	69
64	70
64	72
64	74
64	75
64	80
65	37
65	38
65	58
65	62
65	67
65	71
65	76
65	77
65	78
65	79
65	80
65	81
66	2
66	4
66	23
66	28
66	44
66	46
66	48
66	52
66	60
66	68
66	73
66	76
67	22
67	24
67	33
67	47
67	50
67	64
67	65
67	69
67	70
67	72
67	74
67	75
68	2
68	4
68	27
68	28
68	40
68	44
68	46
68	52
68	60
68	63
68	66
68	73
68	76
69	1
69	18
69	22
69	33
69	45
69	47
69	50
69	53
69	64
69	67
69	70
69	72
69	74
69	75
70	1
70	6
70	18
70	33
70	36
70	45
70	47
70	50
70	64
70	67
70	69
70	72
70	74
70	75
71	5
71	10
71	25
71	37
71	49
71	57
71	62
71	65
71	76
71	77
71	78
71	79
71	80
71	81
72	1
72	13
72	21
72	22
72	24
72	33
72	45
72	50
72	64
72	67
72	69
72	70
72	74
72	75
73	2
73	4
73	23
73	27
73	28
73	40
73	44
73	46
73	48
73	52
73	60
73	63
73	66
73	68
74	1
74	14
74	18
74	21
74	24
74	33
74	45
74	47
74	50
74	64
74	67
74	69
74	70
74	72
74	75
75	1
75	18
75	21
75	22
75	24
75	31
75	40
75	47
75	50
75	64
75	67
75	69
75	70
75	72
75	74
76	5
76	11
76	37
76	57
76	58
76	62
76	65
76	66
76	68
76	71
76	77
76	78
76	79
76	80
76	81
77	3
77	19
77	37
77	38
77	47
77	57
77	58
77	62
77	65
77	71
77	76
77	78
77	79
77	80
77	81
78	3
78	11
78	19
78	25
78	38
78	49
78	57
78	58
78	61
78	62
78	65
78	71
78	76
78	77
78	79
78	80
78	81
79	5
79	11
79	18
79	19
79	25
79	37
79	38
79	49
79	50
79	57
79	58
79	62
79	65
79	71
79	76
79	77
79	78
79	80
79	81
80	3
80	5
80	11
80	19
80	25
80	37
80	38
80	49
80	51
80	57
80	58
80	62
80	64
80	65
80	71
80	76
80	77
80	78
80	79
80	81
81	3
81	5
81	11
81	19
81	25
81	34
81	37
81	38
81	39
81	49
81	57
81	58
81	62
81	65
81	71
81	76
81	77
81	78
81	79
81	80
