1	2
1	9
1	12
1	16
1	22
1	70
2	1
2	3
2	12
2	16
2	22
2	70
3	2
3	9
3	12
3	16
3	22
3	35
4	7
4	15
4	18
4	21
4	66
4	73
5	7
5	10
5	15
5	18
5	21
5	48
6	11
6	13
6	14
6	17
6	20
6	81
7	4
7	5
7	10
7	15
7	18
7	21
8	11
8	13
8	14
8	17
8	20
8	77
9	1
9	3
9	12
9	16
9	22
9	59
10	5
10	7
10	13
10	15
10	18
10	21
11	6
11	8
11	13
11	14
11	17
11	20
12	1
12	2
12	3
12	9
12	16
12	22
13	6
13	8
13	10
13	11
13	14
13	17
13	20
14	6
14	8
14	11
14	13
14	17
14	20
14	64
15	4
15	5
15	7
15	10
15	18
15	21
15	68
16	1
16	2
16	3
16	9
16	12
16	22
16	69
17	6
17	8
17	11
17	13
17	14
17	20
17	81
18	4
18	5
18	7
18	10
18	15
18	21
18	40
19	33
19	34
19	39
19	41
19	42
19	43
19	73
20	6
20	8
20	11
20	13
20	14
20	17
20	71
21	4
21	5
21	7
21	10
21	15
21	18
21	63
22	1
22	2
22	3
22	9
22	12
22	16
22	71
23	24
23	26
23	27
23	30
23	31
23	32
23	36
24	23
24	26
24	27
24	30
24	31
24	32
24	36
24	41
25	38
25	45
25	46
25	47
25	48
25	50
25	54
25	63
26	23
26	24
26	27
26	30
26	31
26	32
26	36
26	75
27	23
27	24
27	26
27	30
27	31
27	32
27	36
27	79
28	38
28	45
28	46
28	47
28	50
28	52
28	54
28	63
29	33
29	34
29	37
29	39
29	41
29	42
29	43
29	60
30	23
30	24
30	26
30	27
30	31
30	32
30	36
30	43
31	23
31	24
31	26
31	27
31	30
31	32
31	36
31	49
32	23
32	24
32	26
32	27
32	30
32	31
32	36
32	52
33	19
33	29
33	34
33	37
33	39
33	41
33	42
33	43
34	19
34	29
34	33
34	37
34	39
34	41
34	42
34	43
35	3
35	44
35	49
35	57
35	58
35	62
35	64
35	67
36	23
36	24
36	26
36	27
36	30
36	31
36	32
36	77
37	29
37	33
37	34
37	39
37	41
37	42
37	43
37	63
38	25
38	28
38	46
38	47
38	48
38	50
38	52
38	63
39	19
39	29
39	33
39	34
39	37
39	41
39	42
39	43
39	67
40	18
40	69
40	71
40	72
40	73
40	75
40	79
40	80
40	81
41	19
41	24
41	29
41	33
41	34
41	37
41	39
41	42
41	43
42	19
42	29
42	33
42	34
42	37
42	39
42	41
42	43
42	78
43	19
43	29
43	30
43	33
43	34
43	37
43	39
43	41
43	42
44	35
44	55
44	56
44	58
44	59
44	61
44	64
44	65
44	67
45	25
45	28
45	47
45	48
45	50
45	52
45	54
45	63
45	74
46	25
46	28
46	38
46	47
46	48
46	50
46	52
46	54
46	62
46	63
47	25
47	28
47	38
47	45
47	46
47	48
47	52
47	54
47	63
47	67
48	5
48	25
48	38
48	45
48	46
48	47
48	50
48	52
48	54
48	63
49	31
49	35
49	56
49	57
49	59
49	61
49	62
49	64
49	65
49	67
50	25
50	28
50	38
50	45
50	46
50	48
50	52
50	54
50	63
50	72
51	53
51	54
51	72
51	73
51	75
51	77
51	78
51	79
51	80
51	81
52	28
52	32
52	38
52	45
52	46
52	47
52	48
52	50
52	54
52	63
53	51
53	58
53	70
53	72
53	74
53	76
53	77
53	79
53	80
53	81
54	25
54	28
54	45
54	46
54	47
54	48
54	50
54	51
54	52
54	63
54	72
55	44
55	57
55	58
55	59
55	61
55	62
55	64
55	65
55	67
55	75
55	80
56	44
56	49
56	57
56	58
56	59
56	61
56	62
56	64
56	65
56	67
56	76
57	35
57	49
57	55
57	56
57	58
57	59
57	61
57	62
57	64
57	65
57	67
57	78
58	35
58	44
58	53
58	55
58	56
58	57
58	59
58	61
58	62
58	64
58	65
58	67
59	9
59	44
59	49
59	55
59	56
59	57
59	58
59	61
59	62
59	64
59	65
59	67
60	29
60	65
60	66
60	69
60	71
60	73
60	74
60	76
60	78
60	79
60	80
60	81
61	44
61	49
61	55
61	56
61	57
61	58
61	59
61	62
61	64
61	65
61	67
61	74
62	35
62	46
62	49
62	55
62	56
62	57
62	58
62	59
62	61
62	64
62	65
62	67
63	21
63	25
63	28
63	37
63	38
63	45
63	46
63	47
63	48
63	50
63	52
63	54
64	14
64	35
64	44
64	49
64	55
64	56
64	57
64	58
64	59
64	61
64	62
64	65
64	67
65	44
65	49
65	55
65	56
65	57
65	58
65	59
65	60
65	61
65	62
65	64
65	67
65	76
66	4
66	60
66	70
66	72
66	73
66	74
66	75
66	76
66	77
66	78
66	79
66	80
66	81
67	35
67	39
67	44
67	47
67	49
67	55
67	56
67	57
67	58
67	59
67	61
67	62
67	64
67	65
68	15
68	69
68	70
68	71
68	72
68	73
68	74
68	75
68	76
68	77
68	78
68	79
68	80
68	81
69	16
69	40
69	60
69	68
69	70
69	71
69	73
69	74
69	75
69	76
69	77
69	78
69	79
69	80
69	81
70	1
70	2
70	53
70	66
70	68
70	69
70	71
70	72
70	73
70	74
70	75
70	76
70	77
70	78
70	79
70	80
70	81
71	20
71	22
71	40
71	60
71	68
71	69
71	70
71	72
71	73
71	74
71	75
71	76
71	77
71	78
71	79
71	80
71	81
72	40
72	50
72	51
72	53
72	54
72	66
72	68
72	70
72	71
72	74
72	75
72	76
72	77
72	78
72	79
72	80
72	81
73	4
73	19
73	40
73	51
73	60
73	66
73	68
73	69
73	70
73	71
73	74
73	75
73	76
73	77
73	78
73	79
73	80
73	81
74	45
74	53
74	60
74	61
74	66
74	68
74	69
74	70
74	71
74	72
74	73
74	75
74	76
74	77
74	78
74	79
74	80
74	81
75	26
75	40
75	51
75	55
75	66
75	68
75	69
75	70
75	71
75	72
75	73
75	74
75	76
75	77
75	78
75	79
75	80
75	81
76	53
76	56
76	60
76	65
76	66
76	68
76	69
76	70
76	71
76	72
76	73
76	74
76	75
76	77
76	78
76	79
76	80
76	81
77	8
77	36
77	51
77	53
77	66
77	68
77	69
77	70
77	71
77	72
77	73
77	74
77	75
77	76
77	78
77	79
77	80
77	81
78	42
78	51
78	57
78	60
78	66
78	68
78	69
78	70
78	71
78	72
78	73
78	74
78	75
78	76
78	77
78	79
78	80
78	81
79	27
79	40
79	51
79	53
79	60
79	66
79	68
79	69
79	70
79	71
79	72
79	73
79	74
79	75
79	76
79	77
79	78
79	80
79	81
80	40
80	51
80	53
80	55
80	60
80	66
80	68
80	69
80	70
80	71
80	72
80	73
80	74
80	75
80	76
80	77
80	78
80	79
80	81
81	6
81	17
81	40
81	51
81	53
81	60
81	66
81	68
81	69
81	70
81	71
81	72
81	73
81	74
81	75
81	76
81	77
81	78
81	79
81	80
