1	51
1	57
1	65
1	66
1	67
1	72
2	15
2	25
2	30
2	53
2	54
2	59
3	50
3	57
3	65
3	67
3	72
3	79
4	52
4	61
4	63
4	74
4	77
4	81
5	24
5	26
5	37
5	39
5	41
5	76
6	9
6	15
6	19
6	22
6	29
6	38
7	42
7	63
7	74
7	77
7	79
7	81
8	61
8	70
8	71
8	73
8	76
8	80
9	6
9	18
9	19
9	29
9	38
9	80
10	32
10	60
10	63
10	77
10	79
10	81
11	51
11	57
11	65
11	66
11	67
11	72
12	25
12	27
12	50
12	51
12	66
12	72
13	53
13	69
13	71
13	75
13	76
13	78
13	80
14	20
14	45
14	48
14	53
14	54
14	59
14	66
15	2
15	6
15	18
15	19
15	22
15	29
15	38
16	24
16	60
16	61
16	62
16	77
16	79
16	81
17	30
17	34
17	45
17	48
17	53
17	54
17	59
18	9
18	15
18	19
18	22
18	29
18	38
18	72
19	6
19	9
19	15
19	18
19	22
19	29
19	38
20	14
20	25
20	30
20	48
20	53
20	54
20	59
21	33
21	68
21	71
21	73
21	75
21	78
21	80
22	6
22	15
22	18
22	19
22	29
22	38
22	80
23	33
23	40
23	55
23	74
23	77
23	79
23	81
24	5
24	16
24	26
24	32
24	34
24	39
24	41
25	2
25	12
25	20
25	45
25	53
25	54
25	59
26	5
26	24
26	28
26	32
26	34
26	37
26	41
27	12
27	37
27	46
27	50
27	51
27	66
27	72
28	26
28	32
28	34
28	37
28	39
28	41
28	54
29	6
29	9
29	15
29	18
29	19
29	22
29	38
29	42
30	2
30	17
30	20
30	45
30	48
30	53
30	54
30	59
31	69
31	70
31	71
31	75
31	76
31	78
31	79
31	80
32	10
32	24
32	26
32	28
32	34
32	37
32	39
32	41
33	21
33	23
33	40
33	61
33	74
33	77
33	79
33	81
34	17
34	24
34	26
34	28
34	32
34	37
34	39
34	41
35	56
35	64
35	69
35	70
35	73
35	76
35	78
35	80
36	43
36	47
36	51
36	57
36	65
36	67
36	72
36	73
37	5
37	26
37	27
37	28
37	32
37	34
37	39
37	41
38	6
38	9
38	15
38	18
38	19
38	22
38	29
38	72
39	5
39	24
39	28
39	32
39	34
39	37
39	41
39	58
40	23
40	33
40	46
40	58
40	63
40	74
40	77
40	79
40	81
41	5
41	24
41	26
41	28
41	32
41	34
41	37
41	39
41	77
42	7
42	29
42	52
42	60
42	62
42	63
42	74
42	79
42	81
43	36
43	46
43	47
43	50
43	52
43	57
43	65
43	66
43	72
44	58
44	60
44	61
44	62
44	63
44	65
44	74
44	79
44	81
45	14
45	17
45	25
45	30
45	48
45	49
45	53
45	54
45	59
46	27
46	40
46	43
46	50
46	57
46	65
46	66
46	67
46	72
47	36
47	43
47	50
47	51
47	57
47	66
47	67
47	72
47	81
48	14
48	17
48	20
48	30
48	45
48	51
48	53
48	54
48	59
49	45
49	64
49	68
49	70
49	71
49	73
49	75
49	76
49	78
49	80
50	3
50	12
50	27
50	43
50	46
50	47
50	56
50	65
50	66
50	67
50	72
51	1
51	11
51	12
51	27
51	36
51	47
51	48
51	65
51	66
51	67
51	72
52	4
52	42
52	43
52	58
52	60
52	62
52	63
52	74
52	77
52	79
52	81
53	2
53	13
53	14
53	17
53	20
53	25
53	30
53	45
53	48
53	54
53	59
54	2
54	14
54	17
54	20
54	25
54	28
54	30
54	45
54	48
54	53
54	59
55	23
55	56
55	64
55	68
55	69
55	70
55	71
55	73
55	75
55	76
55	78
55	80
56	35
56	50
56	55
56	64
56	69
56	70
56	71
56	73
56	75
56	76
56	78
56	80
57	1
57	3
57	11
57	36
57	43
57	46
57	47
57	65
57	66
57	67
57	69
57	72
58	39
58	40
58	44
58	52
58	61
58	62
58	63
58	73
58	74
58	77
58	79
58	81
59	2
59	14
59	17
59	20
59	25
59	30
59	45
59	48
59	53
59	54
59	62
59	68
60	10
60	16
60	42
60	44
60	52
60	61
60	62
60	63
60	74
60	75
60	77
60	79
60	81
61	4
61	8
61	16
61	33
61	44
61	58
61	60
61	62
61	74
61	76
61	77
61	79
61	81
62	16
62	42
62	44
62	52
62	58
62	59
62	60
62	61
62	63
62	74
62	77
62	78
62	79
62	81
63	4
63	7
63	10
63	40
63	42
63	44
63	52
63	58
63	60
63	62
63	74
63	77
63	79
63	81
64	35
64	49
64	55
64	56
64	67
64	68
64	69
64	70
64	71
64	73
64	75
64	76
64	78
64	80
65	1
65	3
65	11
65	36
65	43
65	44
65	46
65	50
65	51
65	57
65	66
65	67
65	71
65	72
66	1
66	11
66	12
66	14
66	27
66	43
66	46
66	47
66	50
66	51
66	57
66	65
66	67
66	72
67	1
67	3
67	11
67	36
67	46
67	47
67	50
67	51
67	57
67	64
67	65
67	66
67	68
67	72
68	21
68	49
68	55
68	59
68	64
68	67
68	69
68	70
68	71
68	73
68	75
68	76
68	78
68	80
69	13
69	31
69	35
69	55
69	56
69	57
69	64
69	68
69	70
69	71
69	73
69	75
69	76
69	78
69	80
70	8
70	31
70	35
70	49
70	55
70	56
70	64
70	68
70	69
70	71
70	73
70	74
70	75
70	76
70	78
70	80
71	8
71	13
71	21
71	31
71	49
71	55
71	56
71	64
71	65
71	68
71	69
71	70
71	73
71	75
71	76
71	78
71	80
72	1
72	3
72	11
72	12
72	18
72	27
72	36
72	38
72	43
72	46
72	47
72	50
72	51
72	57
72	65
72	66
72	67
73	8
73	21
73	35
73	36
73	49
73	55
73	56
73	58
73	64
73	68
73	69
73	70
73	71
73	75
73	76
73	78
73	80
74	4
74	7
74	23
74	33
74	40
74	42
74	44
74	52
74	58
74	60
74	61
74	62
74	63
74	70
74	77
74	79
74	81
75	13
75	21
75	31
75	49
75	55
75	56
75	60
75	64
75	68
75	69
75	70
75	71
75	73
75	76
75	78
75	80
75	81
76	5
76	8
76	13
76	31
76	35
76	49
76	55
76	56
76	61
76	64
76	68
76	69
76	70
76	71
76	73
76	75
76	78
76	80
77	4
77	7
77	10
77	16
77	23
77	33
77	40
77	41
77	52
77	58
77	60
77	61
77	62
77	63
77	74
77	78
77	79
77	81
78	13
78	21
78	31
78	35
78	49
78	55
78	56
78	62
78	64
78	68
78	69
78	70
78	71
78	73
78	75
78	76
78	77
78	80
79	3
79	7
79	10
79	16
79	23
79	31
79	33
79	40
79	42
79	44
79	52
79	58
79	60
79	61
79	62
79	63
79	74
79	77
79	81
80	8
80	9
80	13
80	21
80	22
80	31
80	35
80	49
80	55
80	56
80	64
80	68
80	69
80	70
80	71
80	73
80	75
80	76
80	78
81	4
81	7
81	10
81	16
81	23
81	33
81	40
81	42
81	44
81	47
81	52
81	58
81	60
81	61
81	62
81	63
81	74
81	75
81	77
81	79
