1	5
1	6
1	8
1	13
1	20
1	23
2	4
2	48
2	50
2	63
2	64
2	68
3	12
3	15
3	25
3	27
3	32
3	35
4	2
4	27
4	56
4	63
4	64
4	68
5	1
5	8
5	13
5	20
5	23
5	62
6	1
6	8
6	13
6	20
6	23
6	53
7	14
7	37
7	46
7	49
7	55
7	67
8	1
8	5
8	6
8	20
8	23
8	63
9	18
9	37
9	41
9	54
9	55
9	67
10	35
10	65
10	66
10	69
10	80
10	81
11	44
11	60
11	72
11	75
11	79
11	80
12	3
12	16
12	25
12	30
12	32
12	35
13	1
13	5
13	6
13	20
13	23
13	79
14	7
14	42
14	49
14	55
14	67
14	81
15	3
15	16
15	25
15	27
15	30
15	32
15	35
16	12
16	15
16	25
16	27
16	30
16	32
16	35
17	53
17	59
17	60
17	61
17	74
17	77
17	79
18	9
18	31
18	37
18	54
18	55
18	67
18	69
19	28
19	48
19	52
19	57
19	63
19	68
19	70
20	1
20	5
20	6
20	8
20	13
20	23
20	68
21	47
21	59
21	72
21	74
21	75
21	77
21	79
22	24
22	42
22	46
22	49
22	55
22	66
22	67
23	1
23	5
23	6
23	8
23	13
23	20
23	54
24	22
24	26
24	31
24	42
24	49
24	54
24	67
25	3
25	12
25	15
25	16
25	30
25	35
25	76
26	24
26	45
26	53
26	74
26	75
26	77
26	79
27	3
27	4
27	15
27	16
27	30
27	32
27	35
28	19
28	33
28	52
28	56
28	63
28	64
28	68
29	56
29	62
29	70
29	71
29	73
29	76
29	80
29	81
30	12
30	15
30	16
30	25
30	27
30	32
30	35
30	77
31	18
31	24
31	42
31	46
31	54
31	55
31	61
31	67
32	3
32	12
32	15
32	16
32	27
32	30
32	35
32	80
33	28
33	62
33	70
33	73
33	76
33	78
33	80
33	81
34	45
34	47
34	72
34	73
34	74
34	75
34	77
34	79
35	3
35	10
35	12
35	15
35	16
35	25
35	27
35	30
35	32
36	55
36	58
36	70
36	71
36	73
36	76
36	78
36	80
36	81
37	7
37	9
37	18
37	42
37	46
37	49
37	54
37	67
37	72
38	44
38	59
38	61
38	65
38	72
38	74
38	75
38	77
38	79
39	40
39	48
39	50
39	52
39	57
39	63
39	64
39	68
39	75
40	39
40	48
40	50
40	52
40	56
40	57
40	64
40	68
40	71
41	9
41	65
41	66
41	70
41	73
41	76
41	78
41	80
41	81
42	14
42	22
42	24
42	31
42	37
42	46
42	54
42	67
42	73
43	48
43	58
43	65
43	66
43	69
43	71
43	76
43	78
43	80
43	81
44	11
44	38
44	59
44	60
44	61
44	70
44	74
44	75
44	77
44	79
45	26
45	34
45	59
45	60
45	61
45	72
45	74
45	75
45	77
45	78
46	7
46	22
46	31
46	37
46	42
46	49
46	54
46	55
46	67
46	72
47	21
47	34
47	53
47	60
47	69
47	72
47	74
47	75
47	77
47	79
48	2
48	19
48	39
48	40
48	43
48	56
48	57
48	63
48	64
48	68
49	7
49	14
49	22
49	24
49	37
49	46
49	52
49	54
49	55
49	67
50	2
50	39
50	40
50	52
50	56
50	57
50	59
50	63
50	64
50	68
51	57
51	58
51	62
51	65
51	66
51	69
51	73
51	78
51	80
51	81
52	19
52	28
52	39
52	40
52	49
52	50
52	56
52	57
52	63
52	64
52	68
53	6
53	17
53	26
53	47
53	59
53	60
53	72
53	74
53	75
53	77
53	79
54	9
54	18
54	23
54	24
54	31
54	37
54	42
54	46
54	49
54	55
54	67
55	7
55	9
55	14
55	18
55	22
55	31
55	36
55	46
55	49
55	54
55	67
56	4
56	28
56	29
56	40
56	48
56	50
56	52
56	57
56	63
56	64
56	68
57	19
57	39
57	40
57	48
57	50
57	51
57	52
57	56
57	63
57	64
57	68
57	77
58	36
58	43
58	51
58	62
58	69
58	70
58	71
58	74
58	76
58	78
58	80
58	81
59	17
59	21
59	38
59	44
59	45
59	50
59	53
59	61
59	72
59	75
59	77
59	79
60	11
60	17
60	44
60	45
60	47
60	53
60	61
60	71
60	72
60	74
60	77
60	79
61	17
61	31
61	38
61	44
61	45
61	59
61	60
61	72
61	74
61	75
61	77
61	79
62	5
62	29
62	33
62	51
62	58
62	65
62	66
62	69
62	71
62	76
62	78
62	80
62	81
63	2
63	4
63	8
63	19
63	28
63	39
63	48
63	50
63	52
63	56
63	57
63	64
63	68
64	2
64	4
64	28
64	39
64	40
64	48
64	50
64	52
64	56
64	57
64	63
64	67
64	68
65	10
65	38
65	41
65	43
65	51
65	62
65	66
65	71
65	73
65	76
65	78
65	80
65	81
66	10
66	22
66	41
66	43
66	51
66	62
66	65
66	69
66	70
66	73
66	76
66	78
66	80
66	81
67	7
67	9
67	14
67	18
67	22
67	24
67	31
67	37
67	42
67	46
67	49
67	54
67	55
67	64
68	2
68	4
68	19
68	20
68	28
68	39
68	40
68	48
68	50
68	52
68	56
68	57
68	63
68	64
69	10
69	18
69	43
69	47
69	51
69	58
69	62
69	66
69	70
69	71
69	73
69	76
69	78
69	80
69	81
70	19
70	29
70	33
70	36
70	41
70	44
70	58
70	66
70	69
70	71
70	73
70	76
70	78
70	80
70	81
71	29
71	36
71	40
71	43
71	58
71	60
71	62
71	65
71	69
71	70
71	73
71	76
71	78
71	80
71	81
72	11
72	21
72	34
72	37
72	38
72	45
72	46
72	47
72	53
72	59
72	60
72	61
72	74
72	75
72	77
72	79
73	29
73	33
73	34
73	36
73	41
73	42
73	51
73	65
73	66
73	69
73	70
73	71
73	76
73	78
73	80
73	81
74	17
74	21
74	26
74	34
74	38
74	44
74	45
74	47
74	53
74	58
74	60
74	61
74	72
74	75
74	77
74	79
74	81
75	11
75	21
75	26
75	34
75	38
75	39
75	44
75	45
75	47
75	53
75	59
75	61
75	72
75	74
75	76
75	77
75	79
76	25
76	29
76	33
76	36
76	41
76	43
76	58
76	62
76	65
76	66
76	69
76	70
76	71
76	73
76	75
76	78
76	80
76	81
77	17
77	21
77	26
77	30
77	34
77	38
77	44
77	45
77	47
77	53
77	57
77	59
77	60
77	61
77	72
77	74
77	75
77	79
78	33
78	36
78	41
78	43
78	45
78	51
78	58
78	62
78	65
78	66
78	69
78	70
78	71
78	73
78	76
78	79
78	80
78	81
79	11
79	13
79	17
79	21
79	26
79	34
79	38
79	44
79	47
79	53
79	59
79	60
79	61
79	72
79	74
79	75
79	77
79	78
80	10
80	11
80	29
80	32
80	33
80	36
80	41
80	43
80	51
80	58
80	62
80	65
80	66
80	69
80	70
80	71
80	73
80	76
80	78
80	81
81	10
81	14
81	29
81	33
81	36
81	41
81	43
81	51
81	58
81	62
81	65
81	66
81	69
81	70
81	71
81	73
81	74
81	76
81	78
81	80
