1	12
1	32
1	33
1	60
1	62
1	68
2	48
2	61
2	67
2	73
2	74
2	79
3	12
3	21
3	39
3	60
3	62
3	68
4	16
4	67
4	69
4	70
4	75
4	76
5	12
5	32
5	39
5	51
5	62
5	68
6	66
6	72
6	77
6	78
6	80
6	81
7	48
7	56
7	61
7	73
7	74
7	79
8	50
8	56
8	67
8	71
8	73
8	79
9	10
9	34
9	35
9	41
9	49
9	63
10	9
10	35
10	41
10	42
10	49
10	66
11	45
11	64
11	77
11	78
11	80
11	81
12	1
12	3
12	5
12	43
12	60
12	68
13	19
13	27
13	35
13	42
13	49
13	74
14	33
14	36
14	60
14	62
14	68
14	75
15	55
15	58
15	77
15	78
15	80
15	81
16	4
16	58
16	69
16	71
16	75
16	76
17	44
17	57
17	71
17	73
17	74
17	79
18	27
18	34
18	35
18	42
18	49
18	80
19	13
19	28
19	34
19	35
19	37
19	41
20	37
20	40
20	58
20	59
20	75
20	76
21	3
21	26
21	59
21	70
21	75
21	76
22	50
22	57
22	67
22	73
22	74
22	79
23	55
23	63
23	72
23	77
23	78
23	80
23	81
24	53
24	63
24	72
24	77
24	78
24	80
24	81
25	33
25	36
25	39
25	59
25	60
25	62
25	68
26	21
26	34
26	43
26	58
26	69
26	70
26	75
27	13
27	18
27	28
27	34
27	35
27	49
27	80
28	19
28	27
28	35
28	41
28	42
28	49
28	74
29	43
29	46
29	47
29	59
29	69
29	75
29	76
30	52
30	64
30	72
30	77
30	78
30	80
30	81
31	63
31	66
31	72
31	77
31	78
31	80
31	81
32	1
32	5
32	36
32	60
32	62
32	68
32	79
33	1
33	14
33	25
33	39
33	60
33	62
33	68
33	73
34	9
34	18
34	19
34	26
34	27
34	41
34	42
34	49
35	9
35	10
35	13
35	18
35	19
35	27
35	28
35	42
36	14
36	25
36	32
36	39
36	47
36	60
36	62
36	68
37	19
37	20
37	43
37	45
37	46
37	58
37	69
37	76
38	50
38	54
38	61
38	64
38	65
38	67
38	74
38	79
39	3
39	5
39	25
39	33
39	36
39	60
39	62
39	68
40	20
40	45
40	46
40	58
40	59
40	66
40	75
40	76
41	9
41	10
41	19
41	28
41	34
41	42
41	49
41	81
42	10
42	13
42	18
42	28
42	34
42	35
42	41
42	49
43	12
43	26
43	29
43	37
43	59
43	69
43	70
43	75
43	76
44	17
44	52
44	54
44	61
44	65
44	67
44	71
44	74
44	79
45	11
45	37
45	40
45	47
45	58
45	69
45	70
45	75
45	76
46	29
46	37
46	40
46	47
46	59
46	61
46	70
46	75
46	76
47	29
47	36
47	45
47	46
47	58
47	69
47	70
47	75
47	76
48	2
48	7
48	54
48	57
48	71
48	73
48	74
48	75
48	79
49	9
49	10
49	13
49	18
49	27
49	28
49	34
49	41
49	42
49	55
50	8
50	22
50	38
50	57
50	61
50	65
50	71
50	73
50	79
50	81
51	5
51	52
51	55
51	63
51	64
51	66
51	77
51	78
51	80
51	81
52	30
52	44
52	51
52	53
52	66
52	72
52	77
52	78
52	80
52	81
53	24
53	52
53	63
53	64
53	72
53	76
53	77
53	78
53	80
53	81
54	38
54	44
54	48
54	57
54	67
54	71
54	73
54	74
54	76
54	79
55	15
55	23
55	49
55	51
55	63
55	72
55	77
55	78
55	80
55	81
56	7
56	8
56	57
56	61
56	65
56	67
56	71
56	72
56	73
56	74
56	79
57	17
57	22
57	48
57	50
57	54
57	56
57	61
57	65
57	70
57	71
57	74
57	79
58	15
58	16
58	20
58	26
58	37
58	40
58	45
58	47
58	69
58	70
58	75
58	76
59	20
59	21
59	25
59	29
59	40
59	43
59	46
59	69
59	70
59	75
59	76
59	77
60	1
60	3
60	12
60	14
60	25
60	32
60	33
60	36
60	39
60	62
60	68
60	79
61	2
61	7
61	38
61	44
61	46
61	50
61	56
61	57
61	65
61	71
61	73
61	79
62	1
62	3
62	5
62	14
62	25
62	32
62	33
62	36
62	39
62	60
62	68
62	78
63	9
63	23
63	24
63	31
63	51
63	53
63	55
63	64
63	72
63	78
63	80
63	81
64	11
64	30
64	38
64	51
64	53
64	63
64	66
64	72
64	77
64	78
64	80
64	81
65	38
65	44
65	50
65	56
65	57
65	61
65	67
65	70
65	71
65	73
65	74
65	79
66	6
66	10
66	31
66	40
66	51
66	52
66	64
66	72
66	77
66	78
66	80
66	81
67	2
67	4
67	8
67	22
67	38
67	44
67	54
67	56
67	65
67	71
67	73
67	74
67	79
68	1
68	3
68	5
68	12
68	14
68	25
68	32
68	33
68	36
68	39
68	60
68	62
68	69
69	4
69	16
69	26
69	29
69	37
69	43
69	45
69	47
69	58
69	59
69	68
69	70
69	75
69	76
70	4
70	21
70	26
70	43
70	45
70	46
70	47
70	57
70	58
70	59
70	65
70	69
70	75
70	76
71	8
71	16
71	17
71	44
71	48
71	50
71	54
71	56
71	57
71	61
71	65
71	67
71	73
71	74
71	79
72	6
72	23
72	24
72	30
72	31
72	52
72	53
72	55
72	56
72	63
72	64
72	66
72	77
72	78
72	80
72	81
73	2
73	7
73	8
73	17
73	22
73	33
73	48
73	50
73	54
73	56
73	61
73	65
73	67
73	71
73	74
73	77
73	79
74	2
74	7
74	13
74	17
74	22
74	28
74	38
74	44
74	48
74	54
74	56
74	57
74	65
74	67
74	71
74	73
74	79
75	4
75	14
75	16
75	20
75	21
75	26
75	29
75	40
75	43
75	45
75	46
75	47
75	48
75	58
75	59
75	69
75	70
75	76
76	4
76	16
76	20
76	21
76	29
76	37
76	40
76	43
76	45
76	46
76	47
76	53
76	54
76	58
76	59
76	69
76	70
76	75
77	6
77	11
77	15
77	23
77	24
77	30
77	31
77	51
77	52
77	53
77	55
77	59
77	64
77	66
77	72
77	73
77	78
77	80
77	81
78	6
78	11
78	15
78	23
78	24
78	30
78	31
78	51
78	52
78	53
78	55
78	62
78	63
78	64
78	66
78	72
78	77
78	80
78	81
79	2
79	7
79	8
79	17
79	22
79	32
79	38
79	44
79	48
79	50
79	54
79	56
79	57
79	60
79	61
79	65
79	67
79	71
79	73
79	74
80	6
80	11
80	15
80	18
80	23
80	24
80	27
80	30
80	31
80	51
80	52
80	53
80	55
80	63
80	64
80	66
80	72
80	77
80	78
80	81
81	6
81	11
81	15
81	23
81	24
81	30
81	31
81	41
81	50
81	51
81	52
81	53
81	55
81	63
81	64
81	66
81	72
81	77
81	78
81	80
