1	35
1	41
1	57
1	67
1	68
1	73
2	62
2	69
2	75
2	77
2	80
2	81
3	19
3	46
3	49
3	52
3	56
3	70
4	19
4	39
4	45
4	46
4	49
4	56
5	14
5	42
5	44
5	64
5	71
5	72
6	10
6	15
6	63
6	64
6	70
6	72
7	20
7	35
7	67
7	68
7	73
7	80
8	14
8	33
8	46
8	64
8	70
8	71
9	36
9	41
9	53
9	66
9	76
9	79
10	6
10	30
10	61
10	63
10	71
10	72
11	21
11	30
11	51
11	63
11	71
11	72
12	20
12	45
12	48
12	49
12	52
12	56
13	36
13	68
13	74
13	76
13	78
13	79
14	5
14	8
14	16
14	42
14	56
14	70
15	6
15	34
15	59
15	74
15	78
15	79
16	14
16	30
16	44
16	51
16	70
16	71
16	72
17	23
17	25
17	37
17	47
17	54
17	57
17	73
18	34
18	43
18	55
18	74
18	76
18	78
18	79
19	3
19	4
19	39
19	45
19	48
19	52
19	56
20	7
20	12
20	35
20	47
20	67
20	68
20	73
21	11
21	24
21	58
21	75
21	77
21	80
21	81
22	26
22	50
22	69
22	75
22	77
22	80
22	81
23	17
23	32
23	37
23	57
23	65
23	68
23	73
24	21
24	31
24	48
24	61
24	69
24	80
24	81
25	17
25	37
25	47
25	54
25	57
25	67
25	73
26	22
26	62
26	69
26	75
26	77
26	80
26	81
27	50
27	62
27	66
27	75
27	77
27	80
27	81
28	58
28	59
28	60
28	61
28	77
28	80
28	81
29	40
29	53
29	74
29	76
29	78
29	79
29	81
30	10
30	11
30	16
30	44
30	67
30	71
30	72
31	24
31	58
31	69
31	75
31	77
31	80
31	81
32	23
32	35
32	47
32	54
32	57
32	68
32	73
33	8
33	51
33	63
33	64
33	70
33	71
33	72
33	75
34	15
34	18
34	40
34	55
34	65
34	66
34	76
34	78
35	1
35	7
35	20
35	32
35	48
35	67
35	68
35	73
36	9
36	13
36	41
36	65
36	74
36	76
36	78
36	79
37	17
37	23
37	25
37	54
37	57
37	67
37	73
37	78
38	50
38	51
38	61
38	69
38	75
38	77
38	80
38	81
39	4
39	19
39	45
39	46
39	49
39	52
39	56
39	77
40	29
40	34
40	43
40	55
40	62
40	76
40	78
40	79
41	1
41	9
41	36
41	66
41	74
41	76
41	78
41	79
42	5
42	14
42	51
42	63
42	64
42	70
42	71
42	72
43	18
43	40
43	59
43	66
43	74
43	76
43	78
43	79
44	5
44	16
44	30
44	51
44	63
44	64
44	70
44	71
44	72
45	4
45	12
45	19
45	39
45	46
45	48
45	49
45	52
45	69
46	3
46	4
46	8
46	39
46	45
46	48
46	49
46	52
46	56
47	17
47	20
47	25
47	32
47	52
47	54
47	67
47	68
47	73
48	12
48	19
48	24
48	35
48	45
48	46
48	49
48	52
48	56
49	3
49	4
49	12
49	39
49	45
49	46
49	48
49	56
49	72
50	22
50	27
50	38
50	60
50	69
50	77
50	79
50	80
50	81
51	11
51	16
51	33
51	38
51	42
51	44
51	63
51	64
51	70
52	3
52	12
52	19
52	39
52	45
52	46
52	47
52	48
52	56
53	9
53	29
53	59
53	64
53	65
53	66
53	76
53	78
53	79
54	17
54	25
54	32
54	37
54	47
54	67
54	68
54	73
54	76
55	18
55	34
55	40
55	65
55	66
55	74
55	76
55	78
55	79
55	81
56	3
56	4
56	12
56	14
56	19
56	39
56	46
56	48
56	49
56	52
57	1
57	17
57	23
57	25
57	32
57	37
57	67
57	68
57	73
57	79
58	21
58	28
58	31
58	61
58	62
58	68
58	75
58	77
58	80
58	81
59	15
59	28
59	43
59	53
59	65
59	66
59	74
59	76
59	78
59	79
60	28
60	50
60	61
60	62
60	63
60	69
60	75
60	77
60	80
60	81
61	10
61	24
61	28
61	38
61	58
61	60
61	62
61	75
61	77
61	80
61	81
62	2
62	26
62	27
62	40
62	58
62	60
62	61
62	65
62	75
62	80
62	81
63	6
63	10
63	11
63	33
63	42
63	44
63	51
63	60
63	70
63	71
63	72
64	5
64	6
64	8
64	33
64	42
64	44
64	51
64	53
64	70
64	71
64	72
65	23
65	34
65	36
65	53
65	55
65	59
65	62
65	74
65	76
65	78
65	79
66	9
66	27
66	34
66	41
66	43
66	53
66	55
66	59
66	74
66	76
66	78
66	79
67	1
67	7
67	20
67	25
67	30
67	35
67	37
67	47
67	54
67	57
67	68
67	73
68	1
68	7
68	13
68	20
68	23
68	32
68	35
68	47
68	54
68	57
68	58
68	67
68	73
69	2
69	22
69	24
69	26
69	31
69	38
69	45
69	50
69	60
69	75
69	77
69	80
69	81
70	3
70	6
70	8
70	14
70	16
70	33
70	42
70	44
70	51
70	63
70	64
70	71
70	72
71	5
71	8
71	10
71	11
71	16
71	30
71	33
71	42
71	44
71	63
71	64
71	70
71	72
71	74
72	5
72	6
72	10
72	11
72	16
72	30
72	33
72	42
72	44
72	49
72	63
72	64
72	70
72	71
72	77
73	1
73	7
73	17
73	20
73	23
73	25
73	32
73	35
73	37
73	47
73	54
73	57
73	67
73	68
73	78
74	13
74	15
74	18
74	29
74	36
74	41
74	43
74	55
74	59
74	65
74	66
74	71
74	76
74	78
74	79
74	80
75	2
75	21
75	22
75	26
75	27
75	31
75	33
75	38
75	58
75	60
75	61
75	62
75	69
75	77
75	80
75	81
76	9
76	13
76	18
76	29
76	34
76	36
76	40
76	41
76	43
76	53
76	54
76	55
76	59
76	65
76	66
76	74
76	78
76	79
77	2
77	21
77	22
77	26
77	27
77	28
77	31
77	38
77	39
77	50
77	58
77	60
77	61
77	69
77	72
77	75
77	80
77	81
78	13
78	15
78	18
78	29
78	34
78	36
78	37
78	40
78	41
78	43
78	53
78	55
78	59
78	65
78	66
78	73
78	74
78	76
78	79
79	9
79	13
79	15
79	18
79	29
79	36
79	40
79	41
79	43
79	50
79	53
79	55
79	57
79	59
79	65
79	66
79	74
79	76
79	78
80	2
80	7
80	21
80	22
80	24
80	26
80	27
80	28
80	31
80	38
80	50
80	58
80	60
80	61
80	62
80	69
80	74
80	75
80	77
80	81
81	2
81	21
81	22
81	24
81	26
81	27
81	28
81	29
81	31
81	38
81	50
81	55
81	58
81	60
81	61
81	62
81	69
81	75
81	77
81	80
