1	46
1	69
1	71
1	76
1	77
1	78
2	14
2	38
2	53
2	64
2	66
2	73
3	19
3	67
3	71
3	76
3	77
3	78
4	50
4	67
4	71
4	76
4	77
4	78
5	67
5	69
5	71
5	76
5	77
5	78
6	48
6	52
6	64
6	65
6	66
6	73
7	10
7	11
7	13
7	32
7	45
7	46
8	63
8	68
8	72
8	75
8	79
8	80
9	10
9	13
9	15
9	45
9	46
9	80
10	7
10	9
10	11
10	32
10	45
10	46
11	7
11	10
11	12
11	15
11	32
11	45
11	46
12	11
12	13
12	15
12	32
12	41
12	45
12	46
13	7
13	9
13	12
13	15
13	32
13	45
13	46
14	2
14	21
14	44
14	47
14	60
14	61
14	74
15	9
15	11
15	12
15	13
15	45
15	46
15	70
16	55
16	56
16	68
16	70
16	75
16	79
16	81
17	21
17	24
17	35
17	57
17	58
17	60
17	74
18	22
18	40
18	47
18	50
18	60
18	61
18	81
19	3
19	67
19	69
19	71
19	76
19	77
19	78
20	26
20	39
20	69
20	76
20	77
20	78
20	79
21	14
21	17
21	50
21	51
21	57
21	61
21	71
22	18
22	27
22	28
22	51
22	58
22	61
22	68
23	28
23	50
23	51
23	53
23	58
23	60
23	74
24	17
24	27
24	47
24	49
24	51
24	57
24	58
24	74
25	39
25	43
25	67
25	69
25	71
25	76
25	77
25	78
26	20
26	30
26	43
26	69
26	71
26	74
26	76
26	78
27	22
27	24
27	44
27	57
27	58
27	60
27	64
27	74
28	22
28	23
28	40
28	47
28	60
28	61
28	74
28	75
29	33
29	42
29	48
29	52
29	64
29	65
29	66
29	73
30	26
30	43
30	67
30	69
30	71
30	76
30	77
30	78
31	54
31	55
31	63
31	68
31	70
31	75
31	79
31	80
32	7
32	10
32	11
32	12
32	13
32	45
32	46
32	72
33	29
33	37
33	42
33	48
33	55
33	65
33	66
33	73
34	37
34	52
34	53
34	64
34	65
34	66
34	73
34	81
35	17
35	40
35	50
35	57
35	58
35	60
35	74
35	78
36	49
36	62
36	65
36	68
36	70
36	75
36	80
36	81
37	33
37	34
37	38
37	48
37	53
37	65
37	66
37	73
37	76
38	2
38	37
38	52
38	53
38	64
38	65
38	66
38	69
38	73
39	20
39	25
39	57
39	67
39	69
39	71
39	76
39	77
39	78
40	18
40	28
40	35
40	44
40	51
40	57
40	58
40	61
40	74
41	12
41	54
41	56
41	59
41	63
41	70
41	72
41	80
41	81
42	29
42	33
42	47
42	48
42	52
42	53
42	64
42	65
42	66
42	73
43	25
43	26
43	30
43	61
43	67
43	69
43	71
43	76
43	77
43	78
44	14
44	27
44	40
44	47
44	50
44	52
44	57
44	58
44	61
44	74
45	7
45	9
45	10
45	11
45	12
45	13
45	15
45	32
45	46
45	80
46	1
46	7
46	9
46	10
46	11
46	12
46	13
46	15
46	32
46	45
47	14
47	18
47	24
47	28
47	42
47	44
47	50
47	51
47	57
47	74
48	6
48	29
48	33
48	37
48	42
48	52
48	54
48	64
48	65
48	73
49	24
49	36
49	59
49	63
49	70
49	72
49	75
49	79
49	80
49	81
50	4
50	18
50	21
50	23
50	35
50	44
50	47
50	51
50	58
50	60
50	74
51	21
51	22
51	23
51	24
51	40
51	47
51	50
51	58
51	60
51	61
51	62
52	6
52	29
52	34
52	38
52	42
52	44
52	48
52	53
52	64
52	65
52	66
52	73
53	2
53	23
53	34
53	37
53	38
53	42
53	52
53	56
53	64
53	65
53	66
53	73
54	31
54	41
54	48
54	56
54	59
54	63
54	68
54	70
54	75
54	79
54	80
54	81
55	16
55	31
55	33
55	59
55	62
55	67
55	68
55	70
55	72
55	75
55	79
55	81
56	16
56	41
56	53
56	54
56	62
56	63
56	70
56	72
56	75
56	79
56	80
56	81
57	17
57	21
57	24
57	27
57	35
57	39
57	40
57	44
57	47
57	60
57	61
57	74
58	17
58	22
58	23
58	24
58	27
58	35
58	40
58	44
58	50
58	51
58	61
58	62
58	74
59	41
59	49
59	54
59	55
59	62
59	68
59	70
59	72
59	75
59	77
59	79
59	80
59	81
60	14
60	17
60	18
60	23
60	27
60	28
60	35
60	50
60	51
60	57
60	61
60	64
60	74
61	14
61	18
61	21
61	22
61	28
61	40
61	43
61	44
61	51
61	57
61	58
61	60
61	73
61	74
62	36
62	51
62	55
62	56
62	58
62	59
62	63
62	68
62	70
62	72
62	75
62	79
62	80
62	81
63	8
63	31
63	41
63	49
63	54
63	56
63	62
63	68
63	70
63	72
63	77
63	79
63	80
63	81
64	2
64	6
64	27
64	29
64	34
64	38
64	42
64	48
64	52
64	53
64	60
64	65
64	66
64	73
65	6
65	29
65	33
65	34
65	36
65	37
65	38
65	42
65	48
65	52
65	53
65	64
65	66
65	72
65	73
66	2
66	6
66	29
66	33
66	34
66	37
66	38
66	42
66	52
66	53
66	64
66	65
66	73
66	75
66	79
67	3
67	4
67	5
67	19
67	25
67	30
67	39
67	43
67	55
67	69
67	71
67	73
67	76
67	77
67	78
68	8
68	16
68	22
68	31
68	36
68	54
68	55
68	59
68	62
68	63
68	72
68	75
68	79
68	80
68	81
69	1
69	5
69	19
69	20
69	25
69	26
69	30
69	38
69	39
69	43
69	67
69	71
69	76
69	77
69	78
70	15
70	16
70	31
70	36
70	41
70	49
70	54
70	55
70	56
70	59
70	62
70	63
70	72
70	79
70	80
70	81
71	1
71	3
71	4
71	5
71	19
71	21
71	25
71	26
71	30
71	39
71	43
71	67
71	69
71	76
71	77
71	78
72	8
72	32
72	41
72	49
72	55
72	56
72	59
72	62
72	63
72	65
72	68
72	70
72	75
72	79
72	80
72	81
73	2
73	6
73	29
73	33
73	34
73	37
73	38
73	42
73	48
73	52
73	53
73	61
73	64
73	65
73	66
73	67
74	14
74	17
74	23
74	24
74	26
74	27
74	28
74	35
74	40
74	44
74	47
74	50
74	57
74	58
74	60
74	61
74	78
75	8
75	16
75	28
75	31
75	36
75	49
75	54
75	55
75	56
75	59
75	62
75	66
75	68
75	72
75	79
75	80
75	81
76	1
76	3
76	4
76	5
76	19
76	20
76	25
76	26
76	30
76	37
76	39
76	43
76	67
76	69
76	71
76	77
76	78
77	1
77	3
77	4
77	5
77	19
77	20
77	25
77	30
77	39
77	43
77	59
77	63
77	67
77	69
77	71
77	76
77	78
78	1
78	3
78	4
78	5
78	19
78	20
78	25
78	26
78	30
78	35
78	39
78	43
78	67
78	69
78	71
78	74
78	76
78	77
79	8
79	16
79	20
79	31
79	49
79	54
79	55
79	56
79	59
79	62
79	63
79	66
79	68
79	70
79	72
79	75
79	80
79	81
80	8
80	9
80	31
80	36
80	41
80	45
80	49
80	54
80	56
80	59
80	62
80	63
80	68
80	70
80	72
80	75
80	79
80	81
81	16
81	18
81	34
81	36
81	41
81	49
81	54
81	55
81	56
81	59
81	62
81	63
81	68
81	70
81	72
81	75
81	79
81	80
