1	8
1	12
1	22
1	24
1	29
1	39
2	3
2	33
2	50
2	56
2	60
2	62
3	2
3	4
3	28
3	38
3	42
3	46
4	3
4	28
4	38
4	40
4	42
4	46
5	10
5	18
5	21
5	34
5	35
5	45
6	8
6	13
6	22
6	29
6	39
6	59
7	11
7	27
7	41
7	43
7	49
7	51
8	1
8	6
8	12
8	13
8	24
8	29
9	21
9	34
9	35
9	37
9	45
9	49
10	5
10	18
10	34
10	35
10	37
10	45
11	7
11	17
11	38
11	40
11	42
11	46
12	1
12	8
12	13
12	22
12	29
12	61
13	6
13	8
13	12
13	24
13	39
13	74
14	23
14	25
14	31
14	49
14	51
14	70
15	63
15	70
15	76
15	78
15	80
15	81
16	47
16	50
16	55
16	56
16	60
16	62
17	11
17	28
17	40
17	42
17	46
17	73
18	5
18	10
18	34
18	37
18	45
18	75
19	20
19	30
19	50
19	55
19	56
19	62
20	19
20	64
20	77
20	79
20	80
20	81
21	5
21	9
21	34
21	35
21	37
21	45
22	1
22	6
22	12
22	24
22	29
22	38
22	39
23	14
23	27
23	31
23	41
23	43
23	49
23	51
24	1
24	8
24	13
24	22
24	29
24	39
24	66
25	14
25	27
25	31
25	41
25	43
25	49
25	51
26	30
26	46
26	47
26	55
26	56
26	60
26	62
27	7
27	23
27	25
27	41
27	43
27	49
27	51
28	3
28	4
28	17
28	38
28	40
28	42
28	46
29	1
29	6
29	8
29	12
29	22
29	24
29	39
30	19
30	26
30	47
30	50
30	54
30	55
30	60
30	62
31	14
31	23
31	25
31	41
31	43
31	49
31	51
31	60
32	35
32	66
32	67
32	68
32	69
32	71
32	72
32	74
33	2
33	47
33	50
33	55
33	56
33	60
33	62
33	76
34	5
34	9
34	10
34	18
34	21
34	35
34	37
34	45
35	5
35	9
35	10
35	21
35	32
35	34
35	37
35	45
36	53
36	66
36	67
36	68
36	69
36	71
36	72
36	74
37	9
37	10
37	18
37	21
37	34
37	35
37	45
37	71
38	3
38	4
38	11
38	22
38	28
38	40
38	42
38	46
39	1
39	6
39	13
39	22
39	24
39	29
39	53
39	79
40	4
40	11
40	17
40	28
40	38
40	42
40	46
40	77
41	7
41	23
41	25
41	27
41	31
41	43
41	49
41	51
41	55
42	3
42	4
42	11
42	17
42	28
42	38
42	40
42	46
42	73
43	7
43	23
43	25
43	27
43	31
43	41
43	49
43	51
43	63
44	59
44	61
44	70
44	72
44	75
44	76
44	78
44	79
44	81
45	5
45	9
45	10
45	18
45	21
45	34
45	35
45	37
45	80
46	3
46	4
46	11
46	17
46	26
46	28
46	38
46	40
46	42
47	16
47	26
47	30
47	33
47	50
47	55
47	56
47	58
47	60
47	62
48	53
48	60
48	66
48	67
48	68
48	69
48	71
48	72
48	74
48	81
49	7
49	9
49	14
49	23
49	25
49	27
49	31
49	41
49	43
49	51
50	2
50	16
50	19
50	30
50	33
50	47
50	56
50	59
50	60
50	62
51	7
51	14
51	23
51	25
51	27
51	31
51	41
51	43
51	49
51	77
52	61
52	63
52	73
52	74
52	76
52	77
52	78
52	79
52	80
52	81
53	36
53	39
53	48
53	54
53	57
53	68
53	69
53	71
53	72
53	74
54	30
54	53
54	57
54	66
54	67
54	68
54	69
54	71
54	72
54	74
55	16
55	19
55	26
55	30
55	33
55	41
55	47
55	56
55	60
55	62
56	2
56	16
56	19
56	26
56	33
56	47
56	50
56	55
56	62
56	65
57	53
57	54
57	66
57	67
57	68
57	69
57	71
57	72
57	74
57	78
58	47
58	64
58	70
58	73
58	75
58	76
58	77
58	78
58	79
58	80
58	81
59	6
59	44
59	50
59	65
59	73
59	76
59	77
59	78
59	79
59	80
59	81
60	2
60	16
60	26
60	30
60	31
60	33
60	47
60	48
60	50
60	55
60	62
61	12
61	44
61	52
61	64
61	75
61	76
61	77
61	78
61	79
61	80
61	81
62	2
62	16
62	19
62	26
62	30
62	33
62	47
62	50
62	55
62	56
62	60
62	65
63	15
63	43
63	52
63	64
63	65
63	70
63	75
63	77
63	78
63	79
63	80
63	81
64	20
64	58
64	61
64	63
64	65
64	75
64	76
64	77
64	78
64	79
64	80
64	81
65	56
65	59
65	62
65	63
65	64
65	73
65	75
65	76
65	77
65	79
65	80
65	81
66	24
66	32
66	36
66	48
66	54
66	57
66	67
66	68
66	69
66	71
66	72
66	74
67	32
67	36
67	48
67	54
67	57
67	66
67	68
67	69
67	71
67	72
67	74
67	80
68	32
68	36
68	48
68	53
68	54
68	57
68	66
68	67
68	69
68	71
68	72
68	74
68	76
69	32
69	36
69	48
69	53
69	54
69	57
69	66
69	67
69	68
69	71
69	72
69	74
69	79
70	14
70	15
70	44
70	58
70	63
70	73
70	75
70	76
70	77
70	78
70	79
70	80
70	81
71	32
71	36
71	37
71	48
71	53
71	54
71	57
71	66
71	67
71	68
71	69
71	72
71	74
71	81
72	32
72	36
72	44
72	48
72	53
72	54
72	57
72	66
72	67
72	68
72	69
72	71
72	74
72	78
73	17
73	42
73	52
73	58
73	59
73	65
73	70
73	75
73	76
73	77
73	78
73	79
73	80
73	81
74	13
74	32
74	36
74	48
74	52
74	53
74	54
74	57
74	66
74	67
74	68
74	69
74	71
74	72
75	18
75	44
75	58
75	61
75	63
75	64
75	65
75	70
75	73
75	76
75	77
75	78
75	79
75	80
75	81
76	15
76	33
76	44
76	52
76	58
76	59
76	61
76	64
76	65
76	68
76	70
76	73
76	75
76	77
76	78
76	79
76	80
76	81
77	20
77	40
77	51
77	52
77	58
77	59
77	61
77	63
77	64
77	65
77	70
77	73
77	75
77	76
77	78
77	79
77	80
77	81
78	15
78	44
78	52
78	57
78	58
78	59
78	61
78	63
78	64
78	70
78	72
78	73
78	75
78	76
78	77
78	79
78	80
78	81
79	20
79	39
79	44
79	52
79	58
79	59
79	61
79	63
79	64
79	65
79	69
79	70
79	73
79	75
79	76
79	77
79	78
79	80
79	81
80	15
80	20
80	45
80	52
80	58
80	59
80	61
80	63
80	64
80	65
80	67
80	70
80	73
80	75
80	76
80	77
80	78
80	79
80	81
81	15
81	20
81	44
81	48
81	52
81	58
81	59
81	61
81	63
81	64
81	65
81	70
81	71
81	73
81	75
81	76
81	77
81	78
81	79
81	80
