1	6
1	12
1	45
1	54
1	61
1	73
2	16
2	28
2	31
2	57
2	59
2	72
3	44
3	50
3	51
3	52
3	65
3	69
4	8
4	26
4	27
4	34
4	60
4	81
5	55
5	68
5	74
5	75
5	80
5	81
6	1
6	38
6	58
6	62
6	76
6	79
7	12
7	18
7	35
7	40
7	71
7	73
8	4
8	20
8	27
8	33
8	46
8	60
9	36
9	47
9	49
9	58
9	63
9	79
10	25
10	41
10	44
10	51
10	65
10	69
11	43
11	48
11	56
11	57
11	59
11	72
12	1
12	7
12	40
12	61
12	71
12	73
13	25
13	44
13	52
13	65
13	69
13	70
14	19
14	75
14	78
14	79
14	80
14	81
15	28
15	64
15	70
15	74
15	80
15	81
16	2
16	17
16	31
16	39
16	59
16	72
17	16
17	20
17	23
17	28
17	48
17	56
17	72
18	7
18	22
18	40
18	45
18	50
18	71
18	73
19	14
19	57
19	68
19	70
19	77
19	80
19	81
20	8
20	17
20	26
20	27
20	30
20	33
20	46
21	38
21	66
21	68
21	75
21	77
21	78
21	80
22	18
22	43
22	50
22	54
22	61
22	71
22	73
23	17
23	39
23	43
23	56
23	57
23	64
23	72
24	41
24	51
24	52
24	60
24	65
24	69
24	75
25	10
25	13
25	41
25	51
25	52
25	65
25	69
26	4
26	20
26	33
26	34
26	46
26	60
26	71
27	4
27	8
27	20
27	30
27	46
27	60
27	74
28	2
28	15
28	17
28	31
28	39
28	57
28	72
29	32
29	36
29	53
29	62
29	67
29	76
29	79
30	20
30	27
30	33
30	34
30	46
30	60
30	65
31	2
31	16
31	28
31	39
31	48
31	59
31	72
32	29
32	42
32	53
32	67
32	76
32	78
32	79
33	8
33	20
33	26
33	30
33	34
33	46
33	60
34	4
34	26
34	30
34	33
34	46
34	60
34	81
35	7
35	50
35	54
35	59
35	61
35	71
35	73
36	9
36	29
36	49
36	58
36	67
36	76
36	78
36	79
37	69
37	70
37	74
37	75
37	77
37	78
37	80
37	81
38	6
38	21
38	42
38	47
38	49
38	67
38	76
38	79
39	16
39	23
39	28
39	31
39	43
39	56
39	57
39	72
40	7
40	12
40	18
40	45
40	54
40	61
40	71
40	73
41	10
41	24
41	25
41	44
41	51
41	65
41	69
41	79
42	32
42	38
42	53
42	58
42	62
42	67
42	76
42	79
43	11
43	22
43	23
43	39
43	48
43	56
43	57
43	59
44	3
44	10
44	13
44	41
44	51
44	52
44	65
44	69
45	1
45	18
45	40
45	50
45	54
45	61
45	71
45	73
46	8
46	20
46	26
46	27
46	30
46	33
46	34
46	60
47	9
47	38
47	53
47	58
47	62
47	76
47	77
47	79
48	11
48	17
48	31
48	43
48	56
48	57
48	59
48	72
49	9
49	36
49	38
49	62
49	67
49	76
49	77
49	79
50	3
50	18
50	22
50	35
50	45
50	54
50	61
50	71
50	73
51	3
51	10
51	24
51	25
51	41
51	44
51	52
51	65
51	69
52	3
52	13
52	24
52	25
52	44
52	51
52	65
52	69
52	72
53	29
53	32
53	42
53	47
53	62
53	67
53	73
53	76
53	79
54	1
54	22
54	35
54	40
54	45
54	50
54	67
54	71
54	73
55	5
55	66
55	70
55	74
55	75
55	76
55	78
55	80
55	81
56	11
56	17
56	23
56	39
56	43
56	48
56	59
56	66
56	72
57	2
57	11
57	19
57	23
57	28
57	39
57	43
57	48
57	72
58	6
58	9
58	36
58	42
58	47
58	62
58	67
58	79
58	80
59	2
59	11
59	16
59	31
59	35
59	43
59	48
59	56
59	72
60	4
60	8
60	24
60	26
60	27
60	30
60	33
60	34
60	46
61	1
61	12
61	22
61	35
61	40
61	45
61	50
61	62
61	71
61	73
62	6
62	29
62	42
62	47
62	49
62	53
62	58
62	61
62	76
62	79
63	9
63	64
63	66
63	70
63	74
63	75
63	77
63	78
63	80
63	81
64	15
64	23
64	63
64	66
64	68
64	74
64	75
64	77
64	78
64	80
64	81
65	3
65	10
65	13
65	24
65	25
65	30
65	41
65	44
65	51
65	52
65	69
66	21
66	55
66	56
66	63
66	64
66	70
66	74
66	75
66	77
66	80
66	81
67	29
67	32
67	36
67	38
67	42
67	49
67	53
67	54
67	58
67	76
67	79
68	5
68	19
68	21
68	64
68	70
68	74
68	76
68	77
68	78
68	80
68	81
69	3
69	10
69	13
69	24
69	25
69	37
69	41
69	44
69	51
69	52
69	65
70	13
70	15
70	19
70	37
70	55
70	63
70	66
70	68
70	77
70	78
70	80
70	81
71	7
71	12
71	18
71	22
71	26
71	35
71	40
71	45
71	50
71	54
71	61
71	73
72	2
72	11
72	16
72	17
72	23
72	28
72	31
72	39
72	48
72	52
72	56
72	57
72	59
73	1
73	7
73	12
73	18
73	22
73	35
73	40
73	45
73	50
73	53
73	54
73	61
73	71
74	5
74	15
74	27
74	37
74	55
74	63
74	64
74	66
74	68
74	75
74	77
74	78
74	80
74	81
75	5
75	14
75	21
75	24
75	37
75	55
75	63
75	64
75	66
75	74
75	77
75	78
75	80
75	81
76	6
76	29
76	32
76	36
76	38
76	42
76	47
76	49
76	53
76	55
76	62
76	67
76	68
76	79
77	19
77	21
77	37
77	47
77	49
77	63
77	64
77	66
77	68
77	70
77	74
77	75
77	78
77	80
77	81
78	14
78	21
78	32
78	36
78	37
78	55
78	63
78	64
78	68
78	70
78	74
78	75
78	77
78	80
78	81
79	6
79	9
79	14
79	29
79	32
79	36
79	38
79	41
79	42
79	47
79	49
79	53
79	58
79	62
79	67
79	76
80	5
80	14
80	15
80	19
80	21
80	37
80	55
80	58
80	63
80	64
80	66
80	68
80	70
80	74
80	75
80	77
80	78
80	81
81	4
81	5
81	14
81	15
81	19
81	34
81	37
81	55
81	63
81	64
81	66
81	68
81	70
81	74
81	75
81	77
81	78
81	80
