1	12
1	57
1	59
1	61
1	66
1	67
2	36
2	55
2	72
2	75
2	76
2	77
3	55
3	70
3	71
3	75
3	76
3	77
4	58
4	62
4	65
4	73
4	74
4	78
5	31
5	64
5	68
5	70
5	79
5	81
6	19
6	27
6	28
6	38
6	47
6	52
7	32
7	58
7	65
7	66
7	74
7	78
8	39
8	42
8	69
8	79
8	80
8	81
9	10
9	13
9	14
9	15
9	25
9	60
10	9
10	13
10	14
10	15
10	17
10	25
11	19
11	23
11	33
11	38
11	47
11	52
12	1
12	49
12	52
12	59
12	66
12	67
13	9
13	10
13	14
13	17
13	21
13	25
14	9
14	10
14	13
14	15
14	17
14	25
15	9
15	10
15	14
15	17
15	25
15	34
16	43
16	68
16	70
16	79
16	80
16	81
17	10
17	13
17	14
17	15
17	25
17	80
18	55
18	71
18	72
18	75
18	76
18	77
19	6
19	11
19	23
19	38
19	47
19	52
20	30
20	37
20	51
20	57
20	61
20	66
20	67
21	13
21	48
21	71
21	72
21	75
21	76
21	77
22	44
22	71
22	72
22	73
22	75
22	76
22	77
23	11
23	19
23	28
23	33
23	47
23	52
23	65
24	55
24	64
24	71
24	72
24	75
24	76
24	77
25	9
25	10
25	13
25	14
25	15
25	17
25	59
26	41
26	56
26	58
26	70
26	73
26	74
26	78
27	6
27	28
27	33
27	38
27	47
27	52
27	74
28	6
28	23
28	27
28	33
28	38
28	47
28	52
29	46
29	56
29	62
29	63
29	65
29	74
29	78
30	20
30	51
30	57
30	59
30	62
30	66
30	67
31	5
31	42
31	60
31	64
31	68
31	79
31	80
31	81
32	7
32	43
32	55
32	58
32	62
32	65
32	73
32	78
33	11
33	23
33	27
33	28
33	38
33	47
33	52
33	57
34	15
34	49
34	51
34	57
34	59
34	61
34	66
34	67
35	45
35	64
35	68
35	69
35	71
35	79
35	80
35	81
36	2
36	44
36	48
36	54
36	72
36	75
36	76
36	77
37	20
37	49
37	50
37	57
37	59
37	61
37	66
37	67
38	6
38	11
38	19
38	27
38	28
38	33
38	47
38	48
38	52
39	8
39	50
39	68
39	69
39	70
39	78
39	79
39	80
39	81
40	54
40	64
40	68
40	69
40	70
40	76
40	79
40	80
40	81
41	26
41	46
41	56
41	58
41	62
41	63
41	73
41	74
41	75
42	8
42	31
42	45
42	60
42	61
42	70
42	79
42	80
42	81
43	16
43	32
43	53
43	56
43	58
43	62
43	73
43	74
43	78
44	22
44	36
44	48
44	71
44	72
44	75
44	76
44	77
44	79
45	35
45	42
45	50
45	54
45	60
45	63
45	64
45	79
45	80
45	81
46	29
46	41
46	53
46	56
46	63
46	65
46	73
46	74
46	76
46	78
47	6
47	11
47	19
47	23
47	27
47	28
47	33
47	38
47	52
47	53
48	21
48	36
48	38
48	44
48	55
48	71
48	72
48	75
48	76
48	77
49	12
49	34
49	37
49	51
49	57
49	59
49	61
49	66
49	67
49	71
50	37
50	39
50	45
50	54
50	64
50	68
50	69
50	79
50	80
50	81
51	20
51	30
51	34
51	49
51	57
51	59
51	61
51	66
51	67
51	75
52	6
52	11
52	12
52	19
52	23
52	27
52	28
52	33
52	38
52	47
53	43
53	46
53	47
53	58
53	62
53	63
53	65
53	73
53	74
53	78
54	36
54	40
54	45
54	50
54	60
54	68
54	69
54	70
54	79
54	80
54	81
55	2
55	3
55	18
55	24
55	32
55	48
55	71
55	72
55	75
55	76
55	77
56	26
56	29
56	41
56	43
56	46
56	60
56	63
56	65
56	73
56	74
56	78
57	1
57	20
57	30
57	33
57	34
57	37
57	49
57	51
57	61
57	66
57	67
58	4
58	7
58	26
58	32
58	41
58	43
58	53
58	62
58	63
58	78
58	81
59	1
59	12
59	25
59	30
59	34
59	37
59	49
59	51
59	61
59	66
59	67
60	9
60	31
60	42
60	45
60	54
60	56
60	69
60	70
60	79
60	80
60	81
61	1
61	20
61	34
61	37
61	42
61	49
61	51
61	57
61	59
61	66
61	67
62	4
62	29
62	30
62	32
62	41
62	43
62	53
62	58
62	63
62	73
62	74
62	78
63	29
63	41
63	45
63	46
63	53
63	56
63	58
63	62
63	65
63	73
63	74
63	78
64	5
64	24
64	31
64	35
64	40
64	45
64	50
64	69
64	70
64	79
64	80
64	81
65	4
65	7
65	23
65	29
65	32
65	46
65	53
65	56
65	63
65	73
65	74
65	78
66	1
66	7
66	12
66	20
66	30
66	34
66	37
66	49
66	51
66	57
66	59
66	61
66	67
67	1
67	12
67	20
67	30
67	34
67	37
67	49
67	51
67	57
67	59
67	61
67	66
67	69
68	5
68	16
68	31
68	35
68	39
68	40
68	50
68	54
68	69
68	78
68	79
68	80
68	81
69	8
69	35
69	39
69	40
69	50
69	54
69	60
69	64
69	67
69	68
69	70
69	80
69	81
70	3
70	5
70	16
70	26
70	39
70	40
70	42
70	54
70	60
70	64
70	69
70	79
70	80
70	81
71	3
71	18
71	21
71	22
71	24
71	35
71	44
71	48
71	49
71	55
71	72
71	75
71	76
71	77
72	2
72	18
72	21
72	22
72	24
72	36
72	44
72	48
72	55
72	71
72	75
72	76
72	77
72	79
73	4
73	22
73	26
73	32
73	41
73	43
73	46
73	53
73	56
73	62
73	63
73	65
73	74
73	78
74	4
74	7
74	26
74	27
74	29
74	41
74	43
74	46
74	53
74	56
74	62
74	63
74	65
74	73
74	78
75	2
75	3
75	18
75	21
75	22
75	24
75	36
75	41
75	44
75	48
75	51
75	55
75	71
75	72
75	76
75	77
76	2
76	3
76	18
76	21
76	22
76	24
76	36
76	40
76	44
76	46
76	48
76	55
76	71
76	72
76	75
76	77
77	2
77	3
77	18
77	21
77	22
77	24
77	36
77	44
77	48
77	55
77	71
77	72
77	75
77	76
77	80
77	81
78	4
78	7
78	26
78	29
78	32
78	39
78	43
78	46
78	53
78	56
78	58
78	62
78	63
78	65
78	68
78	73
78	74
79	5
79	8
79	16
79	31
79	35
79	39
79	40
79	42
79	44
79	45
79	50
79	54
79	60
79	64
79	68
79	70
79	72
79	80
79	81
80	8
80	16
80	17
80	31
80	35
80	39
80	40
80	42
80	45
80	50
80	54
80	60
80	64
80	68
80	69
80	70
80	77
80	79
80	81
81	5
81	8
81	16
81	31
81	35
81	39
81	40
81	42
81	45
81	50
81	54
81	58
81	60
81	64
81	68
81	69
81	70
81	77
81	79
81	80
