1	40
1	54
1	70
1	74
1	77
1	78
2	11
2	30
2	33
2	36
2	43
2	77
3	5
3	59
3	67
3	74
3	77
3	78
4	17
4	45
4	56
4	64
4	68
4	76
5	3
5	51
5	61
5	68
5	70
5	73
6	22
6	35
6	46
6	47
6	48
6	67
7	24
7	30
7	33
7	43
7	44
7	54
8	9
8	10
8	44
8	53
8	69
8	76
9	8
9	25
9	56
9	68
9	69
9	76
10	8
10	21
10	56
10	63
10	68
10	76
11	2
11	30
11	36
11	43
11	54
11	64
12	33
12	36
12	43
12	44
12	54
12	58
13	25
13	49
13	66
13	75
13	80
13	81
14	37
14	39
14	57
14	60
14	73
14	77
15	19
15	52
15	64
15	66
15	69
15	76
16	71
16	72
16	75
16	79
16	80
16	81
17	4
17	52
17	53
17	63
17	64
17	69
18	20
18	29
18	37
18	46
18	47
18	48
19	15
19	27
19	45
19	64
19	68
19	79
20	18
20	37
20	46
20	47
20	48
20	79
21	10
21	40
21	45
21	53
21	63
21	69
21	76
22	6
22	29
22	35
22	46
22	47
22	48
22	51
23	61
23	64
23	65
23	67
23	70
23	73
23	74
24	7
24	26
24	33
24	36
24	43
24	44
24	54
25	9
25	13
25	38
25	52
25	63
25	68
25	76
26	24
26	57
26	65
26	67
26	70
26	73
26	78
27	19
27	38
27	39
27	52
27	64
27	68
27	76
28	32
28	51
28	65
28	70
28	74
28	77
28	78
29	18
29	22
29	35
29	37
29	46
29	47
29	48
30	2
30	7
30	11
30	33
30	43
30	44
30	53
30	54
31	34
31	38
31	49
31	62
31	75
31	79
31	80
31	81
32	28
32	60
32	61
32	65
32	73
32	75
32	77
32	78
33	2
33	7
33	12
33	24
33	30
33	36
33	44
33	54
34	31
34	55
34	58
34	72
34	75
34	79
34	80
34	81
35	6
35	22
35	29
35	37
35	46
35	47
35	48
35	56
36	2
36	11
36	12
36	24
36	33
36	44
36	54
36	80
37	14
37	18
37	20
37	29
37	35
37	46
37	47
37	48
38	25
38	27
38	31
38	52
38	53
38	63
38	68
38	69
38	76
39	14
39	27
39	51
39	57
39	70
39	73
39	74
39	77
39	78
40	1
40	21
40	60
40	65
40	67
40	73
40	74
40	77
40	78
41	55
41	62
41	65
41	71
41	72
41	75
41	79
41	80
41	81
42	59
42	66
42	67
42	71
42	72
42	75
42	79
42	80
42	81
43	2
43	7
43	11
43	12
43	24
43	30
43	44
43	54
43	71
44	7
44	8
44	12
44	24
44	30
44	33
44	36
44	43
44	54
45	4
45	19
45	21
45	53
45	56
45	63
45	64
45	69
45	76
45	78
46	6
46	18
46	20
46	22
46	29
46	35
46	37
46	47
46	48
46	72
47	6
47	18
47	20
47	22
47	29
47	35
47	37
47	46
47	48
47	54
48	6
48	18
48	20
48	22
48	29
48	35
48	37
48	46
48	47
48	63
49	13
49	31
49	62
49	66
49	71
49	72
49	78
49	79
49	80
49	81
50	58
50	59
50	62
50	71
50	72
50	75
50	76
50	79
50	80
50	81
51	5
51	22
51	28
51	39
51	57
51	60
51	65
51	67
51	74
51	77
51	78
52	15
52	17
52	25
52	27
52	38
52	53
52	56
52	68
52	69
52	75
52	76
53	8
53	17
53	21
53	30
53	38
53	45
53	52
53	56
53	68
53	69
53	76
54	1
54	7
54	11
54	12
54	24
54	30
54	33
54	36
54	43
54	44
54	47
55	34
55	41
55	58
55	59
55	62
55	66
55	71
55	73
55	79
55	80
55	81
56	4
56	9
56	10
56	35
56	45
56	52
56	53
56	63
56	64
56	69
56	76
57	14
57	26
57	39
57	51
57	61
57	70
57	73
57	74
57	77
57	78
57	80
58	12
58	34
58	50
58	55
58	59
58	66
58	71
58	72
58	75
58	79
58	80
58	81
59	3
59	42
59	50
59	55
59	58
59	62
59	66
59	72
59	75
59	79
59	80
59	81
60	14
60	32
60	40
60	51
60	61
60	62
60	67
60	70
60	73
60	74
60	77
60	78
61	5
61	23
61	32
61	57
61	60
61	65
61	67
61	73
61	74
61	77
61	78
61	81
62	31
62	41
62	49
62	50
62	55
62	59
62	60
62	72
62	75
62	79
62	80
62	81
63	10
63	17
63	21
63	25
63	38
63	45
63	48
63	56
63	64
63	68
63	69
63	76
64	4
64	11
64	15
64	17
64	19
64	23
64	27
64	45
64	56
64	63
64	68
64	69
64	76
65	23
65	26
65	28
65	32
65	40
65	41
65	51
65	61
65	67
65	70
65	73
65	74
65	77
65	78
66	13
66	15
66	42
66	49
66	55
66	58
66	59
66	70
66	71
66	72
66	75
66	79
66	80
66	81
67	3
67	6
67	23
67	26
67	40
67	42
67	51
67	60
67	61
67	65
67	73
67	74
67	77
67	78
68	4
68	5
68	9
68	10
68	19
68	25
68	27
68	38
68	52
68	53
68	63
68	64
68	69
68	76
69	8
69	9
69	15
69	17
69	21
69	38
69	45
69	52
69	53
69	56
69	63
69	64
69	68
69	76
69	77
70	1
70	5
70	23
70	26
70	28
70	39
70	57
70	60
70	65
70	66
70	71
70	73
70	74
70	77
70	78
71	16
71	41
71	42
71	43
71	49
71	50
71	55
71	58
71	66
71	70
71	72
71	75
71	79
71	80
71	81
72	16
72	34
72	41
72	42
72	46
72	49
72	50
72	58
72	59
72	62
72	66
72	71
72	75
72	79
72	80
72	81
73	5
73	14
73	23
73	26
73	32
73	39
73	40
73	55
73	57
73	60
73	61
73	65
73	67
73	70
73	74
73	77
73	78
74	1
74	3
74	23
74	28
74	39
74	40
74	51
74	57
74	60
74	61
74	65
74	67
74	70
74	73
74	77
74	78
74	81
75	13
75	16
75	31
75	32
75	34
75	41
75	42
75	50
75	52
75	58
75	59
75	62
75	66
75	71
75	72
75	79
75	80
75	81
76	4
76	8
76	9
76	10
76	15
76	21
76	25
76	27
76	38
76	45
76	50
76	52
76	53
76	56
76	63
76	64
76	68
76	69
77	1
77	2
77	3
77	14
77	28
77	32
77	39
77	40
77	51
77	57
77	60
77	61
77	65
77	67
77	69
77	70
77	73
77	74
77	78
78	1
78	3
78	26
78	28
78	32
78	39
78	40
78	45
78	49
78	51
78	57
78	60
78	61
78	65
78	67
78	70
78	73
78	74
78	77
79	16
79	19
79	20
79	31
79	34
79	41
79	42
79	49
79	50
79	55
79	58
79	59
79	62
79	66
79	71
79	72
79	75
79	80
79	81
80	13
80	16
80	31
80	34
80	36
80	41
80	42
80	49
80	50
80	55
80	57
80	58
80	59
80	62
80	66
80	71
80	72
80	75
80	79
80	81
81	13
81	16
81	31
81	34
81	41
81	42
81	49
81	50
81	55
81	58
81	59
81	61
81	62
81	66
81	71
81	72
81	74
81	75
81	79
81	80
