1	45
1	49
1	52
1	57
1	66
1	69
2	25
2	35
2	37
2	38
2	46
2	47
3	4
3	16
3	20
3	24
3	27
3	39
4	3
4	20
4	27
4	30
4	39
4	80
5	16
5	20
5	27
5	30
5	39
5	55
6	43
6	52
6	54
6	58
6	66
6	75
7	31
7	71
7	73
7	77
7	80
7	81
8	50
8	73
8	75
8	77
8	80
8	81
9	33
9	52
9	54
9	66
9	69
9	77
10	25
10	29
10	35
10	37
10	46
10	47
11	31
11	41
11	48
11	53
11	56
11	63
12	25
12	29
12	33
12	37
12	46
12	47
13	23
13	31
13	41
13	48
13	53
13	63
14	47
14	56
14	70
14	76
14	78
14	79
15	29
15	35
15	37
15	46
15	47
15	59
16	3
16	5
16	20
16	24
16	30
16	39
17	23
17	26
17	41
17	48
17	53
17	63
18	23
18	31
18	41
18	46
18	48
18	63
19	33
19	45
19	57
19	58
19	66
19	69
19	77
20	3
20	4
20	5
20	16
20	27
20	39
20	70
21	45
21	67
21	70
21	74
21	76
21	78
21	79
22	61
22	65
22	73
22	75
22	77
22	80
22	81
23	13
23	17
23	18
23	26
23	48
23	53
23	63
24	3
24	16
24	27
24	30
24	39
24	58
24	63
25	2
25	10
25	12
25	35
25	37
25	46
25	47
26	17
26	23
26	31
26	41
26	48
26	53
26	63
27	3
27	4
27	5
27	20
27	24
27	30
27	39
28	71
28	72
28	73
28	75
28	77
28	80
28	81
29	10
29	12
29	15
29	37
29	40
29	46
29	47
30	4
30	5
30	16
30	24
30	27
30	39
30	79
31	7
31	11
31	13
31	18
31	26
31	48
31	53
31	63
32	38
32	56
32	62
32	67
32	74
32	76
32	78
32	79
33	9
33	12
33	19
33	43
33	49
33	54
33	57
33	69
34	40
34	60
34	67
34	70
34	74
34	76
34	78
34	79
35	2
35	10
35	15
35	25
35	37
35	46
35	47
35	66
36	50
36	55
36	62
36	64
36	68
36	72
36	77
36	80
36	81
37	2
37	10
37	12
37	15
37	25
37	29
37	35
37	47
37	73
38	2
38	32
38	40
38	59
38	67
38	74
38	76
38	78
38	79
39	3
39	4
39	5
39	16
39	20
39	24
39	27
39	30
39	78
40	29
40	34
40	38
40	59
40	60
40	74
40	76
40	78
40	79
41	11
41	13
41	17
41	18
41	26
41	48
41	53
41	63
41	81
42	56
42	59
42	62
42	67
42	70
42	74
42	76
42	78
42	79
43	6
43	33
43	45
43	49
43	54
43	57
43	58
43	66
43	69
43	79
44	64
44	65
44	68
44	71
44	72
44	73
44	75
44	77
44	80
44	81
45	1
45	19
45	21
45	43
45	49
45	52
45	54
45	57
45	58
45	66
46	2
46	10
46	12
46	15
46	18
46	25
46	29
46	35
46	47
46	58
47	2
47	10
47	12
47	14
47	15
47	25
47	29
47	35
47	37
47	46
48	11
48	13
48	17
48	18
48	23
48	26
48	31
48	41
48	53
48	63
49	1
49	33
49	43
49	45
49	52
49	57
49	58
49	66
49	69
49	76
50	8
50	36
50	55
50	64
50	67
50	68
50	75
50	77
50	80
50	81
51	53
51	56
51	59
51	60
51	62
51	67
51	74
51	76
51	78
51	79
52	1
52	6
52	9
52	45
52	49
52	54
52	58
52	66
52	69
52	72
53	11
53	13
53	17
53	23
53	26
53	31
53	41
53	48
53	51
53	63
54	6
54	9
54	33
54	43
54	45
54	52
54	57
54	65
54	66
54	69
55	5
55	36
55	50
55	64
55	65
55	71
55	72
55	75
55	77
55	80
55	81
56	11
56	14
56	32
56	42
56	51
56	60
56	62
56	70
56	74
56	78
56	79
57	1
57	19
57	33
57	43
57	45
57	49
57	54
57	58
57	66
57	69
57	75
58	6
58	19
58	24
58	43
58	45
58	46
58	49
58	52
58	57
58	66
58	69
59	15
59	38
59	40
59	42
59	51
59	60
59	62
59	67
59	76
59	78
59	79
60	34
60	40
60	51
60	56
60	59
60	62
60	70
60	73
60	74
60	76
60	78
60	79
61	22
61	64
61	65
61	68
61	71
61	72
61	73
61	75
61	77
61	78
61	80
61	81
62	32
62	36
62	42
62	51
62	56
62	59
62	60
62	64
62	70
62	74
62	76
62	79
63	11
63	13
63	17
63	18
63	23
63	24
63	26
63	31
63	41
63	48
63	53
63	69
64	36
64	44
64	50
64	55
64	61
64	62
64	65
64	68
64	69
64	71
64	72
64	80
64	81
65	22
65	44
65	54
65	55
65	61
65	64
65	68
65	72
65	73
65	75
65	77
65	80
65	81
66	1
66	6
66	9
66	19
66	35
66	43
66	45
66	49
66	52
66	54
66	57
66	58
66	69
67	21
67	32
67	34
67	38
67	42
67	50
67	51
67	59
67	70
67	74
67	76
67	78
67	79
68	36
68	44
68	50
68	61
68	64
68	65
68	71
68	73
68	75
68	76
68	77
68	80
68	81
69	1
69	9
69	19
69	33
69	43
69	49
69	52
69	54
69	57
69	58
69	63
69	64
69	66
70	14
70	20
70	21
70	34
70	42
70	56
70	60
70	62
70	67
70	74
70	76
70	78
70	79
70	81
71	7
71	28
71	44
71	55
71	61
71	64
71	68
71	72
71	73
71	75
71	77
71	78
71	80
71	81
72	28
72	36
72	44
72	52
72	55
72	61
72	64
72	65
72	71
72	73
72	75
72	77
72	80
72	81
73	7
73	8
73	22
73	28
73	37
73	44
73	60
73	61
73	65
73	68
73	71
73	72
73	75
73	77
73	80
73	81
74	21
74	32
74	34
74	38
74	40
74	42
74	51
74	56
74	60
74	62
74	67
74	70
74	76
74	78
74	79
74	80
75	6
75	8
75	22
75	28
75	44
75	50
75	55
75	57
75	61
75	65
75	68
75	71
75	72
75	73
75	77
75	80
75	81
76	14
76	21
76	32
76	34
76	38
76	40
76	42
76	49
76	51
76	59
76	60
76	62
76	67
76	68
76	70
76	74
76	78
76	79
77	7
77	8
77	9
77	19
77	22
77	28
77	36
77	44
77	50
77	55
77	61
77	65
77	68
77	71
77	72
77	73
77	75
77	80
77	81
78	14
78	21
78	32
78	34
78	38
78	39
78	40
78	42
78	51
78	56
78	59
78	60
78	61
78	67
78	70
78	71
78	74
78	76
78	79
79	14
79	21
79	30
79	32
79	34
79	38
79	40
79	42
79	43
79	51
79	56
79	59
79	60
79	62
79	67
79	70
79	74
79	76
79	78
80	4
80	7
80	8
80	22
80	28
80	36
80	44
80	50
80	55
80	61
80	64
80	65
80	68
80	71
80	72
80	73
80	74
80	75
80	77
80	81
81	7
81	8
81	22
81	28
81	36
81	41
81	44
81	50
81	55
81	61
81	64
81	65
81	68
81	70
81	71
81	72
81	73
81	75
81	77
81	80
