1	63
1	69
1	73
1	74
1	77
1	81
2	12
2	13
2	15
2	19
2	20
2	58
3	8
3	14
3	17
3	22
3	27
3	30
4	6
4	50
4	61
4	71
4	79
4	80
5	55
5	56
5	61
5	75
5	79
5	80
6	4
6	12
6	13
6	15
6	20
6	54
7	46
7	54
7	66
7	73
7	79
7	80
8	3
8	9
8	22
8	27
8	30
8	34
9	8
9	25
9	43
9	47
9	76
9	78
10	69
10	72
10	74
10	77
10	79
10	81
11	58
11	65
11	72
11	74
11	77
11	81
12	2
12	6
12	15
12	19
12	20
12	44
13	2
13	6
13	15
13	19
13	20
13	76
14	3
14	17
14	22
14	27
14	30
14	47
15	2
15	6
15	12
15	13
15	19
15	20
16	45
16	59
16	68
16	70
16	76
16	78
17	3
17	14
17	22
17	27
17	30
17	78
18	66
18	71
18	73
18	75
18	79
18	80
19	2
19	12
19	13
19	15
19	20
19	40
20	2
20	6
20	12
20	13
20	15
20	19
20	72
21	25
21	33
21	34
21	53
21	70
21	76
21	78
22	3
22	8
22	14
22	17
22	27
22	30
22	64
23	40
23	48
23	57
23	62
23	64
23	67
23	68
24	39
24	43
24	47
24	59
24	70
24	76
24	78
25	9
25	21
25	45
25	53
25	70
25	76
25	78
26	60
26	63
26	69
26	72
26	74
26	77
26	81
27	3
27	8
27	14
27	17
27	22
27	30
27	70
28	38
28	40
28	57
28	62
28	64
28	67
28	68
29	39
29	58
29	60
29	63
29	65
29	72
29	81
30	3
30	8
30	14
30	17
30	22
30	27
30	77
31	36
31	56
31	57
31	61
31	62
31	64
31	67
31	68
32	51
32	52
32	60
32	65
32	69
32	72
32	74
32	81
33	21
33	34
33	45
33	47
33	59
33	70
33	76
33	78
34	8
34	21
34	33
34	53
34	59
34	70
34	76
34	78
35	36
35	56
35	57
35	62
35	64
35	66
35	67
35	68
36	31
36	35
36	38
36	48
36	56
36	62
36	67
36	68
36	73
37	46
37	61
37	64
37	66
37	71
37	73
37	75
37	79
37	80
38	28
38	36
38	56
38	57
38	62
38	64
38	67
38	68
38	69
39	24
39	29
39	47
39	49
39	53
39	59
39	70
39	76
39	78
40	19
40	23
40	28
40	48
40	57
40	62
40	64
40	67
40	68
41	48
41	52
41	58
41	60
41	63
41	72
41	74
41	77
41	81
42	51
42	54
42	61
42	66
42	71
42	73
42	75
42	79
42	80
43	9
43	24
43	49
43	53
43	59
43	60
43	70
43	76
43	78
44	12
44	50
44	54
44	55
44	61
44	73
44	75
44	79
44	80
45	16
45	25
45	33
45	49
45	53
45	55
45	70
45	76
45	78
46	7
46	37
46	55
46	56
46	61
46	71
46	73
46	75
46	79
46	80
47	9
47	14
47	24
47	33
47	39
47	49
47	59
47	70
47	76
47	78
48	23
48	36
48	40
48	41
48	56
48	57
48	62
48	64
48	67
48	68
49	39
49	43
49	45
49	47
49	53
49	59
49	70
49	75
49	76
49	78
50	4
50	44
50	55
50	66
50	71
50	73
50	75
50	79
50	80
50	81
51	32
51	42
51	58
51	60
51	63
51	65
51	69
51	72
51	77
51	81
52	32
52	41
52	57
52	60
52	62
52	65
52	69
52	72
52	74
52	77
52	81
53	21
53	25
53	34
53	39
53	43
53	45
53	49
53	59
53	67
53	76
53	78
54	6
54	7
54	42
54	44
54	55
54	61
54	66
54	71
54	73
54	75
54	79
54	80
55	5
55	44
55	45
55	46
55	50
55	54
55	66
55	71
55	73
55	75
55	79
55	80
56	5
56	31
56	35
56	36
56	38
56	46
56	48
56	57
56	62
56	64
56	67
56	68
57	23
57	28
57	31
57	35
57	38
57	40
57	48
57	52
57	56
57	62
57	64
57	67
57	68
58	2
58	11
58	29
58	41
58	51
58	60
58	63
58	65
58	69
58	72
58	74
58	77
58	81
59	16
59	24
59	33
59	34
59	39
59	43
59	47
59	49
59	53
59	70
59	71
59	76
59	78
60	26
60	29
60	32
60	41
60	43
60	51
60	52
60	58
60	63
60	65
60	69
60	74
60	77
60	81
61	4
61	5
61	31
61	37
61	42
61	44
61	46
61	54
61	66
61	71
61	73
61	75
61	79
61	80
62	23
62	28
62	31
62	35
62	36
62	38
62	40
62	48
62	52
62	56
62	57
62	64
62	67
62	68
63	1
63	26
63	29
63	41
63	51
63	58
63	60
63	65
63	69
63	72
63	74
63	77
63	80
63	81
64	22
64	23
64	28
64	31
64	35
64	37
64	38
64	40
64	48
64	56
64	57
64	62
64	67
64	68
65	11
65	29
65	32
65	51
65	52
65	58
65	60
65	63
65	67
65	69
65	72
65	74
65	77
65	81
66	7
66	18
66	35
66	37
66	42
66	50
66	54
66	55
66	61
66	71
66	73
66	74
66	75
66	79
66	80
67	23
67	28
67	31
67	35
67	36
67	38
67	40
67	48
67	53
67	56
67	57
67	62
67	64
67	65
67	68
68	16
68	23
68	28
68	31
68	35
68	36
68	38
68	40
68	48
68	56
68	57
68	62
68	64
68	67
68	81
69	1
69	10
69	26
69	32
69	38
69	51
69	52
69	58
69	60
69	63
69	65
69	72
69	74
69	77
69	81
70	16
70	21
70	24
70	25
70	27
70	33
70	34
70	39
70	43
70	45
70	47
70	49
70	59
70	76
70	78
71	4
71	18
71	37
71	42
71	46
71	50
71	54
71	55
71	59
71	61
71	66
71	73
71	75
71	78
71	79
71	80
72	10
72	11
72	20
72	26
72	29
72	32
72	41
72	51
72	52
72	58
72	63
72	65
72	69
72	74
72	77
72	81
73	1
73	7
73	18
73	36
73	37
73	42
73	44
73	46
73	50
73	54
73	55
73	61
73	66
73	71
73	75
73	79
73	80
74	1
74	10
74	11
74	26
74	32
74	41
74	52
74	58
74	60
74	63
74	65
74	66
74	69
74	72
74	77
74	80
74	81
75	5
75	18
75	37
75	42
75	44
75	46
75	49
75	50
75	54
75	55
75	61
75	66
75	71
75	73
75	77
75	79
75	80
76	9
76	13
76	16
76	21
76	24
76	25
76	33
76	34
76	39
76	43
76	45
76	47
76	49
76	53
76	59
76	70
76	79
77	1
77	10
77	11
77	26
77	30
77	41
77	51
77	52
77	58
77	60
77	63
77	65
77	69
77	72
77	74
77	75
77	81
78	9
78	16
78	17
78	21
78	24
78	25
78	33
78	34
78	39
78	43
78	45
78	47
78	49
78	53
78	59
78	70
78	71
79	4
79	5
79	7
79	10
79	18
79	37
79	42
79	44
79	46
79	50
79	54
79	55
79	61
79	66
79	71
79	73
79	75
79	76
79	80
80	4
80	5
80	7
80	18
80	37
80	42
80	44
80	46
80	50
80	54
80	55
80	61
80	63
80	66
80	71
80	73
80	74
80	75
80	79
81	1
81	10
81	11
81	26
81	29
81	32
81	41
81	50
81	51
81	52
81	58
81	60
81	63
81	65
81	68
81	69
81	72
81	74
81	77
