1	5
1	8
1	11
1	17
1	20
1	23
2	9
2	13
2	16
2	18
2	25
2	72
3	23
3	32
3	63
3	71
3	79
3	81
4	36
4	63
4	69
4	71
4	79
4	81
5	1
5	8
5	11
5	17
5	20
5	23
6	9
6	13
6	16
6	18
6	25
6	78
7	15
7	22
7	26
7	45
7	48
7	50
8	1
8	5
8	17
8	20
8	23
8	70
9	2
9	6
9	13
9	16
9	18
9	25
10	14
10	28
10	31
10	45
10	48
10	56
11	1
11	5
11	17
11	20
11	23
11	76
12	24
12	39
12	56
12	72
12	73
12	74
13	2
13	6
13	9
13	18
13	25
13	76
14	10
14	26
14	28
14	45
14	48
14	72
15	7
15	22
15	31
15	45
15	48
15	65
16	2
16	6
16	9
16	18
16	25
16	79
17	1
17	5
17	8
17	11
17	20
17	23
18	2
18	6
18	9
18	13
18	16
18	25
19	35
19	49
19	53
19	63
19	79
19	81
20	1
20	5
20	8
20	11
20	17
20	23
20	41
21	36
21	51
21	55
21	59
21	71
21	79
21	81
22	7
22	15
22	26
22	28
22	31
22	45
22	48
23	1
23	3
23	5
23	8
23	11
23	17
23	20
24	12
24	56
24	72
24	73
24	74
24	76
24	80
25	2
25	6
25	9
25	13
25	16
25	18
25	78
26	7
26	14
26	22
26	28
26	31
26	45
26	48
27	57
27	60
27	64
27	68
27	69
27	70
27	75
27	78
28	10
28	14
28	22
28	26
28	31
28	45
28	48
28	52
29	49
29	64
29	65
29	69
29	70
29	75
29	77
29	78
30	33
30	61
30	64
30	72
30	73
30	74
30	76
30	77
31	10
31	15
31	22
31	26
31	28
31	45
31	48
31	81
32	3
32	35
32	40
32	44
32	46
32	71
32	79
32	81
33	30
33	61
33	66
33	70
33	74
33	76
33	77
33	80
34	47
34	66
34	72
34	73
34	74
34	75
34	76
34	80
35	19
35	32
35	37
35	46
35	63
35	71
35	73
35	79
35	81
36	4
36	21
36	37
36	40
36	55
36	59
36	63
36	71
36	81
37	35
37	36
37	39
37	46
37	51
37	63
37	71
37	79
37	81
38	42
38	54
38	57
38	58
38	64
38	67
38	68
38	75
38	78
39	12
39	37
39	42
39	43
39	66
39	73
39	76
39	77
39	80
40	32
40	36
40	51
40	53
40	62
40	63
40	71
40	79
40	81
41	20
41	42
41	47
41	56
41	72
41	73
41	76
41	77
41	80
42	38
42	39
42	41
42	61
42	66
42	73
42	74
42	77
42	80
43	39
43	50
43	61
43	66
43	73
43	74
43	76
43	77
43	80
44	32
44	46
44	53
44	55
44	59
44	71
44	74
44	79
44	81
45	7
45	10
45	14
45	15
45	22
45	26
45	28
45	31
45	48
45	57
46	32
46	35
46	37
46	44
46	53
46	55
46	59
46	71
46	74
46	79
47	34
47	41
47	50
47	56
47	59
47	72
47	73
47	74
47	77
47	80
48	7
48	10
48	14
48	15
48	22
48	26
48	28
48	31
48	45
48	53
49	19
49	29
49	54
49	62
49	65
49	67
49	68
49	69
49	70
49	78
50	7
50	43
50	47
50	61
50	66
50	72
50	74
50	76
50	77
50	80
51	21
51	37
51	40
51	53
51	55
51	59
51	61
51	63
51	79
51	81
52	28
52	54
52	58
52	60
52	62
52	65
52	69
52	70
52	75
52	78
53	19
53	40
53	44
53	46
53	48
53	51
53	55
53	59
53	71
53	79
53	81
54	38
54	49
54	52
54	57
54	60
54	64
54	68
54	69
54	70
54	75
54	78
55	21
55	36
55	44
55	46
55	51
55	53
55	59
55	63
55	79
55	80
55	81
56	10
56	12
56	24
56	41
56	47
56	66
56	67
56	72
56	74
56	76
56	77
56	80
57	27
57	38
57	45
57	54
57	60
57	62
57	64
57	67
57	69
57	70
57	75
57	78
58	38
58	52
58	60
58	62
58	65
58	67
58	68
58	69
58	70
58	75
58	78
58	79
59	21
59	36
59	44
59	46
59	47
59	51
59	53
59	55
59	63
59	71
59	79
59	81
60	27
60	52
60	54
60	57
60	58
60	62
60	67
60	68
60	69
60	73
60	75
60	78
61	30
61	33
61	42
61	43
61	50
61	51
61	66
61	72
61	73
61	74
61	76
61	77
61	80
62	40
62	49
62	52
62	57
62	58
62	60
62	64
62	65
62	67
62	68
62	70
62	75
62	78
63	3
63	4
63	19
63	35
63	36
63	37
63	40
63	51
63	55
63	59
63	65
63	71
63	79
63	81
64	27
64	29
64	30
64	38
64	54
64	57
64	62
64	65
64	67
64	68
64	69
64	70
64	75
64	78
65	15
65	29
65	49
65	52
65	58
65	62
65	63
65	64
65	67
65	68
65	69
65	70
65	75
65	78
66	33
66	34
66	39
66	42
66	43
66	50
66	56
66	61
66	67
66	72
66	73
66	76
66	77
66	80
67	38
67	49
67	56
67	57
67	58
67	60
67	62
67	64
67	65
67	66
67	68
67	69
67	75
67	78
68	27
68	38
68	49
68	54
68	58
68	60
68	62
68	64
68	65
68	67
68	70
68	75
68	78
68	81
69	4
69	27
69	29
69	49
69	52
69	54
69	57
69	58
69	60
69	64
69	65
69	67
69	70
69	75
69	78
70	8
70	27
70	29
70	33
70	49
70	52
70	54
70	57
70	58
70	62
70	64
70	65
70	68
70	69
70	75
70	78
71	3
71	4
71	21
71	32
71	35
71	36
71	37
71	40
71	44
71	46
71	53
71	59
71	63
71	77
71	79
71	81
72	2
72	12
72	14
72	24
72	30
72	34
72	41
72	47
72	50
72	56
72	61
72	66
72	73
72	74
72	76
72	77
72	80
73	12
73	24
73	30
73	34
73	35
73	39
73	41
73	42
73	43
73	47
73	60
73	61
73	66
73	72
73	74
73	76
73	77
73	80
74	12
74	24
74	30
74	33
74	34
74	42
74	43
74	44
74	46
74	47
74	50
74	56
74	61
74	72
74	73
74	76
74	77
74	80
75	27
75	29
75	34
75	38
75	52
75	54
75	57
75	58
75	60
75	62
75	64
75	65
75	67
75	68
75	69
75	70
75	78
75	80
76	11
76	13
76	24
76	30
76	33
76	34
76	39
76	41
76	43
76	50
76	56
76	61
76	66
76	72
76	73
76	74
76	77
76	80
77	29
77	30
77	33
77	39
77	41
77	42
77	43
77	47
77	50
77	56
77	61
77	66
77	71
77	72
77	73
77	74
77	76
77	80
78	6
78	25
78	27
78	29
78	38
78	49
78	52
78	54
78	57
78	58
78	60
78	62
78	64
78	65
78	67
78	68
78	69
78	70
78	75
79	3
79	4
79	16
79	19
79	21
79	32
79	35
79	37
79	40
79	44
79	46
79	51
79	53
79	55
79	58
79	59
79	63
79	71
79	81
80	24
80	33
80	34
80	39
80	41
80	42
80	43
80	47
80	50
80	55
80	56
80	61
80	66
80	72
80	73
80	74
80	75
80	76
80	77
81	3
81	4
81	19
81	21
81	31
81	32
81	35
81	36
81	37
81	40
81	44
81	51
81	53
81	55
81	59
81	63
81	68
81	71
81	79
