1	3
1	20
1	22
1	27
1	29
1	68
2	6
2	8
2	9
2	13
2	18
2	19
3	1
3	11
3	20
3	22
3	27
3	29
4	9
4	53
4	58
4	68
4	77
4	81
5	45
5	47
5	63
5	67
5	69
5	81
6	2
6	8
6	13
6	18
6	19
6	33
7	17
7	21
7	26
7	28
7	30
7	57
8	2
8	6
8	9
8	13
8	18
8	19
9	2
9	4
9	8
9	13
9	18
9	19
10	12
10	45
10	64
10	69
10	78
10	81
11	3
11	20
11	22
11	27
11	29
11	66
12	10
12	64
12	67
12	70
12	77
12	81
13	2
13	6
13	8
13	9
13	18
13	19
14	17
14	21
14	26
14	28
14	30
14	31
15	23
15	25
15	32
15	35
15	36
15	37
15	38
16	50
16	51
16	54
16	60
16	61
16	73
16	74
17	7
17	14
17	21
17	26
17	28
17	30
17	80
18	2
18	6
18	8
18	9
18	13
18	19
18	79
19	2
19	6
19	8
19	9
19	13
19	18
19	36
20	1
20	3
20	11
20	22
20	27
20	29
20	79
21	7
21	14
21	17
21	26
21	28
21	30
21	71
22	1
22	3
22	11
22	20
22	27
22	29
22	47
23	15
23	25
23	32
23	35
23	36
23	37
23	38
24	61
24	64
24	67
24	70
24	71
24	77
24	81
25	15
25	23
25	32
25	35
25	36
25	37
25	38
26	7
26	14
26	17
26	21
26	28
26	30
26	52
27	1
27	3
27	11
27	20
27	22
27	29
27	69
28	7
28	14
28	17
28	21
28	26
28	30
28	63
29	1
29	3
29	11
29	20
29	22
29	27
29	76
30	7
30	14
30	17
30	21
30	26
30	28
30	44
31	14
31	48
31	50
31	51
31	60
31	62
31	73
31	74
32	15
32	23
32	25
32	35
32	36
32	37
32	38
32	55
33	6
33	49
33	54
33	72
33	76
33	78
33	79
33	80
34	52
34	56
34	59
34	75
34	76
34	78
34	79
34	80
35	15
35	23
35	25
35	32
35	36
35	37
35	38
35	60
36	15
36	19
36	23
36	25
36	32
36	35
36	37
36	38
37	15
37	23
37	25
37	32
37	35
37	36
37	38
37	64
38	15
38	23
38	25
38	32
38	35
38	36
38	37
38	40
39	42
39	55
39	60
39	61
39	62
39	66
39	73
39	74
39	80
40	38
40	52
40	56
40	65
40	72
40	76
40	78
40	79
40	80
41	42
41	48
41	50
41	51
41	61
41	62
41	66
41	73
41	74
42	39
42	41
42	45
42	55
42	61
42	62
42	66
42	73
42	74
43	50
43	54
43	57
43	72
43	75
43	76
43	78
43	79
43	80
44	30
44	46
44	65
44	72
44	75
44	76
44	78
44	79
44	80
45	5
45	10
45	42
45	59
45	68
45	69
45	70
45	71
45	77
45	81
46	44
46	57
46	65
46	66
46	72
46	75
46	76
46	78
46	79
46	80
47	5
47	22
47	63
47	64
47	67
47	68
47	70
47	71
47	77
47	81
48	31
48	41
48	49
48	55
48	60
48	61
48	62
48	66
48	73
48	74
49	33
49	48
49	52
49	54
49	56
49	72
49	75
49	78
49	79
49	80
50	16
50	31
50	41
50	43
50	60
50	61
50	62
50	66
50	73
50	74
51	16
51	31
51	41
51	55
51	59
51	60
51	61
51	66
51	73
51	74
52	26
52	34
52	40
52	49
52	57
52	65
52	72
52	78
52	79
52	80
53	4
53	63
53	64
53	67
53	68
53	70
53	71
53	73
53	77
53	81
54	16
54	33
54	43
54	49
54	72
54	75
54	76
54	78
54	79
54	80
55	32
55	39
55	42
55	48
55	51
55	60
55	62
55	66
55	73
55	74
56	34
56	40
56	49
56	57
56	65
56	72
56	75
56	76
56	77
56	79
56	80
57	7
57	43
57	46
57	52
57	56
57	65
57	75
57	76
57	78
57	79
57	80
58	4
58	59
58	63
58	64
58	67
58	68
58	69
58	70
58	71
58	75
58	77
58	81
59	34
59	45
59	51
59	58
59	63
59	64
59	68
59	69
59	70
59	71
59	77
59	81
60	16
60	31
60	35
60	39
60	48
60	50
60	51
60	55
60	61
60	66
60	73
60	74
61	16
61	24
61	39
61	41
61	42
61	48
61	50
61	51
61	60
61	62
61	73
61	74
62	31
62	39
62	41
62	42
62	48
62	50
62	55
62	61
62	66
62	67
62	73
62	74
63	5
63	28
63	47
63	53
63	58
63	59
63	64
63	67
63	68
63	69
63	70
63	71
63	81
64	10
64	12
64	24
64	37
64	47
64	53
64	58
64	59
64	63
64	70
64	71
64	77
64	81
65	40
65	44
65	46
65	52
65	56
65	57
65	72
65	75
65	76
65	77
65	78
65	79
65	80
66	11
66	39
66	41
66	42
66	46
66	48
66	50
66	51
66	55
66	60
66	62
66	73
66	74
67	5
67	12
67	24
67	47
67	53
67	58
67	62
67	63
67	68
67	69
67	71
67	77
67	81
68	1
68	4
68	45
68	47
68	53
68	58
68	59
68	63
68	67
68	69
68	71
68	77
68	81
69	5
69	10
69	27
69	45
69	58
69	59
69	63
69	67
69	68
69	70
69	71
69	77
69	78
69	81
70	12
70	24
70	45
70	47
70	53
70	58
70	59
70	63
70	64
70	69
70	71
70	75
70	77
70	81
71	21
71	24
71	45
71	47
71	53
71	58
71	59
71	63
71	64
71	67
71	68
71	69
71	70
71	77
71	81
72	33
72	40
72	43
72	44
72	46
72	49
72	52
72	54
72	56
72	65
72	75
72	76
72	78
72	79
72	80
73	16
73	31
73	39
73	41
73	42
73	48
73	50
73	51
73	53
73	55
73	60
73	61
73	62
73	66
73	74
74	16
74	31
74	39
74	41
74	42
74	48
74	50
74	51
74	55
74	60
74	61
74	62
74	66
74	73
74	76
74	81
75	34
75	43
75	44
75	46
75	49
75	54
75	56
75	57
75	58
75	65
75	70
75	72
75	76
75	78
75	79
75	80
76	29
76	33
76	34
76	40
76	43
76	44
76	46
76	54
76	56
76	57
76	65
76	72
76	74
76	75
76	78
76	79
76	80
77	4
77	12
77	24
77	45
77	47
77	53
77	56
77	58
77	59
77	64
77	65
77	67
77	68
77	69
77	70
77	71
77	81
78	10
78	33
78	34
78	40
78	43
78	44
78	46
78	49
78	52
78	54
78	57
78	65
78	69
78	72
78	75
78	76
78	79
78	80
79	18
79	20
79	33
79	34
79	40
79	43
79	44
79	46
79	49
79	52
79	54
79	56
79	57
79	65
79	72
79	75
79	76
79	78
79	80
80	17
80	33
80	34
80	39
80	40
80	43
80	44
80	46
80	49
80	52
80	54
80	56
80	57
80	65
80	72
80	75
80	76
80	78
80	79
81	4
81	5
81	10
81	12
81	24
81	45
81	47
81	53
81	58
81	59
81	63
81	64
81	67
81	68
81	69
81	70
81	71
81	74
81	77
