1	3
1	52
1	62
1	66
1	71
1	81
2	6
2	11
2	16
2	18
2	20
2	51
3	1
3	7
3	8
3	26
3	45
3	50
4	21
4	33
4	34
4	36
4	43
4	54
5	19
5	73
5	76
5	78
5	79
5	80
6	2
6	12
6	17
6	18
6	20
6	67
7	3
7	29
7	30
7	38
7	45
7	50
8	3
8	30
8	38
8	45
8	50
8	75
9	33
9	34
9	35
9	36
9	37
9	61
10	30
10	54
10	68
10	70
10	74
10	81
11	2
11	12
11	16
11	17
11	18
11	25
12	6
12	11
12	15
12	16
12	17
12	25
13	17
13	66
13	68
13	71
13	74
13	81
14	42
14	47
14	56
14	60
14	63
14	65
15	12
15	52
15	70
15	71
15	74
15	81
16	2
16	11
16	12
16	18
16	20
16	25
17	6
17	11
17	12
17	13
17	18
17	20
17	25
18	2
18	6
18	11
18	16
18	17
18	20
18	25
19	5
19	41
19	53
19	56
19	57
19	59
19	65
20	2
20	6
20	16
20	17
20	18
20	25
20	35
21	4
21	33
21	34
21	35
21	36
21	37
21	43
22	40
22	54
22	62
22	66
22	70
22	74
22	81
23	52
23	66
23	68
23	70
23	71
23	74
23	81
24	63
24	67
24	75
24	77
24	78
24	79
24	80
25	11
25	12
25	16
25	17
25	18
25	20
25	40
26	3
26	27
26	29
26	38
26	45
26	50
26	72
27	26
27	29
27	30
27	38
27	45
27	50
27	71
28	56
28	57
28	59
28	63
28	64
28	65
28	77
29	7
29	26
29	27
29	30
29	45
29	50
29	80
30	7
30	8
30	10
30	27
30	29
30	38
30	45
30	50
31	48
31	49
31	58
31	72
31	76
31	77
31	78
31	80
32	47
32	53
32	56
32	59
32	60
32	63
32	64
32	79
33	4
33	9
33	21
33	34
33	35
33	37
33	42
33	43
34	4
34	9
34	21
34	33
34	35
34	36
34	37
34	43
35	9
35	20
35	21
35	33
35	34
35	36
35	37
35	43
36	4
36	9
36	21
36	34
36	35
36	37
36	43
36	49
37	9
37	21
37	33
37	34
37	35
37	36
37	43
37	73
38	7
38	8
38	26
38	27
38	30
38	45
38	50
38	78
39	58
39	62
39	67
39	73
39	75
39	76
39	77
39	79
39	80
40	22
40	25
40	44
40	51
40	54
40	66
40	68
40	74
40	81
41	19
41	42
41	47
41	56
41	57
41	63
41	64
41	65
41	77
42	14
42	33
42	41
42	53
42	57
42	59
42	60
42	63
42	65
43	4
43	21
43	33
43	34
43	35
43	36
43	37
43	57
43	76
44	40
44	52
44	62
44	66
44	68
44	69
44	71
44	74
44	81
45	3
45	7
45	8
45	26
45	27
45	29
45	30
45	38
45	50
45	55
46	65
46	67
46	69
46	72
46	75
46	76
46	77
46	78
46	79
46	80
47	14
47	32
47	41
47	53
47	58
47	59
47	60
47	63
47	64
47	65
48	31
48	49
48	62
48	69
48	72
48	73
48	75
48	76
48	78
48	79
49	31
49	36
49	48
49	58
49	72
49	73
49	75
49	78
49	79
49	80
50	3
50	7
50	8
50	26
50	27
50	29
50	30
50	38
50	45
50	81
51	2
51	40
51	52
51	54
51	62
51	66
51	68
51	70
51	71
51	74
51	81
52	1
52	15
52	23
52	44
52	51
52	61
52	62
52	68
52	71
52	74
52	81
53	19
53	32
53	42
53	47
53	57
53	59
53	60
53	63
53	64
53	65
53	79
54	4
54	10
54	22
54	40
54	51
54	62
54	66
54	70
54	71
54	74
54	81
55	45
55	67
55	69
55	72
55	73
55	74
55	75
55	76
55	77
55	78
55	79
56	14
56	19
56	28
56	32
56	41
56	57
56	59
56	60
56	63
56	64
56	65
56	66
57	19
57	28
57	41
57	42
57	43
57	53
57	56
57	59
57	60
57	63
57	64
57	65
58	31
58	39
58	47
58	49
58	67
58	73
58	75
58	76
58	77
58	78
58	79
58	80
59	19
59	28
59	32
59	42
59	47
59	53
59	56
59	57
59	60
59	64
59	65
59	71
60	14
60	32
60	42
60	47
60	53
60	56
60	57
60	59
60	63
60	64
60	65
60	68
61	9
61	52
61	67
61	69
61	72
61	73
61	75
61	76
61	77
61	78
61	79
61	80
62	1
62	22
62	39
62	44
62	48
62	51
62	52
62	54
62	66
62	68
62	70
62	74
62	81
63	14
63	24
63	28
63	32
63	41
63	42
63	47
63	53
63	56
63	57
63	60
63	64
63	65
64	28
64	32
64	41
64	47
64	53
64	56
64	57
64	59
64	60
64	63
64	65
64	67
64	72
65	14
65	19
65	28
65	41
65	42
65	46
65	47
65	53
65	56
65	57
65	59
65	60
65	63
65	64
66	1
66	13
66	22
66	23
66	40
66	44
66	51
66	54
66	56
66	62
66	68
66	70
66	74
66	81
67	6
67	24
67	39
67	46
67	55
67	58
67	61
67	64
67	69
67	73
67	75
67	77
67	78
67	80
68	10
68	13
68	23
68	40
68	44
68	51
68	52
68	60
68	62
68	66
68	70
68	71
68	74
68	81
69	44
69	46
69	48
69	55
69	61
69	67
69	72
69	73
69	75
69	76
69	77
69	78
69	79
69	80
70	10
70	15
70	22
70	23
70	51
70	54
70	62
70	66
70	68
70	71
70	74
70	75
70	78
70	81
71	1
71	13
71	15
71	23
71	27
71	44
71	51
71	52
71	54
71	59
71	68
71	70
71	74
71	81
72	26
72	31
72	46
72	48
72	49
72	55
72	61
72	64
72	69
72	73
72	75
72	76
72	77
72	78
72	79
72	80
73	5
73	37
73	39
73	48
73	49
73	55
73	58
73	61
73	67
73	69
73	72
73	76
73	77
73	78
73	79
73	80
74	10
74	13
74	15
74	22
74	23
74	40
74	44
74	51
74	52
74	54
74	55
74	62
74	66
74	68
74	70
74	71
74	81
75	8
75	24
75	39
75	46
75	48
75	49
75	55
75	58
75	61
75	67
75	69
75	70
75	72
75	76
75	77
75	79
75	80
76	5
76	31
76	39
76	43
76	46
76	48
76	55
76	58
76	61
76	69
76	72
76	73
76	75
76	77
76	78
76	79
76	80
77	24
77	28
77	31
77	39
77	41
77	46
77	55
77	58
77	61
77	67
77	69
77	72
77	73
77	75
77	76
77	78
77	79
77	80
78	5
78	24
78	31
78	38
78	46
78	48
78	49
78	55
78	58
78	61
78	67
78	69
78	70
78	72
78	73
78	76
78	77
78	79
78	80
79	5
79	24
79	32
79	39
79	46
79	48
79	49
79	53
79	55
79	58
79	61
79	69
79	72
79	73
79	75
79	76
79	77
79	78
79	80
80	5
80	24
80	29
80	31
80	39
80	46
80	49
80	58
80	61
80	67
80	69
80	72
80	73
80	75
80	76
80	77
80	78
80	79
80	81
81	1
81	10
81	13
81	15
81	22
81	23
81	40
81	44
81	50
81	51
81	52
81	54
81	62
81	66
81	68
81	70
81	71
81	74
81	80
