1	28
1	40
1	55
1	60
1	62
1	70
2	36
2	48
2	66
2	77
2	80
2	81
3	4
3	39
3	41
3	50
3	63
3	64
4	3
4	8
4	14
4	37
4	39
4	68
5	43
5	47
5	69
5	72
5	76
5	78
6	19
6	54
6	60
6	70
6	72
6	75
7	35
7	45
7	50
7	77
7	79
7	81
8	4
8	33
8	63
8	64
8	67
8	68
9	28
9	29
9	40
9	59
9	62
9	70
10	34
10	39
10	57
10	69
10	73
10	76
11	52
11	57
11	58
11	69
11	76
11	78
12	21
12	23
12	53
12	74
12	75
12	81
13	34
13	56
13	74
13	75
13	77
13	80
13	81
14	4
14	22
14	43
14	47
14	52
14	65
14	76
15	16
15	25
15	54
15	55
15	62
15	70
15	72
16	15
16	18
16	19
16	20
16	59
16	62
16	72
17	21
17	44
17	48
17	66
17	79
17	80
17	81
18	16
18	25
18	54
18	60
18	62
18	70
18	72
19	6
19	16
19	20
19	28
19	59
19	67
19	72
20	16
20	19
20	36
20	40
20	55
20	72
20	79
21	12
21	17
21	29
21	71
21	74
21	75
21	81
22	14
22	31
22	38
22	49
22	69
22	73
22	76
23	12
23	24
23	36
23	61
23	66
23	74
23	75
24	23
24	37
24	51
24	63
24	64
24	67
24	68
25	15
25	18
25	55
25	60
25	62
25	70
25	72
26	47
26	57
26	65
26	69
26	73
26	76
26	78
27	37
27	39
27	44
27	46
27	51
27	64
27	67
28	1
28	9
28	19
28	55
28	59
28	66
28	72
29	9
29	21
29	61
29	74
29	75
29	79
29	80
30	32
30	37
30	41
30	44
30	46
30	63
30	64
30	67
31	22
31	38
31	43
31	47
31	65
31	69
31	73
31	78
32	30
32	33
32	41
32	44
32	46
32	47
32	51
32	68
33	8
33	32
33	51
33	63
33	64
33	67
33	68
33	70
34	10
34	13
34	47
34	65
34	69
34	73
34	76
34	78
35	7
35	50
35	61
35	63
35	66
35	71
35	74
35	80
36	2
36	20
36	23
36	50
36	53
36	79
36	80
36	81
37	4
37	24
37	27
37	30
37	46
37	64
37	67
37	68
38	22
38	31
38	43
38	52
38	65
38	73
38	77
38	78
39	3
39	4
39	10
39	27
39	41
39	51
39	63
39	64
40	1
40	9
40	20
40	54
40	55
40	62
40	70
40	71
40	72
41	3
41	30
41	32
41	39
41	44
41	63
41	64
41	65
41	68
42	49
42	50
42	52
42	56
42	61
42	71
42	74
42	79
42	80
43	5
43	14
43	31
43	38
43	58
43	73
43	75
43	76
43	78
44	17
44	27
44	30
44	32
44	41
44	46
44	51
44	64
44	67
45	7
45	49
45	71
45	73
45	74
45	75
45	79
45	80
45	81
46	27
46	30
46	32
46	37
46	44
46	53
46	63
46	67
46	68
47	5
47	14
47	26
47	31
47	32
47	34
47	69
47	73
47	78
48	2
48	17
48	53
48	57
48	61
48	71
48	75
48	77
48	79
49	22
49	42
49	45
49	53
49	56
49	71
49	74
49	75
49	77
49	81
50	3
50	7
50	35
50	36
50	42
50	56
50	66
50	71
50	77
50	79
51	24
51	27
51	32
51	33
51	39
51	44
51	63
51	67
51	68
51	80
52	11
52	14
52	38
52	42
52	57
52	58
52	65
52	69
52	76
52	78
53	12
53	36
53	46
53	48
53	49
53	66
53	77
53	79
53	80
53	81
54	6
54	15
54	18
54	40
54	55
54	59
54	60
54	70
54	72
54	81
55	1
55	15
55	20
55	25
55	28
55	40
55	54
55	60
55	61
55	70
56	13
56	42
56	49
56	50
56	61
56	75
56	76
56	77
56	79
56	81
57	10
57	11
57	26
57	48
57	52
57	58
57	69
57	73
57	76
57	78
58	11
58	43
58	52
58	57
58	65
58	69
58	73
58	76
58	78
58	81
59	9
59	16
59	19
59	28
59	54
59	60
59	62
59	70
59	71
59	72
60	1
60	6
60	18
60	25
60	54
60	55
60	59
60	62
60	70
60	72
60	77
61	23
61	29
61	35
61	42
61	48
61	55
61	56
61	74
61	77
61	79
61	80
62	1
62	9
62	15
62	16
62	18
62	25
62	40
62	59
62	60
62	70
62	78
63	3
63	8
63	24
63	30
63	33
63	35
63	39
63	41
63	46
63	51
63	67
63	68
64	3
64	8
64	24
64	27
64	30
64	33
64	37
64	39
64	41
64	44
64	68
64	80
65	14
65	26
65	31
65	34
65	38
65	41
65	52
65	58
65	69
65	73
65	76
65	78
66	2
66	17
66	23
66	28
66	35
66	50
66	53
66	71
66	74
66	77
66	79
66	80
67	8
67	19
67	24
67	27
67	30
67	33
67	37
67	44
67	46
67	51
67	63
67	68
68	4
68	8
68	24
68	32
68	33
68	37
68	41
68	46
68	51
68	63
68	64
68	67
68	79
69	5
69	10
69	11
69	22
69	26
69	31
69	34
69	47
69	52
69	57
69	58
69	65
69	78
70	1
70	6
70	9
70	15
70	18
70	25
70	33
70	40
70	54
70	55
70	59
70	60
70	62
70	72
71	21
71	35
71	40
71	42
71	45
71	48
71	49
71	50
71	59
71	66
71	75
71	77
71	80
71	81
72	5
72	6
72	15
72	16
72	18
72	19
72	20
72	25
72	28
72	40
72	54
72	59
72	60
72	70
73	10
73	22
73	26
73	31
73	34
73	38
73	43
73	45
73	47
73	57
73	58
73	65
73	76
73	78
74	12
74	13
74	21
74	23
74	29
74	35
74	42
74	45
74	49
74	61
74	66
74	76
74	79
74	80
74	81
75	6
75	12
75	13
75	21
75	23
75	29
75	43
75	45
75	48
75	49
75	56
75	71
75	77
75	79
75	80
75	81
76	5
76	10
76	11
76	14
76	22
76	26
76	34
76	43
76	52
76	56
76	57
76	58
76	65
76	73
76	74
76	78
77	2
77	7
77	13
77	38
77	48
77	49
77	50
77	53
77	56
77	60
77	61
77	66
77	71
77	75
77	80
77	81
78	5
78	11
78	26
78	31
78	34
78	38
78	43
78	47
78	52
78	57
78	58
78	62
78	65
78	69
78	73
78	76
79	7
79	17
79	20
79	29
79	36
79	42
79	45
79	48
79	50
79	53
79	56
79	61
79	66
79	68
79	74
79	75
79	80
79	81
80	2
80	13
80	17
80	29
80	35
80	36
80	42
80	45
80	51
80	53
80	61
80	64
80	66
80	71
80	74
80	75
80	77
80	79
80	81
81	2
81	7
81	12
81	13
81	17
81	21
81	36
81	45
81	49
81	53
81	54
81	56
81	58
81	71
81	74
81	75
81	77
81	79
81	80
