1	5
1	6
1	10
1	23
1	27
1	28
2	12
2	15
2	16
2	17
2	30
2	55
3	50
3	61
3	63
3	65
3	67
3	78
4	7
4	19
4	20
4	25
4	34
4	36
5	1
5	21
5	23
5	27
5	28
5	37
6	1
6	10
6	17
6	21
6	27
6	28
7	4
7	20
7	25
7	34
7	36
7	79
8	47
8	48
8	51
8	52
8	57
8	60
9	11
9	12
9	15
9	16
9	17
9	30
10	1
10	6
10	14
10	21
10	23
10	28
11	9
11	12
11	15
11	16
11	25
11	30
12	2
12	9
12	11
12	16
12	17
12	30
13	29
13	53
13	54
13	58
13	62
13	80
14	10
14	19
14	20
14	24
14	34
14	36
15	2
15	9
15	11
15	16
15	17
15	30
15	75
16	2
16	9
16	11
16	12
16	15
16	17
16	30
17	2
17	6
17	9
17	12
17	15
17	16
17	30
18	57
18	59
18	61
18	63
18	65
18	66
18	67
19	4
19	14
19	24
19	25
19	34
19	36
19	80
20	4
20	7
20	14
20	24
20	34
20	36
20	64
21	5
21	6
21	10
21	23
21	27
21	28
21	76
22	37
22	42
22	43
22	53
22	58
22	62
22	81
23	1
23	5
23	10
23	21
23	27
23	28
23	40
24	14
24	19
24	20
24	25
24	34
24	36
24	73
25	4
25	7
25	11
25	19
25	24
25	34
25	36
26	28
26	44
26	48
26	51
26	52
26	56
26	60
27	1
27	5
27	6
27	21
27	23
27	28
27	48
28	1
28	5
28	6
28	10
28	21
28	23
28	26
28	27
29	13
29	35
29	41
29	43
29	53
29	54
29	58
29	62
30	2
30	9
30	11
30	12
30	15
30	16
30	17
30	74
31	32
31	44
31	46
31	48
31	51
31	56
31	60
31	61
32	31
32	35
32	46
32	47
32	51
32	52
32	56
32	60
33	34
33	69
33	74
33	76
33	78
33	79
33	80
33	81
34	4
34	7
34	14
34	19
34	20
34	24
34	25
34	33
34	36
35	29
35	32
35	41
35	42
35	43
35	53
35	54
35	58
35	62
36	4
36	7
36	14
36	19
36	20
36	24
36	25
36	34
36	67
37	5
37	22
37	41
37	42
37	43
37	53
37	54
37	58
37	62
38	42
38	73
38	74
38	75
38	76
38	77
38	78
38	79
38	81
39	40
39	49
39	50
39	57
39	59
39	61
39	63
39	65
39	67
39	81
40	23
40	39
40	45
40	49
40	57
40	59
40	61
40	63
40	65
40	67
41	29
41	35
41	37
41	42
41	43
41	53
41	54
41	58
41	62
41	75
42	22
42	35
42	37
42	38
42	41
42	43
42	53
42	54
42	58
42	62
43	22
43	29
43	35
43	37
43	41
43	42
43	54
43	58
43	59
43	62
44	26
44	31
44	46
44	47
44	48
44	51
44	52
44	56
44	60
44	74
45	40
45	49
45	50
45	57
45	59
45	61
45	63
45	65
45	67
45	71
46	31
46	32
46	44
46	47
46	48
46	51
46	52
46	56
46	60
46	62
47	8
47	32
47	44
47	46
47	48
47	51
47	52
47	56
47	60
47	72
48	8
48	26
48	27
48	31
48	44
48	46
48	47
48	52
48	56
48	60
49	39
49	40
49	45
49	57
49	59
49	61
49	63
49	65
49	67
49	71
50	3
50	39
50	45
50	53
50	57
50	59
50	61
50	63
50	65
50	67
50	78
51	8
51	26
51	31
51	32
51	44
51	46
51	47
51	52
51	56
51	60
51	79
52	8
52	26
52	32
52	44
52	46
52	47
52	48
52	51
52	56
52	60
52	69
53	13
53	22
53	29
53	35
53	37
53	41
53	42
53	50
53	54
53	58
53	62
54	13
54	29
54	35
54	37
54	41
54	42
54	43
54	53
54	58
54	62
54	65
55	2
55	56
55	68
55	70
55	71
55	72
55	77
55	78
55	79
55	80
55	81
56	26
56	31
56	32
56	44
56	46
56	47
56	48
56	51
56	52
56	55
56	60
57	8
57	18
57	39
57	40
57	45
57	49
57	50
57	59
57	61
57	63
57	65
57	67
58	13
58	22
58	29
58	35
58	37
58	41
58	42
58	43
58	53
58	54
58	62
58	68
59	18
59	39
59	40
59	43
59	45
59	49
59	50
59	57
59	61
59	63
59	65
59	67
60	8
60	26
60	31
60	32
60	44
60	46
60	47
60	48
60	51
60	52
60	56
60	70
61	3
61	18
61	31
61	39
61	40
61	45
61	49
61	50
61	57
61	59
61	63
61	65
61	67
62	13
62	22
62	29
62	35
62	37
62	41
62	42
62	43
62	46
62	53
62	54
62	58
62	77
63	3
63	18
63	39
63	40
63	45
63	49
63	50
63	57
63	59
63	61
63	65
63	67
63	76
64	20
64	66
64	70
64	71
64	72
64	73
64	74
64	75
64	76
64	77
64	79
64	80
64	81
65	3
65	18
65	39
65	40
65	45
65	49
65	50
65	54
65	57
65	59
65	61
65	63
65	67
66	18
66	64
66	68
66	70
66	71
66	72
66	74
66	75
66	76
66	77
66	78
66	79
66	80
66	81
67	3
67	18
67	36
67	39
67	40
67	45
67	49
67	50
67	57
67	59
67	61
67	63
67	65
67	77
68	55
68	58
68	66
68	69
68	70
68	71
68	72
68	74
68	75
68	76
68	77
68	78
68	80
68	81
69	33
69	52
69	68
69	70
69	71
69	72
69	73
69	74
69	75
69	76
69	77
69	78
69	79
69	80
69	81
70	55
70	60
70	64
70	66
70	68
70	69
70	72
70	73
70	74
70	75
70	77
70	78
70	79
70	80
70	81
71	45
71	49
71	55
71	64
71	66
71	68
71	69
71	73
71	74
71	75
71	76
71	78
71	79
71	80
71	81
72	47
72	55
72	64
72	66
72	68
72	69
72	70
72	73
72	75
72	76
72	77
72	78
72	79
72	80
72	81
73	24
73	38
73	64
73	69
73	70
73	71
73	72
73	74
73	75
73	76
73	77
73	78
73	79
73	80
73	81
74	30
74	33
74	38
74	44
74	64
74	66
74	68
74	69
74	70
74	71
74	73
74	76
74	77
74	79
74	80
74	81
75	15
75	38
75	41
75	64
75	66
75	68
75	69
75	70
75	71
75	72
75	73
75	76
75	77
75	78
75	79
75	80
75	81
76	21
76	33
76	38
76	63
76	64
76	66
76	68
76	69
76	71
76	72
76	73
76	74
76	75
76	77
76	78
76	79
76	80
76	81
77	38
77	55
77	62
77	64
77	66
77	67
77	68
77	69
77	70
77	72
77	73
77	74
77	75
77	76
77	78
77	79
77	80
77	81
78	3
78	33
78	38
78	50
78	55
78	66
78	68
78	69
78	70
78	71
78	72
78	73
78	75
78	76
78	77
78	79
78	80
78	81
79	7
79	33
79	38
79	51
79	55
79	64
79	66
79	69
79	70
79	71
79	72
79	73
79	74
79	75
79	76
79	77
79	78
79	80
79	81
80	13
80	19
80	33
80	55
80	64
80	66
80	68
80	69
80	70
80	71
80	72
80	73
80	74
80	75
80	76
80	77
80	78
80	79
80	81
81	22
81	33
81	38
81	39
81	55
81	64
81	66
81	68
81	69
81	70
81	71
81	72
81	73
81	74
81	75
81	76
81	77
81	78
81	79
81	80
