1	37
1	39
1	43
1	55
1	62
1	81
2	48
2	64
2	68
2	70
2	71
2	73
3	7
3	12
3	28
3	46
3	60
3	81
4	21
4	35
4	46
4	51
4	53
4	60
5	9
5	11
5	14
5	15
5	18
5	19
6	26
6	54
6	56
6	58
6	59
6	61
7	3
7	12
7	36
7	51
7	53
7	60
8	45
8	54
8	56
8	58
8	59
8	61
9	5
9	11
9	14
9	16
9	18
9	19
10	69
10	74
10	75
10	79
10	80
10	81
11	5
11	9
11	14
11	15
11	18
11	19
12	3
12	7
12	29
12	51
12	53
12	60
13	25
13	38
13	47
13	64
13	70
13	71
14	5
14	9
14	11
14	15
14	18
14	19
15	5
15	11
15	14
15	18
15	19
15	51
16	9
16	54
16	56
16	58
16	59
16	61
17	34
17	39
17	43
17	55
17	62
17	65
18	5
18	9
18	11
18	14
18	15
18	19
19	5
19	9
19	11
19	14
19	15
19	18
19	75
20	41
20	64
20	67
20	68
20	71
20	73
20	78
21	4
21	28
21	46
21	51
21	53
21	60
21	76
22	74
22	75
22	76
22	77
22	78
22	80
22	81
23	26
23	63
23	66
23	78
23	79
23	80
23	81
24	26
24	45
24	54
24	56
24	58
24	59
24	61
25	13
25	29
25	36
25	40
25	50
25	52
25	57
26	6
26	23
26	24
26	45
26	58
26	59
26	61
27	36
27	40
27	44
27	48
27	50
27	52
27	57
28	3
28	21
28	46
28	51
28	53
28	60
28	67
29	12
29	25
29	36
29	40
29	44
29	50
29	57
30	34
30	37
30	39
30	42
30	55
30	62
30	66
31	62
31	69
31	74
31	77
31	78
31	79
31	81
32	42
32	47
32	67
32	68
32	70
32	71
32	73
33	66
33	72
33	73
33	77
33	79
33	80
33	81
34	17
34	30
34	37
34	42
34	53
34	55
34	62
35	4
35	36
35	40
35	44
35	50
35	52
35	57
36	7
36	25
36	27
36	29
36	35
36	52
36	57
37	1
37	30
37	34
37	39
37	42
37	43
37	62
38	13
38	64
38	67
38	70
38	71
38	73
38	79
39	1
39	17
39	30
39	37
39	42
39	43
39	55
39	62
40	25
40	27
40	29
40	35
40	44
40	50
40	52
40	57
41	20
41	46
41	64
41	67
41	68
41	70
41	71
41	73
42	30
42	32
42	34
42	37
42	39
42	43
42	55
42	62
43	1
43	17
43	37
43	39
43	42
43	55
43	62
43	67
44	27
44	29
44	35
44	40
44	47
44	50
44	52
44	57
45	8
45	24
45	26
45	49
45	54
45	56
45	59
45	61
46	3
46	4
46	21
46	28
46	41
46	51
46	53
46	60
47	13
47	32
47	44
47	64
47	68
47	70
47	71
47	73
48	2
48	27
48	56
48	67
48	68
48	70
48	71
48	73
49	45
49	65
49	75
49	77
49	78
49	79
49	80
49	81
50	25
50	27
50	29
50	35
50	40
50	44
50	52
50	57
50	77
51	4
51	7
51	12
51	15
51	21
51	28
51	46
51	53
51	60
52	25
52	27
52	35
52	36
52	40
52	44
52	50
52	57
52	63
53	4
53	7
53	12
53	21
53	28
53	34
53	46
53	51
53	60
54	6
54	8
54	16
54	24
54	45
54	56
54	58
54	59
54	60
55	1
55	17
55	30
55	34
55	39
55	42
55	43
55	61
55	62
56	6
56	8
56	16
56	24
56	45
56	48
56	54
56	58
56	59
56	61
57	25
57	27
57	29
57	35
57	36
57	40
57	44
57	50
57	52
57	80
58	6
58	8
58	16
58	24
58	26
58	54
58	56
58	59
58	61
58	72
59	6
59	8
59	16
59	24
59	26
59	45
59	54
59	56
59	58
59	61
60	3
60	4
60	7
60	12
60	21
60	28
60	46
60	51
60	53
60	54
61	6
61	8
61	16
61	24
61	26
61	45
61	55
61	56
61	58
61	59
62	1
62	17
62	30
62	31
62	34
62	37
62	39
62	42
62	43
62	55
63	23
63	52
63	65
63	69
63	72
63	74
63	76
63	77
63	78
63	80
63	81
64	2
64	13
64	20
64	38
64	41
64	47
64	67
64	68
64	69
64	70
64	71
64	73
65	17
65	49
65	63
65	69
65	72
65	75
65	76
65	77
65	78
65	79
65	80
65	81
66	23
66	30
66	33
66	72
66	74
66	75
66	76
66	77
66	78
66	79
66	80
66	81
67	20
67	28
67	32
67	38
67	41
67	43
67	48
67	64
67	68
67	70
67	71
67	73
68	2
68	20
68	32
68	41
68	47
68	48
68	64
68	67
68	70
68	71
68	73
68	80
69	10
69	31
69	63
69	64
69	65
69	72
69	74
69	75
69	76
69	78
69	79
69	80
69	81
70	2
70	13
70	32
70	38
70	41
70	47
70	48
70	64
70	67
70	68
70	71
70	73
70	76
71	2
71	13
71	20
71	32
71	38
71	41
71	47
71	48
71	64
71	67
71	68
71	70
71	73
71	79
72	33
72	58
72	63
72	65
72	66
72	69
72	74
72	75
72	76
72	77
72	78
72	79
72	80
72	81
73	2
73	20
73	32
73	33
73	38
73	41
73	47
73	48
73	64
73	67
73	68
73	70
73	71
73	74
74	10
74	22
74	31
74	63
74	66
74	69
74	72
74	73
74	75
74	76
74	77
74	78
74	79
74	80
74	81
75	10
75	19
75	22
75	49
75	65
75	66
75	69
75	72
75	74
75	76
75	77
75	78
75	79
75	80
75	81
76	21
76	22
76	63
76	65
76	66
76	69
76	70
76	72
76	74
76	75
76	77
76	78
76	79
76	80
76	81
77	22
77	31
77	33
77	49
77	50
77	63
77	65
77	66
77	72
77	74
77	75
77	76
77	78
77	79
77	80
77	81
78	20
78	22
78	23
78	31
78	49
78	63
78	65
78	66
78	69
78	72
78	74
78	75
78	76
78	77
78	79
78	80
78	81
79	10
79	23
79	31
79	33
79	38
79	49
79	65
79	66
79	69
79	71
79	72
79	74
79	75
79	76
79	77
79	78
79	80
79	81
80	10
80	22
80	23
80	33
80	49
80	57
80	63
80	65
80	66
80	68
80	69
80	72
80	74
80	75
80	76
80	77
80	78
80	79
80	81
81	1
81	3
81	10
81	22
81	23
81	31
81	33
81	49
81	63
81	65
81	66
81	69
81	72
81	74
81	75
81	76
81	77
81	78
81	79
81	80
