1	18
1	24
1	26
1	40
1	42
1	59
2	12
2	40
2	42
2	45
2	59
2	65
3	41
3	50
3	77
3	78
3	80
3	81
4	6
4	35
4	57
4	78
4	80
4	81
5	10
5	30
5	49
5	66
5	69
5	79
6	4
6	36
6	77
6	78
6	80
6	81
7	8
7	26
7	51
7	52
7	54
7	57
8	7
8	22
8	44
8	65
8	71
8	76
9	28
9	32
9	60
9	63
9	72
9	79
10	5
10	30
10	49
10	58
10	72
10	79
11	15
11	37
11	67
11	74
11	75
11	76
12	2
12	27
12	40
12	45
12	59
12	79
13	34
13	68
13	77
13	78
13	80
13	81
14	22
14	54
14	57
14	64
14	65
14	73
15	11
15	32
15	39
15	67
15	74
15	76
16	25
16	39
16	50
16	77
16	80
16	81
17	28
17	49
17	63
17	66
17	72
17	79
18	1
18	24
18	27
18	40
18	45
18	59
18	74
19	21
19	33
19	38
19	56
19	67
19	75
19	76
20	48
20	51
20	61
20	77
20	78
20	80
20	81
21	19
21	48
21	56
21	70
21	74
21	75
21	76
22	8
22	14
22	31
22	53
22	65
22	71
22	73
23	29
23	30
23	49
23	55
23	63
23	72
23	79
24	1
24	18
24	27
24	40
24	42
24	59
24	81
25	16
25	43
25	47
25	64
25	68
25	80
25	81
26	1
26	7
26	27
26	37
26	40
26	42
26	45
26	59
27	12
27	18
27	24
27	26
27	42
27	45
27	47
27	59
28	9
28	17
28	29
28	32
28	55
28	66
28	72
28	79
29	23
29	28
29	55
29	60
29	62
29	66
29	72
29	79
30	5
30	10
30	23
30	60
30	62
30	63
30	66
30	79
31	22
31	46
31	52
31	53
31	62
31	68
31	71
31	73
32	9
32	15
32	28
32	34
32	55
32	66
32	72
32	79
33	19
33	39
33	41
33	67
33	69
33	70
33	74
33	76
34	13
34	32
34	55
34	60
34	63
34	72
34	78
34	79
35	4
35	43
35	68
35	70
35	77
35	78
35	80
35	81
36	6
36	38
36	41
36	56
36	67
36	69
36	74
36	75
37	11
37	26
37	41
37	56
37	69
37	70
37	75
37	76
38	19
38	36
38	56
38	69
38	70
38	74
38	75
38	79
39	15
39	16
39	33
39	41
39	67
39	69
39	70
39	76
40	1
40	2
40	12
40	18
40	24
40	26
40	42
40	45
40	59
41	3
41	33
41	36
41	37
41	39
41	69
41	70
41	75
41	76
42	1
42	2
42	24
42	26
42	27
42	40
42	45
42	58
42	59
43	25
43	35
43	47
43	61
43	63
43	77
43	78
43	80
43	81
44	8
44	52
44	53
44	54
44	62
44	64
44	70
44	71
44	73
45	2
45	12
45	18
45	26
45	27
45	40
45	42
45	59
45	72
46	31
46	51
46	53
46	54
46	57
46	64
46	68
46	71
46	73
47	25
47	27
47	43
47	48
47	58
47	61
47	77
47	78
47	80
47	81
48	20
48	21
48	47
48	50
48	58
48	61
48	68
48	78
48	80
48	81
49	5
49	10
49	17
49	23
49	55
49	60
49	66
49	72
49	75
49	79
50	3
50	16
50	48
50	58
50	61
50	67
50	68
50	77
50	80
50	81
51	7
51	20
51	46
51	52
51	54
51	57
51	62
51	64
51	65
51	71
52	7
52	31
52	44
52	51
52	62
52	64
52	65
52	71
52	73
52	80
53	22
53	31
53	44
53	46
53	54
53	64
53	65
53	71
53	73
53	77
54	7
54	14
54	44
54	46
54	51
54	53
54	57
54	62
54	71
54	73
54	76
55	23
55	28
55	29
55	32
55	34
55	49
55	60
55	63
55	66
55	78
55	79
56	19
56	21
56	36
56	37
56	38
56	59
56	67
56	69
56	74
56	75
56	76
57	4
57	7
57	14
57	46
57	51
57	54
57	62
57	64
57	65
57	71
57	73
58	10
58	42
58	47
58	48
58	50
58	61
58	68
58	77
58	78
58	80
58	81
59	1
59	2
59	12
59	18
59	24
59	26
59	27
59	40
59	42
59	45
59	56
60	9
60	29
60	30
60	34
60	49
60	55
60	61
60	63
60	66
60	72
60	79
61	20
61	43
61	47
61	48
61	50
61	58
61	60
61	68
61	77
61	78
61	80
61	81
62	29
62	30
62	31
62	44
62	51
62	52
62	54
62	57
62	64
62	65
62	71
62	73
63	9
63	17
63	23
63	30
63	34
63	43
63	55
63	60
63	66
63	72
63	77
63	79
64	14
64	25
64	44
64	46
64	51
64	52
64	53
64	57
64	62
64	65
64	71
64	73
65	2
65	8
65	14
65	22
65	51
65	52
65	53
65	57
65	62
65	64
65	71
65	73
65	74
66	5
66	17
66	28
66	29
66	30
66	32
66	49
66	55
66	60
66	63
66	72
66	79
66	81
67	11
67	15
67	19
67	33
67	36
67	39
67	50
67	56
67	69
67	70
67	74
67	75
67	76
68	13
68	25
68	31
68	35
68	46
68	48
68	50
68	58
68	61
68	77
68	78
68	80
68	81
69	5
69	33
69	36
69	37
69	38
69	39
69	41
69	56
69	67
69	70
69	74
69	75
69	76
70	21
70	33
70	35
70	37
70	38
70	39
70	41
70	44
70	67
70	69
70	74
70	75
70	76
71	8
71	22
71	31
71	44
71	46
71	51
71	52
71	53
71	54
71	57
71	62
71	64
71	65
71	73
72	9
72	10
72	17
72	23
72	28
72	29
72	32
72	34
72	45
72	49
72	60
72	63
72	66
72	79
73	14
73	22
73	31
73	44
73	46
73	52
73	53
73	54
73	57
73	62
73	64
73	65
73	71
73	75
74	11
74	15
74	18
74	21
74	33
74	36
74	38
74	56
74	65
74	67
74	69
74	70
74	75
74	76
75	11
75	19
75	21
75	36
75	37
75	38
75	41
75	49
75	56
75	67
75	69
75	70
75	73
75	74
75	76
76	8
76	11
76	15
76	19
76	21
76	33
76	37
76	39
76	41
76	54
76	56
76	67
76	69
76	70
76	74
76	75
77	3
77	6
77	13
77	16
77	20
77	35
77	43
77	47
77	50
77	53
77	58
77	61
77	63
77	68
77	78
77	81
78	3
78	4
78	6
78	13
78	20
78	34
78	35
78	43
78	47
78	48
78	55
78	58
78	61
78	68
78	77
78	80
78	81
79	5
79	9
79	10
79	12
79	17
79	23
79	28
79	29
79	30
79	32
79	34
79	38
79	49
79	55
79	60
79	63
79	66
79	72
80	3
80	4
80	6
80	13
80	16
80	20
80	25
80	35
80	43
80	47
80	48
80	50
80	52
80	58
80	61
80	68
80	78
80	81
81	3
81	4
81	6
81	13
81	16
81	20
81	24
81	25
81	35
81	43
81	47
81	48
81	50
81	58
81	61
81	66
81	68
81	77
81	78
81	80
