1	10
1	61
1	62
1	69
1	79
1	81
2	28
2	48
2	55
2	70
2	73
2	76
3	43
3	51
3	52
3	63
3	65
3	80
4	23
4	34
4	35
4	70
4	73
4	76
5	16
5	51
5	65
5	77
5	78
5	80
6	35
6	48
6	70
6	73
6	76
6	80
7	14
7	65
7	72
7	77
7	78
7	80
8	45
8	59
8	66
8	67
8	71
8	75
9	21
9	31
9	36
9	41
9	50
9	71
10	1
10	58
10	61
10	72
10	79
10	81
11	24
11	46
11	48
11	53
11	70
11	76
12	17
12	21
12	36
12	39
12	41
12	50
13	22
13	59
13	60
13	66
13	71
13	75
14	7
14	60
14	66
14	67
14	71
14	75
15	63
15	64
15	72
15	78
15	80
15	81
16	5
16	48
16	53
16	70
16	73
16	76
17	12
17	31
17	36
17	38
17	41
17	50
18	54
18	57
18	67
18	74
18	79
18	81
19	54
19	55
19	62
19	74
19	79
19	81
20	28
20	35
20	46
20	53
20	73
20	74
20	76
21	9
21	12
21	36
21	38
21	39
21	43
21	50
22	13
22	42
22	60
22	66
22	67
22	71
22	75
23	4
23	27
23	54
23	58
23	74
23	79
23	81
24	11
24	28
24	34
24	48
24	70
24	73
24	75
25	31
25	36
25	38
25	39
25	41
25	50
25	51
26	32
26	45
26	59
26	60
26	67
26	71
26	75
27	23
27	46
27	62
27	69
27	78
27	79
27	81
28	2
28	20
28	24
28	46
28	53
28	70
28	76
29	30
29	57
29	62
29	69
29	74
29	79
29	81
30	29
30	34
30	46
30	53
30	70
30	73
30	76
31	9
31	17
31	25
31	38
31	39
31	41
31	50
32	26
32	59
32	66
32	67
32	71
32	75
32	79
33	47
33	63
33	66
33	72
33	77
33	78
33	80
34	4
34	24
34	30
34	53
34	70
34	73
34	76
35	4
35	6
35	20
35	46
35	53
35	73
35	76
35	77
36	9
36	12
36	17
36	21
36	25
36	38
36	50
36	63
37	45
37	49
37	59
37	60
37	66
37	67
37	71
37	75
38	17
38	21
38	25
38	31
38	36
38	39
38	41
38	50
39	12
39	21
39	25
39	31
39	38
39	41
39	50
39	81
40	49
40	52
40	56
40	63
40	72
40	77
40	78
40	80
41	9
41	12
41	17
41	25
41	31
41	38
41	39
41	52
42	22
42	44
42	59
42	60
42	66
42	67
42	71
42	75
43	3
43	21
43	64
43	65
43	68
43	77
43	78
43	80
44	42
44	54
44	56
44	57
44	61
44	62
44	74
44	79
44	81
45	8
45	26
45	37
45	59
45	60
45	66
45	67
45	71
45	75
46	11
46	20
46	27
46	28
46	30
46	35
46	70
46	73
46	76
47	33
47	49
47	53
47	64
47	65
47	68
47	72
47	77
47	78
47	80
48	2
48	6
48	11
48	16
48	24
48	53
48	70
48	73
48	76
48	79
49	37
49	40
49	47
49	52
49	63
49	65
49	68
49	77
49	78
49	80
50	9
50	12
50	17
50	21
50	25
50	31
50	36
50	38
50	39
50	75
51	3
51	5
51	25
51	52
51	63
51	64
51	68
51	72
51	77
51	78
51	80
52	3
52	40
52	41
52	49
52	51
52	64
52	68
52	72
52	77
52	78
52	80
53	11
53	16
53	20
53	28
53	30
53	34
53	35
53	47
53	48
53	73
53	76
54	18
54	19
54	23
54	44
54	55
54	58
54	68
54	69
54	74
54	79
54	81
55	2
55	19
55	54
55	56
55	57
55	58
55	61
55	62
55	69
55	74
55	79
55	81
56	40
56	44
56	55
56	57
56	58
56	60
56	61
56	62
56	69
56	74
56	79
56	81
57	18
57	29
57	44
57	55
57	56
57	58
57	61
57	62
57	64
57	69
57	79
57	81
58	10
58	23
58	54
58	55
58	56
58	57
58	61
58	62
58	65
58	69
58	74
58	79
58	81
59	8
59	13
59	26
59	32
59	37
59	42
59	45
59	60
59	66
59	67
59	68
59	71
59	75
60	13
60	14
60	22
60	26
60	37
60	42
60	45
60	56
60	59
60	66
60	67
60	71
60	75
61	1
61	10
61	44
61	55
61	56
61	57
61	58
61	62
61	69
61	72
61	74
61	79
61	81
62	1
62	19
62	27
62	29
62	44
62	55
62	56
62	57
62	58
62	61
62	74
62	80
62	81
63	3
63	15
63	33
63	36
63	40
63	49
63	51
63	64
63	65
63	68
63	77
63	78
63	80
64	15
64	43
64	47
64	51
64	52
64	57
64	63
64	68
64	70
64	72
64	77
64	78
64	80
65	3
65	5
65	7
65	43
65	47
65	49
65	58
65	63
65	68
65	72
65	77
65	78
65	80
66	8
66	13
66	14
66	22
66	32
66	33
66	37
66	42
66	45
66	59
66	60
66	67
66	71
66	75
67	8
67	14
67	18
67	22
67	26
67	32
67	37
67	42
67	45
67	59
67	60
67	66
67	71
67	75
68	43
68	47
68	49
68	51
68	52
68	54
68	59
68	63
68	64
68	65
68	72
68	77
68	78
68	80
69	1
69	27
69	29
69	54
69	55
69	56
69	57
69	58
69	61
69	73
69	74
69	76
69	79
69	81
70	2
70	4
70	6
70	11
70	16
70	24
70	28
70	30
70	34
70	46
70	48
70	64
70	73
70	76
71	8
71	9
71	13
71	14
71	22
71	26
71	32
71	37
71	42
71	45
71	59
71	60
71	66
71	67
71	75
72	7
72	10
72	15
72	33
72	40
72	47
72	51
72	52
72	61
72	64
72	65
72	68
72	77
72	78
72	80
73	2
73	4
73	6
73	16
73	20
73	24
73	30
73	34
73	35
73	46
73	48
73	53
73	69
73	70
73	76
74	18
74	19
74	20
74	23
74	29
74	44
74	54
74	55
74	56
74	58
74	61
74	62
74	69
74	79
74	81
75	8
75	13
75	14
75	22
75	24
75	26
75	32
75	37
75	42
75	45
75	50
75	59
75	60
75	66
75	67
75	71
76	2
76	4
76	6
76	11
76	16
76	20
76	28
76	30
76	34
76	35
76	46
76	48
76	53
76	69
76	70
76	73
77	5
77	7
77	33
77	35
77	40
77	43
77	47
77	49
77	51
77	52
77	63
77	64
77	65
77	68
77	72
77	78
77	80
78	5
78	7
78	15
78	27
78	33
78	40
78	43
78	47
78	49
78	51
78	52
78	63
78	64
78	65
78	68
78	72
78	77
78	80
79	1
79	10
79	18
79	19
79	23
79	27
79	29
79	32
79	44
79	48
79	54
79	55
79	56
79	57
79	58
79	61
79	69
79	74
79	81
80	3
80	5
80	6
80	7
80	15
80	33
80	40
80	43
80	47
80	49
80	51
80	52
80	62
80	63
80	64
80	65
80	68
80	72
80	77
80	78
81	1
81	10
81	15
81	18
81	19
81	23
81	27
81	29
81	39
81	44
81	54
81	55
81	56
81	57
81	58
81	61
81	62
81	69
81	74
81	79
