1	46
1	60
1	65
1	71
1	74
1	75
2	9
2	12
2	19
2	20
2	25
2	65
3	34
3	63
3	68
3	72
3	73
3	75
4	7
4	53
4	68
4	72
4	73
4	78
5	59
5	66
5	67
5	76
5	79
5	81
6	40
6	42
6	69
6	70
6	77
6	78
7	4
7	48
7	63
7	64
7	68
7	73
8	22
8	27
8	53
8	68
8	72
8	73
9	2
9	10
9	12
9	15
9	20
9	25
10	9
10	15
10	19
10	20
10	25
10	61
11	52
11	66
11	75
11	79
11	80
11	81
12	2
12	9
12	15
12	19
12	20
12	51
13	30
13	43
13	56
13	65
13	71
13	75
14	31
14	37
14	38
14	69
14	77
14	81
15	9
15	10
15	12
15	19
15	25
15	35
16	28
16	63
16	64
16	68
16	72
16	73
17	30
17	35
17	43
17	46
17	60
17	74
18	29
18	38
18	44
18	51
18	70
18	74
18	78
19	2
19	10
19	12
19	15
19	20
19	25
19	33
20	2
20	9
20	10
20	12
20	19
20	25
20	74
21	43
21	47
21	48
21	49
21	60
21	65
21	71
22	8
22	49
22	56
22	65
22	71
22	74
22	75
23	30
23	38
23	49
23	56
23	60
23	71
23	75
24	29
24	54
24	58
24	76
24	79
24	80
24	81
25	2
25	9
25	10
25	15
25	19
25	20
25	32
26	52
26	65
26	66
26	76
26	79
26	80
26	81
27	8
27	31
27	45
27	64
27	68
27	72
27	73
28	16
28	39
28	62
28	76
28	79
28	80
28	81
29	18
29	24
29	31
29	57
29	69
29	70
29	77
29	78
30	13
30	17
30	23
30	36
30	43
30	47
30	74
30	75
31	14
31	27
31	29
31	40
31	57
31	61
31	77
31	78
32	25
32	34
32	53
32	63
32	64
32	68
32	72
32	73
33	19
33	46
33	47
33	49
33	56
33	60
33	71
33	75
34	3
34	32
34	48
34	63
34	64
34	72
34	73
34	80
35	15
35	17
35	49
35	56
35	60
35	65
35	71
35	74
36	30
36	46
36	60
36	65
36	66
36	71
36	74
36	75
37	14
37	38
37	55
37	69
37	70
37	77
37	78
37	79
38	14
38	18
38	23
38	37
38	55
38	57
38	69
38	77
38	78
39	28
39	54
39	57
39	58
39	59
39	76
39	79
39	80
39	81
40	6
40	31
40	57
40	61
40	69
40	70
40	72
40	77
40	78
41	58
41	59
41	62
41	67
41	71
41	76
41	79
41	80
41	81
42	6
42	43
42	44
42	51
42	55
42	61
42	70
42	77
42	78
43	13
43	17
43	21
43	30
43	42
43	47
43	71
43	74
43	75
44	18
44	42
44	54
44	55
44	61
44	69
44	70
44	77
44	78
45	27
45	48
45	53
45	63
45	64
45	68
45	72
45	73
45	81
46	1
46	17
46	33
46	36
46	47
46	49
46	56
46	65
46	76
47	21
47	30
47	33
47	43
47	46
47	49
47	60
47	65
47	74
47	77
48	7
48	21
48	34
48	45
48	53
48	63
48	64
48	68
48	72
48	73
49	21
49	22
49	23
49	33
49	35
49	46
49	47
49	56
49	74
49	75
50	52
50	54
50	58
50	62
50	63
50	67
50	76
50	79
50	80
50	81
51	12
51	18
51	42
51	55
51	57
51	61
51	69
51	70
51	77
51	78
52	11
52	26
52	50
52	56
52	62
52	66
52	67
52	76
52	79
52	80
52	81
53	4
53	8
53	32
53	45
53	48
53	59
53	63
53	64
53	68
53	72
53	73
54	24
54	39
54	44
54	50
54	62
54	67
54	73
54	76
54	79
54	80
54	81
55	37
55	38
55	42
55	44
55	51
55	57
55	61
55	69
55	70
55	77
55	78
55	80
56	13
56	22
56	23
56	33
56	35
56	46
56	49
56	52
56	60
56	65
56	74
56	75
57	29
57	31
57	38
57	39
57	40
57	51
57	55
57	61
57	69
57	70
57	77
57	78
58	24
58	39
58	41
58	50
58	59
58	62
58	64
58	66
58	67
58	79
58	80
58	81
59	5
59	39
59	41
59	53
59	58
59	62
59	66
59	67
59	76
59	79
59	80
59	81
60	1
60	17
60	21
60	23
60	33
60	35
60	36
60	47
60	56
60	62
60	71
60	74
60	75
61	10
61	31
61	40
61	42
61	44
61	51
61	55
61	57
61	63
61	69
61	70
61	77
61	78
62	28
62	41
62	50
62	52
62	54
62	58
62	59
62	60
62	66
62	67
62	76
62	79
62	80
62	81
63	3
63	7
63	16
63	32
63	34
63	45
63	48
63	50
63	53
63	61
63	64
63	68
63	72
63	73
64	7
64	16
64	27
64	32
64	34
64	45
64	48
64	53
64	58
64	63
64	68
64	70
64	72
64	73
65	1
65	2
65	13
65	21
65	22
65	26
65	35
65	36
65	46
65	47
65	56
65	71
65	74
65	75
66	5
66	11
66	26
66	36
66	52
66	58
66	59
66	62
66	67
66	76
66	78
66	79
66	80
66	81
67	5
67	41
67	50
67	52
67	54
67	58
67	59
67	62
67	66
67	69
67	76
67	79
67	80
67	81
68	3
68	4
68	7
68	8
68	16
68	27
68	32
68	45
68	48
68	53
68	63
68	64
68	71
68	72
68	73
69	6
69	14
69	29
69	37
69	38
69	40
69	44
69	51
69	55
69	57
69	61
69	67
69	70
69	77
69	78
70	6
70	18
70	29
70	37
70	40
70	42
70	44
70	51
70	55
70	57
70	61
70	64
70	69
70	77
70	78
71	1
71	13
71	21
71	22
71	23
71	33
71	35
71	36
71	41
71	43
71	60
71	65
71	68
71	74
71	75
72	3
72	4
72	8
72	16
72	27
72	32
72	34
72	40
72	45
72	48
72	53
72	63
72	64
72	68
72	73
72	77
73	3
73	4
73	7
73	8
73	16
73	27
73	32
73	34
73	45
73	48
73	53
73	54
73	63
73	64
73	68
73	72
74	1
74	17
74	18
74	20
74	22
74	30
74	35
74	36
74	43
74	47
74	49
74	56
74	60
74	65
74	71
74	75
75	1
75	3
75	11
75	13
75	22
75	23
75	30
75	33
75	36
75	43
75	49
75	56
75	60
75	65
75	71
75	74
76	5
76	24
76	26
76	28
76	39
76	41
76	46
76	50
76	52
76	54
76	59
76	62
76	66
76	67
76	79
76	80
76	81
77	6
77	14
77	29
77	31
77	37
77	38
77	40
77	42
77	44
77	47
77	51
77	55
77	57
77	61
77	69
77	70
77	72
77	78
78	4
78	6
78	18
78	29
78	31
78	37
78	38
78	40
78	42
78	44
78	51
78	55
78	57
78	61
78	66
78	69
78	70
78	77
79	5
79	11
79	24
79	26
79	28
79	37
79	39
79	41
79	50
79	52
79	54
79	58
79	59
79	62
79	66
79	67
79	76
79	80
79	81
80	11
80	24
80	26
80	28
80	34
80	39
80	41
80	50
80	52
80	54
80	55
80	58
80	59
80	62
80	66
80	67
80	76
80	79
80	81
81	5
81	11
81	14
81	24
81	26
81	28
81	39
81	41
81	45
81	50
81	52
81	54
81	58
81	59
81	62
81	66
81	67
81	76
81	79
81	80
