1	69
1	77
1	78
1	79
1	80
1	81
2	3
2	11
2	19
2	21
2	24
2	78
3	2
3	12
3	15
3	24
3	44
3	62
4	27
4	64
4	75
4	79
4	80
4	81
5	32
5	33
5	34
5	40
5	41
5	49
6	8
6	23
6	25
6	26
6	27
6	72
7	29
7	32
7	34
7	40
7	41
7	49
8	6
8	9
8	18
8	23
8	26
8	27
9	8
9	18
9	23
9	25
9	26
9	27
10	67
10	68
10	71
10	73
10	74
10	81
11	2
11	12
11	15
11	19
11	21
11	68
12	3
12	11
12	15
12	19
12	21
12	24
13	43
13	44
13	51
13	55
13	56
13	60
14	20
14	38
14	51
14	55
14	56
14	60
15	3
15	11
15	12
15	19
15	21
15	24
16	32
16	33
16	34
16	40
16	41
16	49
17	44
17	51
17	55
17	56
17	60
17	72
18	8
18	9
18	23
18	25
18	26
18	27
19	2
19	11
19	12
19	15
19	21
19	24
19	45
20	14
20	38
20	43
20	51
20	55
20	56
20	60
21	2
21	11
21	12
21	15
21	19
21	24
21	40
22	49
22	50
22	59
22	61
22	62
22	66
22	72
23	6
23	8
23	9
23	18
23	25
23	26
23	27
24	2
24	3
24	12
24	15
24	19
24	21
24	67
25	6
25	9
25	18
25	23
25	26
25	27
25	38
26	6
26	8
26	9
26	18
26	23
26	25
26	27
26	69
27	4
27	6
27	8
27	9
27	18
27	23
27	25
27	26
28	37
28	42
28	54
28	58
28	63
28	71
28	73
28	74
29	7
29	54
29	63
29	67
29	68
29	71
29	73
29	74
30	70
30	75
30	76
30	77
30	78
30	79
30	80
30	81
31	42
31	75
31	76
31	77
31	78
31	79
31	80
31	81
32	5
32	7
32	16
32	33
32	34
32	40
32	41
32	49
33	5
33	16
33	32
33	34
33	40
33	41
33	49
33	77
34	5
34	7
34	16
34	32
34	33
34	40
34	41
34	49
35	36
35	47
35	59
35	61
35	62
35	65
35	66
35	72
36	35
36	50
36	53
36	61
36	62
36	65
36	66
36	72
37	28
37	54
37	61
37	63
37	67
37	68
37	71
37	73
37	74
38	14
38	20
38	25
38	43
38	44
38	51
38	55
38	56
38	60
39	69
39	73
39	75
39	76
39	77
39	78
39	79
39	80
39	81
40	5
40	7
40	16
40	21
40	32
40	33
40	34
40	41
40	49
41	5
41	7
41	16
41	32
41	33
41	34
41	40
41	49
41	78
42	28
42	31
42	45
42	63
42	67
42	68
42	71
42	73
42	74
43	13
43	20
43	38
43	44
43	51
43	55
43	56
43	60
43	76
44	3
44	13
44	17
44	38
44	43
44	51
44	55
44	56
44	60
45	19
45	42
45	54
45	58
45	63
45	68
45	71
45	73
45	74
46	47
46	50
46	53
46	59
46	61
46	65
46	70
46	72
46	79
47	35
47	46
47	53
47	59
47	62
47	65
47	66
47	72
47	80
48	51
48	69
48	70
48	76
48	77
48	78
48	79
48	80
48	81
49	5
49	7
49	16
49	22
49	32
49	33
49	34
49	40
49	41
50	22
50	36
50	46
50	53
50	60
50	61
50	65
50	66
50	72
51	13
51	14
51	17
51	20
51	38
51	43
51	44
51	48
51	55
51	56
51	60
52	56
52	57
52	64
52	70
52	75
52	76
52	77
52	78
52	79
52	80
52	81
53	36
53	46
53	47
53	50
53	59
53	61
53	62
53	65
53	66
53	71
53	72
54	28
54	29
54	37
54	45
54	58
54	63
54	65
54	67
54	71
54	73
54	74
55	13
55	14
55	17
55	20
55	38
55	43
55	44
55	51
55	56
55	57
55	60
56	13
56	14
56	17
56	20
56	38
56	43
56	44
56	51
56	52
56	55
56	60
57	52
57	55
57	66
57	69
57	70
57	76
57	77
57	78
57	79
57	80
57	81
58	28
58	45
58	54
58	62
58	63
58	67
58	68
58	71
58	73
58	74
58	80
59	22
59	35
59	46
59	47
59	53
59	61
59	62
59	65
59	66
59	72
59	79
60	13
60	14
60	17
60	20
60	38
60	43
60	44
60	50
60	51
60	55
60	56
61	22
61	35
61	36
61	37
61	46
61	50
61	53
61	59
61	62
61	65
61	66
61	72
62	3
62	22
62	35
62	36
62	47
62	53
62	58
62	59
62	61
62	65
62	66
62	72
63	28
63	29
63	37
63	42
63	45
63	54
63	58
63	67
63	68
63	71
63	73
63	74
64	4
64	52
64	69
64	70
64	74
64	75
64	76
64	77
64	78
64	79
64	80
64	81
65	35
65	36
65	46
65	47
65	50
65	53
65	54
65	59
65	61
65	62
65	66
65	72
66	22
66	35
66	36
66	47
66	50
66	53
66	57
66	59
66	61
66	62
66	65
66	72
67	10
67	24
67	29
67	37
67	42
67	54
67	58
67	63
67	68
67	71
67	73
67	74
68	10
68	11
68	29
68	37
68	42
68	45
68	58
68	63
68	67
68	71
68	73
68	74
68	76
69	1
69	26
69	39
69	48
69	57
69	64
69	70
69	75
69	76
69	77
69	78
69	79
69	80
69	81
70	30
70	46
70	48
70	52
70	57
70	64
70	69
70	75
70	76
70	77
70	78
70	79
70	80
70	81
71	10
71	28
71	29
71	37
71	42
71	45
71	53
71	54
71	58
71	63
71	67
71	68
71	73
71	74
72	6
72	17
72	22
72	35
72	36
72	46
72	47
72	50
72	53
72	59
72	61
72	62
72	65
72	66
73	10
73	28
73	29
73	37
73	39
73	42
73	45
73	54
73	58
73	63
73	67
73	68
73	71
73	74
73	75
74	10
74	28
74	29
74	37
74	42
74	45
74	54
74	58
74	63
74	64
74	67
74	68
74	71
74	73
74	81
75	4
75	30
75	31
75	39
75	52
75	64
75	69
75	70
75	73
75	76
75	77
75	78
75	79
75	80
75	81
76	30
76	31
76	39
76	43
76	48
76	52
76	57
76	64
76	68
76	69
76	70
76	75
76	77
76	78
76	79
76	80
76	81
77	1
77	30
77	31
77	33
77	39
77	48
77	52
77	57
77	64
77	69
77	70
77	75
77	76
77	78
77	79
77	80
77	81
78	1
78	2
78	30
78	31
78	39
78	41
78	48
78	52
78	57
78	64
78	69
78	70
78	75
78	76
78	77
78	79
78	80
78	81
79	1
79	4
79	30
79	31
79	39
79	46
79	48
79	52
79	57
79	59
79	64
79	69
79	70
79	75
79	76
79	77
79	78
79	80
79	81
80	1
80	4
80	30
80	31
80	39
80	47
80	48
80	52
80	57
80	58
80	64
80	69
80	70
80	75
80	76
80	77
80	78
80	79
80	81
81	1
81	4
81	10
81	30
81	31
81	39
81	48
81	52
81	57
81	64
81	69
81	70
81	74
81	75
81	76
81	77
81	78
81	79
81	80
