1	31
1	63
1	72
1	73
1	74
1	78
2	7
2	31
2	32
2	46
2	47
2	60
3	13
3	37
3	53
3	54
3	77
3	80
4	47
4	49
4	61
4	62
4	74
4	81
5	19
5	36
5	52
5	65
5	66
5	67
6	22
6	23
6	58
6	69
6	79
6	80
7	2
7	31
7	32
7	46
7	47
7	60
8	15
8	18
8	72
8	74
8	78
8	81
9	37
9	41
9	57
9	71
9	77
9	80
10	24
10	30
10	44
10	62
10	77
10	80
11	44
11	49
11	57
11	71
11	77
11	80
12	46
12	58
12	59
12	75
12	76
12	79
13	3
13	24
13	53
13	56
13	71
13	77
14	16
14	17
14	29
14	32
14	46
14	60
15	8
15	49
15	61
15	62
15	63
15	77
16	14
16	31
16	32
16	46
16	47
16	60
17	14
17	32
17	46
17	47
17	60
17	74
18	8
18	51
18	58
18	72
18	73
18	81
19	5
19	28
19	54
19	55
19	67
19	70
20	27
20	52
20	54
20	55
20	66
20	70
21	40
21	45
21	50
21	64
21	76
21	79
22	6
22	39
22	64
22	69
22	72
22	76
22	79
23	6
23	26
23	48
23	50
23	69
23	75
23	79
24	10
24	13
24	57
24	69
24	71
24	77
24	80
25	30
25	34
25	56
25	65
25	71
25	77
25	80
26	23
26	45
26	48
26	58
26	59
26	75
26	79
27	20
27	43
27	55
27	65
27	66
27	67
27	70
28	19
28	33
28	36
28	63
28	66
28	67
28	70
29	14
29	63
29	68
29	73
29	74
29	78
29	81
30	10
30	25
30	37
30	56
30	57
30	71
30	80
31	1
31	2
31	7
31	16
31	46
31	47
31	60
32	2
32	7
32	14
32	16
32	17
32	38
32	60
33	28
33	36
33	43
33	45
33	55
33	65
33	70
34	25
34	44
34	53
34	56
34	57
34	73
34	80
35	38
35	49
35	62
35	64
35	68
35	78
35	81
36	5
36	28
36	33
36	43
36	52
36	54
36	65
36	70
37	3
37	9
37	30
37	56
37	57
37	61
37	77
37	80
38	32
38	35
38	68
38	73
38	74
38	76
38	78
38	81
39	22
39	40
39	48
39	50
39	58
39	64
39	75
39	79
40	21
40	39
40	42
40	50
40	59
40	75
40	76
40	79
41	9
41	62
41	63
41	68
41	72
41	73
41	78
41	81
42	40
42	45
42	48
42	58
42	69
42	75
42	76
42	79
43	27
43	33
43	36
43	51
43	55
43	65
43	66
43	67
44	10
44	11
44	34
44	53
44	57
44	77
44	80
44	81
45	21
45	26
45	33
45	42
45	58
45	59
45	75
45	76
46	2
46	7
46	12
46	14
46	16
46	17
46	31
46	47
46	60
47	2
47	4
47	7
47	16
47	17
47	31
47	46
47	60
47	68
48	23
48	26
48	39
48	42
48	64
48	66
48	69
48	76
48	79
49	4
49	11
49	15
49	35
49	51
49	72
49	73
49	74
49	78
50	21
50	23
50	39
50	40
50	64
50	69
50	71
50	75
50	76
51	18
51	43
51	49
51	62
51	68
51	72
51	74
51	78
51	81
52	5
52	20
52	36
52	54
52	65
52	66
52	67
52	70
52	78
53	3
53	13
53	34
53	44
53	56
53	71
53	77
53	79
53	80
54	3
54	19
54	20
54	36
54	52
54	55
54	65
54	66
54	67
55	19
55	20
55	27
55	33
55	43
55	54
55	56
55	66
55	67
55	70
56	13
56	25
56	30
56	34
56	37
56	53
56	55
56	71
56	77
56	80
57	9
57	11
57	24
57	30
57	34
57	37
57	44
57	71
57	77
57	80
58	6
58	12
58	18
58	26
58	39
58	42
58	45
58	75
58	76
58	79
59	12
59	26
59	40
59	45
59	64
59	69
59	75
59	76
59	79
59	80
60	2
60	7
60	14
60	16
60	17
60	31
60	32
60	46
60	47
60	67
61	4
61	15
61	37
61	62
61	63
61	68
61	72
61	74
61	78
61	81
62	4
62	10
62	15
62	35
62	41
62	51
62	61
62	73
62	74
62	78
62	81
63	1
63	15
63	28
63	29
63	41
63	61
63	68
63	72
63	74
63	78
63	81
64	21
64	22
64	35
64	39
64	48
64	50
64	59
64	69
64	75
64	76
64	79
65	5
65	25
65	27
65	33
65	36
65	43
65	52
65	54
65	66
65	67
65	70
66	5
66	20
66	27
66	28
66	43
66	48
66	52
66	54
66	55
66	65
66	70
67	5
67	19
67	27
67	28
67	43
67	52
67	54
67	55
67	60
67	65
67	70
68	29
68	35
68	38
68	41
68	47
68	51
68	61
68	63
68	73
68	78
68	81
69	6
69	22
69	23
69	24
69	42
69	48
69	50
69	59
69	64
69	75
69	76
70	19
70	20
70	27
70	28
70	33
70	36
70	52
70	55
70	65
70	66
70	67
70	81
71	9
71	11
71	13
71	24
71	25
71	30
71	50
71	53
71	56
71	57
71	77
71	80
72	1
72	8
72	18
72	22
72	41
72	49
72	51
72	61
72	63
72	73
72	74
72	81
73	1
73	18
73	29
73	34
73	38
73	41
73	49
73	62
73	68
73	72
73	74
73	78
73	81
74	1
74	4
74	8
74	17
74	29
74	38
74	49
74	51
74	61
74	62
74	63
74	72
74	73
74	78
74	81
75	12
75	23
75	26
75	39
75	40
75	42
75	45
75	50
75	58
75	59
75	64
75	69
75	76
75	77
75	79
76	12
76	21
76	22
76	38
76	40
76	42
76	45
76	48
76	50
76	58
76	59
76	64
76	69
76	75
76	79
77	3
77	9
77	10
77	11
77	13
77	15
77	24
77	25
77	37
77	44
77	53
77	56
77	57
77	71
77	75
77	80
78	1
78	8
78	29
78	35
78	38
78	41
78	49
78	51
78	52
78	61
78	62
78	63
78	68
78	73
78	74
78	81
79	6
79	12
79	21
79	22
79	23
79	26
79	39
79	40
79	42
79	48
79	53
79	58
79	59
79	64
79	75
79	76
80	3
80	6
80	9
80	10
80	11
80	24
80	25
80	30
80	34
80	37
80	44
80	53
80	56
80	57
80	59
80	71
80	77
81	4
81	8
81	18
81	29
81	35
81	38
81	41
81	44
81	51
81	61
81	62
81	63
81	68
81	70
81	72
81	73
81	74
81	78
