1	32
1	61
1	65
1	78
1	79
1	81
2	7
2	8
2	14
2	16
2	17
2	46
3	22
3	29
3	59
3	60
3	64
3	71
4	7
4	8
4	14
4	16
4	17
4	73
5	20
5	27
5	45
5	46
5	63
5	79
6	49
6	67
6	72
6	78
6	79
6	81
7	2
7	4
7	8
7	14
7	16
7	17
8	2
8	4
8	7
8	14
8	16
8	17
9	42
9	44
9	53
9	59
9	60
9	64
10	29
10	33
10	42
10	56
10	59
10	60
11	27
11	28
11	45
11	48
11	52
11	63
12	19
12	26
12	31
12	32
12	38
12	81
13	33
13	41
13	53
13	56
13	59
13	64
14	2
14	4
14	7
14	8
14	16
14	17
14	52
15	19
15	21
15	26
15	30
15	32
15	38
15	71
16	2
16	4
16	7
16	8
16	14
16	17
16	51
17	2
17	4
17	7
17	8
17	14
17	16
17	36
18	37
18	62
18	65
18	75
18	78
18	79
18	81
19	12
19	15
19	21
19	30
19	31
19	32
19	38
20	5
20	39
20	45
20	46
20	52
20	63
20	78
21	15
21	19
21	26
21	30
21	31
21	32
21	38
22	3
22	53
22	56
22	59
22	60
22	64
22	74
23	24
23	28
23	39
23	45
23	46
23	48
23	63
24	23
24	28
24	39
24	46
24	48
24	52
24	63
25	50
25	69
25	72
25	73
25	74
25	77
25	80
26	12
26	15
26	21
26	30
26	31
26	38
26	81
27	5
27	11
27	39
27	45
27	48
27	50
27	52
27	63
28	11
28	23
28	24
28	42
28	45
28	46
28	52
28	63
29	3
29	10
29	33
29	53
29	59
29	60
29	64
29	79
30	15
30	19
30	21
30	26
30	31
30	32
30	38
30	68
31	12
31	19
31	21
31	26
31	30
31	32
31	38
31	53
32	1
32	12
32	15
32	19
32	21
32	30
32	31
32	38
33	10
33	13
33	29
33	42
33	53
33	56
33	60
33	64
34	35
34	37
34	41
34	69
34	72
34	78
34	79
34	81
35	34
35	62
35	67
35	72
35	75
35	76
35	78
35	79
35	81
36	17
36	47
36	50
36	57
36	58
36	68
36	69
36	71
36	80
37	18
37	34
37	49
37	61
37	67
37	72
37	75
37	79
37	81
38	12
38	15
38	19
38	21
38	26
38	30
38	31
38	32
38	73
39	20
39	23
39	24
39	27
39	46
39	48
39	52
39	63
39	65
40	51
40	58
40	59
40	66
40	69
40	70
40	76
40	77
40	80
41	13
41	34
41	54
41	62
41	65
41	67
41	75
41	78
41	81
42	9
42	10
42	28
42	33
42	53
42	56
42	59
42	60
42	64
43	47
43	55
43	68
43	71
43	73
43	74
43	75
43	76
43	77
43	80
44	9
44	49
44	61
44	65
44	67
44	72
44	75
44	78
44	79
44	81
45	5
45	11
45	20
45	23
45	27
45	28
45	48
45	52
45	63
45	68
46	2
46	5
46	20
46	23
46	24
46	28
46	39
46	48
46	52
46	63
47	36
47	43
47	57
47	61
47	66
47	68
47	69
47	70
47	71
47	80
48	11
48	23
48	24
48	27
48	39
48	45
48	46
48	52
48	55
48	63
49	6
49	37
49	44
49	54
49	65
49	72
49	75
49	78
49	79
49	80
49	81
50	25
50	27
50	36
50	51
50	55
50	57
50	71
50	73
50	76
50	77
50	80
51	16
51	40
51	50
51	57
51	66
51	69
51	71
51	73
51	74
51	76
51	77
52	11
52	14
52	20
52	24
52	27
52	28
52	39
52	45
52	46
52	48
52	63
53	9
53	13
53	22
53	29
53	31
53	33
53	42
53	56
53	59
53	60
53	64
54	41
54	49
54	56
54	60
54	62
54	65
54	67
54	75
54	78
54	79
54	81
55	43
55	48
55	50
55	58
55	66
55	68
55	70
55	71
55	73
55	74
55	76
55	77
56	10
56	13
56	22
56	33
56	42
56	53
56	54
56	59
56	60
56	63
56	64
56	66
57	36
57	47
57	50
57	51
57	58
57	66
57	68
57	69
57	70
57	76
57	77
57	80
58	36
58	40
58	55
58	57
58	65
58	68
58	70
58	71
58	74
58	76
58	77
58	80
59	3
59	9
59	10
59	13
59	22
59	29
59	40
59	42
59	53
59	56
59	60
59	64
60	3
60	9
60	10
60	22
60	29
60	33
60	42
60	53
60	54
60	56
60	59
60	64
61	1
61	37
61	44
61	47
61	62
61	67
61	72
61	75
61	77
61	78
61	79
61	81
62	18
62	35
62	41
62	54
62	61
62	65
62	67
62	70
62	75
62	78
62	79
62	80
62	81
63	5
63	11
63	20
63	23
63	24
63	27
63	28
63	39
63	45
63	46
63	48
63	52
63	56
64	3
64	9
64	13
64	22
64	29
64	33
64	42
64	53
64	56
64	59
64	60
64	67
64	70
65	1
65	18
65	39
65	41
65	44
65	49
65	54
65	58
65	62
65	72
65	75
65	78
65	79
65	81
66	40
66	47
66	51
66	55
66	56
66	57
66	68
66	70
66	71
66	73
66	74
66	76
66	77
66	80
67	6
67	35
67	37
67	41
67	44
67	54
67	61
67	62
67	64
67	72
67	75
67	76
67	78
67	79
67	81
68	30
68	36
68	43
68	45
68	47
68	55
68	57
68	58
68	66
68	69
68	73
68	74
68	76
68	77
68	80
69	25
69	34
69	36
69	40
69	47
69	51
69	57
69	68
69	70
69	73
69	74
69	76
69	77
69	78
69	80
70	40
70	47
70	55
70	57
70	58
70	62
70	64
70	66
70	69
70	71
70	73
70	74
70	76
70	77
70	80
71	3
71	15
71	36
71	43
71	47
71	50
71	51
71	55
71	58
71	66
71	70
71	73
71	74
71	76
71	80
72	6
72	25
72	34
72	35
72	37
72	44
72	49
72	61
72	65
72	67
72	75
72	77
72	78
72	79
72	81
73	4
73	25
73	38
73	43
73	50
73	51
73	55
73	66
73	68
73	69
73	70
73	71
73	74
73	76
73	77
73	80
74	22
74	25
74	43
74	51
74	55
74	58
74	66
74	68
74	69
74	70
74	71
74	73
74	75
74	76
74	77
74	80
75	18
75	35
75	37
75	41
75	43
75	44
75	49
75	54
75	61
75	62
75	65
75	67
75	72
75	74
75	78
75	79
75	81
76	35
76	40
76	43
76	50
76	51
76	55
76	57
76	58
76	66
76	67
76	68
76	69
76	70
76	71
76	73
76	74
76	77
76	80
77	25
77	40
77	43
77	50
77	51
77	55
77	57
77	58
77	61
77	66
77	68
77	69
77	70
77	72
77	73
77	74
77	76
77	80
78	1
78	6
78	18
78	20
78	34
78	35
78	41
78	44
78	49
78	54
78	61
78	62
78	65
78	67
78	69
78	72
78	75
78	79
78	81
79	1
79	5
79	6
79	18
79	29
79	34
79	35
79	37
79	44
79	49
79	54
79	61
79	62
79	65
79	67
79	72
79	75
79	78
79	81
80	25
80	36
80	40
80	43
80	47
80	49
80	50
80	57
80	58
80	62
80	66
80	68
80	69
80	70
80	71
80	73
80	74
80	76
80	77
81	1
81	6
81	12
81	18
81	26
81	34
81	35
81	37
81	41
81	44
81	49
81	54
81	61
81	62
81	65
81	67
81	72
81	75
81	78
81	79
