1	45
1	60
1	68
1	76
1	77
1	78
2	11
2	12
2	18
2	28
2	39
2	40
3	4
3	29
3	43
3	47
3	52
3	54
4	3
4	37
4	44
4	47
4	53
4	56
5	20
5	33
5	36
5	38
5	46
5	50
6	7
6	14
6	19
6	21
6	24
6	68
7	6
7	13
7	19
7	21
7	26
7	80
8	11
8	25
8	28
8	39
8	40
8	58
9	20
9	36
9	38
9	46
9	50
9	71
10	49
10	51
10	62
10	70
10	71
10	79
11	2
11	8
11	25
11	28
11	39
11	40
12	2
12	18
12	25
12	39
12	40
12	63
13	7
13	14
13	19
13	21
13	24
13	26
14	6
14	13
14	19
14	24
14	26
14	75
15	23
15	33
15	38
15	46
15	50
15	53
16	32
16	63
16	66
16	72
16	78
16	81
17	61
17	70
17	74
17	75
17	76
17	78
18	2
18	12
18	25
18	28
18	39
18	40
19	6
19	7
19	13
19	14
19	21
19	24
19	26
20	5
20	9
20	23
20	38
20	46
20	50
20	66
21	6
21	7
21	13
21	19
21	24
21	26
21	69
22	49
22	59
22	64
22	70
22	73
22	79
22	80
23	15
23	20
23	33
23	36
23	38
23	46
23	50
24	6
24	13
24	14
24	19
24	21
24	26
24	66
25	8
25	11
25	12
25	18
25	39
25	40
25	45
26	7
26	13
26	14
26	19
26	21
26	24
26	70
27	59
27	65
27	70
27	71
27	73
27	79
27	80
28	2
28	8
28	11
28	18
28	39
28	40
28	51
29	3
29	37
29	42
29	43
29	48
29	52
29	54
30	60
30	61
30	63
30	66
30	67
30	74
30	78
31	34
31	68
31	75
31	76
31	77
31	78
31	81
32	16
32	37
32	44
32	47
32	48
32	53
32	54
33	5
33	15
33	23
33	36
33	38
33	46
33	50
33	79
34	31
34	56
34	57
34	64
34	65
34	71
34	79
34	80
35	56
35	57
35	59
35	71
35	73
35	74
35	79
35	80
36	5
36	9
36	23
36	33
36	38
36	46
36	50
36	77
37	4
37	29
37	32
37	42
37	43
37	48
37	52
37	54
37	72
38	5
38	9
38	15
38	20
38	23
38	33
38	36
38	46
38	50
39	2
39	8
39	11
39	12
39	18
39	25
39	28
39	40
39	61
40	2
40	8
40	11
40	12
40	18
40	25
40	28
40	39
40	41
41	40
41	66
41	68
41	74
41	75
41	76
41	77
41	78
41	81
42	29
42	37
42	43
42	44
42	47
42	52
42	53
42	54
42	65
43	3
43	29
43	37
43	42
43	44
43	47
43	48
43	53
43	76
44	4
44	32
44	42
44	43
44	48
44	52
44	53
44	54
44	79
45	1
45	25
45	58
45	63
45	68
45	69
45	76
45	77
45	78
45	81
46	5
46	9
46	15
46	20
46	23
46	33
46	36
46	38
46	50
46	54
47	3
47	4
47	32
47	42
47	43
47	48
47	52
47	53
47	54
47	73
48	29
48	32
48	37
48	43
48	44
48	47
48	52
48	53
48	54
48	62
49	10
49	22
49	55
49	64
49	70
49	71
49	73
49	77
49	79
49	80
50	5
50	9
50	15
50	20
50	23
50	33
50	36
50	38
50	46
50	61
51	10
51	28
51	59
51	62
51	65
51	70
51	71
51	73
51	79
51	80
52	3
52	29
52	37
52	42
52	44
52	47
52	48
52	53
52	54
52	64
53	4
53	15
53	32
53	42
53	43
53	44
53	47
53	48
53	52
53	54
54	3
54	29
54	32
54	37
54	42
54	44
54	46
54	47
54	48
54	52
54	53
55	49
55	56
55	57
55	59
55	62
55	64
55	65
55	73
55	76
55	79
55	80
56	4
56	34
56	35
56	55
56	59
56	62
56	65
56	70
56	71
56	73
56	80
57	34
57	35
57	55
57	59
57	62
57	64
57	70
57	71
57	79
57	80
57	81
58	8
58	45
58	63
58	66
58	67
58	72
58	75
58	76
58	77
58	78
58	81
59	22
59	27
59	35
59	51
59	55
59	56
59	57
59	71
59	75
59	79
59	80
60	1
60	30
60	61
60	68
60	72
60	73
60	74
60	75
60	76
60	77
60	78
60	81
61	17
61	30
61	39
61	50
61	60
61	63
61	67
61	68
61	69
61	74
61	75
61	78
61	81
62	10
62	48
62	51
62	55
62	56
62	57
62	64
62	65
62	70
62	71
62	73
62	79
62	80
63	12
63	16
63	30
63	45
63	58
63	61
63	67
63	69
63	72
63	74
63	77
63	78
63	81
64	22
64	34
64	49
64	52
64	55
64	57
64	62
64	65
64	70
64	71
64	73
64	78
64	79
64	80
65	27
65	34
65	42
65	51
65	55
65	56
65	62
65	64
65	70
65	71
65	73
65	79
65	80
65	81
66	16
66	20
66	24
66	30
66	41
66	58
66	67
66	69
66	72
66	74
66	75
66	76
66	77
66	81
67	30
67	58
67	61
67	63
67	66
67	68
67	69
67	72
67	74
67	75
67	76
67	77
67	80
67	81
68	1
68	6
68	31
68	41
68	45
68	60
68	61
68	67
68	69
68	72
68	74
68	75
68	77
68	81
69	21
69	45
69	61
69	63
69	66
69	67
69	68
69	72
69	74
69	75
69	76
69	77
69	78
69	81
70	10
70	17
70	22
70	26
70	27
70	49
70	51
70	56
70	57
70	62
70	64
70	65
70	73
70	79
70	80
71	9
71	10
71	27
71	34
71	35
71	49
71	51
71	56
71	57
71	59
71	62
71	64
71	65
71	79
71	80
72	16
72	37
72	58
72	60
72	63
72	66
72	67
72	68
72	69
72	74
72	75
72	76
72	77
72	78
72	81
73	22
73	27
73	35
73	47
73	49
73	51
73	55
73	56
73	60
73	62
73	64
73	65
73	70
73	79
73	80
74	17
74	30
74	35
74	41
74	60
74	61
74	63
74	66
74	67
74	68
74	69
74	72
74	75
74	76
74	77
74	81
75	14
75	17
75	31
75	41
75	58
75	59
75	60
75	61
75	66
75	67
75	68
75	69
75	72
75	74
75	76
75	78
75	81
76	1
76	17
76	31
76	41
76	43
76	45
76	55
76	58
76	60
76	66
76	67
76	69
76	72
76	74
76	75
76	77
76	78
76	81
77	1
77	31
77	36
77	41
77	45
77	49
77	58
77	60
77	63
77	66
77	67
77	68
77	69
77	72
77	74
77	76
77	78
77	81
78	1
78	16
78	17
78	30
78	31
78	41
78	45
78	58
78	60
78	61
78	63
78	64
78	69
78	72
78	75
78	76
78	77
78	81
79	10
79	22
79	27
79	33
79	34
79	35
79	44
79	49
79	51
79	55
79	57
79	59
79	62
79	64
79	65
79	70
79	71
79	73
79	80
80	7
80	22
80	27
80	34
80	35
80	49
80	51
80	55
80	56
80	57
80	59
80	62
80	64
80	65
80	67
80	70
80	71
80	73
80	79
81	16
81	31
81	41
81	45
81	57
81	58
81	60
81	61
81	63
81	65
81	66
81	67
81	68
81	69
81	72
81	74
81	75
81	76
81	77
81	78
