1	6
1	7
1	10
1	14
1	16
1	27
2	66
2	77
2	78
2	79
2	80
2	81
3	8
3	47
3	49
3	55
3	69
3	73
4	12
4	59
4	66
4	67
4	68
4	75
5	36
5	38
5	58
5	59
5	64
5	68
6	1
6	7
6	14
6	16
6	27
6	37
7	1
7	6
7	10
7	14
7	16
7	27
8	3
8	46
8	52
8	64
8	69
8	73
9	14
9	25
9	78
9	79
9	80
9	81
10	1
10	7
10	11
10	14
10	16
10	27
11	10
11	31
11	50
11	53
11	62
11	63
12	4
12	58
12	64
12	66
12	67
12	75
13	35
13	60
13	78
13	79
13	80
13	81
14	1
14	6
14	7
14	9
14	10
14	27
15	70
15	71
15	72
15	74
15	76
15	81
16	1
16	6
16	7
16	10
16	27
16	44
17	45
17	57
17	59
17	72
17	74
17	76
18	36
18	64
18	66
18	68
18	72
18	75
19	46
19	61
19	65
19	69
19	73
19	76
20	28
20	47
20	49
20	61
20	69
20	73
21	58
21	59
21	67
21	68
21	75
21	80
22	29
22	30
22	57
22	70
22	71
22	74
22	76
23	43
23	48
23	50
23	54
23	56
23	62
23	63
24	42
24	44
24	60
24	77
24	79
24	80
24	81
25	9
25	44
25	54
25	77
25	78
25	80
25	81
26	41
26	61
26	77
26	78
26	79
26	80
26	81
27	1
27	6
27	7
27	10
27	14
27	16
27	62
28	20
28	51
28	77
28	78
28	79
28	80
28	81
29	22
29	37
29	39
29	48
29	56
29	62
29	63
30	22
30	68
30	70
30	71
30	72
30	74
30	76
31	11
31	39
31	50
31	53
31	56
31	57
31	63
32	49
32	52
32	60
32	61
32	65
32	69
32	73
33	45
33	57
33	70
33	71
33	72
33	74
33	76
34	56
34	57
34	70
34	71
34	72
34	74
34	76
35	13
35	36
35	38
35	64
35	66
35	67
35	75
36	5
36	18
36	35
36	67
36	68
36	74
36	75
37	6
37	29
37	43
37	50
37	53
37	56
37	63
38	5
38	35
38	58
38	59
38	64
38	65
38	66
38	75
39	29
39	31
39	43
39	48
39	56
39	62
39	63
39	81
40	45
40	46
40	57
40	70
40	71
40	72
40	74
40	76
41	26
41	51
41	60
41	77
41	78
41	79
41	80
41	81
42	24
42	45
42	51
42	54
42	77
42	78
42	79
42	80
42	81
43	23
43	37
43	39
43	48
43	50
43	53
43	56
43	62
43	67
44	16
44	24
44	25
44	54
44	77
44	78
44	79
44	80
44	81
45	17
45	33
45	40
45	42
45	70
45	71
45	72
45	74
45	76
46	8
46	19
46	40
46	47
46	55
46	61
46	65
46	69
46	73
47	3
47	20
47	46
47	49
47	52
47	55
47	65
47	69
47	73
48	23
48	29
48	39
48	43
48	50
48	52
48	56
48	62
48	63
49	3
49	20
49	32
49	47
49	52
49	55
49	65
49	73
49	80
50	11
50	23
50	31
50	37
50	43
50	48
50	53
50	55
50	63
51	28
51	41
51	42
51	60
51	73
51	77
51	78
51	79
51	80
51	81
52	8
52	32
52	47
52	48
52	49
52	55
52	61
52	65
52	69
52	73
53	11
53	31
53	37
53	43
53	50
53	56
53	62
53	63
53	70
53	79
54	23
54	25
54	42
54	44
54	60
54	77
54	78
54	79
54	80
54	81
55	3
55	46
55	47
55	49
55	50
55	52
55	61
55	65
55	69
55	73
56	23
56	29
56	31
56	34
56	37
56	39
56	43
56	48
56	53
56	62
57	17
57	22
57	31
57	33
57	34
57	40
57	70
57	71
57	72
57	74
57	76
58	5
58	12
58	21
58	38
58	59
58	64
58	66
58	67
58	68
58	71
58	75
59	4
59	5
59	17
59	21
59	38
59	58
59	64
59	66
59	68
59	69
59	75
60	13
60	24
60	32
60	41
60	51
60	54
60	77
60	78
60	79
60	80
60	81
61	19
61	20
61	26
61	32
61	46
61	52
61	55
61	65
61	69
61	73
61	76
62	11
62	23
62	27
62	29
62	39
62	43
62	48
62	53
62	56
62	63
62	78
63	11
63	23
63	29
63	31
63	37
63	39
63	48
63	50
63	53
63	62
63	75
64	5
64	8
64	12
64	18
64	35
64	38
64	58
64	59
64	66
64	68
64	75
65	19
65	32
65	38
65	46
65	47
65	49
65	52
65	55
65	61
65	69
65	73
65	75
66	2
66	4
66	12
66	18
66	35
66	38
66	58
66	59
66	64
66	67
66	68
66	75
67	4
67	12
67	21
67	35
67	36
67	43
67	58
67	66
67	68
67	75
67	77
67	79
68	4
68	5
68	18
68	21
68	30
68	36
68	58
68	59
68	64
68	66
68	67
68	75
69	3
69	8
69	19
69	20
69	32
69	46
69	47
69	52
69	55
69	59
69	61
69	65
69	73
70	15
70	22
70	30
70	33
70	34
70	40
70	45
70	53
70	57
70	71
70	72
70	74
70	76
71	15
71	22
71	30
71	33
71	34
71	40
71	45
71	57
71	58
71	70
71	72
71	74
71	76
72	15
72	17
72	18
72	30
72	33
72	34
72	40
72	45
72	57
72	70
72	71
72	74
72	76
73	3
73	8
73	19
73	20
73	32
73	46
73	47
73	49
73	51
73	52
73	55
73	61
73	65
73	69
74	15
74	17
74	22
74	30
74	33
74	34
74	36
74	40
74	45
74	57
74	70
74	71
74	72
74	76
75	4
75	12
75	18
75	21
75	35
75	36
75	38
75	58
75	59
75	63
75	64
75	65
75	66
75	67
75	68
76	15
76	17
76	19
76	22
76	30
76	33
76	34
76	40
76	45
76	57
76	61
76	70
76	71
76	72
76	74
77	2
77	24
77	25
77	26
77	28
77	41
77	42
77	44
77	51
77	54
77	60
77	67
77	78
77	79
77	80
77	81
78	2
78	9
78	13
78	25
78	26
78	28
78	41
78	42
78	44
78	51
78	54
78	60
78	62
78	77
78	79
78	80
78	81
79	2
79	9
79	13
79	24
79	26
79	28
79	41
79	42
79	44
79	51
79	53
79	54
79	60
79	67
79	77
79	78
79	80
79	81
80	2
80	9
80	13
80	21
80	24
80	25
80	26
80	28
80	41
80	42
80	44
80	49
80	51
80	54
80	60
80	77
80	78
80	79
80	81
81	2
81	9
81	13
81	15
81	24
81	25
81	26
81	28
81	39
81	41
81	42
81	44
81	51
81	54
81	60
81	77
81	78
81	79
81	80
