1	29
1	49
1	56
1	75
1	80
1	81
2	51
2	57
2	58
2	64
2	67
2	69
3	35
3	38
3	41
3	47
3	48
3	69
4	57
4	61
4	64
4	67
4	69
4	81
5	7
5	10
5	15
5	16
5	25
5	76
6	7
6	10
6	15
6	16
6	25
6	28
7	5
7	6
7	10
7	15
7	16
7	25
8	13
8	14
8	26
8	31
8	34
8	61
9	63
9	70
9	71
9	75
9	80
9	81
10	5
10	6
10	7
10	15
10	16
10	25
11	14
11	23
11	26
11	31
11	34
11	44
12	63
12	70
12	71
12	75
12	80
12	81
13	8
13	14
13	21
13	23
13	26
13	31
13	34
14	8
14	11
14	13
14	21
14	26
14	31
14	34
15	5
15	6
15	7
15	10
15	16
15	25
15	35
16	5
16	6
16	7
16	10
16	15
16	25
16	54
17	30
17	51
17	61
17	64
17	67
17	69
17	71
18	56
18	62
18	70
18	71
18	75
18	80
18	81
19	33
19	35
19	38
19	44
19	48
19	50
19	54
20	32
20	38
20	41
20	45
20	47
20	48
20	50
21	13
21	14
21	23
21	26
21	31
21	34
21	79
22	30
22	51
22	58
22	61
22	64
22	67
22	69
23	11
23	13
23	21
23	26
23	31
23	34
23	46
24	43
24	54
24	56
24	63
24	71
24	80
24	81
25	5
25	6
25	7
25	10
25	15
25	16
25	43
26	8
26	11
26	13
26	14
26	21
26	23
26	31
26	34
27	39
27	57
27	58
27	61
27	64
27	66
27	67
27	69
28	6
28	65
28	72
28	74
28	76
28	77
28	78
28	79
29	1
29	43
29	50
29	63
29	70
29	75
29	80
29	81
30	17
30	22
30	57
30	58
30	61
30	67
30	69
30	73
31	8
31	11
31	13
31	14
31	21
31	23
31	26
31	34
31	37
32	20
32	33
32	35
32	38
32	41
32	44
32	45
32	47
32	48
33	19
33	32
33	35
33	41
33	44
33	45
33	47
33	48
33	50
34	8
34	11
34	13
34	14
34	21
34	23
34	26
34	31
34	48
35	3
35	15
35	19
35	32
35	33
35	38
35	45
35	47
35	50
36	39
36	51
36	57
36	58
36	59
36	61
36	64
36	67
36	69
37	31
37	62
37	65
37	66
37	68
37	76
37	77
37	78
37	79
38	3
38	19
38	20
38	32
38	35
38	44
38	45
38	48
38	50
38	63
39	27
39	36
39	51
39	57
39	58
39	61
39	62
39	64
39	67
39	69
40	43
40	46
40	49
40	54
40	70
40	71
40	75
40	76
40	80
40	81
41	3
41	20
41	32
41	33
41	44
41	45
41	47
41	48
41	50
41	67
42	53
42	58
42	60
42	66
42	68
42	73
42	74
42	77
42	78
42	79
43	24
43	25
43	29
43	40
43	49
43	55
43	63
43	70
43	71
43	80
43	81
44	11
44	19
44	32
44	33
44	38
44	41
44	45
44	47
44	48
44	50
44	80
45	20
45	32
45	33
45	35
45	38
45	41
45	44
45	47
45	48
45	50
45	73
46	23
46	40
46	54
46	55
46	60
46	63
46	70
46	71
46	75
46	80
46	81
47	3
47	20
47	32
47	33
47	35
47	41
47	44
47	45
47	48
47	50
47	52
48	3
48	19
48	20
48	32
48	33
48	34
48	38
48	41
48	44
48	45
48	47
49	1
49	40
49	43
49	54
49	55
49	56
49	70
49	72
49	75
49	80
49	81
50	19
50	20
50	29
50	33
50	35
50	38
50	41
50	44
50	45
50	47
50	78
51	2
51	17
51	22
51	36
51	39
51	57
51	58
51	61
51	64
51	67
51	69
51	75
52	47
52	59
52	62
52	65
52	66
52	72
52	73
52	74
52	76
52	77
52	78
52	79
53	42
53	59
53	60
53	68
53	70
53	72
53	73
53	74
53	76
53	77
53	78
53	79
54	16
54	19
54	24
54	40
54	46
54	49
54	55
54	56
54	71
54	75
54	80
54	81
55	43
55	46
55	49
55	54
55	56
55	63
55	69
55	71
55	72
55	75
55	80
55	81
56	1
56	18
56	24
56	49
56	54
56	55
56	63
56	64
56	70
56	71
56	75
56	80
56	81
57	2
57	4
57	27
57	30
57	36
57	39
57	51
57	58
57	61
57	64
57	67
57	69
57	74
58	2
58	22
58	27
58	30
58	36
58	39
58	42
58	51
58	57
58	61
58	64
58	67
58	69
58	78
59	36
59	52
59	53
59	60
59	62
59	65
59	66
59	68
59	72
59	73
59	74
59	76
59	77
59	78
59	79
60	42
60	46
60	53
60	59
60	62
60	65
60	66
60	68
60	72
60	73
60	74
60	76
60	77
60	78
60	79
61	4
61	8
61	17
61	22
61	27
61	30
61	36
61	39
61	51
61	57
61	58
61	64
61	67
61	69
61	79
62	18
62	37
62	39
62	52
62	59
62	60
62	66
62	68
62	72
62	73
62	74
62	76
62	77
62	78
62	79
63	9
63	12
63	24
63	29
63	38
63	43
63	46
63	55
63	56
63	70
63	71
63	74
63	75
63	80
63	81
64	2
64	4
64	17
64	22
64	27
64	36
64	39
64	51
64	56
64	57
64	58
64	61
64	67
64	69
64	80
65	28
65	37
65	52
65	59
65	60
65	66
65	68
65	70
65	72
65	73
65	74
65	76
65	77
65	78
65	79
66	27
66	37
66	42
66	52
66	59
66	60
66	62
66	65
66	68
66	72
66	73
66	74
66	76
66	77
66	78
66	79
67	2
67	4
67	17
67	22
67	27
67	30
67	36
67	39
67	41
67	51
67	57
67	58
67	61
67	64
67	69
67	75
68	37
68	42
68	53
68	59
68	60
68	62
68	65
68	66
68	72
68	73
68	74
68	76
68	77
68	78
68	79
68	81
69	2
69	3
69	4
69	17
69	22
69	27
69	30
69	36
69	39
69	51
69	55
69	57
69	58
69	61
69	64
69	67
70	9
70	12
70	18
70	29
70	40
70	43
70	46
70	49
70	53
70	56
70	63
70	65
70	71
70	75
70	80
70	81
71	9
71	12
71	17
71	18
71	24
71	40
71	43
71	46
71	54
71	55
71	56
71	63
71	70
71	75
71	77
71	80
71	81
72	28
72	49
72	52
72	53
72	55
72	59
72	60
72	62
72	65
72	66
72	68
72	73
72	74
72	76
72	77
72	78
72	79
73	30
73	42
73	45
73	52
73	53
73	59
73	60
73	62
73	65
73	66
73	68
73	72
73	74
73	76
73	77
73	78
73	79
74	28
74	42
74	52
74	53
74	57
74	59
74	60
74	62
74	63
74	65
74	66
74	68
74	72
74	73
74	76
74	77
74	78
74	79
75	1
75	9
75	12
75	18
75	29
75	40
75	46
75	49
75	51
75	54
75	55
75	56
75	63
75	67
75	70
75	71
75	80
75	81
76	5
76	28
76	37
76	40
76	52
76	53
76	59
76	60
76	62
76	65
76	66
76	68
76	72
76	73
76	74
76	77
76	78
76	79
77	28
77	37
77	42
77	52
77	53
77	59
77	60
77	62
77	65
77	66
77	68
77	71
77	72
77	73
77	74
77	76
77	78
77	79
78	28
78	37
78	42
78	50
78	52
78	53
78	58
78	59
78	60
78	62
78	65
78	66
78	68
78	72
78	73
78	74
78	76
78	77
78	79
79	21
79	28
79	37
79	42
79	52
79	53
79	59
79	60
79	61
79	62
79	65
79	66
79	68
79	72
79	73
79	74
79	76
79	77
79	78
80	1
80	9
80	12
80	18
80	24
80	29
80	40
80	43
80	44
80	46
80	49
80	54
80	55
80	56
80	63
80	64
80	70
80	71
80	75
80	81
81	1
81	4
81	9
81	12
81	18
81	24
81	29
81	40
81	43
81	46
81	49
81	54
81	55
81	56
81	63
81	68
81	70
81	71
81	75
81	80
