1	18
1	22
1	31
1	33
1	36
1	44
2	16
2	29
2	42
2	50
2	51
2	68
3	12
3	66
3	76
3	79
3	80
3	81
4	31
4	41
4	42
4	56
4	61
4	67
5	11
5	14
5	40
5	42
5	54
5	68
6	60
6	66
6	76
6	78
6	80
6	81
7	13
7	58
7	63
7	70
7	71
7	73
8	71
8	76
8	78
8	79
8	80
8	81
9	57
9	59
9	69
9	74
9	75
9	77
10	28
10	64
10	69
10	74
10	75
10	77
11	5
11	14
11	26
11	55
11	71
11	72
12	3
12	36
12	38
12	44
12	49
12	53
13	7
13	52
13	58
13	71
13	72
13	73
14	5
14	11
14	17
14	31
14	54
14	61
15	33
15	38
15	44
15	49
15	53
15	80
16	2
16	50
16	54
16	56
16	61
16	64
17	14
17	26
17	40
17	50
17	51
17	68
18	1
18	33
18	38
18	44
18	49
18	53
18	56
19	32
19	45
19	58
19	70
19	71
19	72
19	73
20	48
20	57
20	59
20	62
20	67
20	74
20	75
21	27
21	59
21	67
21	73
21	74
21	75
21	77
22	1
22	33
22	36
22	38
22	49
22	53
22	55
23	59
23	62
23	65
23	78
23	79
23	80
23	81
24	27
24	64
24	66
24	69
24	74
24	75
24	77
25	43
25	48
25	59
25	67
25	69
25	75
25	77
26	11
26	17
26	55
26	63
26	71
26	72
26	73
27	21
27	24
27	35
27	43
27	59
27	75
27	77
28	10
28	47
28	66
28	78
28	79
28	80
28	81
29	2
29	65
29	66
29	76
29	79
29	80
29	81
30	52
30	55
30	63
30	70
30	71
30	72
30	73
31	1
31	4
31	14
31	41
31	50
31	54
31	61
31	68
32	19
32	58
32	63
32	70
32	71
32	72
32	73
32	79
33	1
33	15
33	18
33	22
33	36
33	46
33	49
33	53
34	53
34	57
34	64
34	67
34	69
34	74
34	75
34	77
35	27
35	43
35	59
35	64
35	69
35	74
35	75
35	77
36	1
36	12
36	22
36	33
36	38
36	44
36	49
36	53
37	62
37	65
37	66
37	76
37	78
37	79
37	80
37	81
38	12
38	15
38	18
38	22
38	36
38	44
38	49
38	53
39	47
39	62
39	65
39	76
39	78
39	79
39	80
39	81
40	5
40	17
40	41
40	51
40	56
40	61
40	68
40	81
41	4
41	31
41	40
41	51
41	54
41	61
41	68
41	73
42	2
42	4
42	5
42	50
42	51
42	56
42	61
42	68
42	76
43	25
43	27
43	35
43	48
43	57
43	67
43	69
43	74
43	77
44	1
44	12
44	15
44	18
44	36
44	38
44	49
44	53
44	80
45	19
45	54
45	55
45	58
45	63
45	70
45	71
45	72
45	73
46	33
46	47
46	60
46	62
46	76
46	78
46	79
46	80
46	81
47	28
47	39
47	46
47	68
47	76
47	78
47	79
47	80
47	81
48	20
48	25
48	43
48	57
48	64
48	67
48	69
48	75
48	77
49	12
49	15
49	18
49	22
49	33
49	36
49	38
49	44
49	53
50	2
50	16
50	17
50	31
50	42
50	51
50	54
50	56
50	68
50	72
51	2
51	17
51	40
51	41
51	42
51	50
51	56
51	61
51	68
51	70
52	13
52	30
52	55
52	58
52	61
52	63
52	70
52	71
52	72
52	73
53	12
53	15
53	18
53	22
53	33
53	34
53	36
53	38
53	44
53	49
54	5
54	14
54	16
54	31
54	41
54	45
54	50
54	56
54	61
54	68
55	11
55	22
55	26
55	30
55	45
55	52
55	63
55	70
55	72
55	73
56	4
56	16
56	18
56	40
56	42
56	50
56	51
56	54
56	61
56	68
57	9
57	20
57	34
57	43
57	48
57	67
57	69
57	70
57	74
57	75
57	77
58	7
58	13
58	19
58	32
58	45
58	52
58	70
58	71
58	72
58	73
58	74
59	9
59	20
59	21
59	23
59	25
59	27
59	35
59	64
59	67
59	74
59	77
60	6
60	46
60	62
60	65
60	66
60	67
60	76
60	78
60	79
60	80
60	81
61	4
61	14
61	16
61	31
61	40
61	41
61	42
61	51
61	52
61	54
61	56
62	20
62	23
62	37
62	39
62	46
62	60
62	65
62	66
62	76
62	78
62	79
62	81
63	7
63	26
63	30
63	32
63	45
63	52
63	55
63	70
63	71
63	72
63	73
63	81
64	10
64	16
64	24
64	34
64	35
64	48
64	59
64	67
64	68
64	69
64	74
64	75
64	77
65	23
65	29
65	37
65	39
65	60
65	62
65	66
65	76
65	77
65	78
65	79
65	80
65	81
66	3
66	6
66	24
66	28
66	29
66	37
66	60
66	62
66	65
66	76
66	78
66	79
66	80
66	81
67	4
67	20
67	21
67	25
67	34
67	43
67	48
67	57
67	59
67	60
67	64
67	69
67	74
67	75
68	2
68	5
68	17
68	31
68	40
68	41
68	42
68	47
68	50
68	51
68	54
68	56
68	64
68	79
69	9
69	10
69	24
69	25
69	34
69	35
69	43
69	48
69	57
69	64
69	67
69	74
69	75
69	77
70	7
70	19
70	30
70	32
70	45
70	51
70	52
70	55
70	57
70	58
70	63
70	71
70	72
70	73
71	7
71	8
71	11
71	13
71	19
71	26
71	30
71	32
71	45
71	52
71	58
71	63
71	70
71	72
72	11
72	13
72	19
72	26
72	30
72	32
72	45
72	50
72	52
72	55
72	58
72	63
72	70
72	71
72	73
73	7
73	13
73	19
73	21
73	26
73	30
73	32
73	41
73	45
73	52
73	55
73	58
73	63
73	70
73	72
74	9
74	10
74	20
74	21
74	24
74	34
74	35
74	43
74	57
74	58
74	59
74	64
74	67
74	69
74	75
74	77
74	78
75	9
75	10
75	20
75	21
75	24
75	25
75	27
75	34
75	35
75	48
75	57
75	64
75	67
75	69
75	74
75	77
75	78
76	3
76	6
76	8
76	29
76	37
76	39
76	42
76	46
76	47
76	60
76	62
76	65
76	66
76	78
76	79
76	80
76	81
77	9
77	10
77	21
77	24
77	25
77	27
77	34
77	35
77	43
77	48
77	57
77	59
77	64
77	65
77	69
77	74
77	75
78	6
78	8
78	23
78	28
78	37
78	39
78	46
78	47
78	60
78	62
78	65
78	66
78	74
78	75
78	76
78	79
78	80
78	81
79	3
79	8
79	23
79	28
79	29
79	32
79	37
79	39
79	46
79	47
79	60
79	62
79	65
79	66
79	68
79	76
79	78
79	80
79	81
80	3
80	6
80	8
80	15
80	23
80	28
80	29
80	37
80	39
80	44
80	46
80	47
80	60
80	65
80	66
80	76
80	78
80	79
80	81
81	3
81	6
81	8
81	23
81	28
81	29
81	37
81	39
81	40
81	46
81	47
81	60
81	62
81	63
81	65
81	66
81	76
81	78
81	79
81	80
