1	29
1	71
1	77
1	78
1	79
1	80
2	38
2	40
2	51
2	53
2	57
2	72
3	17
3	22
3	24
3	34
3	45
3	67
4	62
4	70
4	73
4	75
4	76
4	81
5	56
5	71
5	77
5	78
5	79
5	80
6	15
6	30
6	54
6	55
6	58
6	74
7	30
7	36
7	51
7	54
7	55
7	64
8	49
8	62
8	73
8	75
8	76
8	81
9	19
9	32
9	33
9	51
9	58
9	64
10	17
10	22
10	25
10	41
10	46
10	67
11	60
11	69
11	77
11	78
11	79
11	80
12	66
12	71
12	74
12	77
12	79
12	80
13	63
13	66
13	74
13	78
13	79
13	80
14	15
14	33
14	42
14	54
14	55
14	58
15	6
15	14
15	30
15	33
15	58
15	64
16	32
16	33
16	51
16	54
16	55
16	58
17	3
17	10
17	39
17	41
17	46
17	67
18	71
18	74
18	77
18	78
18	79
18	80
19	9
19	69
19	74
19	77
19	78
19	79
19	80
20	36
20	52
20	59
20	61
20	70
20	75
20	81
21	28
21	38
21	48
21	54
21	60
21	63
21	72
22	3
22	10
22	25
22	41
22	45
22	67
22	68
23	28
23	43
23	48
23	50
23	57
23	60
23	72
24	3
24	34
24	39
24	41
24	45
24	46
24	67
25	10
25	22
25	26
25	41
25	46
25	53
25	67
26	25
26	34
26	39
26	45
26	46
26	67
26	71
27	69
27	71
27	74
27	77
27	78
27	79
27	80
28	21
28	23
28	38
28	53
28	57
28	63
28	72
29	1
29	37
29	59
29	68
29	70
29	75
29	81
30	6
30	7
30	15
30	31
30	52
30	54
30	64
31	30
31	32
31	36
31	51
31	55
31	64
31	68
32	9
32	16
32	31
32	51
32	54
32	58
32	64
33	9
33	14
33	15
33	16
33	51
33	54
33	55
33	78
34	3
34	24
34	26
34	39
34	41
34	45
34	46
34	67
35	40
35	43
35	48
35	50
35	53
35	63
35	72
35	75
36	7
36	20
36	31
36	51
36	54
36	55
36	58
36	64
37	29
37	61
37	62
37	68
37	70
37	73
37	76
37	77
38	2
38	21
38	28
38	48
38	50
38	57
38	60
38	63
38	72
39	17
39	24
39	26
39	34
39	41
39	44
39	45
39	46
39	67
40	2
40	35
40	43
40	50
40	53
40	57
40	63
40	72
40	81
41	10
41	17
41	22
41	24
41	25
41	34
41	39
41	45
41	67
42	14
42	66
42	69
42	71
42	74
42	77
42	78
42	79
42	80
43	23
43	35
43	40
43	48
43	50
43	53
43	60
43	72
43	81
44	39
44	59
44	65
44	68
44	70
44	73
44	75
44	76
44	81
45	3
45	22
45	24
45	26
45	34
45	39
45	41
45	46
45	48
45	67
46	10
46	17
46	24
46	25
46	26
46	34
46	39
46	45
46	59
46	67
47	52
47	56
47	62
47	65
47	67
47	70
47	73
47	75
47	76
47	81
48	21
48	23
48	35
48	38
48	43
48	45
48	57
48	60
48	63
48	72
49	8
49	66
49	69
49	71
49	74
49	77
49	78
49	79
49	80
50	23
50	35
50	38
50	40
50	43
50	53
50	57
50	58
50	63
50	72
51	2
51	7
51	9
51	16
51	31
51	32
51	33
51	36
51	55
51	64
52	20
52	30
52	47
52	56
52	61
52	68
52	73
52	75
52	76
52	81
53	2
53	25
53	28
53	35
53	40
53	43
53	50
53	60
53	63
53	72
54	6
54	7
54	14
54	16
54	21
54	30
54	32
54	33
54	36
54	58
54	64
55	6
55	7
55	14
55	16
55	31
55	33
55	36
55	51
55	58
55	64
55	76
56	5
56	47
56	52
56	59
56	62
56	65
56	68
56	70
56	73
56	76
56	81
57	2
57	23
57	28
57	38
57	40
57	48
57	50
57	60
57	63
57	72
57	76
58	6
58	9
58	14
58	15
58	16
58	32
58	36
58	50
58	54
58	55
58	64
59	20
59	29
59	44
59	46
59	56
59	65
59	68
59	73
59	75
59	76
59	81
60	11
60	21
60	23
60	38
60	43
60	48
60	53
60	57
60	63
60	69
60	72
61	20
61	37
61	52
61	62
61	65
61	70
61	73
61	75
61	76
61	77
61	81
62	4
62	8
62	37
62	47
62	56
62	61
62	64
62	65
62	70
62	75
62	76
62	81
63	13
63	21
63	28
63	35
63	38
63	40
63	48
63	50
63	53
63	57
63	60
63	72
64	7
64	9
64	15
64	30
64	31
64	32
64	36
64	51
64	54
64	55
64	58
64	62
65	44
65	47
65	56
65	59
65	61
65	62
65	70
65	73
65	75
65	76
65	80
65	81
66	12
66	13
66	42
66	49
66	69
66	71
66	74
66	77
66	78
66	79
66	80
67	3
67	10
67	17
67	22
67	24
67	25
67	26
67	34
67	39
67	41
67	45
67	46
67	47
68	22
68	29
68	31
68	37
68	44
68	52
68	56
68	59
68	69
68	73
68	75
68	76
68	81
69	11
69	19
69	27
69	42
69	49
69	60
69	66
69	68
69	71
69	74
69	77
69	78
69	79
69	80
70	4
70	20
70	29
70	37
70	44
70	47
70	56
70	61
70	62
70	65
70	75
70	76
70	79
70	81
71	1
71	5
71	12
71	18
71	26
71	27
71	42
71	49
71	66
71	69
71	74
71	77
71	78
71	79
71	80
72	2
72	21
72	23
72	28
72	35
72	38
72	40
72	43
72	48
72	50
72	53
72	57
72	60
72	63
72	78
73	4
73	8
73	37
73	44
73	47
73	52
73	56
73	59
73	61
73	65
73	68
73	75
73	76
73	80
73	81
74	6
74	12
74	13
74	18
74	19
74	27
74	42
74	49
74	66
74	69
74	71
74	77
74	78
74	79
74	80
75	4
75	8
75	20
75	29
75	35
75	44
75	47
75	52
75	59
75	61
75	62
75	65
75	68
75	70
75	73
75	76
75	81
76	4
76	8
76	37
76	44
76	47
76	52
76	55
76	56
76	57
76	59
76	61
76	62
76	65
76	68
76	70
76	73
76	75
76	81
77	1
77	5
77	11
77	12
77	18
77	19
77	27
77	37
77	42
77	49
77	61
77	66
77	69
77	71
77	74
77	78
77	79
77	80
78	1
78	5
78	11
78	13
78	18
78	19
78	27
78	33
78	42
78	49
78	66
78	69
78	71
78	72
78	74
78	77
78	79
78	80
79	1
79	5
79	11
79	12
79	13
79	18
79	19
79	27
79	42
79	49
79	66
79	69
79	70
79	71
79	74
79	77
79	78
79	80
80	1
80	5
80	11
80	12
80	13
80	18
80	19
80	27
80	42
80	49
80	65
80	66
80	69
80	71
80	73
80	74
80	77
80	78
80	79
81	4
81	8
81	20
81	29
81	40
81	43
81	44
81	47
81	52
81	56
81	59
81	61
81	62
81	65
81	68
81	70
81	73
81	75
81	76
