1	26
1	29
1	59
1	63
1	65
1	69
2	35
2	36
2	55
2	61
2	70
2	81
3	9
3	41
3	43
3	46
3	50
3	52
4	21
4	30
4	38
4	42
4	44
4	51
5	15
5	53
5	57
5	60
5	61
5	70
6	53
6	55
6	57
6	60
6	70
6	79
7	13
7	43
7	46
7	50
7	52
7	76
8	17
8	18
8	45
8	54
8	62
8	66
9	3
9	24
9	41
9	46
9	50
9	52
10	14
10	29
10	45
10	62
10	66
10	69
11	27
11	40
11	49
11	58
11	67
11	69
12	31
12	53
12	55
12	60
12	61
12	70
12	80
13	7
13	41
13	43
13	46
13	50
13	52
13	78
14	10
14	23
14	54
14	56
14	59
14	62
14	66
15	5
15	75
15	77
15	78
15	79
15	80
15	81
16	22
16	40
16	58
16	63
16	65
16	67
16	69
17	8
17	49
17	58
17	63
17	65
17	67
17	69
18	8
18	47
18	54
18	56
18	59
18	62
18	66
19	31
19	54
19	55
19	60
19	61
19	70
19	73
20	28
20	30
20	32
20	38
20	42
20	44
20	51
21	4
21	28
21	38
21	42
21	44
21	51
21	64
22	16
22	49
22	58
22	63
22	67
22	69
22	81
23	14
23	47
23	54
23	56
23	59
23	62
23	66
24	9
24	41
24	43
24	46
24	47
24	50
24	52
25	35
25	36
25	55
25	57
25	60
25	70
25	76
26	1
26	49
26	58
26	63
26	65
26	67
26	69
27	11
27	49
27	63
27	65
27	67
27	69
27	70
28	20
28	21
28	30
28	38
28	44
28	51
28	68
29	1
29	10
29	45
29	47
29	56
29	59
29	66
29	71
30	4
30	20
30	28
30	32
30	42
30	44
30	51
30	57
31	12
31	19
31	35
31	36
31	53
31	57
31	60
31	70
32	20
32	30
32	38
32	42
32	44
32	51
32	65
32	74
33	36
33	72
33	75
33	76
33	78
33	79
33	80
33	81
34	58
34	72
34	75
34	76
34	77
34	79
34	80
34	81
35	2
35	25
35	31
35	41
35	53
35	57
35	61
35	70
36	2
36	25
36	31
36	33
36	57
36	60
36	61
36	70
37	40
37	49
37	55
37	58
37	63
37	65
37	67
37	69
38	4
38	20
38	21
38	28
38	32
38	42
38	44
38	51
39	43
39	72
39	75
39	77
39	78
39	79
39	80
39	81
40	11
40	16
40	37
40	58
40	63
40	65
40	67
40	69
41	3
41	9
41	13
41	24
41	35
41	43
41	46
41	50
41	52
42	4
42	20
42	21
42	30
42	32
42	38
42	44
42	51
42	70
43	3
43	7
43	13
43	24
43	39
43	41
43	46
43	50
43	52
44	4
44	20
44	21
44	28
44	30
44	32
44	38
44	42
44	51
45	8
45	10
45	29
45	47
45	54
45	56
45	59
45	62
45	66
45	77
46	3
46	7
46	9
46	13
46	24
46	41
46	43
46	50
46	52
46	66
47	18
47	23
47	24
47	29
47	45
47	54
47	56
47	59
47	62
47	66
48	52
48	72
48	74
48	75
48	76
48	77
48	78
48	79
48	80
48	81
49	11
49	17
49	22
49	26
49	27
49	37
49	65
49	67
49	69
49	79
50	3
50	7
50	9
50	13
50	24
50	41
50	43
50	46
50	52
50	62
51	4
51	20
51	21
51	28
51	30
51	32
51	38
51	42
51	44
51	72
52	3
52	7
52	9
52	13
52	24
52	41
52	43
52	46
52	48
52	50
52	59
53	5
53	6
53	12
53	31
53	35
53	55
53	56
53	57
53	60
53	61
53	70
54	8
54	14
54	18
54	19
54	23
54	45
54	47
54	56
54	59
54	62
54	66
55	2
55	6
55	12
55	19
55	25
55	37
55	53
55	57
55	60
55	61
55	70
56	14
56	18
56	23
56	29
56	45
56	47
56	53
56	54
56	59
56	62
56	66
57	5
57	6
57	25
57	30
57	31
57	35
57	36
57	53
57	55
57	61
57	70
57	77
58	11
58	16
58	17
58	22
58	26
58	34
58	37
58	40
58	63
58	65
58	67
58	69
59	1
59	14
59	18
59	23
59	29
59	45
59	47
59	52
59	54
59	56
59	62
59	66
60	5
60	6
60	12
60	19
60	25
60	31
60	36
60	53
60	55
60	61
60	70
60	74
61	2
61	5
61	12
61	19
61	35
61	36
61	53
61	55
61	57
61	60
61	70
61	73
62	8
62	10
62	14
62	18
62	23
62	45
62	47
62	50
62	54
62	56
62	59
62	66
62	78
63	1
63	16
63	17
63	22
63	26
63	27
63	37
63	40
63	58
63	65
63	67
63	69
63	75
64	21
64	68
64	71
64	72
64	73
64	74
64	75
64	76
64	77
64	78
64	79
64	80
64	81
65	1
65	16
65	17
65	26
65	27
65	32
65	37
65	40
65	49
65	58
65	63
65	67
65	69
66	8
66	10
66	14
66	18
66	23
66	29
66	45
66	46
66	47
66	54
66	56
66	59
66	62
66	80
67	11
67	16
67	17
67	22
67	26
67	27
67	37
67	40
67	49
67	58
67	63
67	65
67	69
67	71
68	28
68	64
68	71
68	72
68	73
68	74
68	75
68	76
68	77
68	78
68	79
68	80
68	81
69	1
69	10
69	11
69	16
69	17
69	22
69	26
69	27
69	37
69	40
69	49
69	58
69	63
69	65
69	67
70	2
70	5
70	6
70	12
70	19
70	25
70	27
70	31
70	35
70	36
70	42
70	53
70	55
70	57
70	60
70	61
71	29
71	64
71	67
71	68
71	72
71	73
71	74
71	75
71	76
71	77
71	78
71	79
71	80
71	81
72	33
72	34
72	39
72	48
72	51
72	64
72	68
72	71
72	73
72	74
72	75
72	76
72	77
72	78
72	79
72	80
72	81
73	19
73	61
73	64
73	68
73	71
73	72
73	74
73	75
73	76
73	77
73	78
73	79
73	80
73	81
74	32
74	48
74	60
74	64
74	68
74	71
74	72
74	73
74	75
74	76
74	77
74	78
74	79
74	80
74	81
75	15
75	33
75	34
75	39
75	48
75	63
75	64
75	68
75	71
75	72
75	73
75	74
75	76
75	77
75	78
75	79
75	80
75	81
76	7
76	25
76	33
76	34
76	48
76	64
76	68
76	71
76	72
76	73
76	74
76	75
76	77
76	78
76	79
76	80
76	81
77	15
77	34
77	39
77	45
77	48
77	57
77	64
77	68
77	71
77	72
77	73
77	74
77	75
77	76
77	78
77	79
77	80
77	81
78	13
78	15
78	33
78	39
78	48
78	62
78	64
78	68
78	71
78	72
78	73
78	74
78	75
78	76
78	77
78	79
78	80
78	81
79	6
79	15
79	33
79	34
79	39
79	48
79	49
79	64
79	68
79	71
79	72
79	73
79	74
79	75
79	76
79	77
79	78
79	80
79	81
80	12
80	15
80	33
80	34
80	39
80	48
80	64
80	66
80	68
80	71
80	72
80	73
80	74
80	75
80	76
80	77
80	78
80	79
80	81
81	2
81	15
81	22
81	33
81	34
81	39
81	48
81	64
81	68
81	71
81	72
81	73
81	74
81	75
81	76
81	77
81	78
81	79
81	80
