1	21
1	29
1	34
1	40
1	45
1	53
2	31
2	57
2	61
2	69
2	71
2	77
3	29
3	34
3	40
3	45
3	53
3	76
4	28
4	32
4	33
4	35
4	43
4	49
5	65
5	68
5	72
5	74
5	75
5	78
6	9
6	13
6	15
6	26
6	30
6	36
7	19
7	54
7	58
7	65
7	79
7	81
8	43
8	47
8	59
8	66
8	75
8	80
9	6
9	15
9	23
9	26
9	30
9	36
10	20
10	21
10	34
10	40
10	45
10	53
11	56
11	65
11	70
11	73
11	79
11	81
12	57
12	61
12	62
12	63
12	67
12	77
13	6
13	15
13	23
13	30
13	36
13	48
14	19
14	52
14	56
14	70
14	73
14	81
15	6
15	9
15	13
15	23
15	26
15	30
15	36
16	54
16	65
16	70
16	73
16	76
16	79
16	81
17	24
17	54
17	65
17	70
17	73
17	76
17	81
18	54
18	65
18	70
18	71
18	76
18	79
18	81
19	7
19	14
19	51
19	65
19	76
19	79
19	81
20	10
20	29
20	34
20	40
20	53
20	54
20	64
21	1
21	10
21	29
21	34
21	40
21	45
21	53
22	37
22	64
22	70
22	73
22	76
22	79
22	81
23	9
23	13
23	15
23	25
23	26
23	30
23	36
24	17
24	28
24	31
24	32
24	33
24	41
24	49
25	23
25	31
25	32
25	35
25	41
25	44
25	49
26	6
26	9
26	15
26	23
26	30
26	36
26	69
27	38
27	55
27	58
27	72
27	74
27	78
27	80
28	4
28	24
28	33
28	35
28	41
28	44
28	49
28	63
29	1
29	3
29	20
29	21
29	40
29	45
29	53
29	81
30	6
30	9
30	13
30	15
30	23
30	26
30	36
30	42
31	2
31	24
31	25
31	33
31	35
31	41
31	44
31	49
32	4
32	24
32	25
32	33
32	41
32	44
32	49
32	74
33	4
33	24
33	28
33	31
33	32
33	41
33	44
33	49
34	1
34	3
34	10
34	20
34	21
34	45
34	53
34	71
35	4
35	25
35	28
35	31
35	41
35	44
35	49
35	50
36	6
36	9
36	13
36	15
36	23
36	26
36	30
36	39
37	22
37	52
37	56
37	68
37	73
37	76
37	79
37	81
38	27
38	46
38	55
38	68
38	73
38	75
38	78
38	80
39	36
39	51
39	60
39	61
39	62
39	63
39	67
39	69
39	77
40	1
40	3
40	10
40	20
40	21
40	29
40	45
40	53
40	72
41	24
41	25
41	28
41	31
41	32
41	33
41	35
41	44
41	45
42	30
42	57
42	62
42	63
42	64
42	67
42	69
42	71
42	77
43	4
43	8
43	55
43	58
43	72
43	74
43	75
43	78
43	80
44	25
44	28
44	31
44	32
44	33
44	35
44	41
44	49
44	67
45	1
45	3
45	10
45	21
45	29
45	34
45	40
45	41
45	53
46	38
46	48
46	59
46	66
46	72
46	74
46	78
46	79
46	80
47	8
47	60
47	61
47	62
47	64
47	67
47	69
47	71
47	77
48	13
48	46
48	59
48	68
48	72
48	74
48	75
48	78
48	80
49	4
49	24
49	25
49	28
49	31
49	32
49	33
49	35
49	44
49	77
50	35
50	55
50	58
50	66
50	68
50	72
50	74
50	75
50	78
50	80
51	19
51	39
51	60
51	61
51	63
51	64
51	67
51	69
51	71
51	77
52	14
52	37
52	56
52	65
52	66
52	70
52	73
52	76
52	79
52	81
53	1
53	3
53	10
53	20
53	21
53	29
53	34
53	40
53	45
53	59
54	7
54	16
54	17
54	18
54	20
54	56
54	70
54	73
54	76
54	79
54	81
55	27
55	38
55	43
55	50
55	56
55	59
55	66
55	68
55	75
55	78
55	80
56	11
56	14
56	37
56	52
56	54
56	55
56	70
56	73
56	76
56	79
56	81
57	2
57	12
57	42
57	62
57	63
57	64
57	67
57	69
57	71
57	76
57	77
58	7
58	27
58	43
58	50
58	59
58	66
58	68
58	72
58	74
58	75
58	78
58	80
59	8
59	46
59	48
59	53
59	55
59	58
59	66
59	72
59	74
59	75
59	78
59	80
60	39
60	47
60	51
60	61
60	62
60	63
60	64
60	67
60	69
60	71
60	74
60	77
61	2
61	12
61	39
61	47
61	51
61	60
61	63
61	64
61	67
61	69
61	71
61	77
61	78
62	12
62	39
62	42
62	47
62	57
62	60
62	63
62	64
62	67
62	69
62	70
62	71
62	77
63	12
63	28
63	39
63	42
63	51
63	57
63	60
63	61
63	62
63	64
63	69
63	71
63	77
64	20
64	22
64	42
64	47
64	51
64	57
64	60
64	61
64	62
64	63
64	67
64	69
64	71
64	77
65	5
65	7
65	11
65	16
65	17
65	18
65	19
65	52
65	70
65	73
65	75
65	76
65	79
65	81
66	8
66	46
66	50
66	52
66	55
66	58
66	59
66	68
66	72
66	74
66	75
66	77
66	78
66	80
67	12
67	39
67	42
67	44
67	47
67	51
67	57
67	60
67	61
67	62
67	64
67	69
67	71
67	77
68	5
68	37
68	38
68	48
68	50
68	55
68	58
68	66
68	72
68	74
68	75
68	78
68	79
68	80
69	2
69	26
69	39
69	42
69	47
69	51
69	57
69	60
69	61
69	62
69	63
69	64
69	67
69	71
69	77
70	11
70	14
70	16
70	17
70	18
70	22
70	52
70	54
70	56
70	62
70	65
70	73
70	76
70	79
70	81
71	2
71	18
71	34
71	42
71	47
71	51
71	57
71	60
71	61
71	62
71	63
71	64
71	67
71	69
71	77
72	5
72	27
72	40
72	43
72	46
72	48
72	50
72	58
72	59
72	66
72	68
72	74
72	75
72	78
72	80
72	81
73	11
73	14
73	16
73	17
73	22
73	37
73	38
73	52
73	54
73	56
73	65
73	70
73	76
73	79
73	80
73	81
74	5
74	27
74	32
74	43
74	46
74	48
74	50
74	58
74	59
74	60
74	66
74	68
74	72
74	75
74	78
74	80
75	5
75	8
75	38
75	43
75	48
75	50
75	55
75	58
75	59
75	65
75	66
75	68
75	72
75	74
75	78
75	80
76	3
76	16
76	17
76	18
76	19
76	22
76	37
76	52
76	54
76	56
76	57
76	65
76	70
76	73
76	79
76	81
77	2
77	12
77	39
77	42
77	47
77	49
77	51
77	57
77	60
77	61
77	62
77	63
77	64
77	66
77	67
77	69
77	71
78	5
78	27
78	38
78	43
78	46
78	48
78	50
78	55
78	58
78	59
78	61
78	66
78	68
78	72
78	74
78	75
78	80
79	7
79	11
79	16
79	18
79	19
79	22
79	37
79	46
79	52
79	54
79	56
79	65
79	68
79	70
79	73
79	76
79	81
80	8
80	27
80	38
80	43
80	46
80	48
80	50
80	55
80	58
80	59
80	66
80	68
80	72
80	73
80	74
80	75
80	78
81	7
81	11
81	14
81	16
81	17
81	18
81	19
81	22
81	29
81	37
81	52
81	54
81	56
81	65
81	70
81	72
81	73
81	76
81	79
