1	12
1	13
1	63
1	69
1	74
1	78
2	43
2	44
2	49
2	56
2	76
2	80
3	6
3	8
3	35
3	44
3	49
3	76
4	28
4	40
4	61
4	73
4	75
4	79
5	12
5	49
5	53
5	56
5	59
5	76
6	3
6	42
6	49
6	53
6	65
6	76
7	8
7	15
7	56
7	57
7	65
7	76
8	3
8	7
8	15
8	20
8	37
8	43
9	40
9	51
9	67
9	70
9	77
9	81
10	36
10	45
10	60
10	72
10	74
10	78
11	16
11	27
11	28
11	40
11	68
11	80
12	1
12	5
12	25
12	60
12	63
12	78
13	1
13	21
13	66
13	69
13	74
13	78
14	25
14	47
14	54
14	69
14	74
14	78
15	7
15	8
15	44
15	56
15	65
15	76
16	11
16	46
16	52
16	65
16	72
16	73
16	80
17	22
17	42
17	46
17	48
17	61
17	79
17	80
18	30
18	45
18	61
18	66
18	69
18	74
18	78
19	29
19	32
19	52
19	72
19	75
19	79
19	80
20	8
20	43
20	44
20	45
20	53
20	57
20	59
21	13
21	28
21	38
21	48
21	73
21	79
21	80
22	17
22	46
22	52
22	73
22	75
22	76
22	79
23	31
23	41
23	55
23	56
23	58
23	67
23	77
24	41
24	49
24	51
24	62
24	71
24	77
24	81
25	12
25	14
25	60
25	63
25	69
25	74
25	78
26	28
26	51
26	55
26	58
26	71
26	77
26	81
27	11
27	33
27	38
27	42
27	73
27	76
27	80
28	4
28	11
28	21
28	26
28	48
28	61
28	79
28	80
29	19
29	37
29	40
29	52
29	68
29	72
29	75
29	80
30	18
30	60
30	63
30	65
30	66
30	69
30	74
30	78
31	23
31	50
31	62
31	64
31	67
31	70
31	77
31	81
32	19
32	55
32	58
32	64
32	67
32	71
32	77
32	81
33	27
33	58
33	61
33	68
33	72
33	73
33	75
33	80
34	45
34	47
34	60
34	66
34	69
34	74
34	78
34	79
35	3
35	37
35	43
35	53
35	57
35	59
35	65
35	76
36	10
36	45
36	53
36	60
36	63
36	66
36	74
36	78
37	8
37	29
37	35
37	43
37	49
37	53
37	65
37	76
38	21
38	27
38	61
38	66
38	72
38	73
38	75
38	79
39	50
39	54
39	58
39	64
39	67
39	71
39	77
39	78
39	81
40	4
40	9
40	11
40	29
40	42
40	52
40	75
40	79
40	80
41	23
41	24
41	51
41	54
41	63
41	64
41	70
41	71
41	81
42	6
42	17
42	27
42	40
42	52
42	68
42	73
42	75
42	79
43	2
43	8
43	20
43	35
43	37
43	50
43	56
43	57
43	59
44	2
44	3
44	15
44	20
44	49
44	57
44	59
44	65
44	76
45	10
45	18
45	20
45	34
45	36
45	60
45	69
45	74
45	78
46	16
46	17
46	22
46	48
46	57
46	68
46	75
46	79
46	80
47	14
47	34
47	52
47	60
47	63
47	66
47	69
47	74
47	78
48	17
48	21
48	28
48	46
48	68
48	72
48	73
48	79
48	80
48	81
49	2
49	3
49	5
49	6
49	24
49	37
49	44
49	56
49	59
49	76
50	31
50	39
50	43
50	54
50	58
50	62
50	64
50	70
50	71
50	81
51	9
51	24
51	26
51	41
51	62
51	67
51	70
51	74
51	77
51	81
52	16
52	19
52	22
52	29
52	40
52	42
52	47
52	72
52	73
52	75
52	80
53	5
53	6
53	20
53	35
53	36
53	37
53	56
53	57
53	59
53	65
53	76
54	14
54	39
54	41
54	50
54	55
54	62
54	64
54	67
54	70
54	77
54	81
55	23
55	26
55	32
55	54
55	62
55	64
55	67
55	70
55	71
55	74
55	81
56	2
56	5
56	7
56	15
56	23
56	43
56	49
56	53
56	59
56	65
56	76
57	7
57	20
57	35
57	43
57	44
57	46
57	53
57	62
57	65
57	66
57	76
58	23
58	26
58	32
58	33
58	39
58	50
58	62
58	64
58	71
58	77
58	81
59	5
59	20
59	35
59	43
59	44
59	49
59	53
59	56
59	65
59	72
59	75
59	76
60	10
60	12
60	25
60	30
60	34
60	36
60	45
60	47
60	63
60	66
60	68
60	78
61	4
61	17
61	18
61	28
61	33
61	38
61	68
61	72
61	73
61	75
61	79
61	80
62	24
62	31
62	50
62	51
62	54
62	55
62	57
62	58
62	67
62	70
62	71
62	77
62	81
63	1
63	12
63	25
63	30
63	36
63	41
63	47
63	60
63	66
63	69
63	71
63	74
63	78
64	31
64	32
64	39
64	41
64	50
64	54
64	55
64	58
64	67
64	71
64	77
64	79
64	81
65	6
65	7
65	15
65	16
65	30
65	35
65	37
65	44
65	53
65	56
65	57
65	59
65	76
66	13
66	18
66	30
66	34
66	36
66	38
66	47
66	57
66	60
66	63
66	69
66	74
66	78
67	9
67	23
67	31
67	32
67	39
67	51
67	54
67	55
67	62
67	64
67	69
67	70
67	77
67	81
68	11
68	29
68	33
68	42
68	46
68	48
68	60
68	61
68	72
68	73
68	75
68	79
68	80
68	81
69	1
69	13
69	14
69	18
69	25
69	30
69	34
69	45
69	47
69	63
69	66
69	67
69	70
69	74
70	9
70	31
70	41
70	50
70	51
70	54
70	55
70	62
70	67
70	69
70	71
70	73
70	77
70	81
71	24
71	26
71	32
71	39
71	41
71	50
71	55
71	58
71	62
71	63
71	64
71	70
71	73
71	77
71	81
72	10
72	16
72	19
72	29
72	33
72	38
72	48
72	52
72	59
72	61
72	68
72	73
72	75
72	79
72	80
73	4
73	16
73	21
73	22
73	27
73	33
73	38
73	42
73	48
73	52
73	61
73	68
73	70
73	71
73	72
73	75
73	80
74	1
74	10
74	13
74	14
74	18
74	25
74	30
74	34
74	36
74	45
74	47
74	51
74	55
74	63
74	66
74	69
74	78
75	4
75	19
75	22
75	29
75	33
75	38
75	40
75	42
75	46
75	52
75	59
75	61
75	68
75	72
75	73
75	77
75	79
76	2
76	3
76	5
76	6
76	7
76	15
76	22
76	27
76	35
76	37
76	44
76	49
76	53
76	56
76	57
76	59
76	65
77	9
77	23
77	24
77	26
77	31
77	32
77	39
77	51
77	54
77	58
77	62
77	64
77	67
77	70
77	71
77	75
77	78
77	81
78	1
78	10
78	12
78	13
78	14
78	18
78	25
78	30
78	34
78	36
78	39
78	45
78	47
78	60
78	63
78	66
78	74
78	77
79	4
79	17
79	19
79	21
79	22
79	28
79	34
79	38
79	40
79	42
79	46
79	48
79	61
79	64
79	68
79	72
79	75
79	80
80	2
80	11
80	16
80	17
80	19
80	21
80	27
80	28
80	29
80	33
80	40
80	46
80	48
80	52
80	61
80	68
80	72
80	73
80	79
81	9
81	24
81	26
81	31
81	32
81	39
81	41
81	48
81	50
81	51
81	54
81	55
81	58
81	62
81	64
81	67
81	68
81	70
81	71
81	77
