1	4
1	8
1	11
1	15
1	20
1	71
2	20
2	22
2	24
2	25
2	31
2	33
3	10
3	12
3	14
3	23
3	28
3	39
4	1
4	7
4	8
4	11
4	15
4	20
5	27
5	34
5	40
5	44
5	46
5	47
6	17
6	22
6	24
6	25
6	31
6	33
7	4
7	8
7	11
7	15
7	20
7	55
8	1
8	4
8	7
8	15
8	20
8	64
9	59
9	61
9	64
9	65
9	67
9	68
10	3
10	12
10	14
10	23
10	28
10	74
11	1
11	4
11	7
11	15
11	20
11	41
12	3
12	10
12	13
12	14
12	23
12	28
13	12
13	14
13	23
13	28
13	30
13	75
14	3
14	10
14	12
14	13
14	23
14	28
15	1
15	4
15	7
15	8
15	11
15	20
15	23
16	26
16	37
16	40
16	44
16	46
16	47
16	60
17	6
17	22
17	24
17	25
17	28
17	31
17	33
18	30
18	48
18	61
18	62
18	65
18	67
18	68
19	43
19	45
19	62
19	64
19	65
19	67
19	68
20	1
20	2
20	4
20	7
20	8
20	11
20	15
21	35
21	36
21	49
21	54
21	56
21	66
21	69
22	2
22	6
22	17
22	24
22	31
22	33
22	73
23	3
23	10
23	12
23	13
23	14
23	15
23	28
24	2
24	6
24	17
24	22
24	25
24	31
24	33
25	2
25	6
25	17
25	24
25	31
25	33
25	76
26	16
26	34
26	37
26	40
26	44
26	46
26	47
27	5
27	34
27	37
27	44
27	46
27	47
27	51
28	3
28	10
28	12
28	13
28	14
28	17
28	23
29	52
29	70
29	74
29	78
29	79
29	80
29	81
30	13
30	18
30	43
30	52
30	62
30	65
30	67
30	68
31	2
31	6
31	17
31	22
31	24
31	25
31	33
31	72
32	38
32	41
32	50
32	51
32	54
32	56
32	66
32	69
33	2
33	6
33	17
33	22
33	24
33	25
33	31
33	58
34	5
34	26
34	27
34	37
34	40
34	44
34	46
34	47
34	80
35	21
35	36
35	38
35	49
35	50
35	51
35	56
35	63
35	69
36	21
36	35
36	39
36	42
36	51
36	56
36	66
36	69
36	75
37	16
37	26
37	27
37	34
37	40
37	44
37	46
37	47
37	63
38	32
38	35
38	41
38	49
38	51
38	54
38	61
38	66
38	69
39	3
39	36
39	41
39	42
39	49
39	54
39	56
39	66
39	69
40	5
40	16
40	26
40	34
40	37
40	44
40	46
40	47
40	70
41	11
41	32
41	38
41	39
41	42
41	50
41	51
41	54
41	66
41	69
42	36
42	39
42	41
42	49
42	50
42	51
42	54
42	66
42	69
42	80
43	19
43	30
43	45
43	59
43	61
43	62
43	64
43	65
43	67
43	81
44	5
44	16
44	26
44	27
44	34
44	37
44	40
44	46
44	47
44	73
45	19
45	43
45	48
45	52
45	59
45	61
45	64
45	67
45	68
45	72
46	5
46	16
46	26
46	27
46	34
46	37
46	40
46	44
46	47
46	64
47	5
47	16
47	26
47	27
47	34
47	37
47	40
47	44
47	46
47	57
48	18
48	45
48	52
48	61
48	62
48	64
48	65
48	67
48	68
48	81
49	21
49	35
49	38
49	39
49	42
49	50
49	54
49	56
49	66
49	68
49	69
50	32
50	35
50	41
50	42
50	49
50	51
50	54
50	56
50	66
50	69
50	77
51	27
51	32
51	35
51	36
51	38
51	41
51	42
51	50
51	56
51	66
51	69
52	29
52	30
52	45
52	48
52	59
52	61
52	62
52	64
52	65
52	67
52	68
53	55
53	65
53	70
53	71
53	74
53	75
53	76
53	77
53	78
53	79
53	81
54	21
54	32
54	38
54	39
54	41
54	42
54	49
54	50
54	66
54	69
54	76
55	7
55	53
55	60
55	65
55	67
55	72
55	73
55	76
55	78
55	79
55	80
55	81
56	21
56	32
56	35
56	36
56	39
56	49
56	50
56	51
56	58
56	59
56	66
56	69
57	47
57	66
57	70
57	71
57	73
57	74
57	75
57	77
57	78
57	79
57	80
57	81
58	33
58	56
58	70
58	72
58	73
58	75
58	76
58	77
58	78
58	79
58	80
58	81
59	9
59	43
59	45
59	52
59	56
59	61
59	62
59	64
59	65
59	67
59	68
59	78
60	16
60	55
60	70
60	71
60	72
60	73
60	74
60	75
60	76
60	77
60	79
60	80
60	81
61	9
61	18
61	38
61	43
61	45
61	48
61	52
61	59
61	62
61	64
61	65
61	67
61	68
62	18
62	19
62	30
62	43
62	48
62	52
62	59
62	61
62	64
62	65
62	67
62	68
62	69
63	35
63	37
63	70
63	71
63	72
63	73
63	74
63	75
63	76
63	77
63	78
63	79
63	80
63	81
64	8
64	9
64	19
64	43
64	45
64	46
64	48
64	52
64	59
64	61
64	62
64	65
64	67
64	68
65	9
65	18
65	19
65	30
65	43
65	48
65	52
65	53
65	55
65	59
65	61
65	62
65	64
65	67
65	68
66	21
66	32
66	36
66	38
66	39
66	41
66	42
66	49
66	50
66	51
66	54
66	56
66	57
66	69
66	79
67	9
67	18
67	19
67	30
67	43
67	45
67	48
67	52
67	55
67	59
67	61
67	62
67	64
67	65
67	68
68	9
68	18
68	19
68	30
68	45
68	48
68	49
68	52
68	59
68	61
68	62
68	64
68	65
68	67
68	77
69	21
69	32
69	35
69	36
69	38
69	39
69	41
69	42
69	49
69	50
69	51
69	54
69	56
69	62
69	66
70	29
70	40
70	53
70	57
70	58
70	60
70	63
70	71
70	72
70	73
70	76
70	77
70	78
70	79
70	80
70	81
71	1
71	53
71	57
71	60
71	63
71	70
71	72
71	73
71	74
71	75
71	76
71	77
71	78
71	79
71	80
71	81
72	31
72	45
72	55
72	58
72	60
72	63
72	70
72	71
72	73
72	74
72	75
72	76
72	77
72	79
72	80
72	81
73	22
73	44
73	55
73	57
73	58
73	60
73	63
73	70
73	71
73	72
73	74
73	77
73	78
73	79
73	80
73	81
74	10
74	29
74	53
74	57
74	60
74	63
74	71
74	72
74	73
74	75
74	76
74	77
74	78
74	79
74	80
74	81
75	13
75	36
75	53
75	57
75	58
75	60
75	63
75	71
75	72
75	74
75	76
75	77
75	78
75	79
75	80
75	81
76	25
76	53
76	54
76	55
76	58
76	60
76	63
76	70
76	71
76	72
76	74
76	75
76	77
76	78
76	79
76	80
76	81
77	50
77	53
77	57
77	58
77	60
77	63
77	68
77	70
77	71
77	72
77	73
77	74
77	75
77	76
77	78
77	80
77	81
78	29
78	53
78	55
78	57
78	58
78	59
78	63
78	70
78	71
78	73
78	74
78	75
78	76
78	77
78	79
78	80
78	81
79	29
79	53
79	55
79	57
79	58
79	60
79	63
79	66
79	70
79	71
79	72
79	73
79	74
79	75
79	76
79	78
79	80
79	81
80	29
80	34
80	42
80	55
80	57
80	58
80	60
80	63
80	70
80	71
80	72
80	73
80	74
80	75
80	76
80	77
80	78
80	79
80	81
81	29
81	43
81	48
81	53
81	55
81	57
81	58
81	60
81	63
81	70
81	71
81	72
81	73
81	74
81	75
81	76
81	77
81	78
81	79
81	80
