1	15
1	28
1	56
1	75
1	77
1	78
2	9
2	16
2	23
2	29
2	32
2	75
3	9
3	16
3	19
3	29
3	32
3	38
4	53
4	55
4	63
4	64
4	73
4	78
5	57
5	59
5	68
5	73
5	75
5	77
6	44
6	55
6	61
6	63
6	64
6	73
7	34
7	59
7	68
7	69
7	75
7	78
8	11
8	35
8	39
8	47
8	50
8	81
9	2
9	3
9	19
9	23
9	29
9	32
10	12
10	33
10	39
10	67
10	71
10	81
11	8
11	51
11	52
11	60
11	71
11	81
12	10
12	25
12	42
12	60
12	71
12	81
13	27
13	36
13	38
13	40
13	43
13	45
14	66
14	72
14	74
14	76
14	79
14	80
15	1
15	46
15	57
15	58
15	69
15	78
16	2
16	3
16	23
16	29
16	32
16	81
17	42
17	47
17	52
17	67
17	71
17	81
18	26
18	36
18	38
18	40
18	43
18	45
19	3
19	9
19	23
19	29
19	32
19	48
20	59
20	65
20	72
20	76
20	79
20	80
21	41
21	53
21	55
21	63
21	64
21	70
21	73
22	54
22	62
22	66
22	74
22	76
22	79
22	80
23	2
23	9
23	16
23	19
23	29
23	32
23	34
24	28
24	31
24	41
24	44
24	64
24	70
24	73
25	12
25	33
25	42
25	47
25	60
25	67
25	81
26	18
26	27
26	36
26	38
26	40
26	43
26	45
27	13
27	26
27	36
27	38
27	40
27	43
27	45
28	1
28	24
28	44
28	53
28	55
28	64
28	73
29	2
29	3
29	9
29	16
29	19
29	23
29	32
30	61
30	62
30	65
30	72
30	74
30	79
30	80
31	24
31	41
31	53
31	55
31	57
31	63
31	73
32	2
32	3
32	9
32	16
32	19
32	23
32	29
32	65
33	10
33	25
33	36
33	42
33	50
33	51
33	71
33	81
34	7
34	23
34	49
34	56
34	59
34	68
34	69
34	77
35	8
35	47
35	50
35	51
35	54
35	67
35	71
35	81
36	13
36	18
36	26
36	27
36	33
36	38
36	40
36	43
36	45
37	39
37	61
37	62
37	66
37	72
37	74
37	76
37	79
37	80
38	3
38	13
38	18
38	26
38	27
38	36
38	40
38	43
38	45
39	8
39	10
39	37
39	50
39	51
39	60
39	67
39	71
39	81
40	13
40	18
40	26
40	27
40	36
40	38
40	43
40	45
40	64
41	21
41	24
41	31
41	44
41	45
41	55
41	63
41	64
41	73
42	12
42	17
42	25
42	33
42	50
42	51
42	63
42	67
42	81
43	13
43	18
43	26
43	27
43	36
43	38
43	40
43	45
43	63
44	6
44	24
44	28
44	41
44	53
44	56
44	63
44	64
44	73
45	13
45	18
45	26
45	27
45	36
45	38
45	40
45	41
45	43
46	15
46	54
46	61
46	62
46	65
46	72
46	74
46	76
46	79
46	80
47	8
47	17
47	25
47	35
47	52
47	60
47	67
47	71
47	72
47	81
48	19
48	49
48	58
48	59
48	68
48	69
48	70
48	75
48	77
48	78
49	34
49	48
49	56
49	57
49	58
49	69
49	70
49	75
49	76
49	77
50	8
50	33
50	35
50	39
50	42
50	52
50	53
50	60
50	71
50	81
51	11
51	33
51	35
51	39
51	42
51	52
51	60
51	67
51	69
51	81
52	11
52	17
52	47
52	50
52	51
52	60
52	67
52	71
52	74
52	81
53	4
53	21
53	28
53	31
53	44
53	50
53	55
53	63
53	64
53	73
54	22
54	35
54	46
54	61
54	62
54	65
54	66
54	72
54	76
54	79
54	80
55	4
55	6
55	21
55	28
55	31
55	41
55	53
55	63
55	64
55	66
55	73
56	1
56	34
56	44
56	49
56	57
56	58
56	68
56	70
56	75
56	77
56	78
57	5
57	15
57	31
57	49
57	56
57	68
57	69
57	70
57	75
57	77
57	78
58	15
58	48
58	49
58	56
58	59
58	68
58	70
58	75
58	77
58	78
58	80
59	5
59	7
59	20
59	34
59	48
59	58
59	68
59	69
59	70
59	75
59	77
59	78
60	11
60	12
60	25
60	39
60	47
60	50
60	51
60	52
60	67
60	71
60	78
60	81
61	6
61	30
61	37
61	46
61	54
61	65
61	66
61	72
61	74
61	76
61	79
61	80
62	22
62	30
62	37
62	46
62	54
62	64
62	65
62	66
62	72
62	74
62	79
62	80
63	4
63	6
63	21
63	31
63	41
63	42
63	43
63	44
63	53
63	55
63	64
63	73
64	4
64	6
64	21
64	24
64	28
64	40
64	41
64	44
64	53
64	55
64	62
64	63
64	73
65	20
65	30
65	32
65	46
65	54
65	61
65	62
65	66
65	72
65	74
65	76
65	79
65	80
66	14
66	22
66	37
66	54
66	55
66	61
66	62
66	65
66	73
66	74
66	76
66	79
66	80
67	10
67	17
67	25
67	35
67	39
67	42
67	47
67	51
67	52
67	60
67	71
67	76
67	81
68	5
68	7
68	34
68	48
68	56
68	57
68	58
68	59
68	69
68	70
68	77
68	78
68	81
69	7
69	15
69	34
69	48
69	49
69	51
69	57
69	59
69	68
69	70
69	75
69	77
69	78
70	21
70	24
70	48
70	49
70	56
70	57
70	58
70	59
70	68
70	69
70	75
70	77
70	78
71	10
71	11
71	12
71	17
71	33
71	35
71	39
71	47
71	50
71	52
71	60
71	67
71	80
71	81
72	14
72	20
72	30
72	37
72	46
72	47
72	54
72	61
72	62
72	65
72	74
72	76
72	79
72	80
73	4
73	5
73	6
73	21
73	24
73	28
73	31
73	41
73	44
73	53
73	55
73	63
73	64
73	66
74	14
74	22
74	30
74	37
74	46
74	52
74	61
74	62
74	65
74	66
74	72
74	76
74	79
74	80
75	1
75	2
75	5
75	7
75	48
75	49
75	56
75	57
75	58
75	59
75	69
75	70
75	77
75	78
76	14
76	20
76	22
76	37
76	46
76	49
76	54
76	61
76	65
76	66
76	67
76	72
76	74
76	79
76	80
77	1
77	5
77	34
77	48
77	49
77	56
77	57
77	58
77	59
77	68
77	69
77	70
77	75
77	78
77	79
78	1
78	4
78	7
78	15
78	48
78	56
78	57
78	58
78	59
78	60
78	68
78	69
78	70
78	75
78	77
79	14
79	20
79	22
79	30
79	37
79	46
79	54
79	61
79	62
79	65
79	66
79	72
79	74
79	76
79	77
79	80
80	14
80	20
80	22
80	30
80	37
80	46
80	54
80	58
80	61
80	62
80	65
80	66
80	71
80	72
80	74
80	76
80	79
81	8
81	10
81	11
81	12
81	16
81	17
81	25
81	33
81	35
81	39
81	42
81	47
81	50
81	51
81	52
81	60
81	67
81	68
81	71
