1	16
1	24
1	28
1	43
1	69
1	75
2	9
2	68
2	72
2	73
2	74
2	78
3	40
3	53
3	68
3	72
3	73
3	78
4	34
4	36
4	50
4	52
4	75
4	76
5	8
5	34
5	35
5	40
5	45
5	58
6	25
6	42
6	44
6	51
6	59
6	62
7	38
7	41
7	46
7	73
7	74
7	78
8	5
8	34
8	37
8	45
8	58
8	81
9	2
9	61
9	72
9	73
9	74
9	78
10	70
10	71
10	77
10	79
10	80
10	81
11	64
11	70
11	77
11	79
11	80
11	81
12	31
12	36
12	39
12	52
12	55
12	69
13	39
13	52
13	55
13	58
13	69
13	76
14	33
14	34
14	37
14	41
14	53
14	58
15	17
15	48
15	49
15	51
15	58
15	59
15	62
16	1
16	52
16	55
16	63
16	69
16	75
16	76
17	15
17	25
17	44
17	48
17	49
17	51
17	62
18	29
18	35
18	61
18	68
18	72
18	74
18	78
19	24
19	67
19	71
19	77
19	79
19	80
19	81
20	53
20	61
20	69
20	72
20	73
20	74
20	78
21	25
21	26
21	28
21	39
21	63
21	75
21	76
22	46
22	56
22	68
22	72
22	73
22	74
22	78
23	33
23	37
23	40
23	41
23	45
23	58
23	75
24	1
24	19
24	55
24	63
24	69
24	75
24	76
25	6
25	17
25	21
25	42
25	49
25	59
25	62
26	21
26	31
26	43
26	50
26	63
26	64
26	75
26	76
27	42
27	44
27	48
27	49
27	51
27	59
27	62
27	76
28	1
28	21
28	33
28	39
28	55
28	63
28	69
28	75
29	18
29	65
29	67
29	71
29	77
29	79
29	80
29	81
30	60
30	66
30	70
30	71
30	77
30	79
30	80
30	81
31	12
31	26
31	32
31	52
31	63
31	69
31	75
31	76
32	31
32	43
32	52
32	63
32	69
32	74
32	75
32	76
33	14
33	23
33	28
33	37
33	40
33	41
33	45
33	58
34	4
34	5
34	8
34	14
34	37
34	40
34	41
34	45
34	58
35	5
35	18
35	56
35	61
35	68
35	72
35	73
35	74
35	78
36	4
36	12
36	43
36	50
36	63
36	66
36	69
36	75
36	76
37	8
37	14
37	23
37	33
37	34
37	40
37	41
37	45
37	58
38	7
38	47
38	53
38	56
38	68
38	72
38	73
38	74
38	78
39	12
39	13
39	21
39	28
39	55
39	69
39	73
39	75
39	76
40	3
40	5
40	23
40	33
40	34
40	37
40	41
40	45
40	58
41	7
41	14
41	23
41	33
41	34
41	37
41	40
41	45
41	58
42	6
42	25
42	27
42	44
42	48
42	51
42	55
42	59
42	62
43	1
43	26
43	32
43	36
43	50
43	69
43	70
43	75
43	76
44	6
44	17
44	27
44	42
44	48
44	49
44	51
44	59
44	62
44	66
45	5
45	8
45	23
45	33
45	34
45	37
45	40
45	41
45	57
45	58
46	7
46	22
46	56
46	61
46	68
46	72
46	73
46	74
46	77
46	78
47	38
47	60
47	64
47	65
47	66
47	67
47	77
47	79
47	80
47	81
48	15
48	17
48	27
48	42
48	44
48	49
48	51
48	59
48	62
48	78
49	15
49	17
49	25
49	27
49	44
49	48
49	51
49	59
49	60
49	62
50	4
50	26
50	36
50	43
50	52
50	55
50	56
50	63
50	75
50	76
51	6
51	15
51	17
51	27
51	42
51	44
51	48
51	49
51	54
51	59
51	62
52	4
52	12
52	13
52	16
52	31
52	32
52	50
52	63
52	68
52	69
52	76
53	3
53	14
53	20
53	38
53	56
53	61
53	68
53	72
53	73
53	74
53	78
54	51
54	65
54	66
54	67
54	70
54	71
54	74
54	77
54	79
54	80
54	81
55	12
55	13
55	16
55	24
55	28
55	39
55	42
55	50
55	69
55	75
55	76
56	22
56	35
56	38
56	46
56	50
56	53
56	61
56	68
56	72
56	73
56	74
56	78
57	45
57	60
57	64
57	65
57	66
57	67
57	70
57	71
57	77
57	79
57	80
57	81
58	5
58	8
58	13
58	14
58	15
58	23
58	33
58	34
58	37
58	40
58	41
58	45
59	6
59	15
59	25
59	27
59	42
59	44
59	48
59	49
59	51
59	62
59	71
59	79
60	30
60	47
60	49
60	57
60	64
60	66
60	67
60	70
60	71
60	77
60	79
60	80
60	81
61	9
61	18
61	20
61	35
61	46
61	53
61	56
61	68
61	71
61	72
61	73
61	74
61	78
62	6
62	15
62	17
62	25
62	27
62	42
62	44
62	48
62	49
62	51
62	59
62	69
62	73
63	16
63	21
63	24
63	26
63	28
63	31
63	32
63	36
63	50
63	52
63	70
63	75
63	76
63	80
64	11
64	26
64	47
64	57
64	60
64	65
64	66
64	67
64	70
64	71
64	77
64	79
64	80
64	81
65	29
65	47
65	54
65	57
65	64
65	66
65	67
65	70
65	71
65	76
65	77
65	79
65	80
65	81
66	30
66	36
66	44
66	47
66	54
66	57
66	60
66	64
66	65
66	67
66	70
66	71
66	77
66	79
66	80
66	81
67	19
67	29
67	47
67	54
67	57
67	60
67	64
67	65
67	66
67	70
67	71
67	72
67	77
67	79
67	80
67	81
68	2
68	3
68	18
68	22
68	35
68	38
68	46
68	52
68	53
68	56
68	61
68	72
68	73
68	74
68	78
68	80
69	1
69	12
69	13
69	16
69	20
69	24
69	28
69	31
69	32
69	36
69	39
69	43
69	52
69	55
69	62
69	75
69	76
70	10
70	11
70	30
70	43
70	54
70	57
70	60
70	63
70	64
70	65
70	66
70	67
70	71
70	77
70	78
70	79
70	80
70	81
71	10
71	19
71	29
71	30
71	54
71	57
71	59
71	60
71	61
71	64
71	65
71	66
71	67
71	70
71	77
71	79
71	80
71	81
72	2
72	3
72	9
72	18
72	20
72	22
72	35
72	38
72	46
72	53
72	56
72	61
72	67
72	68
72	73
72	74
72	78
72	79
73	2
73	3
73	7
73	9
73	20
73	22
73	35
73	38
73	39
73	46
73	53
73	56
73	61
73	62
73	68
73	72
73	74
73	78
74	2
74	7
74	9
74	18
74	20
74	22
74	32
74	35
74	38
74	46
74	53
74	54
74	56
74	61
74	68
74	72
74	73
74	78
75	1
75	4
75	16
75	21
75	23
75	24
75	26
75	28
75	31
75	32
75	36
75	39
75	43
75	50
75	55
75	63
75	69
75	76
75	81
76	4
76	13
76	16
76	21
76	24
76	26
76	27
76	31
76	32
76	36
76	39
76	43
76	50
76	52
76	55
76	63
76	65
76	69
76	75
77	10
77	11
77	19
77	29
77	30
77	46
77	47
77	54
77	57
77	60
77	64
77	65
77	66
77	67
77	70
77	71
77	79
77	80
77	81
78	2
78	3
78	7
78	9
78	18
78	20
78	22
78	35
78	38
78	46
78	48
78	53
78	56
78	61
78	68
78	70
78	72
78	73
78	74
79	10
79	11
79	19
79	29
79	30
79	47
79	54
79	57
79	59
79	60
79	64
79	65
79	66
79	67
79	70
79	71
79	72
79	77
79	80
79	81
80	10
80	11
80	19
80	29
80	30
80	47
80	54
80	57
80	60
80	63
80	64
80	65
80	66
80	67
80	68
80	70
80	71
80	77
80	79
80	81
81	8
81	10
81	11
81	19
81	29
81	30
81	47
81	54
81	57
81	60
81	64
81	65
81	66
81	67
81	70
81	71
81	75
81	77
81	79
81	80
