1	12
1	45
1	61
1	78
1	79
1	80
2	3
2	15
2	16
2	29
2	53
2	65
3	2
3	5
3	6
3	29
3	53
3	81
4	18
4	22
4	23
4	27
4	34
4	76
5	3
5	9
5	10
5	16
5	26
5	53
6	3
6	9
6	10
6	26
6	29
6	53
7	14
7	73
7	75
7	78
7	79
7	80
8	21
8	35
8	39
8	48
8	50
8	54
9	5
9	6
9	15
9	18
9	29
9	53
10	5
10	6
10	15
10	16
10	26
10	29
11	28
11	59
11	63
11	66
11	77
11	81
12	1
12	28
12	55
12	63
12	77
12	81
13	60
13	64
13	67
13	69
13	71
13	75
14	7
14	56
14	73
14	75
14	79
14	80
15	2
15	9
15	10
15	16
15	29
15	53
15	80
16	2
16	5
16	10
16	15
16	26
16	53
16	56
17	30
17	32
17	60
17	63
17	64
17	69
17	71
18	4
18	9
18	19
18	22
18	27
18	33
18	34
19	18
19	22
19	23
19	27
19	33
19	34
19	41
20	35
20	36
20	39
20	46
20	48
20	50
20	54
21	8
21	35
21	36
21	46
21	48
21	50
21	54
22	4
22	18
22	19
22	23
22	27
22	33
22	34
23	4
23	19
23	22
23	27
23	33
23	34
23	71
24	28
24	51
24	57
24	68
24	74
24	76
24	81
25	37
25	60
25	62
25	64
25	67
25	69
25	71
26	5
26	6
26	10
26	16
26	29
26	53
26	63
27	4
27	18
27	19
27	22
27	23
27	33
27	34
28	11
28	12
28	24
28	60
28	70
28	74
28	77
28	81
29	2
29	3
29	6
29	9
29	10
29	15
29	26
29	53
30	17
30	37
30	49
30	64
30	67
30	69
30	71
30	78
31	52
31	62
31	65
31	72
31	73
31	75
31	78
31	80
32	17
32	44
32	60
32	64
32	67
32	69
32	71
32	79
33	18
33	19
33	22
33	23
33	27
33	34
33	40
33	67
34	4
34	18
34	19
34	22
34	23
34	27
34	33
34	78
35	8
35	20
35	21
35	39
35	46
35	50
35	54
35	55
36	20
36	21
36	39
36	46
36	48
36	50
36	54
36	58
37	25
37	30
37	38
37	49
37	57
37	64
37	67
37	69
37	71
38	37
38	44
38	49
38	60
38	64
38	67
38	69
38	71
38	74
39	8
39	20
39	35
39	36
39	46
39	48
39	50
39	54
39	59
40	33
40	57
40	58
40	68
40	70
40	74
40	76
40	77
40	81
41	19
41	59
41	63
41	66
41	68
41	70
41	76
41	77
41	81
42	45
42	52
42	56
42	65
42	66
42	72
42	78
42	79
42	80
43	49
43	55
43	59
43	68
43	70
43	74
43	76
43	77
43	81
44	32
44	38
44	49
44	60
44	64
44	67
44	69
44	70
44	71
45	1
45	42
45	47
45	50
45	72
45	75
45	78
45	79
45	80
46	20
46	21
46	35
46	36
46	39
46	48
46	50
46	54
46	81
47	45
47	61
47	65
47	68
47	73
47	75
47	78
47	79
47	80
48	8
48	20
48	21
48	36
48	39
48	46
48	50
48	54
48	69
49	30
49	37
49	38
49	43
49	44
49	60
49	64
49	67
49	69
49	71
50	8
50	20
50	21
50	35
50	36
50	39
50	45
50	46
50	48
50	54
51	24
51	56
51	61
51	62
51	65
51	72
51	75
51	78
51	79
51	80
52	31
52	42
52	62
52	65
52	71
52	72
52	73
52	78
52	79
52	80
53	2
53	3
53	5
53	6
53	9
53	15
53	16
53	26
53	29
53	77
54	8
54	20
54	21
54	35
54	36
54	39
54	46
54	48
54	50
54	72
55	12
55	35
55	43
55	57
55	66
55	68
55	70
55	74
55	76
55	77
55	81
56	14
56	16
56	42
56	51
56	61
56	62
56	72
56	73
56	75
56	78
56	79
56	80
57	24
57	37
57	40
57	55
57	58
57	66
57	68
57	70
57	74
57	76
57	77
57	81
58	36
58	40
58	57
58	59
58	63
58	66
58	68
58	70
58	74
58	76
58	77
58	81
59	11
59	39
59	41
59	43
59	58
59	63
59	66
59	68
59	74
59	76
59	77
59	81
60	13
60	17
60	25
60	28
60	32
60	38
60	44
60	49
60	64
60	67
60	69
60	71
60	79
61	1
61	47
61	51
61	56
61	62
61	65
61	67
61	72
61	73
61	75
61	78
61	79
61	80
62	25
62	31
62	51
62	52
62	56
62	61
62	65
62	72
62	73
62	75
62	78
62	79
62	80
63	11
63	12
63	17
63	26
63	41
63	58
63	59
63	66
63	68
63	70
63	74
63	76
63	77
63	81
64	13
64	17
64	25
64	30
64	32
64	37
64	38
64	44
64	49
64	60
64	67
64	69
64	71
64	80
65	2
65	31
65	42
65	47
65	51
65	52
65	61
65	62
65	72
65	73
65	75
65	78
65	79
65	80
66	11
66	41
66	42
66	55
66	57
66	58
66	59
66	63
66	68
66	70
66	74
66	76
66	77
66	81
67	13
67	25
67	30
67	32
67	33
67	37
67	38
67	44
67	49
67	60
67	61
67	64
67	69
67	71
68	24
68	40
68	41
68	43
68	47
68	55
68	57
68	58
68	59
68	63
68	66
68	70
68	74
68	76
68	81
69	13
69	17
69	25
69	30
69	32
69	37
69	38
69	44
69	48
69	49
69	60
69	64
69	67
69	71
69	73
70	28
70	40
70	41
70	43
70	44
70	55
70	57
70	58
70	63
70	66
70	68
70	74
70	76
70	77
70	81
71	13
71	17
71	23
71	25
71	30
71	32
71	37
71	38
71	44
71	49
71	52
71	60
71	64
71	67
71	69
72	31
72	42
72	45
72	51
72	52
72	54
72	56
72	61
72	62
72	65
72	73
72	75
72	78
72	79
72	80
73	7
73	14
73	31
73	47
73	52
73	56
73	61
73	62
73	65
73	69
73	72
73	75
73	78
73	79
73	80
74	24
74	28
74	38
74	40
74	43
74	55
74	57
74	58
74	59
74	63
74	66
74	68
74	70
74	76
74	77
74	81
75	7
75	13
75	14
75	31
75	45
75	47
75	51
75	56
75	61
75	62
75	65
75	72
75	73
75	78
75	79
75	80
76	4
76	24
76	40
76	41
76	43
76	55
76	57
76	58
76	59
76	63
76	66
76	68
76	70
76	74
76	77
76	81
77	11
77	12
77	28
77	40
77	41
77	43
77	53
77	55
77	57
77	58
77	59
77	63
77	66
77	70
77	74
77	76
77	81
78	1
78	7
78	30
78	31
78	34
78	42
78	45
78	47
78	51
78	52
78	56
78	61
78	62
78	65
78	72
78	73
78	75
78	79
78	80
79	1
79	7
79	14
79	32
79	42
79	45
79	47
79	51
79	52
79	56
79	60
79	61
79	62
79	65
79	72
79	73
79	75
79	78
79	80
80	1
80	7
80	14
80	15
80	31
80	42
80	45
80	47
80	51
80	52
80	56
80	61
80	62
80	64
80	65
80	72
80	73
80	75
80	78
80	79
81	3
81	11
81	12
81	24
81	28
81	40
81	41
81	43
81	46
81	55
81	57
81	58
81	59
81	63
81	66
81	68
81	70
81	74
81	76
81	77
