1	65
1	69
1	70
1	74
1	75
1	76
2	43
2	46
2	53
2	54
2	59
2	60
3	31
3	38
3	58
3	70
3	74
3	75
4	52
4	55
4	63
4	64
4	67
4	81
5	6
5	77
5	78
5	79
5	80
5	81
6	5
6	28
6	53
6	54
6	59
6	60
7	49
7	65
7	69
7	70
7	74
7	75
8	9
8	17
8	22
8	32
8	40
8	79
9	8
9	17
9	21
9	30
9	32
9	40
10	16
10	18
10	29
10	34
10	38
10	65
11	21
11	22
11	30
11	32
11	40
11	76
12	33
12	58
12	69
12	70
12	74
12	75
13	23
13	49
13	65
13	69
13	74
13	75
13	80
14	18
14	26
14	27
14	29
14	34
14	38
14	67
15	42
15	49
15	65
15	69
15	70
15	74
15	75
16	10
16	26
16	27
16	29
16	34
16	38
16	72
17	8
17	9
17	21
17	22
17	30
17	32
17	40
18	10
18	14
18	27
18	29
18	34
18	38
18	57
19	37
19	43
19	46
19	53
19	54
19	59
19	60
20	35
20	46
20	47
20	53
20	54
20	59
20	60
21	9
21	11
21	17
21	22
21	30
21	32
21	40
22	8
22	11
22	17
22	21
22	30
22	32
22	40
23	13
23	42
23	65
23	69
23	70
23	74
23	75
23	77
24	31
24	49
24	58
24	65
24	69
24	70
24	74
24	75
25	50
25	56
25	57
25	62
25	63
25	64
25	67
25	81
26	14
26	16
26	27
26	29
26	34
26	38
26	46
26	67
27	14
27	16
27	18
27	26
27	29
27	34
27	38
27	70
28	6
28	35
28	37
28	46
28	54
28	59
28	60
28	61
29	10
29	14
29	16
29	18
29	26
29	27
29	34
29	38
30	9
30	11
30	17
30	21
30	22
30	32
30	40
30	66
31	3
31	24
31	42
31	58
31	65
31	69
31	70
31	74
31	75
32	8
32	9
32	11
32	17
32	21
32	22
32	30
32	40
32	73
33	12
33	72
33	73
33	76
33	77
33	78
33	79
33	80
33	81
34	10
34	14
34	16
34	18
34	26
34	27
34	29
34	38
34	80
35	20
35	28
35	37
35	46
35	53
35	54
35	59
35	60
35	63
36	37
36	72
36	73
36	76
36	77
36	78
36	79
36	80
36	81
37	19
37	28
37	35
37	36
37	43
37	53
37	54
37	59
37	60
38	3
38	10
38	14
38	16
38	18
38	26
38	27
38	29
38	34
39	45
39	47
39	52
39	55
39	62
39	63
39	64
39	67
39	75
40	8
40	9
40	11
40	17
40	21
40	22
40	30
40	32
40	74
41	45
41	50
41	52
41	55
41	56
41	57
41	62
41	63
41	64
42	15
42	23
42	31
42	58
42	65
42	69
42	70
42	74
42	75
43	2
43	19
43	37
43	46
43	53
43	54
43	59
43	60
43	68
44	49
44	71
44	72
44	73
44	76
44	77
44	78
44	79
44	80
44	81
45	39
45	41
45	55
45	56
45	57
45	62
45	63
45	64
45	67
45	79
46	2
46	19
46	20
46	26
46	28
46	35
46	43
46	53
46	59
46	60
47	20
47	39
47	50
47	52
47	56
47	57
47	62
47	63
47	64
47	67
48	69
48	71
48	72
48	73
48	76
48	77
48	78
48	79
48	80
48	81
49	7
49	13
49	15
49	24
49	44
49	58
49	65
49	69
49	74
49	75
50	25
50	41
50	47
50	55
50	56
50	57
50	59
50	62
50	63
50	64
50	67
51	64
51	66
51	71
51	72
51	73
51	76
51	77
51	78
51	79
51	80
51	81
52	4
52	39
52	41
52	47
52	56
52	57
52	62
52	63
52	64
52	67
52	70
52	78
53	2
53	6
53	19
53	20
53	35
53	37
53	43
53	46
53	54
53	59
53	60
53	78
54	2
54	6
54	19
54	20
54	28
54	35
54	37
54	43
54	53
54	55
54	59
54	60
55	4
55	39
55	41
55	45
55	50
55	54
55	56
55	57
55	62
55	63
55	64
55	67
56	25
56	41
56	45
56	47
56	50
56	52
56	55
56	62
56	63
56	64
56	67
56	77
57	18
57	25
57	41
57	45
57	47
57	50
57	52
57	55
57	62
57	63
57	64
57	67
58	3
58	12
58	24
58	31
58	42
58	49
58	65
58	69
58	70
58	71
58	74
58	75
59	2
59	6
59	19
59	20
59	28
59	35
59	37
59	43
59	46
59	50
59	53
59	54
59	60
60	2
60	6
60	19
60	20
60	28
60	35
60	37
60	43
60	46
60	53
60	54
60	59
60	74
61	28
61	66
61	68
61	71
61	72
61	73
61	76
61	77
61	78
61	79
61	80
61	81
62	25
62	39
62	41
62	45
62	47
62	50
62	52
62	55
62	56
62	57
62	63
62	64
62	67
62	73
63	4
63	25
63	35
63	39
63	41
63	45
63	47
63	50
63	52
63	55
63	56
63	57
63	62
63	67
64	4
64	25
64	39
64	41
64	45
64	47
64	50
64	51
64	52
64	55
64	56
64	57
64	62
64	67
65	1
65	7
65	10
65	13
65	15
65	23
65	24
65	31
65	42
65	49
65	58
65	69
65	70
65	74
65	75
66	30
66	51
66	61
66	68
66	71
66	72
66	73
66	76
66	77
66	78
66	79
66	80
66	81
67	4
67	14
67	25
67	26
67	39
67	45
67	47
67	50
67	52
67	55
67	56
67	57
67	62
67	63
67	64
68	43
68	61
68	66
68	71
68	72
68	73
68	75
68	76
68	77
68	78
68	79
68	80
68	81
69	1
69	7
69	12
69	13
69	15
69	23
69	24
69	31
69	42
69	48
69	49
69	58
69	65
69	70
69	74
69	75
70	1
70	3
70	7
70	12
70	15
70	23
70	24
70	27
70	31
70	42
70	52
70	58
70	65
70	69
70	74
70	75
71	44
71	48
71	51
71	58
71	61
71	66
71	68
71	72
71	73
71	76
71	77
71	78
71	79
71	80
71	81
72	16
72	33
72	36
72	44
72	48
72	51
72	61
72	66
72	68
72	71
72	73
72	76
72	77
72	78
72	79
72	80
72	81
73	32
73	33
73	36
73	44
73	48
73	51
73	61
73	62
73	66
73	68
73	71
73	72
73	76
73	77
73	78
73	79
73	80
73	81
74	1
74	3
74	7
74	12
74	13
74	15
74	23
74	24
74	31
74	40
74	42
74	49
74	58
74	60
74	65
74	69
74	70
74	75
75	1
75	3
75	7
75	12
75	13
75	15
75	23
75	24
75	31
75	39
75	42
75	49
75	58
75	65
75	68
75	69
75	70
75	74
76	1
76	11
76	33
76	36
76	44
76	48
76	51
76	61
76	66
76	68
76	71
76	72
76	73
76	77
76	78
76	79
76	80
76	81
77	5
77	23
77	33
77	36
77	44
77	48
77	51
77	56
77	61
77	66
77	68
77	71
77	72
77	73
77	76
77	78
77	79
77	80
77	81
78	5
78	33
78	36
78	44
78	48
78	51
78	52
78	53
78	61
78	66
78	68
78	71
78	72
78	73
78	76
78	77
78	79
78	80
78	81
79	5
79	8
79	33
79	36
79	44
79	45
79	48
79	51
79	61
79	66
79	68
79	71
79	72
79	73
79	76
79	77
79	78
79	80
79	81
80	5
80	13
80	33
80	34
80	36
80	44
80	48
80	51
80	61
80	66
80	68
80	71
80	72
80	73
80	76
80	77
80	78
80	79
80	81
81	4
81	5
81	25
81	33
81	36
81	44
81	48
81	51
81	61
81	66
81	68
81	71
81	72
81	73
81	76
81	77
81	78
81	79
81	80
