1	12
1	16
1	35
1	45
1	47
1	64
2	24
2	31
2	44
2	61
2	63
2	64
3	65
3	74
3	76
3	77
3	79
3	81
4	10
4	17
4	23
4	33
4	38
4	39
5	24
5	34
5	44
5	61
5	63
5	64
6	68
6	70
6	71
6	75
6	79
6	80
7	37
7	70
7	71
7	72
7	75
7	78
8	14
8	34
8	41
8	44
8	61
8	64
9	67
9	73
9	76
9	77
9	79
9	81
10	4
10	21
10	23
10	33
10	38
10	39
11	53
11	69
11	71
11	72
11	78
11	80
12	1
12	19
12	20
12	35
12	45
12	69
13	16
13	26
13	30
13	35
13	45
13	47
14	8
14	41
14	44
14	61
14	63
14	64
15	50
15	72
15	73
15	77
15	79
15	81
16	1
16	13
16	20
16	35
16	45
16	47
17	4
17	21
17	23
17	33
17	38
17	39
18	42
18	54
18	55
18	56
18	58
18	68
19	12
19	26
19	30
19	35
19	45
19	47
20	12
20	16
20	26
20	29
20	30
20	45
21	10
21	17
21	23
21	33
21	38
21	39
22	49
22	61
22	69
22	71
22	75
22	78
22	80
23	4
23	10
23	17
23	21
23	33
23	38
23	39
24	2
24	5
24	31
24	34
24	63
24	64
24	75
25	42
25	51
25	54
25	55
25	56
25	58
25	59
26	13
26	19
26	20
26	30
26	45
26	47
26	81
27	46
27	53
27	68
27	69
27	70
27	78
27	80
28	66
28	73
28	74
28	76
28	77
28	79
28	81
29	20
29	37
29	51
29	54
29	55
29	56
29	58
30	13
30	19
30	20
30	26
30	35
30	47
30	57
31	2
31	24
31	34
31	41
31	59
31	61
31	63
31	64
32	36
32	37
32	42
32	51
32	54
32	55
32	56
32	58
33	4
33	10
33	17
33	21
33	23
33	38
33	39
33	78
34	5
34	8
34	24
34	31
34	44
34	61
34	63
34	64
35	1
35	12
35	13
35	16
35	19
35	30
35	47
35	71
36	32
36	43
36	68
36	70
36	72
36	75
36	78
36	80
37	7
37	29
37	32
37	51
37	54
37	55
37	56
37	58
38	4
38	10
38	17
38	21
38	23
38	33
38	39
38	49
39	4
39	10
39	17
39	21
39	23
39	33
39	38
39	75
40	53
40	62
40	66
40	73
40	76
40	77
40	79
40	81
41	8
41	14
41	31
41	44
41	56
41	61
41	63
41	64
42	18
42	25
42	32
42	51
42	54
42	55
42	56
42	58
42	74
43	36
43	49
43	52
43	57
43	60
43	71
43	77
43	78
43	80
44	2
44	5
44	8
44	14
44	34
44	41
44	61
44	63
44	64
45	1
45	12
45	13
45	16
45	19
45	20
45	26
45	47
45	77
46	27
46	58
46	62
46	67
46	73
46	74
46	77
46	79
46	81
47	1
47	13
47	16
47	19
47	26
47	30
47	35
47	45
47	73
48	59
48	62
48	63
48	65
48	67
48	73
48	74
48	76
48	79
48	81
49	22
49	38
49	43
49	60
49	68
49	70
49	72
49	75
49	78
49	80
50	15
50	65
50	67
50	73
50	74
50	76
50	77
50	79
50	80
50	81
51	25
51	29
51	32
51	37
51	42
51	54
51	55
51	56
51	58
51	80
52	43
52	57
52	60
52	65
52	68
52	71
52	72
52	75
52	78
52	80
53	11
53	27
53	40
53	57
53	60
53	70
53	72
53	75
53	78
53	80
54	18
54	25
54	29
54	32
54	37
54	42
54	51
54	55
54	56
54	58
54	78
55	18
55	25
55	29
55	32
55	37
55	42
55	51
55	54
55	56
55	58
55	74
56	18
56	25
56	29
56	32
56	37
56	41
56	42
56	51
56	54
56	55
56	58
57	30
57	43
57	52
57	53
57	68
57	69
57	71
57	72
57	75
57	78
57	80
58	18
58	25
58	29
58	32
58	37
58	42
58	46
58	51
58	54
58	55
58	56
59	25
59	31
59	48
59	62
59	66
59	73
59	74
59	76
59	77
59	79
59	81
60	43
60	49
60	52
60	53
60	69
60	70
60	72
60	75
60	76
60	78
60	80
61	2
61	5
61	8
61	14
61	22
61	31
61	34
61	41
61	44
61	63
61	64
62	40
62	46
62	48
62	59
62	63
62	65
62	66
62	73
62	74
62	76
62	79
62	81
63	2
63	5
63	14
63	24
63	31
63	34
63	41
63	44
63	48
63	61
63	62
63	64
64	1
64	2
64	5
64	8
64	14
64	24
64	31
64	34
64	41
64	44
64	61
64	63
65	3
65	48
65	50
65	52
65	62
65	66
65	67
65	74
65	76
65	77
65	79
65	81
66	28
66	40
66	59
66	62
66	65
66	67
66	69
66	73
66	74
66	76
66	77
66	79
66	81
67	9
67	46
67	48
67	50
67	65
67	66
67	72
67	73
67	74
67	76
67	77
67	79
67	81
68	6
68	18
68	27
68	36
68	49
68	52
68	57
68	69
68	71
68	72
68	75
68	78
68	80
69	11
69	12
69	22
69	27
69	57
69	60
69	66
69	68
69	70
69	71
69	72
69	75
69	78
69	80
70	6
70	7
70	27
70	36
70	49
70	53
70	60
70	69
70	71
70	72
70	75
70	76
70	80
70	81
71	6
71	7
71	11
71	22
71	35
71	43
71	52
71	57
71	68
71	69
71	70
71	75
71	78
71	80
72	7
72	11
72	15
72	36
72	49
72	52
72	53
72	57
72	60
72	67
72	68
72	69
72	70
72	75
72	78
72	80
73	9
73	15
73	28
73	40
73	46
73	47
73	48
73	50
73	59
73	62
73	66
73	67
73	74
73	76
73	77
73	79
73	81
74	3
74	28
74	42
74	46
74	48
74	50
74	55
74	59
74	62
74	65
74	66
74	67
74	73
74	76
74	77
74	79
74	81
75	6
75	7
75	22
75	24
75	36
75	39
75	49
75	52
75	53
75	57
75	60
75	68
75	69
75	70
75	71
75	72
75	78
75	80
76	3
76	9
76	28
76	40
76	48
76	50
76	59
76	60
76	62
76	65
76	66
76	67
76	70
76	73
76	74
76	77
76	79
76	81
77	3
77	9
77	15
77	28
77	40
77	43
77	45
77	46
77	50
77	59
77	65
77	66
77	67
77	73
77	74
77	76
77	79
77	81
78	7
78	11
78	22
78	27
78	33
78	36
78	43
78	49
78	52
78	53
78	54
78	57
78	60
78	68
78	69
78	71
78	72
78	75
78	80
79	3
79	6
79	9
79	15
79	28
79	40
79	46
79	48
79	50
79	59
79	62
79	65
79	66
79	67
79	73
79	74
79	76
79	77
79	81
80	6
80	11
80	22
80	27
80	36
80	43
80	49
80	50
80	51
80	52
80	53
80	57
80	60
80	68
80	69
80	70
80	71
80	72
80	75
80	78
81	3
81	9
81	15
81	26
81	28
81	40
81	46
81	48
81	50
81	59
81	62
81	65
81	66
81	67
81	70
81	73
81	74
81	76
81	77
81	79
