1	2
1	3
1	4
1	7
1	10
1	16
2	1
2	3
2	4
2	7
2	10
2	16
3	1
3	2
3	4
3	10
3	16
3	61
4	1
4	2
4	3
4	7
4	10
4	16
5	51
5	58
5	62
5	64
5	66
5	67
6	41
6	46
6	55
6	59
6	60
6	81
7	1
7	2
7	4
7	10
7	16
7	56
8	12
8	38
8	47
8	55
8	59
8	60
9	11
9	13
9	14
9	22
9	26
9	35
9	79
10	1
10	2
10	3
10	4
10	7
10	16
10	17
11	9
11	13
11	14
11	17
11	22
11	26
11	35
12	8
12	36
12	40
12	46
12	47
12	59
12	60
13	9
13	11
13	14
13	17
13	22
13	26
13	35
14	9
14	11
14	13
14	17
14	22
14	26
14	35
15	24
15	25
15	33
15	69
15	73
15	77
15	80
16	1
16	2
16	3
16	4
16	7
16	10
16	78
17	10
17	11
17	13
17	14
17	22
17	26
17	35
18	30
18	38
18	41
18	47
18	55
18	59
18	60
19	27
19	49
19	72
19	75
19	76
19	79
19	81
20	72
20	73
20	75
20	76
20	78
20	79
20	81
21	52
21	61
21	68
21	71
21	74
21	77
21	80
22	9
22	11
22	13
22	14
22	17
22	26
22	35
22	76
23	56
23	59
23	72
23	73
23	76
23	78
23	79
23	81
24	15
24	44
24	63
24	68
24	69
24	71
24	77
24	80
25	15
25	40
25	51
25	61
25	71
25	74
25	77
25	80
26	9
26	11
26	13
26	14
26	17
26	22
26	35
26	36
27	19
27	56
27	70
27	75
27	77
27	78
27	79
27	81
28	70
28	72
28	73
28	75
28	76
28	78
28	79
28	81
29	44
29	51
29	61
29	68
29	71
29	74
29	77
29	80
30	18
30	38
30	46
30	47
30	55
30	59
30	60
30	68
31	42
31	43
31	53
31	57
31	64
31	65
31	66
31	67
32	69
32	70
32	72
32	75
32	76
32	78
32	79
32	81
33	15
33	57
33	68
33	69
33	71
33	74
33	77
33	80
34	61
34	65
34	68
34	69
34	71
34	74
34	77
34	80
35	9
35	11
35	13
35	14
35	17
35	22
35	26
35	62
36	12
36	26
36	38
36	41
36	46
36	55
36	59
36	60
37	45
37	58
37	70
37	72
37	73
37	75
37	78
37	79
37	81
38	8
38	18
38	30
38	36
38	41
38	47
38	55
38	59
38	60
39	49
39	50
39	53
39	62
39	63
39	64
39	65
39	67
39	81
40	12
40	25
40	52
40	61
40	68
40	69
40	71
40	74
40	80
41	6
41	18
41	36
41	38
41	42
41	46
41	55
41	59
41	60
42	31
42	41
42	50
42	57
42	63
42	64
42	65
42	66
42	67
43	31
43	48
43	57
43	58
43	62
43	63
43	64
43	66
43	67
44	24
44	29
44	52
44	68
44	69
44	71
44	74
44	77
44	80
45	37
45	56
45	64
45	70
45	73
45	75
45	76
45	78
45	79
45	81
46	6
46	12
46	30
46	36
46	41
46	47
46	54
46	55
46	59
46	60
47	8
47	12
47	18
47	30
47	38
47	46
47	55
47	59
47	60
47	64
48	43
48	56
48	70
48	72
48	73
48	75
48	76
48	78
48	79
48	81
49	19
49	39
49	50
49	57
49	58
49	62
49	63
49	65
49	66
49	67
50	39
50	42
50	49
50	57
50	58
50	62
50	63
50	65
50	66
50	67
50	75
51	5
51	25
51	29
51	52
51	61
51	68
51	69
51	71
51	74
51	77
51	80
52	21
52	40
52	44
52	51
52	68
52	69
52	71
52	74
52	76
52	77
52	80
53	31
53	39
53	57
53	58
53	62
53	63
53	64
53	65
53	66
53	67
53	80
54	46
54	56
54	70
54	72
54	73
54	75
54	76
54	77
54	78
54	79
54	81
55	6
55	8
55	18
55	30
55	36
55	38
55	41
55	46
55	47
55	59
55	60
55	66
56	7
56	23
56	27
56	45
56	48
56	54
56	70
56	72
56	73
56	76
56	78
56	79
56	81
57	31
57	33
57	42
57	43
57	49
57	50
57	53
57	62
57	63
57	64
57	65
57	66
57	67
58	5
58	37
58	43
58	49
58	50
58	53
58	62
58	63
58	64
58	65
58	66
58	67
58	71
59	6
59	8
59	12
59	18
59	23
59	30
59	36
59	38
59	41
59	46
59	47
59	55
59	60
60	6
60	8
60	12
60	18
60	30
60	36
60	38
60	41
60	46
60	47
60	55
60	59
60	70
61	3
61	21
61	25
61	29
61	34
61	40
61	51
61	68
61	69
61	71
61	74
61	77
61	80
62	5
62	35
62	39
62	43
62	49
62	50
62	53
62	57
62	58
62	63
62	64
62	65
62	66
62	67
63	24
63	39
63	42
63	43
63	49
63	50
63	53
63	57
63	58
63	62
63	64
63	65
63	66
63	67
64	5
64	31
64	39
64	42
64	43
64	45
64	47
64	53
64	57
64	58
64	62
64	63
64	65
64	66
64	67
65	31
65	34
65	39
65	42
65	49
65	50
65	53
65	57
65	58
65	62
65	63
65	64
65	66
65	67
65	72
66	5
66	31
66	42
66	43
66	49
66	50
66	53
66	55
66	57
66	58
66	62
66	63
66	64
66	65
66	67
66	73
67	5
67	31
67	39
67	42
67	43
67	49
67	50
67	53
67	57
67	58
67	62
67	63
67	64
67	65
67	66
67	74
68	21
68	24
68	29
68	30
68	33
68	34
68	40
68	44
68	51
68	52
68	61
68	69
68	71
68	74
68	77
68	80
69	15
69	24
69	32
69	33
69	34
69	40
69	44
69	51
69	52
69	61
69	68
69	71
69	74
69	77
69	78
69	80
70	27
70	28
70	32
70	37
70	45
70	48
70	54
70	56
70	60
70	72
70	73
70	74
70	75
70	76
70	78
70	79
70	81
71	21
71	24
71	25
71	29
71	33
71	34
71	40
71	44
71	51
71	52
71	58
71	61
71	68
71	69
71	74
71	77
71	80
72	19
72	20
72	23
72	28
72	32
72	37
72	48
72	54
72	56
72	65
72	70
72	73
72	75
72	76
72	78
72	79
72	81
73	15
73	20
73	23
73	28
73	37
73	45
73	48
73	54
73	56
73	66
73	70
73	72
73	75
73	76
73	78
73	79
73	81
74	21
74	25
74	29
74	33
74	34
74	40
74	44
74	51
74	52
74	61
74	67
74	68
74	69
74	70
74	71
74	77
74	80
75	19
75	20
75	27
75	28
75	32
75	37
75	45
75	48
75	50
75	54
75	70
75	72
75	73
75	76
75	78
75	79
75	80
75	81
76	19
76	20
76	22
76	23
76	28
76	32
76	45
76	48
76	52
76	54
76	56
76	70
76	72
76	73
76	75
76	78
76	79
76	81
77	15
77	21
77	24
77	25
77	27
77	29
77	33
77	34
77	44
77	51
77	52
77	54
77	61
77	68
77	69
77	71
77	74
77	80
78	16
78	20
78	23
78	27
78	28
78	32
78	37
78	45
78	48
78	54
78	56
78	69
78	70
78	72
78	73
78	75
78	76
78	79
78	81
79	9
79	19
79	20
79	23
79	27
79	28
79	32
79	37
79	45
79	48
79	54
79	56
79	70
79	72
79	73
79	75
79	76
79	78
79	81
80	15
80	21
80	24
80	25
80	29
80	33
80	34
80	40
80	44
80	51
80	52
80	53
80	61
80	68
80	69
80	71
80	74
80	75
80	77
81	6
81	19
81	20
81	23
81	27
81	28
81	32
81	37
81	39
81	45
81	48
81	54
81	56
81	70
81	72
81	73
81	75
81	76
81	78
81	79
