1	59
1	60
1	61
1	62
1	68
1	69
2	16
2	18
2	20
2	34
2	48
2	53
3	35
3	45
3	67
3	77
3	79
3	81
4	7
4	16
4	20
4	34
4	48
4	53
5	25
5	58
5	64
5	72
5	73
5	78
6	14
6	42
6	51
6	63
6	70
6	78
7	4
7	23
7	24
7	48
7	53
7	54
8	26
8	45
8	71
8	75
8	76
8	80
9	28
9	43
9	54
9	71
9	76
9	80
10	44
10	49
10	58
10	67
10	79
10	81
11	38
11	45
11	73
11	77
11	79
11	81
12	41
12	51
12	60
12	68
12	69
12	81
13	42
13	55
13	65
13	72
13	74
13	78
14	6
14	58
14	63
14	70
14	72
14	74
15	54
15	66
15	71
15	75
15	76
15	80
16	2
16	4
16	20
16	33
16	34
16	53
17	21
17	54
17	68
17	75
17	76
17	80
18	2
18	23
18	24
18	34
18	48
18	64
19	65
19	67
19	73
19	77
19	79
19	81
20	2
20	4
20	16
20	34
20	48
20	53
21	17
21	54
21	66
21	75
21	76
21	80
22	26
22	66
22	71
22	75
22	76
22	80
23	7
23	18
23	24
23	40
23	48
23	53
24	7
24	18
24	23
24	48
24	53
24	79
25	5
25	30
25	64
25	70
25	72
25	74
25	78
26	8
26	22
26	66
26	71
26	75
26	77
26	80
27	44
27	49
27	62
27	67
27	73
27	77
27	81
28	9
28	54
28	56
28	66
28	75
28	76
28	80
29	50
29	52
29	67
29	73
29	77
29	79
29	81
30	25
30	45
30	49
30	50
30	73
30	79
30	81
31	44
31	55
31	61
31	64
31	70
31	74
31	78
32	36
32	51
32	57
32	60
32	62
32	68
32	69
33	16
33	39
33	50
33	73
33	77
33	79
33	81
34	2
34	4
34	16
34	18
34	20
34	48
34	53
35	3
35	41
35	47
35	57
35	59
35	68
35	69
36	32
36	53
36	59
36	60
36	62
36	68
36	69
37	61
37	64
37	65
37	68
37	70
37	72
37	74
37	78
38	11
38	39
38	67
38	69
38	73
38	77
38	79
38	81
39	33
39	38
39	41
39	67
39	73
39	77
39	79
39	81
40	23
40	43
40	52
40	56
40	66
40	71
40	76
40	80
41	12
41	35
41	39
41	57
41	59
41	62
41	68
41	69
42	6
42	13
42	63
42	65
42	72
42	73
42	74
42	78
43	9
43	40
43	52
43	66
43	71
43	75
43	76
43	80
44	10
44	27
44	31
44	67
44	73
44	77
44	79
44	81
45	3
45	8
45	11
45	30
45	50
45	67
45	77
45	79
45	81
46	58
46	59
46	61
46	63
46	65
46	70
46	72
46	74
46	78
47	35
47	51
47	57
47	59
47	60
47	62
47	68
47	69
47	70
48	2
48	4
48	7
48	18
48	20
48	23
48	24
48	34
48	53
49	10
49	27
49	30
49	50
49	63
49	73
49	77
49	79
49	81
50	29
50	30
50	33
50	45
50	49
50	63
50	67
50	77
50	79
50	81
51	6
51	12
51	32
51	47
51	57
51	59
51	60
51	62
51	68
51	69
52	29
52	40
52	43
52	54
52	56
52	66
52	71
52	75
52	76
52	80
53	2
53	4
53	7
53	16
53	20
53	23
53	24
53	34
53	36
53	48
54	7
54	9
54	15
54	17
54	21
54	28
54	52
54	56
54	71
54	75
54	80
55	13
55	31
55	58
55	61
55	63
55	64
55	65
55	67
55	70
55	74
55	78
56	28
56	40
56	52
56	54
56	66
56	71
56	74
56	75
56	76
56	79
56	80
57	32
57	35
57	41
57	47
57	51
57	59
57	60
57	62
57	68
57	69
57	71
58	5
58	10
58	14
58	46
58	55
58	61
58	63
58	66
58	70
58	72
58	74
58	78
59	1
59	35
59	36
59	41
59	46
59	47
59	51
59	57
59	60
59	62
59	68
59	69
60	1
60	12
60	32
60	36
60	47
60	51
60	57
60	59
60	62
60	68
60	69
60	77
61	1
61	31
61	37
61	46
61	55
61	58
61	63
61	64
61	65
61	70
61	74
61	78
62	1
62	27
62	32
62	36
62	41
62	47
62	51
62	57
62	59
62	60
62	68
62	69
63	6
63	14
63	42
63	46
63	49
63	50
63	55
63	58
63	61
63	64
63	70
63	72
63	74
64	5
64	18
64	25
64	31
64	37
64	55
64	61
64	63
64	65
64	70
64	72
64	74
64	78
65	13
65	19
65	37
65	42
65	46
65	55
65	61
65	64
65	70
65	72
65	74
65	75
65	78
66	15
66	21
66	22
66	26
66	28
66	40
66	43
66	52
66	56
66	58
66	71
66	75
66	76
66	78
66	80
67	3
67	10
67	19
67	27
67	29
67	38
67	39
67	44
67	45
67	50
67	55
67	73
67	77
67	79
67	81
68	1
68	12
68	17
68	32
68	35
68	36
68	37
68	41
68	47
68	51
68	57
68	59
68	60
68	62
68	69
69	1
69	12
69	32
69	35
69	36
69	38
69	41
69	47
69	51
69	57
69	59
69	60
69	62
69	68
69	80
70	6
70	14
70	25
70	31
70	37
70	46
70	47
70	55
70	58
70	61
70	63
70	64
70	65
70	72
70	78
71	8
71	9
71	15
71	22
71	26
71	40
71	43
71	52
71	54
71	56
71	57
71	66
71	75
71	76
71	80
72	5
72	13
72	14
72	25
72	37
72	42
72	46
72	58
72	63
72	64
72	65
72	70
72	74
72	76
72	78
72	80
73	5
73	11
73	19
73	27
73	29
73	30
73	33
73	38
73	39
73	42
73	44
73	49
73	67
73	77
73	79
73	81
74	13
74	14
74	25
74	31
74	37
74	42
74	46
74	55
74	56
74	58
74	61
74	63
74	64
74	65
74	72
74	78
75	8
75	15
75	17
75	21
75	22
75	26
75	28
75	43
75	52
75	54
75	56
75	65
75	66
75	71
75	76
75	80
76	8
76	9
76	15
76	17
76	21
76	22
76	28
76	40
76	43
76	52
76	56
76	66
76	71
76	72
76	75
76	80
77	3
77	11
77	19
77	26
77	27
77	29
77	33
77	38
77	39
77	44
77	45
77	49
77	50
77	60
77	67
77	73
77	79
77	81
78	5
78	6
78	13
78	25
78	31
78	37
78	42
78	46
78	55
78	58
78	61
78	64
78	65
78	66
78	70
78	72
78	74
78	81
79	3
79	10
79	11
79	19
79	24
79	29
79	30
79	33
79	38
79	39
79	44
79	45
79	49
79	50
79	56
79	67
79	73
79	77
79	81
80	8
80	9
80	15
80	17
80	21
80	22
80	26
80	28
80	40
80	43
80	52
80	54
80	56
80	66
80	69
80	71
80	72
80	75
80	76
81	3
81	10
81	11
81	12
81	19
81	27
81	29
81	30
81	33
81	38
81	39
81	44
81	45
81	49
81	50
81	67
81	73
81	77
81	78
81	79
