1	17
1	28
1	30
1	34
1	36
1	38
2	42
2	50
2	67
2	69
2	72
2	79
3	46
3	55
3	56
3	57
3	58
3	60
4	43
4	55
4	57
4	58
4	60
4	61
5	6
5	7
5	8
5	9
5	22
5	24
6	5
6	7
6	8
6	9
6	22
6	24
7	5
7	6
7	9
7	22
7	24
7	77
8	5
8	6
8	9
8	22
8	24
8	51
9	5
9	6
9	7
9	8
9	22
9	24
10	12
10	14
10	15
10	18
10	20
10	21
11	25
11	27
11	31
11	32
11	33
11	35
12	10
12	14
12	15
12	18
12	20
12	21
13	17
13	23
13	34
13	36
13	38
13	69
14	10
14	12
14	15
14	18
14	20
14	21
15	10
15	12
15	14
15	18
15	20
15	21
16	25
16	27
16	32
16	33
16	35
16	79
17	1
17	13
17	23
17	28
17	30
17	36
17	38
18	10
18	12
18	14
18	15
18	20
18	21
18	76
19	43
19	46
19	49
19	56
19	57
19	58
19	60
20	10
20	12
20	14
20	15
20	18
20	21
20	48
21	10
21	12
21	14
21	15
21	18
21	20
21	68
22	5
22	6
22	7
22	8
22	9
22	24
22	77
23	13
23	17
23	28
23	30
23	34
23	36
23	38
24	5
24	6
24	7
24	8
24	9
24	22
24	72
25	11
25	16
25	27
25	31
25	32
25	33
25	35
26	29
26	54
26	68
26	74
26	76
26	77
26	78
26	80
27	11
27	16
27	25
27	31
27	32
27	33
27	35
27	47
28	1
28	17
28	23
28	30
28	34
28	36
28	38
28	50
29	26
29	64
29	68
29	70
29	72
29	74
29	77
29	80
30	1
30	17
30	23
30	28
30	34
30	36
30	38
30	78
31	11
31	25
31	27
31	32
31	33
31	35
31	56
31	59
32	11
32	16
32	25
32	27
32	31
32	33
32	35
32	54
33	11
33	16
33	25
33	27
33	31
33	32
33	35
33	74
34	1
34	13
34	23
34	28
34	30
34	36
34	38
34	43
35	11
35	16
35	25
35	27
35	31
35	32
35	33
35	44
36	1
36	13
36	17
36	23
36	28
36	30
36	34
36	38
36	69
37	45
37	62
37	64
37	65
37	67
37	71
37	75
37	76
37	81
38	1
38	13
38	17
38	23
38	28
38	30
38	34
38	36
38	73
39	47
39	50
39	52
39	61
39	65
39	69
39	75
39	79
39	81
40	44
40	47
40	62
40	64
40	69
40	71
40	79
40	80
40	81
41	46
41	48
41	53
41	59
41	70
41	72
41	73
41	76
41	77
42	2
42	44
42	61
42	63
42	65
42	69
42	71
42	79
42	81
43	4
43	19
43	34
43	46
43	51
43	55
43	56
43	57
43	58
43	60
44	35
44	40
44	42
44	47
44	50
44	67
44	71
44	75
44	79
44	81
45	37
45	61
45	62
45	64
45	67
45	69
45	71
45	75
45	79
45	81
46	3
46	19
46	41
46	43
46	51
46	55
46	56
46	57
46	58
46	60
47	27
47	39
47	40
47	44
47	52
47	61
47	62
47	75
47	79
47	81
48	20
48	41
48	49
48	63
48	68
48	70
48	72
48	74
48	78
48	80
49	19
49	48
49	53
49	66
49	68
49	73
49	76
49	77
49	78
49	80
50	2
50	28
50	39
50	44
50	61
50	65
50	71
50	75
50	79
50	81
51	8
51	43
51	46
51	55
51	56
51	57
51	58
51	60
52	39
52	47
52	57
52	62
52	64
52	65
52	67
52	75
52	79
52	81
53	41
53	49
53	62
53	72
53	73
53	74
53	76
53	77
53	78
53	80
54	26
54	32
54	68
54	70
54	73
54	74
54	76
54	77
54	78
54	80
55	3
55	4
55	43
55	46
55	51
55	56
55	57
55	58
55	60
55	65
56	3
56	19
56	31
56	43
56	46
56	51
56	55
56	57
56	58
56	60
57	3
57	4
57	19
57	43
57	46
57	51
57	52
57	55
57	56
57	58
57	60
58	3
58	4
58	19
58	43
58	46
58	51
58	55
58	56
58	57
58	60
58	71
59	31
59	41
59	63
59	66
59	70
59	72
59	74
59	76
59	77
59	78
59	80
60	3
60	4
60	19
60	43
60	46
60	51
60	55
60	56
60	57
60	58
60	66
60	81
61	4
61	39
61	42
61	45
61	47
61	50
61	64
61	69
61	71
61	75
61	79
61	81
62	37
62	40
62	45
62	47
62	52
62	53
62	64
62	67
62	69
62	71
62	75
62	81
63	42
63	48
63	59
63	66
63	68
63	70
63	72
63	73
63	74
63	76
63	77
63	78
63	80
64	29
64	37
64	40
64	45
64	52
64	61
64	62
64	65
64	67
64	69
64	71
64	79
64	81
65	37
65	39
65	42
65	50
65	52
65	55
65	64
65	67
65	69
65	71
65	75
65	79
65	81
66	49
66	59
66	60
66	63
66	68
66	70
66	72
66	73
66	74
66	76
66	77
66	78
66	80
67	2
67	37
67	44
67	45
67	52
67	62
67	64
67	65
67	69
67	71
67	73
67	75
67	79
67	81
68	21
68	26
68	29
68	48
68	49
68	54
68	63
68	66
68	72
68	73
68	74
68	76
68	77
68	78
68	80
69	2
69	13
69	36
69	39
69	40
69	42
69	45
69	61
69	62
69	64
69	65
69	67
69	75
69	79
69	81
70	29
70	41
70	48
70	54
70	59
70	63
70	66
70	72
70	73
70	74
70	75
70	76
70	77
70	78
70	80
71	37
71	40
71	42
71	44
71	45
71	50
71	58
71	61
71	62
71	64
71	65
71	67
71	75
71	79
71	81
72	2
72	24
72	29
72	41
72	48
72	53
72	59
72	63
72	66
72	68
72	70
72	73
72	74
72	76
72	78
72	80
73	38
73	41
73	49
73	53
73	54
73	63
73	66
73	67
73	68
73	70
73	72
73	74
73	76
73	77
73	78
73	80
74	26
74	29
74	33
74	48
74	53
74	54
74	59
74	63
74	66
74	68
74	70
74	72
74	73
74	76
74	77
74	78
74	80
75	37
75	39
75	44
75	45
75	47
75	50
75	52
75	61
75	62
75	65
75	67
75	69
75	70
75	71
75	79
75	80
75	81
76	18
76	26
76	37
76	41
76	49
76	53
76	54
76	59
76	63
76	66
76	68
76	70
76	72
76	73
76	74
76	77
76	78
76	80
77	7
77	22
77	26
77	29
77	41
77	49
77	53
77	54
77	59
77	63
77	66
77	68
77	70
77	73
77	74
77	76
77	78
77	80
78	26
78	30
78	48
78	49
78	53
78	54
78	59
78	63
78	66
78	68
78	70
78	72
78	73
78	74
78	76
78	77
78	80
78	81
79	2
79	16
79	39
79	40
79	42
79	44
79	45
79	47
79	50
79	52
79	61
79	64
79	65
79	67
79	69
79	71
79	75
79	81
80	26
80	29
80	40
80	48
80	49
80	53
80	54
80	59
80	63
80	66
80	68
80	70
80	72
80	73
80	74
80	75
80	76
80	77
80	78
81	37
81	39
81	40
81	42
81	44
81	45
81	47
81	50
81	52
81	60
81	61
81	62
81	64
81	65
81	67
81	69
81	71
81	75
81	78
81	79
