1	57
1	63
1	70
1	74
1	80
1	81
2	3
2	8
2	16
2	21
2	30
2	31
3	2
3	16
3	21
3	30
3	31
3	80
4	44
4	50
4	76
4	77
4	78
4	79
5	7
5	14
5	17
5	23
5	28
5	74
6	42
6	65
6	68
6	69
6	71
6	72
7	5
7	14
7	17
7	19
7	23
7	28
8	2
8	18
8	21
8	30
8	31
8	66
9	48
9	56
9	57
9	60
9	62
9	69
10	11
10	45
10	68
10	69
10	71
10	72
11	10
11	39
11	40
11	49
11	76
11	78
12	24
12	56
12	57
12	60
12	61
12	62
13	42
13	52
13	58
13	77
13	78
13	79
14	5
14	7
14	19
14	23
14	28
14	40
15	52
15	75
15	76
15	77
15	78
15	79
16	2
16	3
16	18
16	30
16	31
16	61
17	5
17	7
17	19
17	23
17	28
17	64
18	8
18	16
18	21
18	30
18	31
18	49
19	7
19	14
19	17
19	23
19	28
19	45
20	59
20	65
20	68
20	69
20	71
20	72
21	2
21	3
21	8
21	18
21	30
21	31
22	65
22	68
22	69
22	71
22	72
22	81
23	5
23	7
23	14
23	17
23	19
23	28
24	12
24	43
24	47
24	50
24	57
24	60
24	61
25	59
25	65
25	68
25	69
25	71
25	72
25	73
26	64
26	66
26	67
26	74
26	75
26	80
26	81
27	47
27	56
27	57
27	60
27	61
27	62
27	73
28	5
28	7
28	14
28	17
28	19
28	23
28	77
29	51
29	64
29	66
29	70
29	73
29	74
29	75
29	80
30	2
30	3
30	8
30	16
30	18
30	21
30	31
30	69
31	2
31	3
31	8
31	16
31	18
31	21
31	30
31	71
32	36
32	40
32	52
32	58
32	63
32	76
32	78
32	79
33	42
33	54
33	59
33	65
33	68
33	69
33	71
33	72
34	38
34	63
34	64
34	66
34	67
34	70
34	80
34	81
35	43
35	47
35	48
35	56
35	57
35	60
35	61
35	62
36	32
36	38
36	51
36	52
36	67
36	76
36	77
36	79
37	46
37	48
37	64
37	67
37	73
37	75
37	80
37	81
38	34
38	36
38	50
38	58
38	76
38	77
38	78
38	79
39	11
39	44
39	50
39	58
39	76
39	77
39	78
39	79
40	11
40	14
40	32
40	58
40	76
40	77
40	78
40	79
41	63
41	67
41	70
41	73
41	74
41	75
41	80
41	81
42	6
42	13
42	33
42	54
42	59
42	68
42	71
42	72
43	24
43	35
43	48
43	56
43	60
43	61
43	62
43	72
44	4
44	39
44	49
44	51
44	58
44	74
44	77
44	78
44	79
45	10
45	19
45	54
45	59
45	65
45	68
45	69
45	71
45	72
46	37
46	53
46	55
46	60
46	73
46	74
46	75
46	80
46	81
47	24
47	27
47	35
47	48
47	56
47	57
47	60
47	61
47	62
48	9
48	35
48	37
48	43
48	47
48	57
48	60
48	61
48	62
49	11
49	18
49	44
49	51
49	52
49	76
49	77
49	78
49	79
50	4
50	24
50	38
50	39
50	51
50	76
50	77
50	78
50	79
51	29
51	36
51	44
51	49
51	50
51	76
51	77
51	78
51	79
52	13
52	15
52	32
52	36
52	49
52	58
52	77
52	78
52	79
53	46
53	63
53	67
53	70
53	73
53	75
53	76
53	80
53	81
54	33
54	42
54	45
54	59
54	65
54	68
54	69
54	71
54	72
54	78
55	46
55	62
55	63
55	66
55	70
55	73
55	74
55	75
55	80
55	81
56	9
56	12
56	27
56	35
56	43
56	47
56	57
56	60
56	61
56	62
56	72
57	1
57	9
57	12
57	24
57	27
57	35
57	47
57	48
57	56
57	61
57	62
58	13
58	32
58	38
58	39
58	40
58	44
58	52
58	59
58	76
58	77
58	78
58	79
59	20
59	25
59	33
59	42
59	45
59	54
59	58
59	65
59	68
59	69
59	71
59	72
60	9
60	12
60	24
60	27
60	35
60	43
60	46
60	47
60	48
60	56
60	61
60	62
61	12
61	16
61	24
61	27
61	35
61	43
61	47
61	48
61	56
61	57
61	60
61	62
62	9
62	12
62	27
62	35
62	43
62	47
62	48
62	55
62	56
62	57
62	60
62	61
63	1
63	32
63	34
63	41
63	53
63	55
63	66
63	67
63	73
63	74
63	75
63	80
63	81
64	17
64	26
64	29
64	34
64	37
64	66
64	67
64	70
64	73
64	74
64	75
64	80
64	81
65	6
65	20
65	22
65	25
65	33
65	45
65	54
65	59
65	68
65	69
65	71
65	72
65	77
66	8
66	26
66	29
66	34
66	55
66	63
66	64
66	67
66	70
66	73
66	75
66	76
66	80
66	81
67	26
67	34
67	36
67	37
67	41
67	53
67	63
67	64
67	66
67	70
67	74
67	75
67	80
67	81
68	6
68	10
68	20
68	22
68	25
68	33
68	42
68	45
68	54
68	59
68	65
68	69
68	70
68	71
68	72
69	6
69	9
69	10
69	20
69	22
69	25
69	30
69	33
69	45
69	54
69	59
69	65
69	68
69	71
69	72
70	1
70	29
70	34
70	41
70	53
70	55
70	64
70	66
70	67
70	68
70	73
70	74
70	75
70	80
70	81
71	6
71	10
71	20
71	22
71	25
71	31
71	33
71	42
71	45
71	54
71	59
71	65
71	68
71	69
71	72
72	6
72	10
72	20
72	22
72	25
72	33
72	42
72	43
72	45
72	54
72	56
72	59
72	65
72	68
72	69
72	71
73	25
73	27
73	29
73	37
73	41
73	46
73	53
73	55
73	63
73	64
73	66
73	70
73	74
73	75
73	80
73	81
74	1
74	5
74	26
74	29
74	41
74	44
74	46
74	55
74	63
74	64
74	67
74	70
74	73
74	75
74	80
74	81
75	15
75	26
75	29
75	37
75	41
75	46
75	53
75	55
75	63
75	64
75	66
75	67
75	70
75	73
75	74
75	80
75	81
76	4
76	11
76	15
76	32
76	36
76	38
76	39
76	40
76	49
76	50
76	51
76	53
76	58
76	66
76	77
76	78
76	79
77	4
77	13
77	15
77	28
77	36
77	38
77	39
77	40
77	44
77	49
77	50
77	51
77	52
77	58
77	65
77	76
77	78
77	79
78	4
78	11
78	13
78	15
78	32
78	38
78	39
78	40
78	44
78	49
78	50
78	51
78	52
78	54
78	58
78	76
78	77
78	79
79	4
79	13
79	15
79	32
79	36
79	38
79	39
79	40
79	44
79	49
79	50
79	51
79	52
79	58
79	76
79	77
79	78
79	81
80	1
80	3
80	26
80	29
80	34
80	37
80	41
80	46
80	53
80	55
80	63
80	64
80	66
80	67
80	70
80	73
80	74
80	75
80	81
81	1
81	22
81	26
81	34
81	37
81	41
81	46
81	53
81	55
81	63
81	64
81	66
81	67
81	70
81	73
81	74
81	75
81	79
81	80
