1	14
1	55
1	60
1	61
1	71
1	78
2	15
2	28
2	44
2	65
2	69
2	76
3	15
3	41
3	61
3	65
3	67
3	76
4	12
4	18
4	68
4	74
4	75
4	78
5	15
5	48
5	67
5	69
5	76
5	78
6	19
6	72
6	76
6	77
6	80
6	81
7	25
7	64
7	68
7	71
7	74
7	78
8	51
8	60
8	73
8	77
8	80
8	81
9	35
9	36
9	40
9	50
9	70
9	74
10	22
10	27
10	45
10	62
10	63
10	79
11	20
11	72
11	75
11	77
11	80
11	81
12	4
12	19
12	53
12	68
12	74
12	78
13	26
13	46
13	47
13	62
13	79
13	80
14	1
14	50
14	53
14	61
14	64
14	71
14	74
15	2
15	3
15	5
15	54
15	65
15	67
15	69
16	53
16	64
16	68
16	71
16	73
16	74
16	78
17	24
17	35
17	36
17	40
17	50
17	52
17	70
18	4
18	22
18	55
18	61
18	64
18	71
18	78
19	6
19	12
19	33
19	38
19	58
19	60
19	81
20	11
20	38
20	56
20	73
20	77
20	80
20	81
21	22
21	26
21	30
21	56
21	63
21	66
21	79
22	10
22	18
22	21
22	42
22	62
22	63
22	79
23	41
23	57
23	59
23	60
23	73
23	80
23	81
24	17
24	37
24	43
24	49
24	51
24	70
24	78
25	7
25	32
25	53
25	61
25	68
25	71
25	78
26	13
26	21
26	46
26	63
26	66
26	67
26	79
27	10
27	42
27	53
27	56
27	62
27	66
27	79
28	2
28	41
28	44
28	54
28	67
28	69
28	76
29	45
29	46
29	47
29	56
29	63
29	66
29	79
30	21
30	61
30	64
30	68
30	71
30	74
30	78
31	57
31	58
31	70
31	72
31	75
31	80
31	81
32	25
32	34
32	41
32	55
32	65
32	69
32	76
33	19
33	68
33	73
33	75
33	77
33	80
33	81
34	32
34	43
34	48
34	54
34	65
34	67
34	69
34	76
35	9
35	17
35	39
35	40
35	49
35	50
35	51
35	70
36	9
36	17
36	37
36	39
36	43
36	45
36	52
36	70
37	24
37	36
37	39
37	40
37	49
37	52
37	70
37	79
38	19
38	20
38	57
38	72
38	75
38	77
38	80
38	81
39	35
39	36
39	37
39	43
39	51
39	52
39	70
39	81
40	9
40	17
40	35
40	37
40	50
40	51
40	52
40	70
41	3
41	23
41	28
41	32
41	65
41	67
41	69
41	76
42	22
42	27
42	56
42	57
42	62
42	63
42	66
42	79
43	24
43	34
43	36
43	39
43	49
43	50
43	52
43	70
44	2
44	28
44	48
44	54
44	67
44	69
44	76
44	81
45	10
45	29
45	36
45	46
45	47
45	62
45	66
45	79
46	13
46	26
46	29
46	45
46	56
46	66
46	74
46	79
47	13
47	29
47	45
47	56
47	62
47	63
47	66
47	77
47	79
48	5
48	34
48	44
48	54
48	59
48	65
48	67
48	69
48	76
49	24
49	35
49	37
49	43
49	50
49	51
49	52
49	66
49	70
50	9
50	14
50	17
50	35
50	40
50	43
50	49
50	51
50	70
51	8
51	24
51	35
51	39
51	40
51	49
51	50
51	52
51	70
52	17
52	36
52	37
52	39
52	40
52	43
52	49
52	51
52	63
52	70
53	12
53	14
53	16
53	25
53	27
53	55
53	61
53	71
53	74
53	78
54	15
54	28
54	34
54	44
54	48
54	65
54	67
54	69
54	76
54	79
55	1
55	18
55	32
55	53
55	61
55	64
55	68
55	71
55	74
55	78
56	20
56	21
56	27
56	29
56	42
56	46
56	47
56	62
56	63
56	79
57	23
57	31
57	38
57	42
57	58
57	59
57	72
57	73
57	75
57	80
57	81
58	19
58	31
58	57
58	59
58	65
58	72
58	73
58	75
58	77
58	80
58	81
59	23
59	48
59	57
59	58
59	60
59	72
59	73
59	75
59	77
59	80
59	81
60	1
60	8
60	19
60	23
60	59
60	72
60	73
60	75
60	77
60	80
60	81
61	1
61	3
61	14
61	18
61	25
61	30
61	53
61	55
61	64
61	68
61	74
61	78
62	10
62	13
62	22
62	27
62	42
62	45
62	47
62	56
62	63
62	66
62	72
62	79
63	10
63	21
63	22
63	26
63	29
63	42
63	47
63	52
63	56
63	62
63	66
63	79
64	7
64	14
64	16
64	18
64	30
64	55
64	61
64	68
64	71
64	74
64	77
64	78
65	2
65	3
65	15
65	32
65	34
65	41
65	48
65	54
65	58
65	67
65	69
65	76
66	21
66	26
66	27
66	29
66	42
66	45
66	46
66	47
66	49
66	62
66	63
66	72
66	79
67	3
67	5
67	15
67	26
67	28
67	34
67	41
67	44
67	48
67	54
67	65
67	69
67	76
68	4
68	7
68	12
68	16
68	25
68	30
68	33
68	55
68	61
68	64
68	71
68	74
68	78
69	2
69	5
69	15
69	28
69	32
69	34
69	41
69	44
69	48
69	54
69	65
69	67
69	75
69	76
70	9
70	17
70	24
70	31
70	35
70	36
70	37
70	39
70	40
70	43
70	49
70	50
70	51
70	52
71	1
71	7
71	14
71	16
71	18
71	25
71	30
71	53
71	55
71	64
71	68
71	73
71	74
71	76
72	6
72	11
72	31
72	38
72	57
72	58
72	59
72	60
72	62
72	66
72	73
72	75
72	77
72	80
72	81
73	8
73	16
73	20
73	23
73	33
73	57
73	58
73	59
73	60
73	71
73	72
73	75
73	77
73	80
73	81
74	4
74	7
74	9
74	12
74	14
74	16
74	30
74	46
74	53
74	55
74	61
74	64
74	68
74	71
74	78
75	4
75	11
75	31
75	33
75	38
75	57
75	58
75	59
75	60
75	69
75	72
75	73
75	77
75	80
75	81
76	2
76	3
76	5
76	6
76	28
76	32
76	34
76	41
76	44
76	48
76	54
76	65
76	67
76	69
76	71
77	6
77	8
77	11
77	20
77	33
77	38
77	47
77	58
77	59
77	60
77	64
77	72
77	73
77	75
77	80
77	81
78	1
78	4
78	5
78	7
78	12
78	16
78	18
78	24
78	25
78	30
78	53
78	55
78	61
78	64
78	68
78	74
79	10
79	13
79	21
79	22
79	26
79	27
79	29
79	37
79	42
79	45
79	46
79	47
79	54
79	56
79	62
79	63
79	66
80	6
80	8
80	11
80	13
80	20
80	23
80	31
80	33
80	38
80	57
80	58
80	59
80	60
80	72
80	73
80	75
80	77
80	81
81	6
81	8
81	11
81	19
81	20
81	23
81	31
81	33
81	38
81	39
81	44
81	57
81	58
81	59
81	60
81	72
81	73
81	75
81	77
81	80
