1	13
1	22
1	52
1	54
1	62
1	66
2	24
2	76
2	77
2	79
2	80
2	81
3	9
3	37
3	56
3	60
3	61
3	63
4	10
4	38
4	41
4	57
4	67
4	74
5	40
5	69
5	70
5	71
5	75
5	78
6	66
6	69
6	77
6	79
6	80
6	81
7	14
7	31
7	71
7	72
7	75
7	78
8	27
8	52
8	56
8	60
8	63
8	72
9	3
9	17
9	35
9	45
9	60
9	63
10	4
10	13
10	49
10	57
10	58
10	74
11	35
11	37
11	45
11	56
11	60
11	63
12	21
12	23
12	28
12	30
12	39
12	51
13	1
13	10
13	41
13	49
13	58
13	74
14	7
14	19
14	23
14	25
14	28
14	39
15	33
15	41
15	57
15	58
15	67
15	74
16	55
16	70
16	71
16	72
16	75
16	78
17	9
17	69
17	73
17	79
17	80
17	81
18	20
18	32
18	33
18	57
18	67
18	74
19	14
19	21
19	23
19	25
19	30
19	37
19	39
20	18
20	32
20	49
20	58
20	67
20	73
20	74
21	12
21	19
21	25
21	28
21	30
21	39
21	59
22	1
22	47
22	48
22	52
22	55
22	62
22	66
23	12
23	14
23	19
23	28
23	30
23	39
23	71
24	2
24	28
24	43
24	77
24	79
24	80
24	81
25	14
25	19
25	21
25	28
25	30
25	39
25	42
26	29
26	47
26	48
26	54
26	60
26	62
26	66
27	8
27	35
27	45
27	56
27	60
27	63
27	68
28	12
28	14
28	21
28	23
28	24
28	25
28	30
28	39
29	26
29	34
29	47
29	48
29	52
29	55
29	58
29	66
30	12
30	19
30	21
30	23
30	25
30	28
30	39
30	78
31	7
31	44
31	49
31	64
31	65
31	71
31	75
31	78
32	18
32	20
32	41
32	49
32	58
32	63
32	67
32	74
33	15
33	18
33	39
33	41
33	49
33	58
33	67
33	74
34	29
34	43
34	47
34	48
34	54
34	55
34	62
34	66
35	9
35	11
35	27
35	37
35	45
35	56
35	60
35	63
36	68
36	73
36	75
36	76
36	77
36	79
36	80
36	81
37	3
37	11
37	19
37	35
37	45
37	56
37	60
37	63
38	4
38	40
38	50
38	51
38	64
38	65
38	72
38	78
39	12
39	14
39	19
39	21
39	23
39	25
39	28
39	30
39	33
40	5
40	38
40	50
40	61
40	70
40	71
40	72
40	75
40	81
41	4
41	13
41	15
41	32
41	33
41	57
41	67
41	74
41	76
42	25
42	53
42	59
42	68
42	76
42	77
42	79
42	80
42	81
43	24
43	34
43	46
43	73
43	76
43	77
43	79
43	80
43	81
44	31
44	51
44	61
44	64
44	65
44	71
44	75
44	78
44	79
45	9
45	11
45	27
45	35
45	37
45	56
45	60
45	63
45	77
46	43
46	59
46	62
46	73
46	76
46	77
46	79
46	80
46	81
47	22
47	26
47	29
47	34
47	52
47	54
47	55
47	62
47	66
47	79
48	22
48	26
48	29
48	34
48	52
48	54
48	55
48	62
48	66
48	69
49	10
49	13
49	20
49	31
49	32
49	33
49	57
49	58
49	67
49	74
50	38
50	40
50	61
50	64
50	65
50	67
50	70
50	72
50	75
50	78
51	12
51	38
51	44
51	61
51	65
51	70
51	71
51	72
51	75
51	78
52	1
52	8
52	22
52	29
52	47
52	48
52	54
52	55
52	62
52	66
53	42
53	59
53	68
53	69
53	76
53	77
53	78
53	79
53	80
53	81
54	1
54	26
54	34
54	47
54	48
54	52
54	55
54	62
54	66
54	81
55	16
55	22
55	29
55	34
55	47
55	48
55	52
55	54
55	62
55	66
56	3
56	8
56	11
56	27
56	35
56	37
56	45
56	57
56	60
56	63
57	4
57	10
57	15
57	18
57	41
57	49
57	56
57	58
57	67
57	74
58	10
58	13
58	15
58	20
58	29
58	32
58	33
58	49
58	57
58	67
58	74
59	21
59	42
59	46
59	53
59	68
59	69
59	76
59	77
59	79
59	80
59	81
60	3
60	8
60	9
60	11
60	26
60	27
60	35
60	37
60	45
60	56
60	63
61	3
61	40
61	44
61	50
61	51
61	64
61	65
61	70
61	71
61	75
61	78
62	1
62	22
62	26
62	34
62	46
62	47
62	48
62	52
62	54
62	55
62	66
63	3
63	8
63	9
63	11
63	27
63	32
63	35
63	37
63	45
63	56
63	60
64	31
64	38
64	44
64	50
64	61
64	65
64	70
64	71
64	72
64	75
64	78
64	80
65	31
65	38
65	44
65	50
65	51
65	61
65	64
65	70
65	71
65	72
65	75
65	78
66	1
66	6
66	22
66	26
66	29
66	34
66	47
66	48
66	52
66	54
66	55
66	62
67	4
67	15
67	18
67	20
67	32
67	33
67	41
67	49
67	50
67	57
67	58
67	74
68	27
68	36
68	42
68	53
68	59
68	69
68	73
68	76
68	77
68	79
68	80
68	81
69	5
69	6
69	17
69	48
69	53
69	59
69	68
69	73
69	76
69	77
69	79
69	80
69	81
70	5
70	16
70	40
70	50
70	51
70	61
70	64
70	65
70	72
70	75
70	76
70	78
70	80
71	5
71	7
71	16
71	23
71	31
71	40
71	44
71	51
71	61
71	64
71	65
71	72
71	78
72	7
72	8
72	16
72	38
72	40
72	50
72	51
72	64
72	65
72	70
72	71
72	75
72	78
73	17
73	20
73	36
73	43
73	46
73	68
73	69
73	74
73	76
73	77
73	79
73	80
73	81
74	4
74	10
74	13
74	15
74	18
74	20
74	32
74	33
74	41
74	49
74	57
74	58
74	67
74	73
75	5
75	7
75	16
75	31
75	36
75	40
75	44
75	50
75	51
75	61
75	64
75	65
75	70
75	72
75	78
76	2
76	36
76	41
76	42
76	43
76	46
76	53
76	59
76	68
76	69
76	70
76	73
76	77
76	79
76	80
76	81
77	2
77	6
77	24
77	36
77	42
77	43
77	45
77	46
77	53
77	59
77	68
77	69
77	73
77	76
77	79
77	80
77	81
78	5
78	7
78	16
78	30
78	31
78	38
78	44
78	50
78	51
78	53
78	61
78	64
78	65
78	70
78	71
78	72
78	75
79	2
79	6
79	17
79	24
79	36
79	42
79	43
79	44
79	46
79	47
79	53
79	59
79	68
79	69
79	73
79	76
79	77
79	80
79	81
80	2
80	6
80	17
80	24
80	36
80	42
80	43
80	46
80	53
80	59
80	64
80	68
80	69
80	70
80	73
80	76
80	77
80	79
80	81
81	2
81	6
81	17
81	24
81	36
81	40
81	42
81	43
81	46
81	53
81	54
81	59
81	68
81	69
81	73
81	76
81	77
81	79
81	80
