1	28
1	32
1	48
1	49
1	50
1	57
2	44
2	49
2	50
2	52
2	57
2	74
3	62
3	63
3	65
3	69
3	70
3	76
4	19
4	63
4	66
4	70
4	73
4	78
5	31
5	56
5	67
5	69
5	71
5	81
6	36
6	58
6	71
6	74
6	77
6	81
7	35
7	72
7	75
7	76
7	79
7	80
8	20
8	21
8	37
8	42
8	51
8	60
9	20
9	29
9	63
9	65
9	73
9	78
10	35
10	59
10	72
10	75
10	76
10	80
11	19
11	65
11	66
11	69
11	73
11	78
12	56
12	67
12	74
12	77
12	79
12	81
13	54
13	63
13	66
13	70
13	73
13	78
14	27
14	55
14	58
14	67
14	77
14	81
15	22
15	33
15	46
15	50
15	51
15	60
16	54
16	61
16	68
16	76
16	79
16	80
17	26
17	48
17	49
17	50
17	52
17	57
18	26
18	28
18	32
18	48
18	52
18	63
19	4
19	11
19	63
19	65
19	66
19	71
19	78
20	8
20	9
20	22
20	25
20	33
20	46
20	60
21	8
21	33
21	37
21	42
21	46
21	60
21	61
22	15
22	20
22	25
22	37
22	46
22	51
22	60
23	58
23	67
23	71
23	74
23	77
23	79
23	81
24	45
24	47
24	56
24	71
24	74
24	77
24	81
25	20
25	22
25	33
25	46
25	51
25	60
25	67
26	17
26	18
26	48
26	49
26	50
26	57
26	65
27	14
27	32
27	36
27	58
27	74
27	77
27	81
28	1
28	18
28	32
28	36
28	49
28	52
28	57
29	9
29	44
29	49
29	53
29	63
29	66
29	70
30	53
30	62
30	65
30	69
30	70
30	73
30	78
31	5
31	40
31	47
31	71
31	74
31	77
31	81
32	1
32	18
32	27
32	28
32	48
32	49
32	50
33	15
33	20
33	21
33	25
33	37
33	42
33	60
34	39
34	41
34	43
34	64
34	75
34	79
34	80
35	7
35	10
35	54
35	68
35	72
35	75
35	79
35	80
36	6
36	27
36	28
36	56
36	67
36	71
36	74
36	81
37	8
37	21
37	22
37	33
37	42
37	46
37	51
37	60
38	62
38	63
38	64
38	66
38	69
38	70
38	78
38	80
39	34
39	40
39	41
39	59
39	75
39	76
39	80
39	81
40	31
40	39
40	64
40	68
40	72
40	75
40	79
40	80
41	34
41	39
41	48
41	61
41	64
41	68
41	72
41	79
42	8
42	21
42	33
42	37
42	46
42	51
42	60
42	76
43	34
43	61
43	67
43	68
43	75
43	76
43	79
43	80
44	2
44	29
44	53
44	62
44	66
44	70
44	73
44	78
45	24
45	47
45	55
45	58
45	59
45	67
45	77
45	81
46	15
46	20
46	21
46	22
46	25
46	37
46	42
46	51
46	60
47	24
47	31
47	45
47	55
47	67
47	71
47	74
47	75
47	81
48	1
48	17
48	18
48	26
48	32
48	41
48	50
48	52
48	57
49	1
49	2
49	17
49	26
49	28
49	29
49	32
49	52
49	57
50	1
50	2
50	15
50	17
50	26
50	32
50	48
50	52
50	57
51	8
51	15
51	22
51	25
51	37
51	42
51	46
51	59
51	60
52	2
52	17
52	18
52	28
52	48
52	49
52	50
52	57
52	77
53	29
53	30
53	44
53	58
53	62
53	66
53	69
53	73
53	78
54	13
54	16
54	35
54	61
54	64
54	75
54	76
54	79
54	80
55	14
55	45
55	47
55	58
55	67
55	71
55	73
55	74
55	77
55	81
56	5
56	12
56	24
56	36
56	67
56	68
56	71
56	74
56	77
56	81
57	1
57	2
57	17
57	26
57	28
57	48
57	49
57	50
57	52
57	68
58	6
58	14
58	23
58	27
58	45
58	53
58	55
58	71
58	74
58	77
58	81
59	10
59	39
59	45
59	51
59	64
59	68
59	72
59	75
59	76
59	79
59	80
60	8
60	15
60	20
60	21
60	22
60	25
60	33
60	37
60	42
60	46
60	51
61	16
61	21
61	41
61	43
61	54
61	68
61	72
61	75
61	76
61	79
61	80
62	3
62	30
62	38
62	44
62	53
62	63
62	65
62	69
62	70
62	72
62	73
62	78
63	3
63	4
63	9
63	13
63	18
63	19
63	29
63	38
63	62
63	65
63	69
63	73
64	34
64	38
64	40
64	41
64	54
64	59
64	68
64	72
64	75
64	76
64	79
64	80
65	3
65	9
65	11
65	19
65	26
65	30
65	62
65	63
65	66
65	69
65	70
65	73
65	78
66	4
66	11
66	13
66	19
66	29
66	38
66	44
66	53
66	65
66	69
66	70
66	78
66	81
67	5
67	12
67	14
67	23
67	25
67	36
67	43
67	45
67	47
67	55
67	56
67	71
67	77
67	81
68	16
68	35
68	40
68	41
68	43
68	56
68	57
68	59
68	61
68	64
68	72
68	76
68	79
68	80
69	3
69	5
69	11
69	30
69	38
69	53
69	62
69	63
69	65
69	66
69	70
69	73
69	77
69	78
70	3
70	4
70	13
70	29
70	30
70	38
70	44
70	62
70	65
70	66
70	69
70	73
70	78
70	80
71	5
71	6
71	19
71	23
71	24
71	31
71	36
71	47
71	55
71	56
71	58
71	67
71	74
71	77
71	81
72	7
72	10
72	35
72	40
72	41
72	59
72	61
72	62
72	64
72	68
72	73
72	75
72	76
72	79
72	80
73	4
73	9
73	11
73	13
73	30
73	44
73	53
73	55
73	62
73	63
73	65
73	69
73	70
73	72
73	78
74	2
74	6
74	12
74	23
74	24
74	27
74	31
74	36
74	47
74	55
74	56
74	58
74	71
74	78
74	81
75	7
75	10
75	34
75	35
75	39
75	40
75	43
75	47
75	54
75	59
75	61
75	64
75	72
75	76
75	79
75	80
76	3
76	7
76	10
76	16
76	39
76	42
76	43
76	54
76	59
76	61
76	64
76	68
76	72
76	75
76	79
76	80
77	6
77	12
77	14
77	23
77	24
77	27
77	31
77	45
77	52
77	55
77	56
77	58
77	67
77	69
77	71
77	81
78	4
78	9
78	11
78	13
78	19
78	30
78	38
78	44
78	53
78	62
78	65
78	66
78	69
78	70
78	73
78	74
79	7
79	12
79	16
79	23
79	34
79	35
79	40
79	41
79	43
79	54
79	59
79	61
79	64
79	68
79	72
79	75
79	76
79	80
80	7
80	10
80	16
80	34
80	35
80	38
80	39
80	40
80	43
80	54
80	59
80	61
80	64
80	68
80	70
80	72
80	75
80	76
80	79
81	5
81	6
81	12
81	14
81	23
81	24
81	27
81	31
81	36
81	39
81	45
81	47
81	55
81	56
81	58
81	66
81	67
81	71
81	74
81	77
