1	8
1	50
1	61
1	66
1	77
1	80
2	41
2	47
2	48
2	51
2	71
2	79
3	49
3	63
3	67
3	68
3	76
3	78
4	7
4	10
4	17
4	46
4	77
4	79
5	21
5	35
5	38
5	61
5	66
5	77
6	36
6	50
6	61
6	64
6	66
6	77
7	4
7	48
7	53
7	60
7	71
7	79
8	1
8	28
8	52
8	55
8	61
8	77
9	19
9	31
9	59
9	62
9	76
9	78
10	4
10	41
10	46
10	53
10	71
10	79
11	17
11	43
11	54
11	63
11	67
11	76
12	62
12	72
12	73
12	75
12	78
12	80
13	20
13	34
13	39
13	56
13	71
13	79
14	22
14	44
14	49
14	58
14	60
14	81
15	25
15	39
15	43
15	57
15	69
15	78
16	30
16	33
16	72
16	74
16	80
16	81
17	4
17	11
17	20
17	46
17	71
17	79
18	33
18	37
18	44
18	49
18	58
18	60
19	9
19	31
19	59
19	63
19	69
19	76
19	78
20	13
20	17
20	46
20	53
20	56
20	75
20	79
21	5
21	28
21	55
21	64
21	66
21	68
21	77
22	14
22	27
22	37
22	49
22	57
22	58
22	60
23	27
23	57
23	59
23	67
23	68
23	76
23	78
24	26
24	38
24	40
24	65
24	75
24	80
24	81
25	15
25	54
25	63
25	67
25	74
25	76
25	78
26	24
26	40
26	54
26	72
26	74
26	75
26	81
27	22
27	23
27	37
27	44
27	49
27	58
27	60
28	8
28	21
28	36
28	50
28	52
28	66
28	77
29	30
29	45
29	51
29	62
29	74
29	80
29	81
30	16
30	29
30	70
30	72
30	74
30	80
30	81
31	9
31	19
31	54
31	59
31	69
31	76
31	78
32	63
32	65
32	72
32	73
32	74
32	75
32	81
33	16
33	18
33	37
33	44
33	49
33	58
33	60
34	13
34	41
34	48
34	56
34	71
34	79
34	81
35	5
35	36
35	50
35	52
35	55
35	66
35	77
36	6
36	28
36	35
36	38
36	43
36	50
36	64
37	18
37	22
37	27
37	33
37	44
37	58
37	60
37	73
38	5
38	24
38	36
38	52
38	55
38	64
38	66
38	77
39	13
39	15
39	41
39	47
39	53
39	56
39	71
39	79
40	24
40	26
40	42
40	48
40	51
40	73
40	80
40	81
41	2
41	10
41	34
41	39
41	47
41	62
41	71
41	79
42	40
42	45
42	65
42	66
42	70
42	72
42	80
42	81
43	11
43	15
43	36
43	57
43	59
43	69
43	76
43	78
44	14
44	18
44	27
44	33
44	37
44	58
44	60
44	64
45	29
45	42
45	55
45	70
45	73
45	75
45	80
45	81
46	4
46	10
46	17
46	20
46	48
46	53
46	71
46	79
47	2
47	39
47	41
47	48
47	53
47	56
47	59
47	79
48	2
48	7
48	34
48	40
48	46
48	47
48	56
48	79
49	3
49	14
49	18
49	22
49	27
49	33
49	58
49	60
50	1
50	6
50	28
50	35
50	36
50	61
50	64
50	71
50	77
51	2
51	29
51	40
51	62
51	65
51	70
51	73
51	75
51	80
52	8
52	28
52	35
52	38
52	55
52	61
52	64
52	66
52	77
53	7
53	10
53	20
53	39
53	46
53	47
53	56
53	71
53	79
54	11
54	25
54	26
54	31
54	59
54	67
54	68
54	69
54	76
55	8
55	21
55	35
55	38
55	45
55	52
55	61
55	64
55	66
56	13
56	20
56	34
56	39
56	47
56	48
56	53
56	61
56	71
56	79
57	15
57	22
57	23
57	43
57	63
57	67
57	68
57	69
57	76
57	78
58	14
58	18
58	22
58	27
58	33
58	37
58	44
58	49
58	60
58	65
59	9
59	19
59	23
59	31
59	43
59	47
59	54
59	67
59	68
59	78
60	7
60	14
60	18
60	22
60	27
60	33
60	37
60	44
60	49
60	58
61	1
61	5
61	6
61	8
61	50
61	52
61	55
61	56
61	64
61	77
62	9
62	12
62	29
62	41
62	51
62	70
62	72
62	74
62	75
62	80
62	81
63	3
63	11
63	19
63	25
63	32
63	57
63	67
63	68
63	69
63	76
63	78
64	6
64	21
64	36
64	38
64	44
64	50
64	52
64	55
64	61
64	66
64	70
64	77
65	24
65	32
65	42
65	51
65	58
65	67
65	70
65	73
65	74
65	75
65	80
65	81
66	1
66	5
66	6
66	21
66	28
66	35
66	38
66	42
66	52
66	55
66	64
66	77
67	3
67	11
67	23
67	25
67	54
67	57
67	59
67	63
67	65
67	68
67	69
67	78
68	3
68	21
68	23
68	54
68	57
68	59
68	63
68	67
68	69
68	76
68	78
68	80
69	15
69	19
69	31
69	43
69	54
69	57
69	63
69	67
69	68
69	76
69	78
69	79
70	30
70	42
70	45
70	51
70	62
70	64
70	65
70	72
70	73
70	74
70	75
70	80
70	81
71	2
71	7
71	10
71	13
71	17
71	34
71	39
71	41
71	46
71	50
71	53
71	56
71	79
72	12
72	16
72	26
72	30
72	32
72	42
72	62
72	70
72	73
72	74
72	77
72	80
72	81
73	12
73	32
73	37
73	40
73	45
73	51
73	65
73	70
73	72
73	74
73	75
73	80
73	81
74	16
74	25
74	26
74	29
74	30
74	32
74	62
74	65
74	70
74	72
74	73
74	75
74	80
74	81
75	12
75	20
75	24
75	26
75	32
75	45
75	51
75	62
75	65
75	70
75	73
75	74
75	76
75	80
75	81
76	3
76	9
76	11
76	19
76	23
76	25
76	31
76	43
76	54
76	57
76	63
76	68
76	69
76	75
76	78
77	1
77	4
77	5
77	6
77	8
77	21
77	28
77	35
77	38
77	50
77	52
77	61
77	64
77	66
77	72
78	3
78	9
78	12
78	15
78	19
78	23
78	25
78	31
78	43
78	57
78	59
78	63
78	67
78	68
78	69
78	76
79	2
79	4
79	7
79	10
79	13
79	17
79	20
79	34
79	39
79	41
79	46
79	47
79	48
79	53
79	56
79	69
79	71
80	1
80	12
80	16
80	24
80	29
80	30
80	40
80	42
80	45
80	51
80	62
80	65
80	68
80	70
80	72
80	73
80	74
80	75
80	81
81	14
81	16
81	24
81	26
81	29
81	30
81	32
81	34
81	40
81	42
81	45
81	62
81	65
81	70
81	72
81	73
81	74
81	75
81	80
