1	3
1	11
1	14
1	16
1	18
1	81
2	4
2	6
2	7
2	9
2	12
2	22
3	1
3	8
3	14
3	16
3	18
3	57
4	2
4	6
4	7
4	9
4	12
4	79
5	15
5	17
5	20
5	24
5	28
5	31
6	2
6	4
6	7
6	9
6	12
6	56
7	2
7	4
7	6
7	9
7	12
7	49
8	3
8	11
8	14
8	16
8	18
8	81
9	2
9	4
9	6
9	7
9	12
9	69
10	36
10	46
10	52
10	60
10	65
10	74
11	1
11	8
11	14
11	16
11	18
11	35
12	2
12	4
12	6
12	7
12	9
12	53
13	56
13	66
13	76
13	78
13	79
13	80
13	81
14	1
14	3
14	8
14	11
14	16
14	18
14	71
15	5
15	17
15	20
15	24
15	25
15	28
15	31
16	1
16	3
16	8
16	11
16	14
16	18
16	34
17	5
17	15
17	20
17	24
17	25
17	28
17	31
18	1
18	3
18	8
18	11
18	14
18	16
18	68
19	21
19	27
19	34
19	36
19	52
19	60
19	65
20	5
20	15
20	17
20	24
20	25
20	28
20	31
21	19
21	29
21	36
21	47
21	60
21	65
21	80
22	2
22	63
22	66
22	71
22	72
22	73
22	75
23	30
23	39
23	41
23	44
23	51
23	55
23	75
24	5
24	15
24	17
24	20
24	25
24	28
24	31
25	15
25	17
25	20
25	24
25	28
25	31
25	59
26	28
26	38
26	41
26	44
26	45
26	48
26	51
26	55
27	19
27	29
27	32
27	47
27	52
27	60
27	65
27	75
28	5
28	15
28	17
28	20
28	24
28	25
28	26
28	31
29	21
29	27
29	32
29	37
29	46
29	47
29	60
29	65
30	23
30	38
30	44
30	45
30	48
30	51
30	55
30	78
31	5
31	15
31	17
31	20
31	24
31	25
31	28
31	53
32	27
32	29
32	34
32	36
32	52
32	60
32	65
32	79
33	53
33	66
33	68
33	71
33	72
33	73
33	77
33	78
34	16
34	19
34	32
34	46
34	47
34	52
34	60
34	65
35	11
35	66
35	68
35	71
35	72
35	73
35	75
35	77
36	10
36	19
36	21
36	32
36	46
36	50
36	52
36	60
36	65
37	29
37	56
37	62
37	70
37	76
37	78
37	79
37	80
37	81
38	26
38	30
38	39
38	41
38	44
38	45
38	48
38	51
38	55
39	23
39	38
39	41
39	44
39	45
39	48
39	51
39	55
39	61
40	55
40	56
40	61
40	62
40	70
40	76
40	79
40	80
40	81
41	23
41	26
41	38
41	39
41	44
41	45
41	51
41	55
41	63
42	49
42	59
42	67
42	68
42	70
42	72
42	73
42	75
42	77
43	54
43	56
43	58
43	70
43	74
43	78
43	79
43	80
43	81
44	23
44	26
44	30
44	38
44	39
44	41
44	48
44	51
44	55
45	26
45	30
45	38
45	39
45	41
45	48
45	51
45	52
45	55
46	10
46	29
46	34
46	36
46	47
46	52
46	60
46	65
46	74
47	21
47	27
47	29
47	34
47	46
47	52
47	60
47	65
47	73
48	26
48	30
48	38
48	39
48	44
48	45
48	51
48	55
48	62
49	7
49	42
49	66
49	67
49	68
49	71
49	72
49	73
49	75
49	77
50	36
50	56
50	57
50	64
50	69
50	74
50	76
50	78
50	79
50	80
50	81
51	23
51	26
51	30
51	38
51	39
51	41
51	44
51	45
51	48
51	55
51	77
52	10
52	19
52	27
52	32
52	34
52	36
52	45
52	46
52	47
52	60
52	65
53	12
53	31
53	33
53	54
53	63
53	67
53	71
53	72
53	73
53	75
53	77
54	43
54	53
54	59
54	66
54	67
54	68
54	71
54	72
54	73
54	75
54	77
55	23
55	26
55	30
55	38
55	39
55	40
55	41
55	44
55	45
55	48
55	51
56	6
56	13
56	37
56	40
56	43
56	50
56	58
56	64
56	69
56	78
56	79
56	81
57	3
57	50
57	58
57	62
57	64
57	69
57	70
57	74
57	76
57	78
57	80
57	81
58	43
58	56
58	57
58	61
58	67
58	69
58	70
58	74
58	78
58	79
58	80
58	81
59	25
59	42
59	54
59	63
59	66
59	67
59	68
59	71
59	72
59	73
59	75
59	77
60	10
60	19
60	21
60	27
60	29
60	32
60	34
60	36
60	46
60	47
60	52
60	65
61	39
61	40
61	58
61	62
61	69
61	70
61	74
61	76
61	78
61	79
61	80
61	81
62	37
62	40
62	48
62	57
62	61
62	69
62	70
62	74
62	76
62	79
62	80
62	81
63	22
63	41
63	53
63	59
63	66
63	67
63	68
63	71
63	72
63	73
63	75
63	77
64	50
64	56
64	57
64	69
64	70
64	74
64	76
64	77
64	78
64	79
64	80
64	81
65	10
65	19
65	21
65	27
65	29
65	32
65	34
65	36
65	46
65	47
65	52
65	60
65	76
66	13
66	22
66	33
66	35
66	49
66	54
66	59
66	63
66	67
66	68
66	71
66	73
66	75
66	77
67	42
67	49
67	53
67	54
67	58
67	59
67	63
67	66
67	68
67	71
67	72
67	73
67	75
67	77
68	18
68	33
68	35
68	42
68	49
68	54
68	59
68	63
68	66
68	67
68	71
68	72
68	73
68	75
68	77
69	9
69	50
69	56
69	57
69	58
69	61
69	62
69	64
69	70
69	74
69	76
69	78
69	79
69	80
69	81
70	37
70	40
70	42
70	43
70	57
70	58
70	61
70	62
70	64
70	69
70	74
70	76
70	78
70	79
70	80
70	81
71	14
71	22
71	33
71	35
71	49
71	53
71	54
71	59
71	63
71	66
71	67
71	68
71	72
71	73
71	75
71	77
72	22
72	33
72	35
72	42
72	49
72	53
72	54
72	59
72	63
72	67
72	68
72	71
72	73
72	75
72	77
72	80
73	22
73	33
73	35
73	42
73	47
73	49
73	53
73	54
73	59
73	63
73	66
73	67
73	68
73	71
73	72
73	77
74	10
74	43
74	46
74	50
74	57
74	58
74	61
74	62
74	64
74	69
74	70
74	76
74	78
74	79
74	80
74	81
75	22
75	23
75	27
75	35
75	42
75	49
75	53
75	54
75	59
75	63
75	66
75	67
75	68
75	71
75	72
75	77
76	13
76	37
76	40
76	50
76	57
76	61
76	62
76	64
76	65
76	69
76	70
76	74
76	78
76	79
76	80
76	81
77	33
77	35
77	42
77	49
77	51
77	53
77	54
77	59
77	63
77	64
77	66
77	67
77	68
77	71
77	72
77	73
77	75
78	13
78	30
78	33
78	37
78	43
78	50
78	56
78	57
78	58
78	61
78	64
78	69
78	70
78	74
78	76
78	80
78	81
79	4
79	13
79	32
79	37
79	40
79	43
79	50
79	56
79	58
79	61
79	62
79	64
79	69
79	70
79	74
79	76
79	80
79	81
80	13
80	21
80	37
80	40
80	43
80	50
80	57
80	58
80	61
80	62
80	64
80	69
80	70
80	72
80	74
80	76
80	78
80	79
80	81
81	1
81	8
81	13
81	37
81	40
81	43
81	50
81	56
81	57
81	58
81	61
81	62
81	64
81	69
81	70
81	74
81	76
81	78
81	79
81	80
