1	14
1	40
1	57
1	59
1	72
1	81
2	46
2	53
2	63
2	65
2	66
2	79
3	62
3	68
3	73
3	76
3	78
3	80
4	37
4	54
4	74
4	76
4	78
4	80
5	6
5	23
5	32
5	34
5	39
5	43
6	5
6	20
6	22
6	26
6	45
6	62
7	21
7	57
7	70
7	72
7	77
7	81
8	24
8	57
8	73
8	76
8	78
8	80
9	19
9	73
9	74
9	76
9	78
9	80
10	33
10	58
10	64
10	67
10	69
10	71
11	22
11	23
11	26
11	35
11	39
11	45
11	62
12	18
12	48
12	56
12	65
12	66
12	75
12	79
13	33
13	54
13	58
13	64
13	69
13	71
13	73
14	1
14	57
14	59
14	60
14	70
14	72
14	81
15	40
15	60
15	61
15	72
15	75
15	77
15	81
16	28
16	33
16	54
16	64
16	67
16	69
16	71
17	21
17	30
17	35
17	36
17	72
17	77
17	81
18	12
18	24
18	41
18	47
18	66
18	75
18	79
19	9
19	53
19	66
19	73
19	74
19	78
19	80
20	6
20	22
20	23
20	32
20	34
20	43
20	62
21	7
21	17
21	35
21	40
21	60
21	61
21	77
21	81
22	6
22	11
22	20
22	23
22	43
22	45
22	62
22	64
23	5
23	11
23	20
23	22
23	26
23	39
23	46
23	62
24	8
24	18
24	52
24	53
24	73
24	74
24	78
24	80
25	50
25	52
25	68
25	74
25	76
25	77
25	78
25	80
26	6
26	11
26	23
26	32
26	43
26	45
26	55
26	62
27	44
27	51
27	61
27	63
27	65
27	66
27	75
27	79
28	16
28	38
28	58
28	64
28	67
28	69
28	71
28	81
29	34
29	38
29	49
29	54
29	64
29	67
29	69
29	71
30	17
30	40
30	59
30	61
30	69
30	70
30	77
30	81
31	59
31	60
31	61
31	70
31	72
31	77
31	80
31	81
32	5
32	20
32	26
32	34
32	39
32	45
32	62
32	72
33	10
33	13
33	16
33	42
33	45
33	49
33	58
33	67
34	5
34	20
34	29
34	32
34	39
34	43
34	45
34	62
35	11
35	17
35	21
35	40
35	57
35	70
35	77
35	81
36	17
36	50
36	52
36	53
36	73
36	74
36	76
36	78
36	80
37	4
37	50
37	67
37	68
37	73
37	74
37	76
37	78
37	80
38	28
38	29
38	42
38	49
38	54
38	67
38	69
38	71
38	74
39	5
39	11
39	23
39	32
39	34
39	43
39	45
39	62
39	77
40	1
40	15
40	21
40	30
40	35
40	44
40	70
40	77
40	81
41	18
41	47
41	48
41	51
41	55
41	56
41	65
41	75
41	79
42	33
42	38
42	49
42	58
42	59
42	64
42	67
42	69
42	71
43	5
43	20
43	22
43	26
43	34
43	39
43	45
43	62
43	79
44	27
44	40
44	46
44	47
44	48
44	55
44	56
44	63
44	75
44	79
45	6
45	11
45	22
45	26
45	32
45	33
45	34
45	39
45	43
45	62
46	2
46	23
46	44
46	51
46	55
46	56
46	63
46	65
46	75
46	79
47	18
47	41
47	44
47	48
47	50
47	55
47	65
47	66
47	75
47	79
48	12
48	41
48	44
48	47
48	49
48	55
48	63
48	65
48	75
48	79
49	29
49	33
49	38
49	42
49	48
49	54
49	58
49	64
49	69
49	71
50	25
50	36
50	37
50	47
50	68
50	73
50	74
50	76
50	78
50	80
51	27
51	41
51	46
51	56
51	59
51	65
51	66
51	68
51	75
51	79
52	24
52	25
52	36
52	53
52	68
52	74
52	75
52	76
52	78
52	80
53	2
53	19
53	24
53	36
53	52
53	68
53	73
53	76
53	78
53	80
54	4
54	13
54	16
54	29
54	38
54	49
54	58
54	67
54	68
54	69
54	71
55	26
55	41
55	44
55	46
55	47
55	48
55	56
55	63
55	66
55	75
55	79
56	12
56	41
56	44
56	46
56	51
56	55
56	63
56	66
56	75
56	78
56	79
57	1
57	7
57	8
57	14
57	35
57	60
57	61
57	70
57	72
57	77
57	81
58	10
58	13
58	28
58	33
58	42
58	49
58	54
58	64
58	67
58	69
58	81
59	1
59	14
59	30
59	31
59	42
59	51
59	60
59	61
59	70
59	77
59	81
60	14
60	15
60	21
60	31
60	57
60	59
60	65
60	70
60	72
60	77
60	81
61	15
61	21
61	27
61	30
61	31
61	57
61	59
61	70
61	72
61	77
61	81
62	3
62	6
62	11
62	20
62	22
62	23
62	26
62	32
62	34
62	39
62	43
62	45
63	2
63	27
63	44
63	46
63	48
63	55
63	56
63	65
63	66
63	72
63	75
63	79
64	10
64	13
64	16
64	22
64	28
64	29
64	42
64	49
64	58
64	67
64	69
64	71
65	2
65	12
65	27
65	41
65	46
65	47
65	48
65	51
65	60
65	63
65	66
65	76
65	79
66	2
66	12
66	18
66	19
66	27
66	47
66	51
66	55
66	56
66	63
66	65
66	75
66	79
67	10
67	16
67	28
67	29
67	33
67	37
67	38
67	42
67	54
67	58
67	64
67	69
67	71
68	3
68	25
68	37
68	50
68	51
68	52
68	53
68	54
68	73
68	74
68	76
68	78
68	80
69	10
69	13
69	16
69	28
69	29
69	30
69	38
69	42
69	49
69	54
69	58
69	64
69	67
69	71
70	7
70	14
70	30
70	31
70	35
70	40
70	57
70	59
70	60
70	61
70	72
70	77
70	80
70	81
71	10
71	13
71	16
71	28
71	29
71	38
71	42
71	49
71	54
71	64
71	67
71	69
71	76
71	79
72	1
72	7
72	14
72	15
72	17
72	31
72	32
72	57
72	60
72	61
72	63
72	70
72	77
72	81
73	3
73	8
73	9
73	13
73	19
73	24
73	36
73	37
73	50
73	53
73	68
73	74
73	76
73	78
73	80
74	4
74	9
74	19
74	24
74	25
74	36
74	37
74	38
74	50
74	52
74	68
74	73
74	76
74	78
74	80
75	12
75	15
75	18
75	27
75	41
75	44
75	46
75	47
75	48
75	51
75	52
75	55
75	56
75	63
75	66
75	79
76	3
76	4
76	8
76	9
76	25
76	36
76	37
76	50
76	52
76	53
76	65
76	68
76	71
76	73
76	74
76	78
76	80
77	7
77	15
77	17
77	21
77	25
77	30
77	31
77	35
77	39
77	40
77	57
77	59
77	60
77	61
77	70
77	72
77	81
78	3
78	4
78	8
78	9
78	19
78	24
78	25
78	36
78	37
78	50
78	52
78	53
78	56
78	68
78	73
78	74
78	76
78	80
79	2
79	12
79	18
79	27
79	41
79	43
79	44
79	46
79	47
79	48
79	51
79	55
79	56
79	63
79	65
79	66
79	71
79	75
80	3
80	4
80	8
80	9
80	19
80	24
80	25
80	31
80	36
80	37
80	50
80	52
80	53
80	68
80	70
80	73
80	74
80	76
80	78
81	1
81	7
81	14
81	15
81	17
81	21
81	28
81	30
81	31
81	35
81	40
81	57
81	58
81	59
81	60
81	61
81	70
81	72
81	77
