1	52
1	57
1	60
1	63
1	70
1	77
2	54
2	67
2	70
2	73
2	75
2	76
3	38
3	39
3	52
3	66
3	75
3	77
4	5
4	11
4	23
4	56
4	64
4	81
5	4
5	41
5	46
5	56
5	68
5	81
6	32
6	58
6	69
6	72
6	78
6	80
7	11
7	25
7	43
7	56
7	64
7	81
8	31
8	55
8	70
8	71
8	79
8	80
9	15
9	32
9	69
9	71
9	73
9	79
10	48
10	52
10	60
10	61
10	63
10	77
11	4
11	7
11	36
11	56
11	59
11	81
12	17
12	30
12	42
12	44
12	50
12	64
13	58
13	69
13	71
13	78
13	79
13	80
14	38
14	52
14	57
14	61
14	66
14	77
15	9
15	51
15	69
15	78
15	79
15	80
16	28
16	30
16	35
16	44
16	50
16	63
17	12
17	22
17	35
17	42
17	44
17	50
18	38
18	49
18	67
18	73
18	75
18	76
19	39
19	45
19	52
19	60
19	61
19	77
20	23
20	27
20	46
20	47
20	68
20	74
20	81
21	23
21	36
21	46
21	59
21	64
21	68
21	81
22	17
22	28
22	30
22	35
22	42
22	44
22	50
23	4
23	20
23	21
23	59
23	64
23	74
23	81
24	65
24	69
24	72
24	77
24	78
24	79
24	80
25	7
25	27
25	46
25	47
25	59
25	68
25	81
26	45
26	51
26	58
26	71
26	72
26	78
26	80
27	20
27	25
27	41
27	47
27	72
27	74
27	81
28	16
28	22
28	30
28	42
28	44
28	50
28	65
29	40
29	53
29	62
29	67
29	70
29	75
29	76
30	12
30	16
30	22
30	28
30	35
30	42
30	50
31	8
31	37
31	69
31	71
31	72
31	78
31	80
32	6
32	9
32	55
32	65
32	71
32	78
32	79
32	80
33	55
33	58
33	62
33	65
33	69
33	72
33	79
33	80
34	47
34	49
34	54
34	67
34	70
34	73
34	75
34	76
35	16
35	17
35	22
35	30
35	42
35	44
35	50
35	59
36	11
36	21
36	46
36	47
36	48
36	56
36	74
36	81
37	31
37	49
37	53
37	62
37	67
37	70
37	75
37	76
38	3
38	14
38	18
38	43
38	52
38	61
38	66
38	77
39	3
39	19
39	43
39	48
39	57
39	60
39	63
39	66
39	73
40	29
40	49
40	53
40	62
40	67
40	70
40	73
40	75
40	76
41	5
41	27
41	46
41	51
41	59
41	64
41	68
41	74
41	81
42	12
42	17
42	22
42	28
42	30
42	35
42	44
42	50
42	74
43	7
43	38
43	39
43	45
43	60
43	61
43	63
43	66
43	77
44	12
44	16
44	17
44	22
44	28
44	35
44	42
44	50
44	55
45	19
45	26
45	43
45	48
45	57
45	60
45	63
45	66
45	77
46	5
46	20
46	21
46	25
46	36
46	41
46	58
46	74
46	81
47	20
47	25
47	27
47	34
47	36
47	56
47	59
47	64
47	68
47	74
48	10
48	36
48	39
48	45
48	57
48	60
48	61
48	63
48	66
48	77
49	18
49	34
49	37
49	40
49	54
49	62
49	69
49	73
49	75
49	76
50	12
50	16
50	17
50	22
50	28
50	30
50	35
50	42
50	44
50	64
51	15
51	26
51	41
51	55
51	58
51	71
51	72
51	78
51	79
51	80
52	1
52	3
52	10
52	14
52	19
52	38
52	57
52	61
52	66
52	67
52	77
53	29
53	37
53	40
53	54
53	62
53	66
53	67
53	70
53	73
53	75
53	76
54	2
54	34
54	49
54	53
54	62
54	67
54	70
54	73
54	75
54	76
54	79
55	8
55	32
55	33
55	44
55	51
55	65
55	71
55	72
55	78
55	79
55	80
56	4
56	5
56	7
56	11
56	36
56	47
56	59
56	68
56	72
56	74
56	81
57	1
57	14
57	39
57	45
57	48
57	52
57	60
57	61
57	63
57	66
57	68
57	77
58	6
58	13
58	26
58	33
58	46
58	51
58	65
58	69
58	72
58	78
58	79
58	80
59	11
59	21
59	23
59	25
59	35
59	41
59	47
59	56
59	64
59	68
59	74
59	81
60	1
60	10
60	19
60	39
60	43
60	45
60	48
60	57
60	61
60	63
60	66
60	76
61	10
61	14
61	19
61	38
61	43
61	48
61	52
61	57
61	60
61	63
61	71
61	77
62	29
62	33
62	37
62	40
62	49
62	53
62	54
62	67
62	70
62	73
62	75
62	76
63	1
63	10
63	16
63	39
63	43
63	45
63	48
63	57
63	60
63	61
63	66
63	77
64	4
64	7
64	12
64	21
64	23
64	41
64	47
64	50
64	59
64	68
64	74
64	81
65	24
65	28
65	32
65	33
65	55
65	58
65	71
65	72
65	75
65	78
65	79
65	80
66	3
66	14
66	38
66	39
66	43
66	45
66	48
66	52
66	53
66	57
66	60
66	63
66	77
67	2
67	18
67	29
67	34
67	37
67	40
67	52
67	53
67	54
67	62
67	70
67	73
67	76
68	5
68	20
68	21
68	25
68	41
68	47
68	56
68	57
68	59
68	64
68	74
68	79
68	81
69	6
69	9
69	13
69	15
69	24
69	31
69	33
69	49
69	58
69	71
69	78
69	79
69	80
70	1
70	2
70	8
70	29
70	34
70	37
70	40
70	53
70	54
70	62
70	67
70	73
70	75
70	76
71	8
71	9
71	13
71	26
71	31
71	32
71	51
71	55
71	61
71	65
71	69
71	78
71	79
71	80
72	6
72	24
72	26
72	27
72	31
72	33
72	51
72	55
72	56
72	58
72	65
72	78
72	79
72	80
73	2
73	9
73	18
73	34
73	39
73	40
73	49
73	53
73	54
73	62
73	67
73	70
73	75
73	76
74	20
74	23
74	27
74	36
74	41
74	42
74	46
74	47
74	56
74	59
74	64
74	68
74	78
74	81
75	2
75	3
75	18
75	29
75	34
75	37
75	40
75	49
75	53
75	54
75	62
75	65
75	70
75	73
75	76
76	2
76	18
76	29
76	34
76	37
76	40
76	49
76	53
76	54
76	60
76	62
76	67
76	70
76	73
76	75
76	81
77	1
77	3
77	10
77	14
77	19
77	24
77	38
77	43
77	45
77	48
77	52
77	57
77	61
77	63
77	66
77	80
78	6
78	13
78	15
78	24
78	26
78	31
78	32
78	51
78	55
78	58
78	65
78	69
78	71
78	72
78	74
78	79
78	80
78	81
79	8
79	9
79	13
79	15
79	24
79	32
79	33
79	51
79	54
79	55
79	58
79	65
79	68
79	69
79	71
79	72
79	78
79	80
80	6
80	8
80	13
80	15
80	24
80	26
80	31
80	32
80	33
80	51
80	55
80	58
80	65
80	69
80	71
80	72
80	77
80	78
80	79
81	4
81	5
81	7
81	11
81	20
81	21
81	23
81	25
81	27
81	36
81	41
81	46
81	56
81	59
81	64
81	68
81	74
81	76
81	78
