1	8
1	16
1	20
1	21
1	23
1	80
2	22
2	28
2	29
2	32
2	36
2	37
3	13
3	67
3	73
3	74
3	76
3	77
4	10
4	17
4	58
4	60
4	62
4	63
5	25
5	31
5	38
5	45
5	54
5	61
6	7
6	12
6	26
6	35
6	44
6	50
7	6
7	33
7	39
7	44
7	50
7	77
8	1
8	9
8	16
8	20
8	23
8	30
9	8
9	16
9	21
9	23
9	30
9	62
10	4
10	24
10	42
10	49
10	62
10	63
11	29
11	42
11	58
11	60
11	62
11	63
12	6
12	26
12	33
12	39
12	44
12	50
13	3
13	22
13	27
13	28
13	36
13	37
14	53
14	54
14	56
14	59
14	61
14	77
15	55
15	65
15	73
15	74
15	76
15	77
16	1
16	8
16	9
16	20
16	21
16	30
16	49
17	4
17	49
17	58
17	60
17	62
17	63
17	76
18	45
18	69
18	70
18	73
18	74
18	76
18	77
19	68
19	72
19	75
19	78
19	79
19	80
19	81
20	1
20	8
20	16
20	21
20	23
20	30
20	53
21	1
21	9
21	16
21	20
21	23
21	30
21	55
22	2
22	13
22	27
22	28
22	32
22	36
22	37
23	1
23	8
23	9
23	20
23	21
23	30
23	37
24	10
24	42
24	58
24	60
24	62
24	63
24	71
25	5
25	41
25	53
25	56
25	59
25	61
25	76
26	6
26	12
26	35
26	39
26	44
26	50
26	51
27	13
27	22
27	28
27	32
27	36
27	37
27	64
28	2
28	13
28	22
28	27
28	32
28	36
28	37
29	2
29	11
29	49
29	58
29	60
29	62
29	63
30	8
30	9
30	16
30	20
30	21
30	23
30	78
31	5
31	38
31	40
31	45
31	54
31	59
31	61
32	2
32	22
32	27
32	28
32	36
32	37
32	74
33	7
33	12
33	35
33	39
33	44
33	50
33	78
34	65
34	69
34	70
34	73
34	74
34	76
34	77
35	6
35	26
35	33
35	39
35	43
35	44
35	50
36	2
36	13
36	22
36	27
36	28
36	32
36	37
36	69
37	2
37	13
37	22
37	23
37	27
37	28
37	32
37	36
38	5
38	31
38	41
38	53
38	54
38	56
38	59
38	61
39	7
39	12
39	26
39	33
39	35
39	44
39	50
39	74
40	31
40	68
40	72
40	75
40	78
40	79
40	80
40	81
41	25
41	38
41	45
41	52
41	53
41	56
41	59
41	61
42	10
42	11
42	24
42	49
42	58
42	60
42	62
42	63
43	35
43	52
43	71
43	72
43	78
43	79
43	80
43	81
44	6
44	7
44	12
44	26
44	33
44	35
44	39
44	50
44	54
45	5
45	18
45	31
45	41
45	53
45	54
45	56
45	59
45	61
46	65
46	67
46	69
46	70
46	71
46	73
46	74
46	76
46	77
47	52
47	60
47	68
47	71
47	75
47	78
47	79
47	80
47	81
48	55
48	66
48	71
48	72
48	75
48	78
48	79
48	80
48	81
49	10
49	16
49	17
49	29
49	42
49	58
49	60
49	62
49	63
50	6
50	7
50	12
50	26
50	33
50	35
50	39
50	44
50	75
51	26
51	66
51	71
51	72
51	75
51	78
51	79
51	80
51	81
52	41
52	43
52	47
52	66
52	68
52	71
52	78
52	79
52	80
52	81
53	14
53	20
53	25
53	38
53	41
53	45
53	54
53	56
53	59
53	61
54	5
54	14
54	31
54	38
54	44
54	45
54	53
54	56
54	59
54	61
55	15
55	21
55	48
55	66
55	68
55	72
55	75
55	78
55	79
55	80
55	81
56	14
56	25
56	38
56	41
56	45
56	53
56	54
56	59
56	61
56	66
56	80
57	64
57	65
57	67
57	69
57	70
57	72
57	73
57	74
57	76
57	77
58	4
58	11
58	17
58	24
58	29
58	42
58	49
58	60
58	62
58	63
58	68
59	14
59	25
59	31
59	38
59	41
59	45
59	53
59	54
59	56
59	61
59	65
60	4
60	11
60	17
60	24
60	29
60	42
60	47
60	49
60	58
60	62
60	63
61	5
61	14
61	25
61	31
61	38
61	41
61	45
61	53
61	54
61	56
61	59
61	79
62	4
62	9
62	10
62	11
62	17
62	24
62	29
62	42
62	49
62	58
62	60
62	63
63	4
63	10
63	11
63	17
63	24
63	29
63	42
63	49
63	58
63	60
63	62
63	70
64	27
64	57
64	65
64	67
64	69
64	70
64	73
64	74
64	76
64	77
65	15
65	34
65	46
65	57
65	59
65	64
65	67
65	69
65	70
65	73
65	74
65	76
65	77
66	48
66	51
66	52
66	55
66	56
66	68
66	71
66	72
66	75
66	78
66	79
66	80
66	81
67	3
67	46
67	57
67	64
67	65
67	69
67	70
67	73
67	74
67	76
67	77
67	81
68	19
68	40
68	47
68	52
68	55
68	58
68	66
68	71
68	72
68	75
68	78
68	79
68	80
68	81
69	18
69	34
69	36
69	46
69	57
69	64
69	65
69	67
69	70
69	73
69	74
69	76
69	77
69	81
70	18
70	34
70	46
70	57
70	63
70	64
70	65
70	67
70	69
70	73
70	74
70	75
70	76
70	77
71	24
71	43
71	46
71	47
71	48
71	51
71	52
71	66
71	68
71	72
71	75
71	78
71	79
71	80
71	81
72	19
72	40
72	43
72	48
72	51
72	55
72	57
72	66
72	68
72	71
72	75
72	78
72	79
72	80
72	81
73	3
73	15
73	18
73	34
73	46
73	57
73	64
73	65
73	67
73	69
73	70
73	74
73	76
73	77
73	79
74	3
74	15
74	18
74	32
74	34
74	39
74	46
74	57
74	64
74	65
74	67
74	69
74	70
74	73
74	76
74	77
75	19
75	40
75	47
75	48
75	50
75	51
75	55
75	66
75	68
75	70
75	71
75	72
75	78
75	79
75	80
75	81
76	3
76	15
76	17
76	18
76	25
76	34
76	46
76	57
76	64
76	65
76	67
76	69
76	70
76	73
76	74
76	77
77	3
77	7
77	14
77	15
77	18
77	34
77	46
77	57
77	64
77	65
77	67
77	69
77	70
77	73
77	74
77	76
78	19
78	30
78	33
78	40
78	43
78	47
78	48
78	51
78	52
78	55
78	66
78	68
78	71
78	72
78	75
78	79
78	80
78	81
79	19
79	40
79	43
79	47
79	48
79	51
79	52
79	55
79	61
79	66
79	68
79	71
79	72
79	73
79	75
79	78
79	80
79	81
80	1
80	19
80	40
80	43
80	47
80	48
80	51
80	52
80	55
80	56
80	66
80	68
80	71
80	72
80	75
80	78
80	79
80	81
81	19
81	40
81	43
81	47
81	48
81	51
81	52
81	55
81	66
81	67
81	68
81	69
81	71
81	72
81	75
81	78
81	79
81	80
