1	26
1	30
1	34
1	35
1	42
1	55
2	13
2	17
2	47
2	51
2	59
2	62
3	32
3	64
3	77
3	78
3	80
3	81
4	68
4	75
4	77
4	78
4	80
4	81
5	31
5	33
5	40
5	43
5	44
5	56
6	26
6	30
6	34
6	35
6	42
6	55
7	10
7	11
7	33
7	40
7	43
7	44
8	13
8	16
8	28
8	30
8	51
8	59
9	39
9	52
9	54
9	58
9	62
9	66
10	7
10	31
10	33
10	40
10	43
10	44
11	7
11	26
11	31
11	40
11	43
11	44
12	23
12	30
12	35
12	39
12	42
12	55
13	2
13	8
13	19
13	47
13	51
13	59
14	25
14	50
14	65
14	70
14	73
14	79
15	55
15	75
15	77
15	78
15	80
15	81
16	8
16	24
16	28
16	47
16	51
16	59
17	2
17	19
17	28
17	47
17	51
17	59
18	50
18	67
18	69
18	70
18	76
18	79
19	13
19	17
19	24
19	47
19	51
19	59
20	41
20	50
20	65
20	67
20	72
20	73
20	76
21	37
21	65
21	66
21	67
21	72
21	73
21	79
22	46
22	62
22	67
22	69
22	73
22	76
22	79
23	12
23	30
23	34
23	35
23	42
23	55
23	72
24	16
24	19
24	25
24	28
24	47
24	51
24	59
25	14
25	24
25	69
25	70
25	72
25	76
25	79
26	1
26	6
26	11
26	30
26	34
26	42
26	55
27	44
27	63
27	71
27	74
27	78
27	80
27	81
28	8
28	16
28	17
28	24
28	43
28	47
28	51
28	59
29	41
29	60
29	65
29	69
29	70
29	72
29	73
29	79
30	1
30	6
30	8
30	12
30	23
30	26
30	42
30	55
31	5
31	10
31	11
31	33
31	40
31	43
31	44
31	80
32	3
32	37
32	65
32	69
32	72
32	73
32	76
32	79
33	5
33	7
33	10
33	31
33	40
33	43
33	44
33	48
34	1
34	6
34	23
34	26
34	35
34	42
34	55
34	74
35	1
35	6
35	12
35	23
35	34
35	42
35	55
35	67
36	57
36	59
36	68
36	74
36	77
36	78
36	80
36	81
37	21
37	32
37	46
37	50
37	60
37	72
37	76
37	79
38	48
38	52
38	53
38	58
38	60
38	61
38	62
38	66
39	9
39	12
39	53
39	54
39	58
39	60
39	61
39	62
39	66
40	5
40	7
40	10
40	11
40	31
40	33
40	43
40	44
40	47
41	20
41	29
41	49
41	67
41	69
41	70
41	73
41	76
41	79
42	1
42	6
42	12
42	23
42	26
42	30
42	34
42	35
42	55
43	5
43	7
43	10
43	11
43	28
43	31
43	33
43	40
43	44
44	5
44	7
44	10
44	11
44	27
44	31
44	33
44	40
44	43
45	46
45	56
45	57
45	71
45	74
45	75
45	77
45	78
45	80
45	81
46	22
46	37
46	45
46	50
46	69
46	70
46	72
46	73
46	76
46	79
47	2
47	13
47	16
47	17
47	19
47	24
47	28
47	40
47	51
47	59
48	33
48	38
48	52
48	53
48	54
48	58
48	60
48	61
48	62
48	66
49	41
49	63
49	64
49	68
49	71
49	74
49	75
49	77
49	78
49	80
49	81
50	14
50	18
50	20
50	37
50	46
50	67
50	69
50	70
50	72
50	76
50	78
51	2
51	8
51	13
51	16
51	17
51	19
51	24
51	28
51	47
51	59
51	73
52	9
52	38
52	48
52	53
52	54
52	58
52	60
52	61
52	62
52	66
52	81
53	38
53	39
53	48
53	52
53	54
53	58
53	60
53	61
53	62
53	66
53	70
54	9
54	39
54	48
54	52
54	53
54	58
54	60
54	61
54	62
54	66
54	73
55	1
55	6
55	12
55	15
55	23
55	26
55	30
55	34
55	35
55	42
55	67
56	5
56	45
56	64
56	68
56	71
56	74
56	75
56	77
56	78
56	80
56	81
57	36
57	45
57	63
57	68
57	71
57	74
57	75
57	77
57	78
57	79
57	80
57	81
58	9
58	38
58	39
58	48
58	52
58	53
58	54
58	60
58	61
58	62
58	66
58	71
59	2
59	8
59	13
59	16
59	17
59	19
59	24
59	28
59	36
59	47
59	51
59	64
60	29
60	37
60	38
60	39
60	48
60	52
60	53
60	54
60	58
60	61
60	62
60	66
61	38
61	39
61	48
61	52
61	53
61	54
61	58
61	60
61	62
61	63
61	66
61	68
62	2
62	9
62	22
62	38
62	39
62	48
62	52
62	53
62	54
62	58
62	60
62	61
62	66
63	27
63	49
63	57
63	61
63	64
63	68
63	71
63	74
63	75
63	77
63	78
63	80
63	81
64	3
64	49
64	56
64	59
64	63
64	68
64	71
64	74
64	75
64	77
64	78
64	80
64	81
65	14
65	20
65	21
65	29
65	32
65	67
65	69
65	70
65	71
65	72
65	73
65	76
65	79
66	9
66	21
66	38
66	39
66	48
66	52
66	53
66	54
66	58
66	60
66	61
66	62
66	70
67	18
67	20
67	21
67	22
67	35
67	41
67	50
67	55
67	65
67	69
67	70
67	72
67	76
67	79
68	4
68	36
68	49
68	56
68	57
68	61
68	63
68	64
68	74
68	75
68	77
68	78
68	80
68	81
69	18
69	22
69	25
69	29
69	32
69	41
69	46
69	50
69	65
69	67
69	72
69	73
69	76
69	77
69	79
70	14
70	18
70	25
70	29
70	41
70	46
70	50
70	53
70	65
70	66
70	67
70	72
70	73
70	76
70	79
71	27
71	45
71	49
71	56
71	57
71	58
71	63
71	64
71	65
71	74
71	75
71	77
71	78
71	80
71	81
72	20
72	21
72	23
72	25
72	29
72	32
72	37
72	46
72	50
72	65
72	67
72	69
72	70
72	73
72	76
72	79
73	14
73	20
73	21
73	22
73	29
73	32
73	41
73	46
73	51
73	54
73	65
73	69
73	70
73	72
73	76
73	79
74	27
74	34
74	36
74	45
74	49
74	56
74	57
74	63
74	64
74	68
74	71
74	75
74	77
74	78
74	80
74	81
75	4
75	15
75	45
75	49
75	56
75	57
75	63
75	64
75	68
75	71
75	74
75	76
75	77
75	78
75	80
75	81
76	18
76	20
76	22
76	25
76	32
76	37
76	41
76	46
76	50
76	65
76	67
76	69
76	70
76	72
76	73
76	75
76	79
76	80
77	3
77	4
77	15
77	36
77	45
77	49
77	56
77	57
77	63
77	64
77	68
77	69
77	71
77	74
77	75
77	78
77	80
77	81
78	3
78	4
78	15
78	27
78	36
78	45
78	49
78	50
78	56
78	57
78	63
78	64
78	68
78	71
78	74
78	75
78	77
78	80
78	81
79	14
79	18
79	21
79	22
79	25
79	29
79	32
79	37
79	41
79	46
79	57
79	65
79	67
79	69
79	70
79	72
79	73
79	76
79	81
80	3
80	4
80	15
80	27
80	31
80	36
80	45
80	49
80	56
80	57
80	63
80	64
80	68
80	71
80	74
80	75
80	76
80	77
80	78
80	81
81	3
81	4
81	15
81	27
81	36
81	45
81	49
81	52
81	56
81	57
81	63
81	64
81	68
81	71
81	74
81	75
81	77
81	78
81	79
81	80
