1	7
1	45
1	47
1	65
1	75
1	79
2	10
2	19
2	45
2	52
2	75
2	79
3	58
3	70
3	72
3	78
3	80
3	81
4	51
4	66
4	69
4	71
4	74
4	77
5	8
5	57
5	66
5	67
5	69
5	77
6	9
6	51
6	54
6	62
6	69
6	77
7	1
7	68
7	73
7	76
7	80
7	81
8	5
8	46
8	72
8	78
8	80
8	81
9	6
9	37
9	54
9	69
9	71
9	77
10	2
10	33
10	49
10	55
10	56
10	63
11	31
11	33
11	53
11	56
11	59
11	63
12	18
12	19
12	42
12	45
12	64
12	79
13	14
13	48
13	72
13	78
13	80
13	81
14	13
14	35
14	44
14	54
14	66
14	77
15	27
15	39
15	57
15	62
15	71
15	74
16	37
16	56
16	64
16	65
16	75
16	79
17	21
17	23
17	29
17	30
17	41
17	50
18	12
18	38
18	47
18	66
18	75
18	79
19	2
19	12
19	37
19	38
19	47
19	51
20	58
20	60
20	73
20	76
20	78
20	80
20	81
21	17
21	26
21	28
21	30
21	36
21	43
21	50
22	42
22	45
22	47
22	52
22	64
22	65
22	69
23	17
23	28
23	29
23	30
23	36
23	43
23	50
24	40
24	49
24	53
24	55
24	58
24	59
24	63
25	58
25	70
25	73
25	76
25	78
25	80
25	81
26	21
26	28
26	29
26	36
26	43
26	50
26	64
27	15
27	35
27	41
27	62
27	74
27	75
27	77
28	21
28	23
28	26
28	29
28	36
28	43
28	50
29	17
29	23
29	26
29	28
29	30
29	43
29	50
30	17
30	21
30	23
30	29
30	36
30	43
30	50
31	11
31	33
31	40
31	53
31	56
31	59
31	63
32	38
32	42
32	44
32	52
32	64
32	75
32	79
33	10
33	11
33	31
33	34
33	42
33	49
33	55
33	59
34	33
34	40
34	53
34	55
34	56
34	59
34	63
34	65
35	14
35	27
35	62
35	66
35	67
35	71
35	74
35	78
36	21
36	23
36	26
36	28
36	30
36	43
36	50
36	76
37	9
37	16
37	19
37	38
37	52
37	65
37	75
37	79
38	18
38	19
38	32
38	37
38	43
38	64
38	75
38	79
39	15
39	44
39	48
39	61
39	62
39	71
39	74
39	77
40	24
40	31
40	34
40	49
40	53
40	55
40	56
40	59
40	78
41	17
41	27
41	44
41	51
41	57
41	66
41	67
41	71
41	77
42	12
42	22
42	32
42	33
42	45
42	64
42	65
42	75
42	79
43	21
43	23
43	26
43	28
43	29
43	30
43	36
43	38
43	50
44	14
44	32
44	39
44	41
44	61
44	62
44	67
44	69
44	77
45	1
45	2
45	12
45	22
45	42
45	47
45	52
45	65
45	79
46	8
46	58
46	60
46	68
46	70
46	72
46	73
46	80
46	81
47	1
47	18
47	19
47	22
47	45
47	64
47	65
47	71
47	75
47	79
48	13
48	39
48	68
48	70
48	72
48	73
48	76
48	78
48	80
48	81
49	10
49	24
49	33
49	40
49	53
49	55
49	56
49	59
49	63
49	67
50	17
50	21
50	23
50	26
50	28
50	29
50	30
50	36
50	43
50	79
51	4
51	6
51	19
51	41
51	61
51	66
51	67
51	69
51	74
51	77
52	2
52	22
52	32
52	37
52	45
52	64
52	65
52	75
52	79
52	81
53	11
53	24
53	31
53	34
53	40
53	49
53	55
53	56
53	61
53	63
54	6
54	9
54	14
54	57
54	61
54	62
54	66
54	69
54	70
54	71
54	77
55	10
55	24
55	33
55	34
55	40
55	49
55	53
55	56
55	59
55	63
55	71
56	10
56	11
56	16
56	31
56	34
56	40
56	49
56	53
56	55
56	59
56	63
57	5
57	15
57	41
57	54
57	61
57	62
57	66
57	67
57	69
57	77
57	80
58	3
58	20
58	24
58	25
58	46
58	68
58	70
58	76
58	78
58	80
58	81
59	11
59	24
59	31
59	33
59	34
59	40
59	49
59	55
59	56
59	60
59	63
60	20
60	46
60	59
60	68
60	70
60	72
60	73
60	74
60	76
60	78
60	80
60	81
61	39
61	44
61	51
61	53
61	54
61	57
61	62
61	66
61	67
61	69
61	74
61	77
62	6
62	15
62	27
62	35
62	39
62	44
62	54
62	57
62	61
62	69
62	74
62	76
63	10
63	11
63	24
63	31
63	34
63	49
63	53
63	55
63	56
63	59
63	72
63	81
64	12
64	16
64	22
64	26
64	32
64	38
64	42
64	47
64	52
64	65
64	75
64	79
65	1
65	16
65	22
65	34
65	37
65	42
65	45
65	47
65	52
65	64
65	75
65	79
66	4
66	5
66	14
66	18
66	35
66	41
66	51
66	54
66	57
66	61
66	67
66	71
66	74
67	5
67	35
67	41
67	44
67	49
67	51
67	57
67	61
67	66
67	71
67	73
67	74
67	77
68	7
68	46
68	48
68	58
68	60
68	70
68	72
68	73
68	74
68	76
68	78
68	80
68	81
69	4
69	5
69	6
69	9
69	22
69	44
69	51
69	54
69	57
69	61
69	62
69	71
69	74
69	77
70	3
70	25
70	46
70	48
70	54
70	58
70	60
70	68
70	72
70	73
70	76
70	78
70	80
70	81
71	4
71	9
71	15
71	35
71	39
71	41
71	47
71	54
71	55
71	66
71	67
71	69
71	74
71	77
72	3
72	8
72	13
72	46
72	48
72	60
72	63
72	68
72	70
72	73
72	76
72	78
72	80
72	81
73	7
73	20
73	25
73	46
73	48
73	60
73	67
73	68
73	70
73	72
73	76
73	78
73	80
73	81
74	4
74	15
74	27
74	35
74	39
74	51
74	60
74	61
74	62
74	66
74	67
74	68
74	69
74	71
75	1
75	2
75	16
75	18
75	27
75	32
75	37
75	38
75	42
75	47
75	52
75	64
75	65
75	79
76	7
76	20
76	25
76	36
76	48
76	58
76	60
76	62
76	68
76	70
76	72
76	73
76	78
76	80
76	81
77	4
77	5
77	6
77	9
77	14
77	27
77	39
77	41
77	44
77	51
77	54
77	57
77	61
77	67
77	69
77	71
78	3
78	8
78	13
78	20
78	25
78	35
78	40
78	48
78	58
78	60
78	68
78	70
78	72
78	73
78	76
78	80
78	81
79	1
79	2
79	12
79	16
79	18
79	32
79	37
79	38
79	42
79	45
79	47
79	50
79	52
79	64
79	65
79	75
79	80
80	3
80	7
80	8
80	13
80	20
80	25
80	46
80	48
80	57
80	58
80	60
80	68
80	70
80	72
80	73
80	76
80	78
80	79
80	81
81	3
81	7
81	8
81	13
81	20
81	25
81	46
81	48
81	52
81	58
81	60
81	63
81	68
81	70
81	72
81	73
81	76
81	78
81	80
