1	2
1	6
1	21
1	28
1	30
1	36
2	1
2	6
2	19
2	21
2	28
2	36
3	13
3	17
3	27
3	31
3	33
3	62
4	7
4	66
4	70
4	72
4	73
4	75
5	25
5	71
5	77
5	79
5	80
5	81
6	1
6	2
6	19
6	28
6	30
6	36
7	4
7	56
7	57
7	59
7	61
7	62
8	35
8	39
8	46
8	48
8	51
8	81
9	22
9	24
9	29
9	35
9	46
9	48
10	60
10	63
10	67
10	70
10	73
10	75
11	13
11	17
11	27
11	31
11	32
11	33
12	23
12	56
12	57
12	59
12	61
12	62
13	3
13	11
13	27
13	32
13	33
13	51
14	38
14	44
14	50
14	54
14	55
14	61
15	37
15	43
15	56
15	57
15	59
15	62
16	20
16	67
16	68
16	72
16	73
16	75
17	3
17	11
17	19
17	31
17	32
17	33
18	34
18	40
18	44
18	50
18	54
18	55
19	2
19	6
19	17
19	26
19	30
19	36
20	16
20	35
20	39
20	46
20	48
20	51
21	1
21	2
21	28
21	30
21	36
21	55
22	9
22	29
22	35
22	39
22	46
22	48
22	51
23	12
23	42
23	56
23	57
23	59
23	61
23	62
24	9
24	29
24	35
24	44
24	46
24	48
24	51
25	5
25	38
25	40
25	44
25	50
25	54
25	55
26	19
26	37
26	42
26	56
26	57
26	61
26	62
27	3
27	11
27	13
27	31
27	32
27	33
27	68
28	1
28	2
28	6
28	21
28	30
28	35
28	36
29	9
29	22
29	24
29	46
29	48
29	51
29	79
30	1
30	6
30	19
30	21
30	28
30	36
30	61
31	3
31	11
31	17
31	27
31	32
31	33
31	75
32	11
32	13
32	17
32	27
32	31
32	33
32	76
33	3
33	11
33	13
33	17
33	27
33	31
33	32
33	39
34	18
34	38
34	40
34	44
34	50
34	53
34	54
34	55
35	8
35	9
35	20
35	22
35	24
35	28
35	48
35	51
36	1
36	2
36	6
36	19
36	21
36	28
36	30
36	76
37	15
37	26
37	42
37	56
37	58
37	59
37	61
37	62
38	14
38	25
38	34
38	40
38	44
38	50
38	54
38	55
39	8
39	20
39	22
39	33
39	46
39	48
39	51
39	78
40	18
40	25
40	34
40	38
40	50
40	54
40	55
40	73
41	60
41	63
41	66
41	67
41	68
41	72
41	73
41	75
42	23
42	26
42	37
42	47
42	57
42	59
42	61
42	62
43	15
43	69
43	71
43	76
43	77
43	78
43	79
43	80
43	81
44	14
44	18
44	24
44	25
44	34
44	38
44	50
44	54
44	55
45	69
45	70
45	74
45	76
45	77
45	78
45	79
45	80
45	81
46	8
46	9
46	20
46	22
46	24
46	29
46	39
46	51
46	71
47	42
47	52
47	63
47	66
47	68
47	70
47	72
47	73
47	75
48	8
48	9
48	20
48	22
48	24
48	29
48	35
48	39
48	51
48	77
49	59
49	64
49	65
49	71
49	74
49	77
49	78
49	79
49	80
49	81
50	14
50	18
50	25
50	34
50	38
50	40
50	44
50	54
50	55
50	81
51	8
51	13
51	20
51	22
51	24
51	29
51	35
51	39
51	46
51	48
52	47
52	60
52	66
52	67
52	68
52	70
52	72
52	73
52	74
52	75
53	34
53	64
53	71
53	74
53	76
53	77
53	78
53	79
53	80
53	81
54	14
54	18
54	25
54	34
54	38
54	40
54	44
54	50
54	55
54	67
55	14
55	18
55	21
55	25
55	34
55	38
55	40
55	44
55	50
55	54
56	7
56	12
56	15
56	23
56	26
56	37
56	57
56	59
56	61
56	62
56	70
57	7
57	12
57	15
57	23
57	26
57	42
57	56
57	59
57	61
57	62
57	78
58	37
58	64
58	65
58	69
58	71
58	74
58	76
58	77
58	78
58	80
58	81
59	7
59	12
59	15
59	23
59	37
59	42
59	49
59	56
59	57
59	61
59	62
60	10
60	41
60	52
60	63
60	66
60	67
60	68
60	70
60	72
60	73
60	75
60	80
61	7
61	12
61	14
61	23
61	26
61	30
61	37
61	42
61	56
61	57
61	59
61	62
62	3
62	7
62	12
62	15
62	23
62	26
62	37
62	42
62	56
62	57
62	59
62	61
63	10
63	41
63	47
63	60
63	65
63	66
63	67
63	68
63	70
63	72
63	73
63	75
64	49
64	53
64	58
64	66
64	69
64	74
64	76
64	77
64	78
64	79
64	80
64	81
65	49
65	58
65	63
65	69
65	71
65	74
65	76
65	77
65	78
65	79
65	80
65	81
66	4
66	41
66	47
66	52
66	60
66	63
66	64
66	67
66	68
66	70
66	72
66	73
66	75
67	10
67	16
67	41
67	52
67	54
67	60
67	63
67	66
67	68
67	70
67	72
67	73
67	75
68	16
68	27
68	41
68	47
68	52
68	60
68	63
68	66
68	67
68	70
68	72
68	73
68	75
69	43
69	45
69	58
69	64
69	65
69	71
69	74
69	75
69	76
69	77
69	78
69	79
69	80
69	81
70	4
70	10
70	45
70	47
70	52
70	56
70	60
70	63
70	66
70	67
70	68
70	72
70	73
70	75
71	5
71	43
71	46
71	49
71	53
71	58
71	65
71	69
71	74
71	76
71	77
71	78
71	79
71	80
71	81
72	4
72	16
72	41
72	47
72	52
72	60
72	63
72	66
72	67
72	68
72	70
72	73
72	75
72	79
72	80
73	4
73	10
73	16
73	40
73	41
73	47
73	52
73	60
73	63
73	66
73	67
73	68
73	70
73	72
73	75
74	45
74	49
74	52
74	53
74	58
74	64
74	65
74	69
74	71
74	76
74	77
74	78
74	79
74	80
74	81
75	4
75	10
75	16
75	31
75	41
75	47
75	52
75	60
75	63
75	66
75	67
75	68
75	69
75	70
75	72
75	73
76	32
76	36
76	43
76	45
76	53
76	58
76	64
76	65
76	69
76	71
76	74
76	77
76	78
76	79
76	80
76	81
77	5
77	43
77	45
77	48
77	49
77	53
77	58
77	64
77	65
77	69
77	71
77	74
77	76
77	78
77	79
77	80
77	81
78	39
78	43
78	45
78	49
78	53
78	57
78	58
78	64
78	65
78	69
78	71
78	74
78	76
78	77
78	79
78	80
78	81
79	5
79	29
79	43
79	45
79	49
79	53
79	64
79	65
79	69
79	71
79	72
79	74
79	76
79	77
79	78
79	80
79	81
80	5
80	43
80	45
80	49
80	53
80	58
80	60
80	64
80	65
80	69
80	71
80	72
80	74
80	76
80	77
80	78
80	79
80	81
81	5
81	8
81	43
81	45
81	49
81	50
81	53
81	58
81	64
81	65
81	69
81	71
81	74
81	76
81	77
81	78
81	79
81	80
