1	22
1	31
1	45
1	65
1	67
1	69
2	27
2	59
2	71
2	72
2	77
2	80
3	25
3	73
3	75
3	76
3	78
3	81
4	30
4	54
4	63
4	73
4	76
4	79
5	35
5	43
5	68
5	70
5	77
5	80
6	30
6	47
6	55
6	59
6	60
6	66
7	17
7	34
7	37
7	39
7	46
7	49
8	43
8	48
8	50
8	54
8	79
8	81
9	12
9	63
9	76
9	78
9	79
9	81
10	26
10	34
10	37
10	46
10	49
10	81
11	26
11	35
11	37
11	39
11	46
11	49
12	9
12	42
12	45
12	65
12	67
12	74
13	24
13	40
13	52
13	58
13	60
13	66
14	44
14	64
14	73
14	76
14	78
14	79
14	81
15	16
15	28
15	42
15	65
15	67
15	69
15	74
16	15
16	19
16	28
16	38
16	42
16	67
16	74
17	7
17	32
17	42
17	64
17	65
17	67
17	74
18	40
18	47
18	52
18	55
18	58
18	64
18	66
19	16
19	32
19	45
19	64
19	65
19	69
19	74
20	32
20	64
20	65
20	67
20	69
20	74
20	78
21	27
21	30
21	52
21	54
21	55
21	60
21	63
21	66
22	1
22	40
22	42
22	64
22	65
22	67
22	69
22	74
23	56
23	73
23	75
23	76
23	77
23	78
23	79
23	81
24	13
24	29
24	48
24	52
24	55
24	58
24	60
24	66
25	3
25	57
25	61
25	62
25	71
25	72
25	77
25	80
26	10
26	11
26	34
26	35
26	37
26	39
26	46
26	49
27	2
27	21
27	29
27	30
27	40
27	58
27	60
27	66
28	15
28	16
28	31
28	32
28	64
28	69
28	74
28	78
29	24
29	27
29	40
29	55
29	58
29	60
29	66
29	74
30	4
30	6
30	21
30	27
30	47
30	58
30	60
30	66
31	1
31	28
31	64
31	65
31	67
31	69
31	71
31	74
32	17
32	19
32	20
32	28
32	42
32	45
32	69
32	74
33	43
33	51
33	57
33	59
33	62
33	72
33	75
33	80
34	7
34	10
34	26
34	35
34	37
34	39
34	46
34	49
34	56
35	5
35	11
35	26
35	34
35	37
35	39
35	46
35	49
35	51
36	50
36	56
36	63
36	73
36	75
36	76
36	78
36	79
36	81
37	7
37	10
37	11
37	26
37	34
37	35
37	39
37	46
37	49
38	16
38	53
38	57
38	61
38	68
38	70
38	71
38	77
38	80
39	7
39	11
39	26
39	34
39	35
39	37
39	46
39	49
39	81
40	13
40	18
40	22
40	27
40	29
40	47
40	52
40	55
40	58
41	54
41	63
41	71
41	73
41	75
41	76
41	78
41	79
41	81
42	12
42	15
42	16
42	17
42	22
42	32
42	52
42	64
42	69
42	74
43	5
43	8
43	33
43	50
43	51
43	62
43	68
43	71
43	77
43	80
44	14
44	48
44	50
44	56
44	62
44	73
44	75
44	78
44	79
44	81
45	1
45	12
45	19
45	32
45	61
45	64
45	65
45	67
45	69
45	74
46	7
46	10
46	11
46	26
46	34
46	35
46	37
46	39
46	49
46	80
47	6
47	18
47	30
47	40
47	52
47	55
47	58
47	60
47	66
47	68
48	8
48	24
48	44
48	50
48	56
48	73
48	75
48	76
48	78
48	79
49	7
49	10
49	11
49	26
49	34
49	35
49	37
49	39
49	46
49	69
50	8
50	36
50	43
50	44
50	48
50	54
50	75
50	76
50	78
50	79
50	81
51	33
51	35
51	43
51	59
51	61
51	62
51	68
51	70
51	72
51	77
51	80
52	13
52	18
52	21
52	24
52	40
52	42
52	47
52	55
52	58
52	60
52	66
53	38
53	59
53	61
53	62
53	68
53	70
53	71
53	72
53	75
53	77
53	80
54	4
54	8
54	21
54	41
54	50
54	63
54	73
54	75
54	76
54	78
54	79
54	81
55	6
55	18
55	21
55	24
55	29
55	40
55	47
55	52
55	57
55	58
55	60
55	66
56	23
56	34
56	36
56	44
56	48
56	63
56	73
56	75
56	76
56	78
56	79
56	81
57	25
57	33
57	38
57	55
57	59
57	61
57	68
57	70
57	71
57	72
57	77
57	80
58	13
58	18
58	24
58	27
58	29
58	30
58	40
58	47
58	52
58	55
58	59
58	60
58	66
59	2
59	6
59	33
59	51
59	53
59	57
59	58
59	61
59	62
59	70
59	72
59	77
59	80
60	6
60	13
60	21
60	24
60	27
60	29
60	30
60	47
60	52
60	55
60	58
60	66
60	77
61	25
61	38
61	45
61	51
61	53
61	57
61	59
61	68
61	70
61	71
61	72
61	77
61	80
62	25
62	33
62	43
62	44
62	51
62	53
62	59
62	68
62	70
62	71
62	72
62	77
62	80
63	4
63	9
63	21
63	36
63	41
63	54
63	56
63	65
63	73
63	75
63	76
63	78
63	81
64	14
64	17
64	18
64	19
64	20
64	22
64	28
64	31
64	42
64	45
64	65
64	67
64	69
64	74
65	1
65	12
65	15
65	17
65	19
65	20
65	22
65	31
65	45
65	63
65	64
65	67
65	69
65	74
66	6
66	13
66	18
66	21
66	24
66	27
66	29
66	30
66	47
66	52
66	55
66	58
66	60
66	76
67	1
67	12
67	15
67	16
67	17
67	20
67	22
67	31
67	45
67	64
67	65
67	69
67	70
67	72
67	74
68	5
68	38
68	43
68	47
68	51
68	53
68	57
68	61
68	62
68	70
68	71
68	72
68	76
68	77
68	80
69	1
69	15
69	19
69	20
69	22
69	28
69	31
69	32
69	42
69	45
69	49
69	64
69	65
69	67
69	74
70	5
70	38
70	51
70	53
70	57
70	59
70	61
70	62
70	67
70	68
70	71
70	72
70	77
70	79
70	80
71	2
71	25
71	31
71	38
71	41
71	43
71	53
71	57
71	61
71	62
71	68
71	70
71	72
71	77
71	80
72	2
72	25
72	33
72	51
72	53
72	57
72	59
72	61
72	62
72	67
72	68
72	70
72	71
72	77
72	79
72	80
73	3
73	4
73	14
73	23
73	36
73	41
73	44
73	48
73	54
73	56
73	63
73	75
73	78
73	79
73	80
73	81
74	12
74	15
74	16
74	17
74	19
74	20
74	22
74	28
74	29
74	31
74	32
74	42
74	45
74	64
74	65
74	67
74	69
75	3
75	23
75	33
75	36
75	41
75	44
75	48
75	50
75	53
75	54
75	56
75	63
75	73
75	76
75	78
75	79
75	81
76	3
76	4
76	9
76	14
76	23
76	36
76	41
76	48
76	50
76	54
76	56
76	63
76	66
76	68
76	75
76	78
76	79
76	81
77	2
77	5
77	23
77	25
77	38
77	43
77	51
77	53
77	57
77	59
77	60
77	61
77	62
77	68
77	70
77	71
77	72
77	80
78	3
78	9
78	14
78	20
78	23
78	28
78	36
78	41
78	44
78	48
78	50
78	54
78	56
78	63
78	73
78	75
78	76
78	79
78	81
79	4
79	8
79	9
79	14
79	23
79	36
79	41
79	44
79	48
79	50
79	54
79	56
79	70
79	72
79	73
79	75
79	76
79	78
79	81
80	2
80	5
80	25
80	33
80	38
80	43
80	46
80	51
80	53
80	57
80	59
80	61
80	62
80	68
80	70
80	71
80	72
80	73
80	77
81	3
81	8
81	9
81	10
81	14
81	23
81	36
81	39
81	41
81	44
81	50
81	54
81	56
81	63
81	73
81	75
81	76
81	78
81	79
