1	32
1	47
1	59
1	60
1	61
1	63
2	47
2	60
2	61
2	62
2	63
2	69
3	48
3	64
3	67
3	71
3	76
3	77
4	25
4	40
4	43
4	50
4	54
4	66
5	56
5	73
5	74
5	79
5	80
5	81
6	67
6	73
6	77
6	79
6	80
6	81
7	24
7	33
7	49
7	50
7	51
7	52
8	56
8	59
8	60
8	61
8	62
8	63
9	20
9	21
9	22
9	27
9	35
9	57
10	24
10	75
10	77
10	79
10	80
10	81
11	24
11	38
11	49
11	50
11	51
11	52
12	26
12	40
12	41
12	53
12	65
12	66
13	15
13	36
13	56
13	59
13	62
13	63
14	16
14	20
14	22
14	27
14	34
14	35
15	13
15	59
15	60
15	61
15	62
15	63
16	14
16	74
16	77
16	79
16	80
16	81
17	31
17	37
17	53
17	54
17	66
17	79
18	33
18	38
18	49
18	50
18	51
18	52
19	67
19	69
19	70
19	71
19	72
19	76
19	78
20	9
20	14
20	21
20	22
20	27
20	34
20	35
21	9
21	20
21	22
21	27
21	34
21	35
21	73
22	9
22	14
22	20
22	21
22	27
22	35
22	74
23	68
23	73
23	75
23	77
23	79
23	80
23	81
24	7
24	10
24	11
24	49
24	50
24	51
24	52
25	4
25	31
25	37
25	42
25	43
25	66
25	68
26	12
26	37
26	42
26	43
26	53
26	54
26	66
27	9
27	14
27	20
27	21
27	22
27	34
27	35
28	56
28	72
28	73
28	75
28	79
28	80
28	81
29	70
29	74
29	75
29	77
29	79
29	80
29	81
30	53
30	64
30	65
30	69
30	70
30	76
30	78
31	17
31	25
31	37
31	41
31	42
31	54
31	66
32	1
32	64
32	67
32	71
32	72
32	76
32	78
33	7
33	18
33	38
33	49
33	50
33	51
33	52
34	14
34	20
34	21
34	27
34	35
34	58
34	81
35	9
35	14
35	20
35	21
35	22
35	27
35	34
35	39
36	13
36	47
36	56
36	59
36	60
36	61
36	62
36	63
37	17
37	25
37	26
37	31
37	40
37	53
37	54
37	66
38	11
38	18
38	33
38	49
38	50
38	51
38	52
38	71
39	35
39	68
39	73
39	74
39	75
39	77
39	80
39	81
40	4
40	12
40	37
40	41
40	42
40	43
40	53
40	61
40	66
41	12
41	31
41	40
41	42
41	43
41	53
41	54
41	66
41	80
42	25
42	26
42	31
42	40
42	41
42	53
42	54
42	66
42	81
43	4
43	25
43	26
43	40
43	41
43	53
43	54
43	66
43	70
44	57
44	67
44	69
44	70
44	71
44	72
44	75
44	76
44	78
45	68
45	73
45	74
45	75
45	76
45	77
45	79
45	80
45	81
46	49
46	58
46	68
46	73
46	74
46	75
46	77
46	79
46	80
46	81
47	1
47	2
47	36
47	56
47	59
47	60
47	61
47	62
47	63
47	72
48	3
48	63
48	64
48	65
48	69
48	70
48	71
48	72
48	76
48	78
49	7
49	11
49	18
49	24
49	33
49	38
49	46
49	50
49	51
49	52
50	4
50	7
50	11
50	18
50	24
50	33
50	38
50	49
50	51
50	52
51	7
51	11
51	18
51	24
51	33
51	38
51	49
51	50
51	52
51	59
52	7
52	11
52	18
52	24
52	33
52	38
52	49
52	50
52	51
52	60
53	12
53	17
53	26
53	30
53	37
53	40
53	41
53	42
53	43
53	54
53	66
54	4
54	17
54	26
54	31
54	37
54	41
54	42
54	43
54	53
54	66
54	75
55	57
55	62
55	64
55	65
55	67
55	69
55	70
55	71
55	72
55	76
55	78
56	5
56	8
56	13
56	28
56	36
56	47
56	59
56	60
56	61
56	62
56	63
57	9
57	44
57	55
57	64
57	65
57	67
57	69
57	70
57	71
57	72
57	76
57	78
58	34
58	46
58	68
58	73
58	74
58	75
58	77
58	78
58	79
58	80
58	81
59	1
59	8
59	13
59	15
59	36
59	47
59	51
59	56
59	60
59	61
59	62
59	63
60	1
60	2
60	8
60	15
60	36
60	47
60	52
60	56
60	59
60	61
60	62
60	63
61	1
61	2
61	8
61	15
61	36
61	40
61	47
61	56
61	59
61	60
61	62
61	63
62	2
62	8
62	13
62	15
62	36
62	47
62	55
62	56
62	59
62	60
62	61
62	63
62	65
63	1
63	2
63	8
63	13
63	15
63	36
63	47
63	48
63	56
63	59
63	60
63	61
63	62
64	3
64	30
64	32
64	48
64	55
64	57
64	65
64	67
64	69
64	71
64	72
64	74
64	76
64	78
65	12
65	30
65	48
65	55
65	57
65	62
65	64
65	67
65	69
65	70
65	71
65	72
65	76
65	78
66	4
66	12
66	17
66	25
66	26
66	31
66	37
66	40
66	41
66	42
66	43
66	53
66	54
66	79
67	3
67	6
67	19
67	32
67	44
67	55
67	57
67	64
67	65
67	69
67	70
67	71
67	72
67	76
67	78
68	23
68	25
68	39
68	45
68	46
68	58
68	73
68	74
68	75
68	77
68	78
68	79
68	80
68	81
69	2
69	19
69	30
69	44
69	48
69	55
69	57
69	64
69	65
69	67
69	70
69	71
69	72
69	76
69	78
70	19
70	29
70	30
70	43
70	44
70	48
70	55
70	57
70	65
70	67
70	69
70	71
70	72
70	76
70	78
71	3
71	19
71	32
71	38
71	44
71	48
71	55
71	57
71	64
71	65
71	67
71	69
71	70
71	72
71	76
71	78
72	19
72	28
72	32
72	44
72	47
72	48
72	55
72	57
72	64
72	65
72	67
72	69
72	70
72	71
72	76
72	78
73	5
73	6
73	21
73	23
73	28
73	39
73	45
73	46
73	58
73	68
73	74
73	75
73	77
73	79
73	80
73	81
74	5
74	16
74	22
74	29
74	39
74	45
74	46
74	58
74	64
74	68
74	73
74	75
74	77
74	79
74	80
74	81
75	10
75	23
75	28
75	29
75	39
75	44
75	45
75	46
75	54
75	58
75	68
75	73
75	74
75	77
75	79
75	80
75	81
76	3
76	19
76	30
76	32
76	44
76	45
76	48
76	55
76	57
76	64
76	65
76	67
76	69
76	70
76	71
76	72
76	78
77	3
77	6
77	10
77	16
77	23
77	29
77	39
77	45
77	46
77	58
77	68
77	73
77	74
77	75
77	79
77	80
77	81
78	19
78	30
78	32
78	44
78	48
78	55
78	57
78	58
78	64
78	65
78	67
78	68
78	69
78	70
78	71
78	72
78	76
79	5
79	6
79	10
79	16
79	17
79	23
79	28
79	29
79	45
79	46
79	58
79	66
79	68
79	73
79	74
79	75
79	77
79	80
79	81
80	5
80	6
80	10
80	16
80	23
80	28
80	29
80	39
80	41
80	45
80	46
80	58
80	68
80	73
80	74
80	75
80	77
80	79
80	81
81	5
81	6
81	10
81	16
81	23
81	28
81	29
81	34
81	39
81	42
81	45
81	46
81	58
81	68
81	73
81	74
81	75
81	77
81	79
81	80
