1	3
1	6
1	7
1	12
1	33
1	36
2	3
2	12
2	16
2	22
2	33
2	36
3	1
3	2
3	12
3	16
3	33
3	36
4	7
4	12
4	16
4	33
4	36
4	49
5	68
5	75
5	77
5	79
5	80
5	81
6	1
6	42
6	46
6	48
6	50
6	51
7	1
7	4
7	12
7	16
7	33
7	36
8	35
8	72
8	77
8	79
8	80
8	81
9	15
9	21
9	25
9	31
9	44
9	45
10	22
10	29
10	39
10	55
10	57
10	67
11	61
11	69
11	73
11	74
11	76
11	78
12	1
12	2
12	3
12	4
12	7
12	33
13	46
13	47
13	48
13	50
13	51
13	80
14	18
14	22
14	29
14	35
14	55
14	57
15	9
15	17
15	27
15	31
15	34
15	44
15	45
16	2
16	3
16	4
16	7
16	33
16	36
16	65
17	15
17	21
17	25
17	27
17	34
17	44
17	45
18	14
18	22
18	23
18	26
18	55
18	57
18	58
19	41
19	42
19	47
19	48
19	50
19	51
19	77
20	23
20	26
20	35
20	43
20	50
20	55
20	57
21	9
21	17
21	27
21	34
21	44
21	45
21	51
22	2
22	10
22	14
22	18
22	35
22	43
22	55
23	18
23	20
23	29
23	35
23	39
23	43
23	55
23	57
24	54
24	57
24	61
24	63
24	73
24	74
24	76
24	78
25	9
25	17
25	27
25	31
25	34
25	44
25	45
25	74
26	18
26	20
26	35
26	39
26	43
26	54
26	55
26	57
27	15
27	17
27	21
27	25
27	31
27	34
27	44
27	45
28	58
28	65
28	73
28	75
28	77
28	79
28	80
28	81
29	10
29	14
29	23
29	39
29	43
29	55
29	57
29	81
30	37
30	41
30	42
30	46
30	47
30	50
30	51
30	71
31	9
31	15
31	25
31	27
31	34
31	44
31	45
31	79
32	49
32	53
32	62
32	68
32	69
32	70
32	74
32	76
32	78
33	1
33	2
33	3
33	4
33	7
33	12
33	16
33	36
33	60
34	15
34	17
34	21
34	25
34	27
34	31
34	44
34	45
34	56
35	8
35	14
35	20
35	22
35	23
35	26
35	39
35	43
35	57
36	1
36	2
36	3
36	4
36	7
36	16
36	33
36	77
36	81
37	30
37	41
37	46
37	47
37	48
37	50
37	51
37	63
37	66
38	56
38	63
38	64
38	66
38	75
38	77
38	79
38	80
38	81
39	10
39	23
39	26
39	29
39	35
39	43
39	55
39	57
39	69
40	62
40	63
40	64
40	69
40	70
40	71
40	73
40	74
40	76
40	78
41	19
41	30
41	37
41	42
41	46
41	47
41	48
41	50
41	51
41	72
42	6
42	19
42	30
42	41
42	46
42	47
42	48
42	50
42	51
42	55
43	20
43	22
43	23
43	26
43	29
43	35
43	39
43	55
43	57
43	62
44	9
44	15
44	17
44	21
44	25
44	27
44	31
44	34
44	45
44	53
45	9
45	15
45	17
45	21
45	25
45	27
45	31
45	34
45	44
45	57
46	6
46	13
46	30
46	37
46	41
46	42
46	47
46	48
46	50
46	51
46	76
47	13
47	19
47	30
47	37
47	41
47	42
47	46
47	48
47	50
47	51
47	58
48	6
48	13
48	19
48	37
48	41
48	42
48	46
48	47
48	50
48	51
48	56
49	4
49	32
49	60
49	69
49	70
49	71
49	72
49	73
49	74
49	76
49	78
50	6
50	13
50	19
50	20
50	30
50	37
50	41
50	42
50	46
50	47
50	48
50	51
51	6
51	13
51	19
51	21
51	30
51	37
51	41
51	42
51	46
51	47
51	48
51	50
52	56
52	61
52	64
52	65
52	66
52	68
52	72
52	75
52	77
52	79
52	80
52	81
53	32
53	44
53	60
53	61
53	62
53	63
53	69
53	70
53	71
53	73
53	76
53	78
54	24
54	26
54	60
54	61
54	63
54	64
54	69
54	70
54	71
54	74
54	76
54	78
55	10
55	14
55	18
55	20
55	22
55	23
55	26
55	29
55	39
55	42
55	43
55	57
56	34
56	38
56	48
56	52
56	59
56	66
56	67
56	72
56	75
56	77
56	79
56	80
56	81
57	10
57	14
57	18
57	20
57	23
57	24
57	26
57	29
57	35
57	39
57	43
57	45
57	55
58	18
58	28
58	47
58	64
58	65
58	67
58	68
58	72
58	75
58	77
58	79
58	80
58	81
59	56
59	64
59	65
59	66
59	67
59	68
59	70
59	72
59	74
59	75
59	77
59	79
59	80
59	81
60	33
60	49
60	53
60	54
60	61
60	62
60	63
60	69
60	70
60	71
60	73
60	74
60	76
60	78
61	11
61	24
61	52
61	53
61	54
61	60
61	62
61	63
61	70
61	71
61	73
61	74
61	76
61	78
62	32
62	40
62	43
62	53
62	60
62	61
62	69
62	70
62	71
62	73
62	74
62	75
62	76
62	78
63	24
63	37
63	38
63	40
63	53
63	54
63	60
63	61
63	69
63	70
63	71
63	73
63	74
63	76
63	78
64	38
64	40
64	52
64	54
64	58
64	59
64	65
64	66
64	67
64	68
64	72
64	75
64	79
64	80
64	81
65	16
65	28
65	52
65	58
65	59
65	64
65	66
65	67
65	68
65	72
65	75
65	77
65	79
65	80
65	81
66	37
66	38
66	52
66	56
66	59
66	64
66	65
66	67
66	68
66	72
66	75
66	77
66	79
66	80
66	81
67	10
67	56
67	58
67	59
67	64
67	65
67	66
67	68
67	72
67	75
67	77
67	78
67	79
67	80
67	81
68	5
68	32
68	52
68	58
68	59
68	64
68	65
68	66
68	67
68	72
68	75
68	77
68	78
68	79
68	80
68	81
69	11
69	32
69	39
69	40
69	49
69	53
69	54
69	60
69	62
69	63
69	70
69	71
69	73
69	74
69	76
69	78
70	32
70	40
70	49
70	53
70	54
70	59
70	60
70	61
70	62
70	63
70	69
70	71
70	73
70	74
70	76
70	78
71	30
71	40
71	49
71	53
71	54
71	60
71	61
71	62
71	63
71	69
71	70
71	73
71	74
71	76
71	78
71	80
72	8
72	41
72	49
72	52
72	56
72	58
72	59
72	64
72	65
72	66
72	67
72	68
72	75
72	77
72	79
72	80
72	81
73	11
73	24
73	28
73	40
73	49
73	53
73	60
73	61
73	62
73	63
73	69
73	70
73	71
73	74
73	76
73	78
73	79
74	11
74	24
74	25
74	32
74	40
74	49
74	54
74	59
74	60
74	61
74	62
74	63
74	69
74	70
74	71
74	73
74	76
74	78
75	5
75	28
75	38
75	52
75	56
75	58
75	59
75	62
75	64
75	65
75	66
75	67
75	68
75	72
75	77
75	79
75	80
75	81
76	11
76	24
76	32
76	40
76	46
76	49
76	53
76	54
76	60
76	61
76	62
76	63
76	69
76	70
76	71
76	73
76	74
76	78
77	5
77	8
77	19
77	28
77	36
77	38
77	52
77	56
77	58
77	59
77	65
77	66
77	67
77	68
77	72
77	75
77	79
77	80
77	81
78	11
78	24
78	32
78	40
78	49
78	53
78	54
78	60
78	61
78	62
78	63
78	67
78	68
78	69
78	70
78	71
78	73
78	74
78	76
79	5
79	8
79	28
79	31
79	38
79	52
79	56
79	58
79	59
79	64
79	65
79	66
79	67
79	68
79	72
79	73
79	75
79	77
79	80
79	81
80	5
80	8
80	13
80	28
80	38
80	52
80	56
80	58
80	59
80	64
80	65
80	66
80	67
80	68
80	71
80	72
80	75
80	77
80	79
80	81
81	5
81	8
81	28
81	29
81	36
81	38
81	52
81	56
81	58
81	59
81	64
81	65
81	66
81	67
81	68
81	72
81	75
81	77
81	79
81	80
