1	34
1	53
1	58
1	59
1	68
1	81
2	16
2	38
2	55
2	70
2	73
2	74
3	20
3	56
3	62
3	68
3	72
3	81
4	17
4	51
4	67
4	71
4	75
4	80
5	53
5	59
5	68
5	72
5	77
5	81
6	19
6	40
6	49
6	66
6	78
6	79
7	16
7	33
7	67
7	69
7	71
7	80
8	24
8	38
8	52
8	60
8	61
8	80
9	33
9	35
9	58
9	60
9	61
9	71
10	17
10	31
10	38
10	41
10	69
10	71
11	36
11	45
11	66
11	67
11	75
11	79
12	23
12	38
12	60
12	67
12	69
12	80
13	33
13	54
13	64
13	73
13	74
13	76
14	18
14	45
14	48
14	64
14	66
14	77
15	43
15	62
15	68
15	72
15	78
15	81
16	2
16	7
16	25
16	70
16	73
16	76
17	4
17	10
17	26
17	52
17	67
17	71
18	14
18	61
18	65
18	75
18	78
18	79
19	6
19	50
19	64
19	75
19	77
19	79
20	3
20	53
20	56
20	59
20	68
20	72
20	81
21	41
21	47
21	51
21	61
21	69
21	71
21	80
22	30
22	43
22	56
22	58
22	68
22	72
22	81
23	12
23	35
23	49
23	52
23	60
23	71
23	80
24	8
24	58
24	59
24	62
24	68
24	72
24	81
25	16
25	42
25	44
25	53
25	54
25	70
25	76
26	17
26	41
26	49
26	51
26	54
26	60
26	80
27	31
27	48
27	55
27	70
27	73
27	74
27	76
28	49
28	51
28	61
28	67
28	69
28	78
28	80
29	47
29	50
29	57
29	63
29	66
29	69
29	75
29	78
30	22
30	34
30	53
30	59
30	62
30	72
30	80
30	81
31	10
31	27
31	42
31	46
31	48
31	54
31	74
31	76
32	44
32	54
32	55
32	63
32	70
32	73
32	74
32	76
33	7
33	9
33	13
33	41
33	60
33	61
33	67
33	80
34	1
34	30
34	43
34	53
34	55
34	58
34	62
34	81
35	9
35	23
35	38
35	41
35	51
35	67
35	69
35	71
36	11
36	40
36	50
36	57
36	63
36	75
36	77
36	78
37	40
37	47
37	57
37	63
37	65
37	77
37	78
37	79
38	2
38	8
38	10
38	12
38	35
38	52
38	61
38	71
39	42
39	46
39	48
39	54
39	68
39	70
39	73
39	74
39	76
40	6
40	36
40	37
40	50
40	63
40	73
40	75
40	77
40	79
41	10
41	21
41	26
41	33
41	35
41	43
41	61
41	69
41	80
42	25
42	31
42	39
42	48
42	55
42	70
42	73
42	74
42	75
43	15
43	22
43	34
43	41
43	56
43	58
43	59
43	62
43	81
44	25
44	32
44	48
44	55
44	70
44	71
44	73
44	74
44	76
45	11
45	14
45	54
45	63
45	64
45	66
45	77
45	78
45	79
46	31
46	39
46	48
46	54
46	55
46	70
46	73
46	74
46	76
47	21
47	29
47	37
47	65
47	66
47	75
47	77
47	78
47	79
48	14
48	27
48	31
48	39
48	42
48	44
48	46
48	55
48	70
48	76
49	6
49	23
49	26
49	28
49	56
49	60
49	61
49	67
49	69
49	71
49	80
50	19
50	29
50	36
50	40
50	57
50	63
50	64
50	65
50	75
50	79
50	80
51	4
51	21
51	26
51	28
51	35
51	60
51	61
51	67
51	69
51	79
51	80
52	8
52	17
52	23
52	38
52	60
52	61
52	67
52	69
52	71
52	74
52	80
52	81
53	1
53	5
53	20
53	25
53	30
53	34
53	56
53	58
53	62
53	68
53	72
53	81
54	13
54	25
54	26
54	31
54	32
54	39
54	45
54	46
54	70
54	73
54	74
54	76
55	2
55	27
55	32
55	34
55	42
55	44
55	46
55	48
55	65
55	73
55	74
55	76
56	3
56	20
56	22
56	43
56	49
56	53
56	58
56	59
56	62
56	68
56	72
56	81
57	29
57	36
57	37
57	50
57	62
57	63
57	64
57	65
57	66
57	75
57	77
57	78
57	79
58	1
58	9
58	22
58	24
58	34
58	43
58	53
58	56
58	59
58	62
58	68
58	72
58	81
59	1
59	5
59	20
59	24
59	30
59	43
59	56
59	58
59	62
59	68
59	72
59	77
59	81
60	8
60	9
60	12
60	23
60	26
60	33
60	49
60	51
60	52
60	61
60	65
60	67
60	71
61	8
61	9
61	18
61	21
61	28
61	33
61	38
61	41
61	49
61	51
61	52
61	60
61	69
61	80
62	3
62	15
62	24
62	30
62	34
62	43
62	53
62	56
62	57
62	58
62	59
62	68
62	72
62	81
63	29
63	32
63	36
63	37
63	40
63	45
63	50
63	57
63	64
63	65
63	66
63	77
63	78
63	79
64	13
64	14
64	19
64	45
64	50
64	57
64	63
64	65
64	66
64	70
64	75
64	77
64	78
64	79
65	18
65	37
65	47
65	50
65	55
65	57
65	60
65	63
65	64
65	66
65	75
65	77
65	78
65	79
66	6
66	11
66	14
66	29
66	45
66	47
66	57
66	63
66	64
66	65
66	75
66	77
66	78
66	79
67	4
67	7
67	11
67	12
67	17
67	28
67	33
67	35
67	49
67	51
67	52
67	60
67	69
67	80
68	1
68	3
68	5
68	15
68	20
68	22
68	24
68	39
68	53
68	56
68	58
68	59
68	62
68	72
68	81
69	7
69	10
69	12
69	21
69	28
69	29
69	35
69	41
69	49
69	51
69	52
69	61
69	67
69	71
69	80
70	2
70	16
70	25
70	27
70	32
70	39
70	42
70	44
70	46
70	48
70	54
70	64
70	73
70	74
70	76
71	4
71	7
71	9
71	10
71	17
71	21
71	23
71	35
71	38
71	44
71	49
71	52
71	60
71	69
71	80
72	3
72	5
72	15
72	20
72	22
72	24
72	30
72	53
72	56
72	58
72	59
72	62
72	68
72	76
72	81
73	2
73	13
73	16
73	27
73	32
73	39
73	40
73	42
73	44
73	46
73	54
73	55
73	70
73	74
73	76
74	2
74	13
74	27
74	31
74	32
74	39
74	42
74	44
74	46
74	52
74	54
74	55
74	70
74	73
74	76
75	4
75	11
75	18
75	19
75	29
75	36
75	40
75	42
75	47
75	50
75	57
75	64
75	65
75	66
75	77
75	78
76	13
76	16
76	25
76	27
76	31
76	32
76	39
76	44
76	46
76	48
76	54
76	55
76	70
76	72
76	73
76	74
76	81
77	5
77	14
77	19
77	36
77	37
77	40
77	45
77	47
77	57
77	59
77	63
77	64
77	65
77	66
77	75
77	78
77	79
78	6
78	15
78	18
78	28
78	29
78	36
78	37
78	45
78	47
78	57
78	63
78	64
78	65
78	66
78	75
78	77
78	79
79	6
79	11
79	18
79	19
79	37
79	40
79	45
79	47
79	50
79	51
79	57
79	63
79	64
79	65
79	66
79	77
79	78
80	4
80	7
80	8
80	12
80	21
80	23
80	26
80	28
80	30
80	33
80	41
80	49
80	50
80	51
80	52
80	61
80	67
80	69
80	71
81	1
81	3
81	5
81	15
81	20
81	22
81	24
81	30
81	34
81	43
81	52
81	53
81	56
81	58
81	59
81	62
81	68
81	72
81	76
