1	13
1	37
1	43
1	55
1	56
1	57
2	29
2	65
2	66
2	69
2	71
2	81
3	8
3	21
3	65
3	66
3	69
3	71
4	25
4	31
4	44
4	52
4	53
4	78
5	20
5	76
5	77
5	79
5	80
5	81
6	14
6	35
6	44
6	52
6	53
6	68
7	15
7	34
7	41
7	47
7	49
7	74
8	3
8	23
8	65
8	66
8	69
8	71
9	28
9	42
9	59
9	66
9	69
9	71
10	33
10	68
10	73
10	77
10	80
10	81
11	16
11	34
11	38
11	47
11	49
11	80
12	39
12	61
12	63
12	74
12	75
12	78
13	1
13	17
13	30
13	48
13	56
13	57
14	6
14	22
14	31
14	35
14	52
14	53
15	7
15	19
15	38
15	41
15	49
15	80
16	11
16	19
16	38
16	47
16	49
16	77
17	13
17	37
17	43
17	55
17	56
17	57
18	60
18	63
18	67
18	70
18	74
18	78
19	15
19	16
19	38
19	41
19	47
19	49
19	63
20	5
20	46
20	59
20	70
20	74
20	75
20	78
21	3
21	42
21	65
21	66
21	69
21	71
21	75
22	14
22	25
22	35
22	44
22	52
22	53
22	58
23	8
23	29
23	42
23	65
23	66
23	69
23	71
24	45
24	46
24	59
24	60
24	61
24	75
24	78
25	4
25	22
25	35
25	44
25	52
25	53
25	75
26	37
26	38
26	43
26	48
26	55
26	56
26	57
27	28
27	42
27	65
27	66
27	69
27	71
27	76
28	9
28	27
28	65
28	66
28	69
28	70
28	71
29	2
29	23
29	65
29	66
29	69
29	71
29	81
30	13
30	34
30	43
30	48
30	55
30	56
30	57
31	4
31	14
31	35
31	44
31	52
31	53
31	77
32	33
32	54
32	59
32	63
32	70
32	74
32	75
33	10
33	32
33	39
33	59
33	63
33	74
33	78
34	7
34	11
34	30
34	38
34	41
34	47
34	49
35	6
35	14
35	22
35	25
35	31
35	44
35	52
35	53
36	70
36	72
36	73
36	76
36	77
36	79
36	80
36	81
37	1
37	17
37	26
37	48
37	52
37	55
37	56
37	57
38	11
38	15
38	16
38	19
38	26
38	34
38	41
38	47
39	12
39	33
39	60
39	63
39	70
39	74
39	75
39	78
40	59
40	60
40	61
40	63
40	74
40	75
40	78
40	79
41	7
41	15
41	19
41	34
41	38
41	47
41	49
41	66
42	9
42	21
42	23
42	27
42	65
42	66
42	69
42	71
43	1
43	17
43	26
43	30
43	48
43	55
43	56
43	57
44	4
44	6
44	22
44	25
44	31
44	35
44	52
44	53
45	24
45	61
45	63
45	67
45	70
45	74
45	75
45	78
46	20
46	24
46	60
46	63
46	70
46	71
46	75
46	78
47	7
47	11
47	16
47	19
47	34
47	38
47	41
47	49
47	62
48	13
48	26
48	30
48	37
48	43
48	55
48	56
48	57
48	72
49	7
49	11
49	15
49	16
49	19
49	34
49	41
49	47
49	72
50	62
50	64
50	69
50	72
50	76
50	77
50	79
50	80
50	81
51	58
51	60
51	62
51	64
51	67
51	72
51	73
51	79
51	80
51	81
52	4
52	6
52	14
52	22
52	25
52	31
52	35
52	37
52	44
52	53
53	4
53	6
53	14
53	22
53	25
53	31
53	35
53	44
53	52
53	73
54	32
54	58
54	67
54	68
54	72
54	76
54	77
54	79
54	80
54	81
55	1
55	17
55	26
55	30
55	37
55	43
55	48
55	56
55	57
55	73
56	1
56	13
56	17
56	26
56	30
56	37
56	43
56	48
56	55
56	57
56	61
57	1
57	13
57	17
57	26
57	30
57	37
57	43
57	48
57	55
57	56
57	65
58	22
58	51
58	54
58	68
58	72
58	73
58	76
58	77
58	79
58	80
58	81
59	9
59	20
59	24
59	32
59	33
59	40
59	61
59	70
59	74
59	75
59	78
60	18
60	24
60	39
60	40
60	46
60	51
60	61
60	70
60	74
60	75
60	78
61	12
61	24
61	40
61	45
61	56
61	59
61	60
61	63
61	70
61	74
61	75
61	78
62	47
62	50
62	51
62	64
62	67
62	68
62	73
62	76
62	77
62	79
62	80
62	81
63	12
63	18
63	19
63	32
63	33
63	39
63	40
63	45
63	46
63	61
63	70
63	75
63	78
64	50
64	51
64	62
64	67
64	68
64	71
64	72
64	73
64	76
64	77
64	79
64	80
64	81
65	2
65	3
65	8
65	21
65	23
65	27
65	28
65	29
65	42
65	57
65	66
65	69
65	71
66	2
66	3
66	8
66	9
66	21
66	23
66	27
66	28
66	29
66	41
66	42
66	65
66	69
66	71
67	18
67	45
67	51
67	54
67	62
67	64
67	68
67	72
67	73
67	76
67	77
67	79
67	80
67	81
68	6
68	10
68	54
68	58
68	62
68	64
68	67
68	72
68	73
68	74
68	76
68	77
68	79
68	80
68	81
69	2
69	3
69	8
69	9
69	21
69	23
69	27
69	28
69	29
69	42
69	50
69	65
69	66
69	71
69	76
70	18
70	20
70	28
70	32
70	36
70	39
70	45
70	46
70	59
70	60
70	61
70	63
70	74
70	75
70	78
71	2
71	3
71	8
71	9
71	21
71	23
71	27
71	28
71	29
71	42
71	46
71	64
71	65
71	66
71	69
72	36
72	48
72	49
72	50
72	51
72	54
72	58
72	64
72	67
72	68
72	73
72	76
72	77
72	79
72	80
72	81
73	10
73	36
73	51
73	53
73	55
73	58
73	62
73	64
73	67
73	68
73	72
73	76
73	77
73	79
73	80
73	81
74	7
74	12
74	18
74	20
74	32
74	33
74	39
74	40
74	45
74	59
74	60
74	61
74	68
74	70
74	75
74	78
75	12
75	20
75	21
75	24
75	25
75	32
75	39
75	40
75	45
75	46
75	59
75	60
75	61
75	63
75	70
75	74
75	78
76	5
76	27
76	36
76	50
76	54
76	58
76	62
76	64
76	67
76	68
76	69
76	72
76	73
76	77
76	79
76	80
76	81
77	5
77	10
77	16
77	31
77	36
77	50
77	54
77	58
77	62
77	64
77	67
77	68
77	72
77	73
77	76
77	79
77	80
77	81
78	4
78	12
78	18
78	20
78	24
78	33
78	39
78	40
78	45
78	46
78	59
78	60
78	61
78	63
78	70
78	74
78	75
78	79
79	5
79	36
79	40
79	50
79	51
79	54
79	58
79	62
79	64
79	67
79	68
79	72
79	73
79	76
79	77
79	78
79	80
79	81
80	5
80	10
80	11
80	15
80	36
80	50
80	51
80	54
80	58
80	62
80	64
80	67
80	68
80	72
80	73
80	76
80	77
80	79
80	81
81	2
81	5
81	10
81	29
81	36
81	50
81	51
81	54
81	58
81	62
81	64
81	67
81	68
81	72
81	73
81	76
81	77
81	79
81	80
