1	3
1	21
1	26
1	29
1	30
1	32
2	7
2	9
2	14
2	18
2	19
2	60
3	1
3	21
3	26
3	29
3	30
3	32
4	33
4	46
4	52
4	53
4	62
4	78
5	24
5	42
5	48
5	52
5	53
5	62
6	10
6	43
6	51
6	58
6	76
6	81
7	2
7	8
7	14
7	18
7	19
7	67
8	7
8	9
8	12
8	14
8	18
8	19
9	2
9	8
9	12
9	14
9	18
9	19
10	6
10	16
10	63
10	66
10	79
10	81
11	21
11	26
11	29
11	30
11	32
12	8
12	9
12	14
12	18
12	19
12	63
13	44
13	55
13	58
13	65
13	66
13	70
13	74
14	2
14	7
14	8
14	9
14	12
14	18
14	78
15	40
15	68
15	75
15	76
15	78
15	79
15	81
16	10
16	28
16	29
16	75
16	76
16	78
16	81
17	22
17	40
17	68
17	75
17	78
17	79
17	81
18	2
18	7
18	8
18	9
18	12
18	14
18	19
19	2
19	7
19	8
19	9
19	12
19	18
19	81
20	25
20	47
20	50
20	61
20	70
20	77
20	80
21	1
21	3
21	11
21	26
21	29
21	30
21	32
22	17
22	68
22	73
22	75
22	76
22	78
22	81
23	25
23	31
23	41
23	54
23	60
23	77
23	80
24	5
24	26
24	33
24	46
24	48
24	52
24	53
24	62
25	20
25	23
25	31
25	49
25	54
25	73
25	79
25	80
26	1
26	3
26	11
26	21
26	24
26	29
26	30
26	32
27	40
27	43
27	51
27	75
27	76
27	78
27	79
27	81
28	16
28	51
28	56
28	63
28	76
28	78
28	79
28	81
29	1
29	3
29	11
29	16
29	21
29	26
29	30
29	32
30	1
30	3
30	11
30	21
30	26
30	29
30	32
30	43
31	23
31	25
31	35
31	38
31	49
31	57
31	77
31	80
32	1
32	3
32	11
32	21
32	26
32	29
32	30
32	57
33	4
33	24
33	36
33	42
33	48
33	52
33	53
33	62
34	44
34	55
34	58
34	64
34	69
34	70
34	72
34	74
35	31
35	47
35	50
35	57
35	60
35	67
35	77
35	80
36	33
36	42
36	46
36	48
36	52
36	53
36	62
36	68
37	44
37	58
37	65
37	69
37	70
37	71
37	72
37	74
37	80
38	31
38	50
38	57
38	59
38	67
38	69
38	73
38	77
38	80
39	47
39	57
39	59
39	60
39	61
39	71
39	73
39	77
39	80
40	15
40	17
40	27
40	56
40	75
40	78
40	79
40	80
40	81
41	23
41	49
41	50
41	57
41	59
41	67
41	73
41	77
41	80
42	5
42	33
42	36
42	46
42	47
42	48
42	52
42	53
42	62
43	6
43	27
43	30
43	51
43	63
43	68
43	76
43	79
43	81
44	13
44	34
44	37
44	65
44	69
44	70
44	71
44	72
44	74
45	49
45	55
45	64
45	66
45	69
45	70
45	71
45	72
45	74
46	4
46	24
46	36
46	42
46	48
46	52
46	53
46	62
46	79
47	20
47	35
47	39
47	42
47	49
47	57
47	59
47	73
47	80
48	5
48	24
48	33
48	36
48	42
48	46
48	52
48	55
48	62
49	25
49	31
49	41
49	45
49	47
49	54
49	59
49	61
49	73
49	77
50	20
50	35
50	38
50	41
50	54
50	57
50	68
50	73
50	77
50	80
51	6
51	27
51	28
51	43
51	60
51	75
51	76
51	78
51	79
51	81
52	4
52	5
52	24
52	33
52	36
52	42
52	46
52	48
52	53
52	62
52	77
53	4
53	5
53	24
53	33
53	36
53	42
53	46
53	52
53	62
53	81
54	23
54	25
54	49
54	50
54	60
54	61
54	67
54	71
54	77
54	80
55	13
55	34
55	45
55	48
55	64
55	66
55	70
55	71
55	72
55	74
56	28
56	40
56	63
56	64
56	68
56	75
56	76
56	78
56	79
56	81
57	31
57	32
57	35
57	38
57	39
57	41
57	47
57	50
57	61
57	67
57	77
58	6
58	13
58	34
58	37
58	64
58	65
58	66
58	69
58	71
58	72
58	74
59	38
59	39
59	41
59	47
59	49
59	60
59	67
59	73
59	74
59	77
59	80
60	2
60	23
60	35
60	39
60	51
60	54
60	59
60	61
60	67
60	73
60	80
61	20
61	39
61	49
61	54
61	57
61	60
61	62
61	67
61	73
61	77
61	80
62	4
62	5
62	24
62	33
62	36
62	42
62	46
62	48
62	52
62	53
62	61
63	10
63	12
63	28
63	43
63	56
63	68
63	75
63	76
63	78
63	79
63	81
64	34
64	45
64	55
64	56
64	58
64	65
64	66
64	69
64	70
64	71
64	72
64	74
65	13
65	37
65	44
65	58
65	64
65	66
65	69
65	70
65	71
65	72
65	74
65	77
66	10
66	13
66	45
66	55
66	58
66	64
66	65
66	69
66	70
66	71
66	72
66	74
67	7
67	35
67	38
67	41
67	54
67	57
67	59
67	60
67	61
67	73
67	77
67	80
68	15
68	17
68	22
68	36
68	43
68	50
68	56
68	63
68	75
68	76
68	78
68	79
68	81
69	34
69	37
69	38
69	44
69	45
69	58
69	64
69	65
69	66
69	71
69	72
69	74
69	75
70	13
70	20
70	34
70	37
70	44
70	45
70	55
70	64
70	65
70	66
70	71
70	72
70	74
71	37
71	39
71	44
71	45
71	54
71	55
71	58
71	64
71	65
71	66
71	69
71	70
71	72
71	74
72	34
72	37
72	44
72	45
72	55
72	58
72	64
72	65
72	66
72	69
72	70
72	71
72	74
72	76
73	22
73	25
73	38
73	39
73	41
73	47
73	49
73	50
73	59
73	60
73	61
73	67
73	77
73	80
74	13
74	34
74	37
74	44
74	45
74	55
74	58
74	59
74	64
74	65
74	66
74	69
74	70
74	71
74	72
74	75
75	15
75	16
75	17
75	22
75	27
75	40
75	51
75	56
75	63
75	68
75	69
75	74
75	76
75	78
75	79
75	81
76	6
76	15
76	16
76	22
76	27
76	28
76	43
76	51
76	56
76	63
76	68
76	72
76	75
76	78
76	79
76	81
77	20
77	23
77	31
77	35
77	38
77	39
77	41
77	49
77	50
77	52
77	54
77	57
77	59
77	61
77	65
77	67
77	73
78	4
78	14
78	15
78	16
78	17
78	22
78	27
78	28
78	40
78	51
78	56
78	63
78	68
78	75
78	76
78	79
78	81
79	10
79	15
79	17
79	25
79	27
79	28
79	40
79	43
79	46
79	51
79	56
79	63
79	68
79	75
79	76
79	78
79	81
80	20
80	23
80	25
80	31
80	35
80	37
80	38
80	39
80	40
80	41
80	47
80	50
80	54
80	59
80	60
80	61
80	67
80	73
81	6
81	10
81	15
81	16
81	17
81	19
81	22
81	27
81	28
81	40
81	43
81	51
81	53
81	56
81	63
81	68
81	75
81	76
81	78
81	79
