1	2
1	13
1	15
1	29
1	56
1	80
2	1
2	31
2	33
2	46
2	53
2	80
3	6
3	34
3	73
3	77
3	78
3	81
4	41
4	72
4	73
4	77
4	78
4	81
5	64
5	66
5	74
5	75
5	76
5	79
6	3
6	67
6	74
6	75
6	76
6	79
7	30
7	48
7	51
7	53
7	63
7	80
8	43
8	47
8	57
8	68
8	69
8	71
9	17
9	42
9	66
9	69
9	71
9	79
10	11
10	16
10	19
10	68
10	69
10	71
11	10
11	30
11	40
11	66
11	69
11	71
12	16
12	32
12	65
12	70
12	72
12	81
13	1
13	21
13	35
13	50
13	54
13	80
14	37
14	44
14	55
14	60
14	61
14	62
15	1
15	33
15	35
15	54
15	80
15	81
16	10
16	12
16	72
16	73
16	78
16	81
17	9
17	40
17	47
17	66
17	68
17	71
18	45
18	64
18	65
18	75
18	76
18	79
19	10
19	42
19	43
19	66
19	68
19	69
19	71
20	34
20	42
20	70
20	72
20	77
20	78
20	81
21	13
21	29
21	35
21	46
21	48
21	63
21	80
22	58
22	64
22	67
22	74
22	75
22	76
22	79
23	38
23	58
23	71
23	74
23	75
23	76
23	79
24	29
24	46
24	48
24	51
24	53
24	54
24	63
25	34
25	41
25	65
25	73
25	77
25	78
25	81
26	55
26	57
26	70
26	73
26	77
26	78
26	81
27	28
27	49
27	55
27	59
27	60
27	61
27	62
28	27
28	49
28	52
28	55
28	59
28	61
28	62
29	1
29	21
29	24
29	31
29	33
29	46
29	80
30	7
30	11
30	31
30	46
30	53
30	54
30	80
31	2
31	29
31	30
31	48
31	53
31	54
31	78
31	80
32	12
32	37
32	70
32	72
32	73
32	77
32	78
32	81
33	2
33	15
33	29
33	35
33	48
33	54
33	63
33	80
34	3
34	20
34	25
34	40
34	70
34	72
34	73
34	81
35	13
35	15
35	21
35	33
35	49
35	51
35	63
35	80
36	57
36	65
36	70
36	72
36	76
36	77
36	78
36	81
37	14
37	32
37	44
37	52
37	59
37	60
37	61
37	62
38	23
38	39
38	50
38	66
38	74
38	75
38	76
38	79
39	38
39	45
39	56
39	58
39	68
39	74
39	75
39	76
39	79
40	11
40	17
40	34
40	43
40	47
40	66
40	68
40	69
40	71
41	4
41	25
41	57
41	65
41	72
41	73
41	77
41	78
41	81
42	9
42	19
42	20
42	43
42	47
42	66
42	68
42	69
42	71
43	8
43	19
43	40
43	42
43	63
43	66
43	68
43	69
43	71
44	14
44	37
44	49
44	52
44	55
44	59
44	60
44	62
44	77
45	18
45	39
45	58
45	64
45	67
45	74
45	75
45	76
45	79
46	2
46	21
46	24
46	29
46	30
46	51
46	63
46	80
46	81
47	8
47	17
47	40
47	42
47	56
47	66
47	68
47	69
47	71
48	7
48	21
48	24
48	31
48	33
48	51
48	53
48	63
48	64
48	80
49	27
49	28
49	35
49	44
49	52
49	55
49	59
49	60
49	61
49	62
50	13
50	38
50	56
50	58
50	64
50	67
50	74
50	75
50	76
50	79
51	7
51	24
51	35
51	46
51	48
51	53
51	54
51	63
51	76
51	80
52	28
52	37
52	44
52	49
52	55
52	59
52	60
52	61
52	62
52	72
53	2
53	7
53	24
53	30
53	31
53	48
53	51
53	54
53	63
53	67
53	80
54	13
54	15
54	24
54	30
54	31
54	33
54	51
54	53
54	57
54	63
54	80
55	14
55	26
55	27
55	28
55	44
55	49
55	52
55	59
55	60
55	61
55	62
56	1
56	39
56	47
56	50
56	58
56	64
56	67
56	74
56	75
56	76
56	79
57	8
57	26
57	36
57	41
57	54
57	65
57	70
57	73
57	77
57	78
57	81
58	22
58	23
58	39
58	45
58	50
58	56
58	67
58	68
58	74
58	75
58	79
59	27
59	28
59	37
59	44
59	49
59	52
59	55
59	60
59	61
59	62
59	74
60	14
60	27
60	37
60	44
60	49
60	52
60	55
60	59
60	61
60	62
60	67
61	14
61	27
61	28
61	37
61	49
61	52
61	55
61	59
61	60
61	62
61	65
61	70
62	14
62	27
62	28
62	37
62	44
62	49
62	52
62	55
62	59
62	60
62	61
62	77
63	7
63	21
63	24
63	33
63	35
63	43
63	46
63	48
63	51
63	53
63	54
63	80
64	5
64	18
64	22
64	45
64	48
64	50
64	56
64	67
64	74
64	75
64	76
64	79
65	12
65	18
65	25
65	36
65	41
65	57
65	61
65	72
65	73
65	77
65	78
65	81
66	5
66	9
66	11
66	17
66	19
66	38
66	40
66	42
66	43
66	47
66	68
66	69
66	71
67	6
67	22
67	45
67	50
67	53
67	56
67	58
67	60
67	64
67	74
67	75
67	76
67	79
68	8
68	10
68	17
68	19
68	39
68	40
68	42
68	43
68	47
68	58
68	66
68	69
68	71
69	8
69	9
69	10
69	11
69	19
69	40
69	42
69	43
69	47
69	66
69	68
69	71
69	79
70	12
70	20
70	26
70	32
70	34
70	36
70	57
70	61
70	72
70	73
70	77
70	78
70	81
71	8
71	9
71	10
71	11
71	17
71	19
71	23
71	40
71	42
71	43
71	47
71	66
71	68
71	69
72	4
72	12
72	16
72	20
72	32
72	34
72	36
72	41
72	52
72	65
72	70
72	73
72	77
72	78
72	81
73	3
73	4
73	16
73	25
73	26
73	32
73	34
73	41
73	57
73	65
73	70
73	72
73	74
73	77
73	78
73	81
74	5
74	6
74	22
74	23
74	38
74	39
74	45
74	50
74	56
74	58
74	59
74	64
74	67
74	73
74	75
74	76
74	79
75	5
75	6
75	18
75	22
75	23
75	38
75	39
75	45
75	50
75	56
75	58
75	64
75	67
75	74
75	76
75	79
75	80
76	5
76	6
76	18
76	22
76	23
76	36
76	38
76	39
76	45
76	50
76	51
76	56
76	64
76	67
76	74
76	75
76	79
77	3
77	4
77	20
77	25
77	26
77	32
77	36
77	41
77	44
77	57
77	62
77	65
77	70
77	72
77	73
77	78
77	81
78	3
78	4
78	16
78	20
78	25
78	26
78	31
78	32
78	36
78	41
78	57
78	65
78	70
78	72
78	73
78	77
78	80
78	81
79	5
79	6
79	9
79	18
79	22
79	23
79	38
79	39
79	45
79	50
79	56
79	58
79	64
79	67
79	69
79	74
79	75
79	76
80	1
80	2
80	7
80	13
80	15
80	21
80	29
80	30
80	31
80	33
80	35
80	46
80	48
80	51
80	53
80	54
80	63
80	75
80	78
81	3
81	4
81	12
81	15
81	16
81	20
81	25
81	26
81	32
81	34
81	36
81	41
81	46
81	57
81	65
81	70
81	72
81	73
81	77
81	78
