1	3
1	12
1	40
1	48
1	59
1	63
2	4
2	12
2	13
2	40
2	48
2	63
3	1
3	4
3	19
3	48
3	59
3	63
4	2
4	3
4	6
4	29
4	48
4	63
5	37
5	61
5	66
5	68
5	73
5	76
6	4
6	45
6	51
6	66
6	68
6	76
7	42
7	64
7	77
7	78
7	79
7	81
8	19
8	40
8	48
8	59
8	63
8	75
9	32
9	61
9	68
9	70
9	73
9	76
10	47
10	58
10	67
10	74
10	75
10	80
11	54
11	55
11	56
11	71
11	72
11	80
12	1
12	2
12	31
12	48
12	55
12	59
13	2
13	31
13	38
13	59
13	61
13	63
14	40
14	51
14	57
14	61
14	70
14	76
15	20
15	34
15	43
15	46
15	49
15	54
16	30
16	42
16	71
16	72
16	75
16	80
17	58
17	72
17	74
17	75
17	77
17	80
18	52
18	60
18	69
18	77
18	78
18	81
19	3
19	8
19	29
19	38
19	59
19	63
20	15
20	26
20	44
20	46
20	49
20	50
21	43
21	44
21	46
21	49
21	50
21	74
22	60
22	62
22	70
22	78
22	79
22	81
23	53
23	64
23	65
23	77
23	78
23	79
23	81
24	36
24	47
24	54
24	55
24	75
24	76
24	80
25	26
25	34
25	43
25	44
25	46
25	49
25	50
26	20
26	25
26	43
26	44
26	46
26	49
26	50
27	52
27	65
27	67
27	77
27	78
27	79
27	81
28	51
28	57
28	61
28	66
28	70
28	73
28	76
29	4
29	19
29	31
29	40
29	59
29	63
29	78
30	16
30	39
30	60
30	69
30	77
30	79
30	81
31	12
31	13
31	29
31	38
31	40
31	48
31	59
31	63
32	9
32	41
32	45
32	68
32	70
32	73
32	76
32	78
33	36
33	67
33	69
33	71
33	72
33	74
33	75
33	80
34	15
34	25
34	43
34	44
34	46
34	49
34	50
34	80
35	62
35	64
35	65
35	77
35	78
35	79
35	80
35	81
36	24
36	33
36	47
36	71
36	72
36	74
36	75
36	80
37	5
37	41
37	46
37	57
37	68
37	70
37	73
37	76
38	13
38	19
38	31
38	40
38	48
38	50
38	59
38	63
39	30
39	47
39	53
39	69
39	77
39	78
39	79
39	81
40	1
40	2
40	8
40	14
40	29
40	31
40	38
40	59
40	63
41	32
41	37
41	51
41	57
41	66
41	68
41	70
41	73
41	76
42	7
42	16
42	55
42	58
42	67
42	71
42	72
42	74
42	80
43	15
43	21
43	25
43	26
43	34
43	44
43	46
43	49
43	50
43	71
44	20
44	21
44	25
44	26
44	34
44	43
44	46
44	49
44	50
44	81
45	6
45	32
45	57
45	59
45	61
45	66
45	68
45	70
45	73
45	76
46	15
46	20
46	21
46	25
46	26
46	34
46	37
46	43
46	44
46	50
47	10
47	24
47	36
47	39
47	55
47	56
47	67
47	74
47	75
47	80
48	1
48	2
48	3
48	4
48	8
48	12
48	31
48	38
48	63
48	64
49	15
49	20
49	21
49	25
49	26
49	34
49	43
49	44
49	50
49	72
50	20
50	21
50	25
50	26
50	34
50	38
50	43
50	44
50	46
50	49
50	62
51	6
51	14
51	28
51	41
51	61
51	66
51	68
51	70
51	73
51	75
51	76
52	18
52	27
52	53
52	62
52	64
52	65
52	69
52	71
52	77
52	78
52	79
52	81
53	23
53	39
53	52
53	54
53	60
53	62
53	65
53	69
53	77
53	78
53	79
53	81
54	11
54	15
54	24
54	53
54	55
54	56
54	58
54	67
54	71
54	72
54	74
54	80
55	11
55	12
55	24
55	42
55	47
55	54
55	67
55	71
55	72
55	74
55	75
55	80
56	11
56	47
56	54
56	57
56	58
56	67
56	71
56	72
56	74
56	75
56	77
56	80
57	14
57	28
57	37
57	41
57	45
57	56
57	61
57	66
57	68
57	70
57	73
57	76
58	10
58	17
58	42
58	54
58	56
58	60
58	67
58	69
58	71
58	72
58	74
58	75
58	80
59	1
59	3
59	8
59	12
59	13
59	19
59	29
59	31
59	38
59	40
59	45
59	63
59	73
60	18
60	22
60	30
60	53
60	58
60	62
60	64
60	65
60	69
60	77
60	78
60	79
60	81
61	5
61	9
61	13
61	14
61	28
61	45
61	51
61	57
61	66
61	68
61	70
61	73
61	76
61	81
62	22
62	35
62	50
62	52
62	53
62	60
62	64
62	65
62	66
62	69
62	77
62	78
62	79
62	81
63	1
63	2
63	3
63	4
63	8
63	13
63	19
63	29
63	31
63	38
63	40
63	48
63	59
63	68
64	7
64	23
64	35
64	48
64	52
64	60
64	62
64	65
64	69
64	74
64	77
64	78
64	79
64	81
65	23
65	27
65	35
65	52
65	53
65	60
65	62
65	64
65	69
65	73
65	77
65	78
65	79
65	81
66	5
66	6
66	28
66	41
66	45
66	51
66	57
66	61
66	62
66	68
66	70
66	73
66	76
66	79
67	10
67	27
67	33
67	42
67	47
67	54
67	55
67	56
67	58
67	71
67	72
67	74
67	75
67	76
67	80
68	5
68	6
68	9
68	32
68	37
68	41
68	45
68	51
68	57
68	61
68	63
68	66
68	70
68	73
68	76
69	18
69	30
69	33
69	39
69	52
69	53
69	58
69	60
69	62
69	64
69	65
69	77
69	78
69	79
69	81
70	9
70	14
70	22
70	28
70	32
70	37
70	41
70	45
70	51
70	57
70	61
70	66
70	68
70	73
70	76
70	79
71	11
71	16
71	33
71	36
71	42
71	43
71	52
71	54
71	55
71	56
71	58
71	67
71	72
71	74
71	75
71	80
72	11
72	16
72	17
72	33
72	36
72	42
72	49
72	54
72	55
72	56
72	58
72	67
72	71
72	74
72	75
72	80
73	5
73	9
73	28
73	32
73	37
73	41
73	45
73	51
73	57
73	59
73	61
73	65
73	66
73	68
73	70
73	76
74	10
74	17
74	21
74	33
74	36
74	42
74	47
74	54
74	55
74	56
74	58
74	64
74	67
74	71
74	72
74	75
74	80
75	8
75	10
75	16
75	17
75	24
75	33
75	36
75	47
75	51
75	55
75	56
75	58
75	67
75	71
75	72
75	74
75	80
76	5
76	6
76	9
76	14
76	24
76	28
76	32
76	37
76	41
76	45
76	51
76	57
76	61
76	66
76	67
76	68
76	70
76	73
77	7
77	17
77	18
77	23
77	27
77	30
77	35
77	39
77	52
77	53
77	56
77	60
77	62
77	64
77	65
77	69
77	78
77	79
77	81
78	7
78	18
78	22
78	23
78	27
78	29
78	32
78	35
78	39
78	52
78	53
78	60
78	62
78	64
78	65
78	69
78	77
78	79
78	81
79	7
79	22
79	23
79	27
79	30
79	35
79	39
79	52
79	53
79	60
79	62
79	64
79	65
79	66
79	69
79	70
79	77
79	78
79	81
80	10
80	11
80	16
80	17
80	24
80	33
80	34
80	35
80	36
80	42
80	47
80	54
80	55
80	56
80	58
80	67
80	71
80	72
80	74
80	75
81	7
81	18
81	22
81	23
81	27
81	30
81	35
81	39
81	44
81	52
81	53
81	60
81	61
81	62
81	64
81	65
81	69
81	77
81	78
81	79
