1	53
1	66
1	67
1	72
1	76
1	80
2	31
2	43
2	72
2	78
2	80
2	81
3	24
3	58
3	78
3	79
3	80
3	81
4	26
4	49
4	51
4	54
4	57
4	61
5	8
5	35
5	58
5	62
5	71
5	76
6	39
6	42
6	56
6	63
6	73
6	75
7	8
7	18
7	19
7	25
7	40
7	50
8	5
8	7
8	13
8	37
8	40
8	50
9	55
9	69
9	74
9	78
9	80
9	81
10	57
10	63
10	68
10	70
10	77
10	79
11	36
11	41
11	74
11	78
11	80
11	81
12	48
12	59
12	68
12	70
12	75
12	77
13	8
13	18
13	25
13	34
13	40
13	50
14	20
14	23
14	27
14	28
14	29
14	46
15	35
15	52
15	53
15	71
15	72
15	76
16	20
16	23
16	27
16	28
16	29
16	46
17	47
17	48
17	73
17	79
17	80
17	81
18	7
18	13
18	34
18	37
18	40
18	50
19	7
19	34
19	37
19	40
19	50
19	79
20	14
20	16
20	23
20	27
20	28
20	46
20	65
21	39
21	68
21	70
21	73
21	75
21	77
21	80
22	32
22	56
22	59
22	63
22	73
22	75
22	77
23	14
23	16
23	20
23	27
23	28
23	29
23	46
24	3
24	55
24	65
24	69
24	78
24	79
24	81
25	7
25	13
25	34
25	37
25	40
25	50
25	66
26	4
26	43
26	45
26	49
26	51
26	54
26	61
27	14
27	16
27	20
27	23
27	28
27	29
27	46
28	14
28	16
28	20
28	23
28	27
28	29
28	46
29	14
29	16
29	23
29	27
29	28
29	46
29	74
30	41
30	44
30	45
30	49
30	54
30	61
30	81
31	2
31	65
31	68
31	74
31	79
31	80
31	81
32	22
32	42
32	57
32	68
32	70
32	75
32	77
33	57
33	59
33	64
33	70
33	73
33	75
33	77
34	13
34	18
34	19
34	25
34	37
34	40
34	50
35	5
35	15
35	38
35	58
35	62
35	66
35	67
35	76
36	11
36	61
36	69
36	74
36	78
36	79
36	80
36	81
37	8
37	18
37	19
37	25
37	34
37	40
37	50
37	53
38	35
38	45
38	60
38	66
38	67
38	71
38	72
38	76
39	6
39	21
39	42
39	63
39	64
39	71
39	73
39	75
40	7
40	8
40	13
40	18
40	19
40	25
40	34
40	37
41	11
41	30
41	44
41	45
41	49
41	51
41	54
41	61
42	6
42	32
42	39
42	56
42	64
42	69
42	73
42	77
43	2
43	26
43	65
43	74
43	78
43	79
43	80
43	81
44	30
44	41
44	45
44	49
44	51
44	54
44	61
44	77
45	26
45	30
45	38
45	41
45	44
45	51
45	54
45	61
46	14
46	16
46	20
46	23
46	27
46	28
46	29
46	50
47	17
47	48
47	63
47	65
47	69
47	78
47	79
47	80
47	81
48	12
48	17
48	47
48	55
48	74
48	78
48	79
48	80
48	81
49	4
49	26
49	30
49	41
49	44
49	51
49	54
49	56
49	61
50	7
50	8
50	13
50	18
50	19
50	25
50	34
50	37
50	46
51	4
51	26
51	41
51	44
51	45
51	49
51	54
51	61
51	76
52	15
52	53
52	58
52	60
52	62
52	67
52	69
52	71
52	72
52	76
53	1
53	15
53	37
53	52
53	60
53	62
53	66
53	71
53	72
53	76
54	4
54	26
54	30
54	41
54	44
54	45
54	49
54	51
54	60
54	61
55	9
55	24
55	48
55	65
55	69
55	74
55	76
55	78
55	79
55	80
55	81
56	6
56	22
56	42
56	49
56	57
56	59
56	63
56	64
56	68
56	75
56	77
57	4
57	10
57	32
57	33
57	56
57	59
57	68
57	70
57	73
57	75
57	77
58	3
58	5
58	35
58	52
58	60
58	62
58	66
58	67
58	71
58	72
58	76
59	12
59	22
59	33
59	56
59	57
59	63
59	64
59	73
59	75
59	77
59	80
60	38
60	52
60	53
60	54
60	58
60	62
60	66
60	67
60	71
60	72
60	76
61	4
61	26
61	30
61	36
61	41
61	44
61	45
61	49
61	51
61	54
61	62
62	5
62	35
62	52
62	53
62	58
62	60
62	61
62	66
62	67
62	71
62	72
62	76
63	6
63	10
63	22
63	39
63	47
63	56
63	59
63	64
63	68
63	70
63	73
63	77
64	33
64	39
64	42
64	56
64	59
64	63
64	68
64	70
64	73
64	75
64	77
64	78
65	20
65	24
65	31
65	43
65	47
65	55
65	69
65	74
65	78
65	79
65	80
65	81
66	1
66	25
66	35
66	38
66	53
66	58
66	60
66	62
66	67
66	71
66	72
66	76
67	1
67	35
67	38
67	52
67	58
67	60
67	62
67	66
67	71
67	72
67	75
67	76
68	10
68	12
68	21
68	31
68	32
68	56
68	57
68	63
68	64
68	70
68	75
68	77
69	9
69	24
69	36
69	42
69	47
69	52
69	55
69	65
69	74
69	78
69	79
69	80
69	81
70	10
70	12
70	21
70	32
70	33
70	57
70	63
70	64
70	68
70	73
70	75
70	77
70	81
71	5
71	15
71	38
71	39
71	52
71	53
71	58
71	60
71	62
71	66
71	67
71	72
71	76
72	1
72	2
72	15
72	38
72	52
72	53
72	58
72	60
72	62
72	66
72	67
72	71
72	76
73	6
73	17
73	21
73	22
73	33
73	39
73	42
73	57
73	59
73	63
73	64
73	70
73	75
73	77
74	9
74	11
74	29
74	31
74	36
74	43
74	48
74	55
74	65
74	69
74	78
74	79
74	80
74	81
75	6
75	12
75	21
75	22
75	32
75	33
75	39
75	56
75	57
75	59
75	64
75	67
75	68
75	70
75	73
75	77
76	1
76	5
76	15
76	35
76	38
76	51
76	52
76	53
76	55
76	58
76	60
76	62
76	66
76	67
76	71
76	72
77	10
77	12
77	21
77	22
77	32
77	33
77	42
77	44
77	56
77	57
77	59
77	63
77	64
77	68
77	70
77	73
77	75
78	2
78	3
78	9
78	11
78	24
78	36
78	43
78	47
78	48
78	55
78	64
78	65
78	69
78	74
78	79
78	80
78	81
79	3
79	10
79	17
79	19
79	24
79	31
79	36
79	43
79	47
79	48
79	55
79	65
79	69
79	74
79	78
79	80
79	81
80	1
80	2
80	3
80	9
80	11
80	17
80	21
80	31
80	36
80	43
80	47
80	48
80	55
80	59
80	65
80	69
80	74
80	78
80	79
80	81
81	2
81	3
81	9
81	11
81	17
81	24
81	30
81	31
81	36
81	43
81	47
81	48
81	55
81	65
81	69
81	70
81	74
81	78
81	79
81	80
