1	20
1	45
1	46
1	50
1	56
1	63
2	20
2	28
2	45
2	46
2	56
2	63
3	49
3	53
3	60
3	64
3	66
3	68
4	14
4	28
4	45
4	50
4	56
4	63
5	55
5	74
5	77
5	78
5	80
5	81
6	29
6	61
6	77
6	78
6	80
6	81
7	55
7	70
7	73
7	75
7	76
7	79
8	51
8	69
8	73
8	75
8	76
8	79
9	10
9	28
9	46
9	50
9	56
9	63
10	9
10	45
10	46
10	50
10	56
10	63
11	32
11	53
11	54
11	69
11	73
11	79
12	33
12	54
12	70
12	75
12	76
12	79
13	20
13	28
13	40
13	45
13	50
13	63
14	4
14	32
14	70
14	73
14	75
14	76
15	18
15	69
15	70
15	75
15	76
15	79
16	67
16	74
16	77
16	78
16	80
16	81
17	38
17	57
17	63
17	67
17	71
17	72
18	15
18	26
18	41
18	64
18	66
18	68
19	45
19	65
19	74
19	77
19	78
19	80
19	81
20	1
20	2
20	13
20	46
20	56
20	68
20	70
21	52
21	65
21	74
21	77
21	78
21	80
21	81
22	47
22	57
22	59
22	62
22	67
22	71
22	72
23	39
23	41
23	49
23	64
23	66
23	68
23	72
24	26
24	39
24	49
24	60
24	64
24	66
24	68
25	47
25	57
25	58
25	59
25	62
25	71
25	72
26	18
26	24
26	39
26	60
26	66
26	68
26	80
27	43
27	61
27	73
27	74
27	77
27	78
27	80
27	81
28	2
28	4
28	9
28	13
28	50
28	56
28	63
28	76
29	6
29	35
29	41
29	43
29	74
29	78
29	80
29	81
30	31
30	39
30	49
30	60
30	64
30	66
30	68
30	75
31	30
31	41
31	49
31	60
31	64
31	66
31	68
31	69
32	11
32	14
32	48
32	53
32	55
32	69
32	76
32	79
33	12
33	38
33	44
33	48
33	54
33	75
33	76
33	79
34	42
34	57
34	58
34	59
34	62
34	67
34	71
34	72
35	29
35	39
35	51
35	52
35	61
35	77
35	78
35	80
35	81
36	38
36	47
36	58
36	59
36	62
36	67
36	71
36	72
36	81
37	51
37	52
37	61
37	65
37	74
37	77
37	78
37	80
37	81
38	17
38	33
38	36
38	47
38	58
38	59
38	67
38	71
38	72
39	23
39	24
39	26
39	30
39	35
39	41
39	60
39	66
39	68
40	13
40	48
40	54
40	55
40	70
40	73
40	75
40	76
40	79
41	18
41	23
41	29
41	31
41	39
41	49
41	60
41	64
41	66
41	68
42	34
42	47
42	57
42	58
42	59
42	62
42	67
42	71
42	72
42	74
43	27
43	29
43	48
43	52
43	65
43	74
43	77
43	78
43	80
43	81
44	33
44	53
44	54
44	55
44	68
44	69
44	70
44	73
44	75
44	79
45	1
45	2
45	4
45	10
45	13
45	19
45	46
45	50
45	56
45	63
46	1
46	2
46	9
46	10
46	20
46	45
46	50
46	54
46	56
46	63
47	22
47	25
47	36
47	38
47	42
47	57
47	58
47	64
47	67
47	71
47	72
48	32
48	33
48	40
48	43
48	55
48	69
48	70
48	73
48	75
48	76
48	79
49	3
49	23
49	24
49	30
49	31
49	41
49	60
49	64
49	66
49	68
49	74
50	1
50	4
50	9
50	10
50	13
50	28
50	45
50	46
50	56
50	63
50	66
51	8
51	35
51	37
51	52
51	61
51	65
51	74
51	77
51	78
51	80
51	81
52	21
52	35
52	37
52	43
52	51
52	65
52	74
52	77
52	78
52	80
52	81
53	3
53	11
53	32
53	44
53	55
53	69
53	70
53	73
53	75
53	76
53	79
54	11
54	12
54	33
54	40
54	44
54	46
54	69
54	70
54	73
54	76
54	79
55	5
55	7
55	32
55	40
55	44
55	48
55	53
55	73
55	75
55	76
55	79
56	1
56	2
56	4
56	9
56	10
56	20
56	28
56	45
56	46
56	50
56	59
56	63
57	17
57	22
57	25
57	34
57	42
57	47
57	58
57	62
57	67
57	71
57	72
57	78
58	25
58	34
58	36
58	38
58	42
58	47
58	57
58	62
58	67
58	71
58	72
58	75
59	22
59	25
59	34
59	36
59	38
59	42
59	56
59	62
59	67
59	71
59	72
59	77
60	3
60	24
60	26
60	30
60	31
60	39
60	41
60	49
60	61
60	64
60	66
60	68
61	6
61	27
61	35
61	37
61	51
61	60
61	65
61	74
61	77
61	78
61	80
61	81
62	22
62	25
62	34
62	36
62	42
62	57
62	58
62	59
62	67
62	71
62	72
62	81
63	1
63	2
63	4
63	9
63	10
63	13
63	17
63	28
63	45
63	46
63	50
63	56
63	79
64	3
64	18
64	23
64	24
64	30
64	31
64	41
64	47
64	49
64	60
64	66
64	68
64	70
65	19
65	21
65	37
65	43
65	51
65	52
65	61
65	72
65	74
65	77
65	78
65	80
65	81
66	3
66	18
66	23
66	24
66	26
66	30
66	31
66	39
66	41
66	49
66	50
66	60
66	64
66	68
67	16
67	17
67	22
67	34
67	36
67	38
67	42
67	47
67	57
67	58
67	59
67	62
67	71
67	72
68	3
68	18
68	20
68	23
68	24
68	26
68	30
68	31
68	39
68	41
68	44
68	49
68	60
68	64
68	66
69	8
69	11
69	15
69	31
69	32
69	44
69	48
69	53
69	54
69	70
69	73
69	75
69	76
69	79
69	80
70	7
70	12
70	14
70	15
70	20
70	40
70	44
70	48
70	53
70	54
70	64
70	69
70	73
70	75
70	76
70	79
71	17
71	22
71	25
71	34
71	36
71	38
71	42
71	47
71	57
71	58
71	59
71	62
71	67
71	72
71	76
71	79
72	17
72	22
72	23
72	25
72	34
72	36
72	38
72	42
72	47
72	57
72	58
72	59
72	62
72	65
72	67
72	71
73	7
73	8
73	11
73	14
73	27
73	40
73	44
73	48
73	53
73	54
73	55
73	69
73	70
73	75
73	76
73	77
73	79
74	5
74	16
74	19
74	21
74	27
74	29
74	37
74	42
74	43
74	49
74	51
74	52
74	61
74	65
74	77
74	78
74	80
74	81
75	7
75	8
75	12
75	14
75	15
75	30
75	33
75	40
75	44
75	48
75	53
75	55
75	58
75	69
75	70
75	73
75	76
75	79
76	7
76	8
76	12
76	14
76	15
76	28
76	32
76	33
76	40
76	48
76	53
76	54
76	55
76	69
76	70
76	71
76	73
76	75
76	79
77	5
77	6
77	16
77	19
77	21
77	27
77	35
77	37
77	43
77	51
77	52
77	59
77	61
77	65
77	73
77	74
77	78
77	80
77	81
78	5
78	6
78	16
78	19
78	21
78	27
78	29
78	35
78	37
78	43
78	51
78	52
78	57
78	61
78	65
78	74
78	77
78	80
78	81
79	7
79	8
79	11
79	12
79	15
79	32
79	33
79	40
79	44
79	48
79	53
79	54
79	55
79	63
79	69
79	70
79	71
79	73
79	75
79	76
80	5
80	6
80	16
80	19
80	21
80	26
80	27
80	29
80	35
80	37
80	43
80	51
80	52
80	61
80	65
80	69
80	74
80	77
80	78
80	81
81	5
81	6
81	16
81	19
81	21
81	27
81	29
81	35
81	36
81	37
81	43
81	51
81	52
81	61
81	62
81	65
81	74
81	77
81	78
81	80
