1	9
1	19
1	20
1	25
1	26
1	31
2	10
2	16
2	60
2	61
2	62
2	65
3	14
3	20
3	25
3	26
3	31
3	46
4	34
4	37
4	43
4	44
4	47
4	80
5	51
5	54
5	55
5	56
5	57
5	58
6	7
6	8
6	11
6	12
6	18
6	69
7	6
7	8
7	11
7	12
7	18
7	72
8	6
8	7
8	11
8	12
8	18
8	71
9	1
9	14
9	19
9	20
9	26
9	31
10	2
10	13
10	36
10	59
10	60
10	62
11	6
11	7
11	8
11	12
11	18
11	58
12	6
12	7
12	8
12	11
12	18
12	26
13	10
13	28
13	41
13	59
13	60
13	62
14	3
14	9
14	19
14	25
14	26
14	31
15	35
15	46
15	49
15	52
15	53
15	77
16	2
16	36
16	41
16	59
16	61
16	62
17	29
17	40
17	46
17	49
17	52
17	53
18	6
18	7
18	8
18	11
18	12
18	21
19	1
19	9
19	14
19	20
19	25
19	31
20	1
20	3
20	9
20	19
20	31
20	76
21	18
21	22
21	41
21	59
21	60
21	61
21	62
22	21
22	30
22	59
22	60
22	61
22	62
22	73
23	27
23	29
23	34
23	37
23	43
23	44
23	47
24	33
24	35
24	40
24	42
24	49
24	52
24	53
25	1
25	3
25	14
25	19
25	26
25	31
25	67
26	1
26	3
26	9
26	12
26	14
26	25
26	31
27	23
27	29
27	32
27	34
27	43
27	44
27	47
28	13
28	36
28	41
28	59
28	60
28	61
28	62
28	65
29	17
29	23
29	27
29	32
29	37
29	43
29	44
29	47
30	22
30	36
30	41
30	59
30	60
30	61
30	62
30	79
31	1
31	3
31	9
31	14
31	19
31	20
31	25
31	26
32	27
32	29
32	34
32	37
32	43
32	44
32	47
32	70
33	24
33	35
33	40
33	42
33	46
33	49
33	52
33	53
34	4
34	23
34	27
34	32
34	37
34	43
34	47
34	69
35	15
35	24
35	33
35	42
35	45
35	46
35	49
35	52
35	53
36	10
36	16
36	28
36	30
36	59
36	60
36	61
36	62
36	81
37	4
37	23
37	29
37	32
37	34
37	38
37	43
37	44
37	47
38	37
38	39
38	48
38	50
38	54
38	55
38	56
38	57
38	58
39	38
39	50
39	51
39	54
39	55
39	56
39	57
39	58
39	63
40	17
40	24
40	33
40	42
40	46
40	49
40	52
40	53
40	80
41	13
41	16
41	21
41	28
41	30
41	59
41	61
41	62
41	68
42	24
42	33
42	35
42	40
42	46
42	49
42	52
42	53
42	59
43	4
43	23
43	27
43	29
43	32
43	34
43	37
43	44
43	47
44	4
44	23
44	27
44	29
44	32
44	37
44	43
44	47
44	76
45	35
45	48
45	50
45	51
45	55
45	56
45	57
45	58
45	73
46	3
46	15
46	17
46	33
46	35
46	40
46	42
46	49
46	52
46	53
47	4
47	23
47	27
47	29
47	32
47	34
47	37
47	43
47	44
47	66
48	38
48	45
48	50
48	51
48	54
48	55
48	56
48	57
48	58
48	68
49	15
49	17
49	24
49	33
49	35
49	40
49	42
49	46
49	52
49	53
49	71
50	38
50	39
50	45
50	48
50	51
50	54
50	55
50	56
50	57
50	58
50	78
51	5
51	39
51	45
51	48
51	50
51	54
51	55
51	56
51	57
51	58
51	67
52	15
52	17
52	24
52	33
52	35
52	40
52	42
52	46
52	49
52	53
52	78
53	15
53	17
53	24
53	33
53	35
53	40
53	42
53	46
53	49
53	52
53	81
54	5
54	38
54	39
54	48
54	50
54	51
54	55
54	56
54	57
54	58
54	79
55	5
55	38
55	39
55	45
55	48
55	50
55	51
55	54
55	56
55	57
55	58
55	64
56	5
56	38
56	39
56	45
56	48
56	50
56	51
56	54
56	55
56	57
56	58
56	74
57	5
57	38
57	39
57	45
57	48
57	50
57	51
57	54
57	55
57	56
57	58
57	70
58	5
58	11
58	38
58	39
58	45
58	48
58	50
58	51
58	54
58	55
58	56
58	57
59	10
59	13
59	16
59	21
59	22
59	28
59	30
59	36
59	41
59	42
59	60
59	61
59	62
60	2
60	10
60	13
60	21
60	22
60	28
60	30
60	36
60	59
60	61
60	62
60	63
60	74
61	2
61	16
61	21
61	22
61	28
61	30
61	36
61	41
61	59
61	60
61	62
61	66
61	72
61	75
62	2
62	10
62	13
62	16
62	21
62	22
62	28
62	30
62	36
62	41
62	59
62	60
62	61
62	77
63	39
63	60
63	64
63	65
63	67
63	69
63	71
63	74
63	75
63	76
63	77
63	78
63	79
63	80
63	81
64	55
64	63
64	65
64	66
64	68
64	69
64	71
64	72
64	73
64	74
64	75
64	76
64	78
64	79
64	80
64	81
65	2
65	28
65	63
65	64
65	67
65	70
65	71
65	72
65	74
65	75
65	76
65	77
65	78
65	79
65	80
65	81
66	47
66	61
66	64
66	67
66	68
66	69
66	70
66	71
66	73
66	74
66	75
66	76
66	77
66	78
66	79
66	80
66	81
67	25
67	51
67	63
67	65
67	66
67	68
67	69
67	72
67	73
67	74
67	75
67	76
67	77
67	78
67	79
67	80
67	81
68	41
68	48
68	64
68	66
68	67
68	69
68	70
68	71
68	72
68	73
68	75
68	76
68	77
68	78
68	79
68	80
68	81
69	6
69	34
69	63
69	64
69	66
69	67
69	68
69	70
69	71
69	72
69	73
69	75
69	77
69	78
69	79
69	80
69	81
70	32
70	57
70	65
70	66
70	68
70	69
70	71
70	72
70	73
70	74
70	75
70	76
70	77
70	78
70	79
70	80
70	81
71	8
71	49
71	63
71	64
71	65
71	66
71	68
71	69
71	70
71	72
71	73
71	74
71	75
71	76
71	77
71	79
71	80
71	81
72	7
72	61
72	64
72	65
72	67
72	68
72	69
72	70
72	71
72	73
72	74
72	75
72	76
72	77
72	78
72	79
72	80
72	81
73	22
73	45
73	64
73	66
73	67
73	68
73	69
73	70
73	71
73	72
73	74
73	75
73	76
73	77
73	78
73	79
73	80
73	81
74	56
74	60
74	63
74	64
74	65
74	66
74	67
74	70
74	71
74	72
74	73
74	75
74	76
74	77
74	78
74	79
74	80
74	81
75	61
75	63
75	64
75	65
75	66
75	67
75	68
75	69
75	70
75	71
75	72
75	73
75	74
75	76
75	77
75	78
75	79
75	80
75	81
76	20
76	44
76	63
76	64
76	65
76	66
76	67
76	68
76	70
76	71
76	72
76	73
76	74
76	75
76	77
76	78
76	79
76	80
76	81
77	15
77	62
77	63
77	65
77	66
77	67
77	68
77	69
77	70
77	71
77	72
77	73
77	74
77	75
77	76
77	78
77	79
77	80
77	81
78	50
78	52
78	63
78	64
78	65
78	66
78	67
78	68
78	69
78	70
78	72
78	73
78	74
78	75
78	76
78	77
78	79
78	80
78	81
79	30
79	54
79	63
79	64
79	65
79	66
79	67
79	68
79	69
79	70
79	71
79	72
79	73
79	74
79	75
79	76
79	77
79	78
79	80
79	81
80	4
80	40
80	63
80	64
80	65
80	66
80	67
80	68
80	69
80	70
80	71
80	72
80	73
80	74
80	75
80	76
80	77
80	78
80	79
80	81
81	36
81	53
81	63
81	64
81	65
81	66
81	67
81	68
81	69
81	70
81	71
81	72
81	73
81	74
81	75
81	76
81	77
81	78
81	79
81	80
