1	37
1	46
1	49
1	75
1	77
1	79
2	39
2	51
2	56
2	74
2	78
2	81
3	6
3	15
3	17
3	23
3	28
3	53
4	46
4	62
4	72
4	75
4	77
4	79
5	36
5	38
5	59
5	63
5	78
5	81
6	3
6	12
6	15
6	36
6	41
6	53
7	17
7	33
7	37
7	71
7	73
7	80
8	39
8	43
8	63
8	69
8	74
8	81
9	42
9	45
9	50
9	54
9	55
9	80
10	46
10	64
10	75
10	76
10	77
10	79
11	38
11	47
11	56
11	60
11	65
11	81
12	6
12	17
12	28
12	30
12	41
12	53
13	16
13	24
13	45
13	54
13	55
13	58
14	20
14	27
14	70
14	73
14	76
14	80
15	3
15	6
15	23
15	28
15	53
15	78
16	13
16	34
16	45
16	54
16	55
16	58
17	3
17	7
17	12
17	30
17	41
17	53
18	64
18	67
18	72
18	75
18	77
18	79
19	43
19	56
19	60
19	65
19	74
19	78
19	81
20	14
20	61
20	66
20	73
20	76
20	77
20	80
21	48
21	66
21	70
21	71
21	73
21	74
21	80
22	38
22	59
22	63
22	65
22	67
22	74
22	81
23	3
23	15
23	28
23	30
23	41
23	53
23	70
24	13
24	34
24	42
24	50
24	54
24	55
24	58
25	44
25	61
25	68
25	70
25	71
25	76
25	80
26	36
26	39
26	51
26	56
26	60
26	69
26	76
27	14
27	61
27	68
27	70
27	73
27	76
27	80
28	3
28	12
28	15
28	23
28	30
28	41
28	53
29	46
29	52
29	58
29	62
29	67
29	77
29	79
30	12
30	17
30	23
30	28
30	41
30	53
30	62
31	32
31	65
31	69
31	70
31	74
31	78
31	81
32	31
32	59
32	69
32	71
32	74
32	78
32	81
33	7
33	54
33	68
33	71
33	73
33	76
33	80
34	16
34	24
34	42
34	45
34	50
34	54
34	55
34	58
35	48
35	57
35	66
35	68
35	71
35	73
35	76
35	80
36	5
36	6
36	26
36	51
36	56
36	63
36	69
36	81
37	1
37	7
37	52
37	64
37	72
37	75
37	77
37	79
38	5
38	11
38	22
38	51
38	57
38	60
38	78
38	81
39	2
39	8
39	26
39	65
39	69
39	74
39	78
39	81
40	47
40	49
40	64
40	67
40	72
40	75
40	77
40	79
41	6
41	12
41	17
41	23
41	28
41	30
41	53
41	79
42	9
42	24
42	34
42	50
42	54
42	55
42	58
42	61
43	8
43	19
43	51
43	60
43	63
43	68
43	74
43	78
43	81
44	25
44	46
44	57
44	61
44	68
44	70
44	71
44	76
44	80
45	9
45	13
45	16
45	34
45	50
45	54
45	55
45	58
45	59
46	1
46	4
46	10
46	29
46	44
46	62
46	64
46	77
46	79
47	11
47	40
47	52
47	64
47	67
47	72
47	75
47	77
47	79
48	21
48	35
48	57
48	66
48	68
48	72
48	73
48	76
48	80
49	1
49	40
49	62
49	67
49	72
49	73
49	75
49	77
49	79
50	9
50	24
50	34
50	42
50	45
50	54
50	55
50	58
50	78
51	2
51	26
51	36
51	38
51	43
51	56
51	65
51	69
51	78
52	29
52	37
52	47
52	62
52	67
52	71
52	72
52	75
52	77
52	79
53	3
53	6
53	12
53	15
53	17
53	23
53	28
53	30
53	41
53	81
54	9
54	13
54	16
54	24
54	33
54	34
54	42
54	45
54	50
54	58
55	9
55	13
55	16
55	24
55	34
55	42
55	45
55	50
55	58
55	72
56	2
56	11
56	19
56	26
56	36
56	51
56	59
56	74
56	75
56	78
56	81
57	35
57	38
57	44
57	48
57	66
57	68
57	71
57	73
57	76
57	77
57	80
58	13
58	16
58	24
58	29
58	34
58	42
58	45
58	50
58	54
58	55
58	60
59	5
59	22
59	32
59	45
59	56
59	63
59	65
59	69
59	74
59	78
59	81
60	11
60	19
60	26
60	38
60	43
60	58
60	63
60	65
60	69
60	78
60	81
61	20
61	25
61	27
61	42
61	44
61	66
61	68
61	70
61	71
61	73
61	76
61	80
62	4
62	29
62	30
62	46
62	49
62	52
62	64
62	67
62	72
62	75
62	77
62	79
63	5
63	8
63	22
63	36
63	43
63	59
63	60
63	65
63	66
63	69
63	74
63	78
64	10
64	18
64	37
64	40
64	46
64	47
64	62
64	65
64	67
64	72
64	75
64	79
65	11
65	19
65	22
65	31
65	39
65	51
65	59
65	60
65	63
65	64
65	69
65	74
65	81
66	20
66	21
66	35
66	48
66	57
66	61
66	63
66	68
66	70
66	71
66	73
66	76
66	80
67	18
67	22
67	29
67	40
67	47
67	49
67	52
67	62
67	64
67	72
67	75
67	77
67	79
68	25
68	27
68	33
68	35
68	43
68	44
68	48
68	57
68	61
68	66
68	70
68	71
68	73
68	80
69	8
69	26
69	31
69	32
69	36
69	39
69	51
69	59
69	60
69	63
69	65
69	74
69	78
69	79
70	14
70	21
70	23
70	25
70	27
70	31
70	44
70	61
70	66
70	68
70	71
70	73
70	76
70	80
71	7
71	21
71	25
71	32
71	33
71	35
71	44
71	52
71	57
71	61
71	66
71	68
71	70
71	76
71	80
72	4
72	18
72	37
72	40
72	47
72	48
72	49
72	52
72	55
72	62
72	64
72	67
72	75
72	77
72	79
73	7
73	14
73	20
73	21
73	27
73	33
73	35
73	48
73	49
73	57
73	61
73	66
73	68
73	70
73	76
73	80
74	2
74	8
74	19
74	21
74	22
74	31
74	32
74	39
74	43
74	56
74	59
74	63
74	65
74	69
74	78
74	81
75	1
75	4
75	10
75	18
75	37
75	40
75	47
75	49
75	52
75	56
75	62
75	64
75	67
75	72
75	77
75	79
76	10
76	14
76	20
76	25
76	26
76	27
76	33
76	35
76	44
76	48
76	57
76	61
76	66
76	70
76	71
76	73
76	80
77	1
77	4
77	10
77	18
77	20
77	29
77	37
77	40
77	46
77	47
77	49
77	52
77	57
77	62
77	67
77	72
77	75
77	79
78	2
78	5
78	15
78	19
78	31
78	32
78	38
78	39
78	43
78	50
78	51
78	56
78	59
78	60
78	63
78	69
78	74
78	81
79	1
79	4
79	10
79	18
79	29
79	37
79	40
79	41
79	46
79	47
79	49
79	52
79	62
79	64
79	67
79	69
79	72
79	75
79	77
80	7
80	9
80	14
80	20
80	21
80	25
80	27
80	33
80	35
80	44
80	48
80	57
80	61
80	66
80	68
80	70
80	71
80	73
80	76
80	81
81	2
81	5
81	8
81	11
81	19
81	22
81	31
81	32
81	36
81	38
81	39
81	43
81	53
81	56
81	59
81	60
81	65
81	74
81	78
81	80
