1	3
1	24
1	27
1	28
1	33
1	38
2	5
2	6
2	13
2	16
2	17
2	60
3	1
3	24
3	28
3	33
3	34
3	38
4	12
4	18
4	35
4	46
4	48
4	73
5	2
5	6
5	8
5	16
5	17
5	73
6	2
6	5
6	9
6	13
6	16
6	65
7	15
7	23
7	25
7	31
7	32
7	67
8	5
8	9
8	13
8	16
8	17
8	81
9	6
9	8
9	13
9	16
9	17
9	77
10	15
10	19
10	21
10	23
10	25
10	31
10	32
11	12
11	14
11	26
11	35
11	45
11	46
11	48
12	4
12	11
12	14
12	35
12	36
12	45
12	81
13	2
13	6
13	8
13	9
13	16
13	17
13	80
14	11
14	12
14	34
14	36
14	45
14	46
14	48
15	7
15	10
15	19
15	21
15	25
15	31
15	75
16	2
16	5
16	6
16	8
16	9
16	13
16	17
17	2
17	5
17	8
17	9
17	13
17	16
17	18
18	4
18	17
18	26
18	36
18	45
18	46
18	48
19	10
19	15
19	23
19	25
19	31
19	32
19	36
20	24
20	27
20	28
20	33
20	34
20	38
20	63
21	10
21	15
21	23
21	25
21	31
21	32
21	71
22	54
22	55
22	56
22	64
22	66
22	68
22	73
23	7
23	10
23	19
23	21
23	25
23	31
23	32
24	1
24	3
24	20
24	27
24	33
24	34
24	38
24	80
25	7
25	10
25	15
25	19
25	21
25	23
25	32
25	64
26	11
26	18
26	31
26	35
26	36
26	45
26	46
26	48
27	1
27	20
27	24
27	28
27	33
27	34
27	38
27	62
28	1
28	3
28	20
28	27
28	33
28	34
28	38
28	46
29	59
29	69
29	74
29	76
29	77
29	79
29	80
29	81
30	57
30	74
30	75
30	76
30	77
30	78
30	79
30	81
31	7
31	10
31	15
31	19
31	21
31	23
31	26
31	32
32	7
32	10
32	19
32	21
32	23
32	25
32	31
32	56
33	1
33	3
33	20
33	24
33	27
33	28
33	34
33	38
34	3
34	14
34	20
34	24
34	27
34	28
34	33
34	38
35	4
35	11
35	12
35	26
35	36
35	42
35	45
35	46
35	48
36	12
36	14
36	18
36	19
36	26
36	35
36	45
36	46
36	48
37	43
37	44
37	47
37	50
37	52
37	54
37	60
37	61
37	71
38	1
38	3
38	20
38	24
38	27
38	28
38	33
38	34
38	50
39	42
39	43
39	44
39	50
39	52
39	54
39	60
39	61
39	71
40	41
40	51
40	53
40	56
40	57
40	58
40	65
40	68
40	73
41	40
41	55
41	57
41	58
41	64
41	65
41	66
41	68
41	73
41	78
42	35
42	39
42	43
42	47
42	50
42	52
42	54
42	60
42	61
42	71
43	37
43	39
43	42
43	44
43	47
43	52
43	54
43	60
43	61
43	71
44	37
44	39
44	43
44	49
44	50
44	52
44	54
44	60
44	61
44	71
45	11
45	12
45	14
45	18
45	26
45	35
45	36
45	46
45	48
45	61
46	4
46	11
46	14
46	18
46	26
46	28
46	35
46	36
46	45
46	48
47	37
47	42
47	43
47	50
47	52
47	54
47	60
47	61
47	69
47	71
48	4
48	11
48	14
48	18
48	26
48	35
48	36
48	45
48	46
48	59
49	44
49	69
49	72
49	74
49	75
49	76
49	77
49	79
49	80
49	81
50	37
50	38
50	39
50	42
50	44
50	47
50	52
50	54
50	60
50	61
50	71
51	40
51	63
51	70
51	72
51	75
51	76
51	77
51	78
51	79
51	80
51	81
52	37
52	39
52	42
52	43
52	44
52	47
52	50
52	60
52	61
52	71
52	76
53	40
53	55
53	56
53	57
53	58
53	64
53	65
53	66
53	67
53	68
53	73
54	22
54	37
54	39
54	42
54	43
54	44
54	47
54	50
54	60
54	61
54	71
55	22
55	41
55	53
55	56
55	57
55	58
55	64
55	65
55	66
55	68
55	70
55	73
56	22
56	32
56	40
56	53
56	55
56	57
56	58
56	64
56	65
56	66
56	68
56	73
57	30
57	40
57	41
57	53
57	55
57	56
57	58
57	64
57	65
57	66
57	68
57	73
58	40
58	41
58	53
58	55
58	56
58	57
58	64
58	65
58	66
58	68
58	73
58	74
59	29
59	48
59	63
59	69
59	70
59	72
59	75
59	76
59	78
59	79
59	80
59	81
60	2
60	37
60	39
60	42
60	43
60	44
60	47
60	50
60	52
60	54
60	61
60	71
61	37
61	39
61	42
61	43
61	44
61	45
61	47
61	50
61	52
61	54
61	60
61	71
62	27
62	67
62	69
62	70
62	72
62	74
62	76
62	77
62	78
62	79
62	80
62	81
63	20
63	51
63	59
63	67
63	69
63	72
63	75
63	77
63	78
63	79
63	80
63	81
64	22
64	25
64	41
64	53
64	55
64	56
64	57
64	58
64	65
64	66
64	68
64	73
65	6
65	40
65	41
65	53
65	55
65	56
65	57
65	58
65	64
65	66
65	68
65	73
66	22
66	41
66	53
66	55
66	56
66	57
66	58
66	64
66	65
66	68
66	72
66	73
67	7
67	53
67	62
67	63
67	69
67	70
67	72
67	75
67	76
67	78
67	79
67	80
67	81
68	22
68	40
68	41
68	53
68	55
68	56
68	57
68	58
68	64
68	65
68	66
68	73
68	79
69	29
69	47
69	49
69	59
69	62
69	63
69	67
69	70
69	72
69	75
69	77
69	80
69	81
70	51
70	55
70	59
70	62
70	67
70	69
70	74
70	76
70	77
70	78
70	79
70	80
70	81
71	21
71	37
71	39
71	42
71	43
71	44
71	47
71	50
71	52
71	54
71	60
71	61
71	78
72	49
72	51
72	59
72	62
72	63
72	66
72	67
72	69
72	74
72	76
72	77
72	78
72	80
72	81
73	4
73	5
73	22
73	40
73	41
73	53
73	55
73	56
73	57
73	58
73	64
73	65
73	66
73	68
74	29
74	30
74	49
74	58
74	62
74	70
74	72
74	75
74	76
74	77
74	78
74	79
74	80
74	81
75	15
75	30
75	49
75	51
75	59
75	63
75	67
75	69
75	74
75	76
75	77
75	78
75	79
75	80
75	81
76	29
76	30
76	49
76	51
76	52
76	59
76	62
76	67
76	70
76	72
76	74
76	75
76	77
76	78
76	79
76	80
76	81
77	9
77	29
77	30
77	49
77	51
77	62
77	63
77	69
77	70
77	72
77	74
77	75
77	76
77	78
77	79
77	80
77	81
78	30
78	41
78	51
78	59
78	62
78	63
78	67
78	70
78	71
78	72
78	74
78	75
78	76
78	77
78	79
78	80
78	81
79	29
79	30
79	49
79	51
79	59
79	62
79	63
79	67
79	68
79	70
79	74
79	75
79	76
79	77
79	78
79	80
79	81
80	13
80	24
80	29
80	49
80	51
80	59
80	62
80	63
80	67
80	69
80	70
80	72
80	74
80	75
80	76
80	77
80	78
80	79
80	81
81	8
81	12
81	29
81	30
81	49
81	51
81	59
81	62
81	63
81	67
81	69
81	70
81	72
81	74
81	75
81	76
81	77
81	78
81	79
81	80
