1	66
1	74
1	76
1	77
1	79
1	81
2	9
2	68
2	74
2	76
2	79
2	81
3	21
3	35
3	52
3	58
3	72
3	78
4	36
4	37
4	54
4	59
4	76
4	79
5	40
5	45
5	49
5	52
5	59
5	78
6	56
6	62
6	64
6	66
6	67
6	73
7	28
7	30
7	32
7	62
7	64
7	66
8	46
8	47
8	48
8	63
8	64
8	66
9	2
9	74
9	76
9	77
9	79
9	81
10	62
10	68
10	76
10	77
10	79
10	81
11	55
11	65
11	67
11	70
11	75
11	80
12	29
12	35
12	42
12	59
12	72
12	78
13	16
13	17
13	19
13	20
13	23
13	54
14	16
14	19
14	20
14	23
14	26
14	43
15	22
15	30
15	56
15	62
15	63
15	64
15	66
16	13
16	14
16	17
16	19
16	20
16	23
16	26
17	13
17	16
17	19
17	20
17	23
17	26
17	49
18	42
18	49
18	53
18	55
18	59
18	72
18	78
19	13
19	14
19	16
19	17
19	20
19	23
19	26
20	13
20	14
20	16
20	17
20	19
20	26
20	70
21	3
21	22
21	39
21	51
21	59
21	72
21	78
22	15
22	21
22	49
22	51
22	52
22	53
22	78
23	13
23	14
23	16
23	17
23	19
23	26
23	35
24	61
24	71
24	74
24	76
24	77
24	79
24	81
25	32
25	48
25	56
25	60
25	63
25	64
25	66
26	14
26	16
26	17
26	19
26	20
26	23
26	37
27	43
27	44
27	46
27	65
27	69
27	75
27	80
28	7
28	32
28	47
28	48
28	62
28	63
28	64
29	12
29	39
29	43
29	71
29	73
29	75
29	80
30	7
30	15
30	56
30	62
30	63
30	64
30	66
30	71
31	32
31	47
31	56
31	61
31	62
31	63
31	64
31	66
32	7
32	25
32	28
32	31
32	47
32	48
32	62
32	66
33	45
33	50
33	51
33	65
33	67
33	73
33	75
33	80
34	41
34	57
34	68
34	74
34	76
34	77
34	79
34	81
35	3
35	12
35	23
35	53
35	55
35	58
35	72
35	78
36	4
36	63
36	68
36	74
36	76
36	77
36	79
36	81
37	4
37	26
37	38
37	41
37	57
37	61
37	74
37	77
37	81
38	37
38	40
38	54
38	61
38	74
38	76
38	77
38	79
38	81
39	21
39	29
39	45
39	60
39	67
39	70
39	71
39	75
39	80
40	5
40	38
40	51
40	53
40	55
40	58
40	59
40	72
40	78
41	34
41	37
41	48
41	54
41	57
41	61
41	68
41	77
41	81
42	12
42	18
42	49
42	50
42	51
42	52
42	53
42	72
42	78
43	14
43	27
43	29
43	46
43	60
43	69
43	70
43	71
43	75
43	80
44	27
44	46
44	65
44	67
44	70
44	71
44	73
44	75
44	77
44	80
45	5
45	33
45	39
45	50
45	65
45	69
45	70
45	71
45	73
45	80
46	8
46	27
46	43
46	44
46	60
46	67
46	69
46	73
46	75
46	80
47	8
47	28
47	31
47	32
47	48
47	56
47	57
47	62
47	63
47	66
48	8
48	25
48	28
48	32
48	41
48	47
48	56
48	62
48	63
48	64
49	5
49	17
49	18
49	22
49	42
49	53
49	55
49	59
49	72
49	78
50	33
50	42
50	45
50	65
50	69
50	70
50	71
50	73
50	75
50	80
51	21
51	22
51	33
51	40
51	42
51	52
51	53
51	58
51	72
51	78
52	3
52	5
52	22
52	42
52	51
52	55
52	58
52	59
52	72
52	76
52	78
53	18
53	22
53	35
53	40
53	42
53	49
53	51
53	55
53	58
53	72
53	78
54	4
54	13
54	38
54	41
54	61
54	68
54	74
54	76
54	77
54	79
54	81
55	11
55	18
55	35
55	40
55	49
55	52
55	53
55	58
55	59
55	72
55	78
56	6
56	15
56	25
56	30
56	31
56	47
56	48
56	63
56	64
56	66
56	80
57	34
57	37
57	41
57	47
57	61
57	68
57	74
57	76
57	77
57	79
57	81
58	3
58	35
58	40
58	51
58	52
58	53
58	55
58	59
58	72
58	78
58	81
59	4
59	5
59	12
59	18
59	21
59	40
59	49
59	52
59	55
59	58
59	78
60	25
60	39
60	43
60	46
60	67
60	69
60	70
60	71
60	73
60	75
60	80
61	24
61	31
61	37
61	38
61	41
61	54
61	57
61	68
61	76
61	77
61	79
61	81
62	6
62	7
62	10
62	15
62	28
62	30
62	31
62	32
62	47
62	48
62	63
62	66
63	8
63	15
63	25
63	28
63	30
63	31
63	36
63	47
63	48
63	56
63	62
63	64
64	6
64	7
64	8
64	15
64	25
64	28
64	30
64	31
64	48
64	56
64	63
64	66
64	78
65	11
65	27
65	33
65	44
65	45
65	50
65	67
65	69
65	70
65	72
65	73
65	79
65	80
66	1
66	6
66	7
66	8
66	15
66	25
66	30
66	31
66	32
66	47
66	56
66	62
66	64
67	6
67	11
67	33
67	39
67	44
67	46
67	60
67	65
67	69
67	71
67	73
67	75
67	79
67	80
68	2
68	10
68	34
68	36
68	41
68	54
68	57
68	61
68	74
68	75
68	76
68	77
68	79
68	81
69	27
69	43
69	45
69	46
69	50
69	60
69	65
69	67
69	70
69	73
69	75
69	77
69	80
69	81
70	11
70	20
70	39
70	43
70	44
70	45
70	50
70	60
70	65
70	69
70	71
70	73
70	75
70	80
71	24
71	29
71	30
71	39
71	43
71	44
71	45
71	50
71	60
71	67
71	70
71	73
71	75
71	80
72	3
72	12
72	18
72	21
72	35
72	40
72	42
72	49
72	51
72	52
72	53
72	55
72	58
72	65
72	78
73	6
73	29
73	33
73	44
73	45
73	46
73	50
73	60
73	65
73	67
73	69
73	70
73	71
73	75
73	80
74	1
74	2
74	9
74	24
74	34
74	36
74	37
74	38
74	54
74	57
74	68
74	76
74	77
74	79
74	80
74	81
75	11
75	27
75	29
75	33
75	39
75	43
75	44
75	46
75	50
75	60
75	67
75	68
75	69
75	70
75	71
75	73
75	78
75	80
76	1
76	2
76	4
76	9
76	10
76	24
76	34
76	36
76	38
76	52
76	54
76	57
76	61
76	68
76	74
76	77
76	79
76	81
77	1
77	9
77	10
77	24
77	34
77	36
77	37
77	38
77	41
77	44
77	54
77	57
77	61
77	68
77	69
77	74
77	76
77	79
77	81
78	3
78	5
78	12
78	18
78	21
78	22
78	35
78	40
78	42
78	49
78	51
78	52
78	53
78	55
78	58
78	59
78	64
78	72
78	75
79	1
79	2
79	4
79	9
79	10
79	24
79	34
79	36
79	38
79	54
79	57
79	61
79	65
79	67
79	68
79	74
79	76
79	77
79	81
80	11
80	27
80	29
80	33
80	39
80	43
80	44
80	45
80	46
80	50
80	56
80	60
80	65
80	67
80	69
80	70
80	71
80	73
80	74
80	75
81	1
81	2
81	9
81	10
81	24
81	34
81	36
81	37
81	38
81	41
81	54
81	57
81	58
81	61
81	68
81	69
81	74
81	76
81	77
81	79
