1	7
1	17
1	20
1	28
1	30
1	49
2	73
2	75
2	77
2	78
2	80
2	81
3	8
3	24
3	27
3	36
3	45
3	51
4	19
4	21
4	23
4	32
4	33
4	77
5	18
5	24
5	27
5	36
5	45
5	76
6	39
6	69
6	73
6	78
6	80
6	81
7	1
7	16
7	17
7	18
7	28
7	30
8	3
8	18
8	24
8	27
8	36
8	45
9	43
9	63
9	68
9	74
9	76
9	79
10	26
10	62
10	63
10	76
10	78
10	79
11	61
11	67
11	68
11	72
11	74
11	79
12	21
12	23
12	32
12	33
12	48
12	77
13	44
13	69
13	77
13	78
13	80
13	81
14	53
14	71
14	77
14	78
14	80
14	81
15	35
15	40
15	50
15	53
15	55
15	75
16	7
16	17
16	20
16	28
16	30
16	70
17	1
17	7
17	16
17	20
17	28
17	30
18	5
18	7
18	8
18	27
18	36
18	45
19	4
19	21
19	23
19	32
19	33
19	38
20	1
20	16
20	17
20	28
20	30
20	80
21	4
21	12
21	19
21	23
21	32
21	33
21	81
22	35
22	37
22	44
22	50
22	53
22	55
22	72
23	4
23	12
23	19
23	21
23	32
23	33
23	70
24	3
24	5
24	8
24	27
24	36
24	45
24	52
25	42
25	54
25	57
25	60
25	61
25	63
25	65
26	10
26	41
26	63
26	64
26	72
26	78
26	79
27	3
27	5
27	8
27	18
27	24
27	36
27	45
28	1
28	7
28	16
28	17
28	20
28	30
28	79
29	38
29	54
29	56
29	57
29	59
29	60
29	65
30	1
30	7
30	16
30	17
30	20
30	28
30	62
31	66
31	69
31	70
31	71
31	73
31	77
31	81
32	4
32	12
32	19
32	21
32	23
32	33
32	40
33	4
33	12
33	19
33	21
33	23
33	32
33	64
34	51
34	70
34	71
34	75
34	77
34	78
34	80
34	81
35	15
35	22
35	44
35	46
35	50
35	53
35	55
35	69
36	3
36	5
36	8
36	18
36	24
36	27
36	45
36	73
37	22
37	40
37	44
37	46
37	50
37	53
37	55
37	73
38	19
38	29
38	42
38	57
38	59
38	60
38	61
38	65
39	6
39	49
39	54
39	57
39	59
39	60
39	61
39	65
40	15
40	32
40	37
40	44
40	46
40	50
40	53
40	55
41	26
41	47
41	64
41	67
41	74
41	76
41	79
41	81
42	25
42	38
42	49
42	54
42	57
42	60
42	61
42	65
43	9
43	48
43	55
43	67
43	72
43	74
43	76
43	79
44	13
44	22
44	35
44	37
44	40
44	46
44	53
44	55
45	3
45	5
45	8
45	18
45	24
45	27
45	36
45	62
46	35
46	37
46	40
46	44
46	50
46	53
46	55
46	68
47	41
47	62
47	64
47	67
47	68
47	72
47	74
47	76
47	79
48	12
48	43
48	56
48	67
48	68
48	72
48	74
48	76
48	79
49	1
49	39
49	42
49	54
49	57
49	59
49	60
49	61
49	65
50	15
50	22
50	35
50	37
50	40
50	46
50	53
50	55
50	68
51	3
51	34
51	66
51	69
51	70
51	73
51	75
51	78
51	80
51	81
52	24
52	58
52	66
52	71
52	73
52	75
52	77
52	78
52	80
52	81
53	14
53	15
53	22
53	35
53	37
53	40
53	44
53	46
53	50
53	55
54	25
54	29
54	39
54	42
54	49
54	57
54	59
54	61
54	65
54	67
55	15
55	22
55	35
55	37
55	40
55	43
55	44
55	46
55	50
55	53
56	29
56	48
56	62
56	63
56	67
56	68
56	72
56	74
56	76
56	79
57	25
57	29
57	38
57	39
57	42
57	49
57	54
57	59
57	60
57	61
57	65
58	52
58	66
58	69
58	70
58	71
58	75
58	77
58	78
58	79
58	80
58	81
59	29
59	38
59	39
59	49
59	54
59	57
59	60
59	61
59	65
59	72
59	75
60	25
60	29
60	38
60	39
60	42
60	49
60	57
60	59
60	61
60	65
60	66
61	11
61	25
61	38
61	39
61	42
61	49
61	54
61	57
61	59
61	60
61	65
62	10
62	30
62	45
62	47
62	56
62	64
62	68
62	72
62	74
62	76
62	79
63	9
63	10
63	25
63	26
63	56
63	64
63	67
63	68
63	74
63	76
63	79
63	80
64	26
64	33
64	41
64	47
64	62
64	63
64	67
64	68
64	72
64	74
64	76
64	79
65	25
65	29
65	38
65	39
65	42
65	49
65	54
65	57
65	59
65	60
65	61
65	69
66	31
66	51
66	52
66	58
66	60
66	69
66	70
66	71
66	73
66	75
66	77
66	78
66	80
66	81
67	11
67	41
67	43
67	47
67	48
67	54
67	56
67	63
67	64
67	68
67	72
67	74
67	76
67	79
68	9
68	11
68	46
68	47
68	48
68	50
68	56
68	62
68	63
68	64
68	67
68	72
68	74
68	76
68	79
69	6
69	13
69	31
69	35
69	51
69	58
69	65
69	66
69	70
69	73
69	75
69	77
69	78
69	80
69	81
70	16
70	23
70	31
70	34
70	51
70	58
70	66
70	69
70	71
70	73
70	75
70	77
70	78
70	80
70	81
71	14
71	31
71	34
71	52
71	58
71	66
71	70
71	73
71	74
71	75
71	76
71	77
71	78
71	80
71	81
72	11
72	22
72	26
72	43
72	47
72	48
72	56
72	59
72	62
72	64
72	67
72	68
72	74
72	76
72	79
73	2
73	6
73	31
73	36
73	37
73	51
73	52
73	66
73	69
73	70
73	71
73	75
73	77
73	78
73	80
73	81
74	9
74	11
74	41
74	43
74	47
74	48
74	56
74	62
74	63
74	64
74	67
74	68
74	71
74	72
74	76
74	79
75	2
75	15
75	34
75	51
75	52
75	58
75	59
75	66
75	69
75	70
75	71
75	73
75	77
75	78
75	80
75	81
76	5
76	9
76	10
76	41
76	43
76	47
76	48
76	56
76	62
76	63
76	64
76	67
76	68
76	71
76	72
76	74
76	79
77	2
77	4
77	12
77	13
77	14
77	31
77	34
77	52
77	58
77	66
77	69
77	70
77	71
77	73
77	75
77	78
77	80
77	81
78	2
78	6
78	10
78	13
78	14
78	26
78	34
78	51
78	52
78	58
78	66
78	69
78	70
78	71
78	73
78	75
78	77
78	80
78	81
79	9
79	10
79	11
79	26
79	28
79	41
79	43
79	47
79	48
79	56
79	58
79	62
79	63
79	64
79	67
79	68
79	72
79	74
79	76
80	2
80	6
80	13
80	14
80	20
80	34
80	51
80	52
80	58
80	63
80	66
80	69
80	70
80	71
80	73
80	75
80	77
80	78
80	81
81	2
81	6
81	13
81	14
81	21
81	31
81	34
81	41
81	51
81	52
81	58
81	66
81	69
81	70
81	71
81	73
81	75
81	77
81	78
81	80
