1	16
1	50
1	59
1	63
1	64
1	76
2	30
2	33
2	44
2	52
2	56
2	58
3	14
3	65
3	66
3	70
3	74
3	78
4	67
4	69
4	72
4	73
4	75
4	81
5	7
5	15
5	18
5	24
5	25
5	81
6	7
6	15
6	18
6	24
6	25
6	29
7	5
7	6
7	18
7	25
7	29
7	61
8	33
8	38
8	44
8	52
8	56
8	58
9	21
9	48
9	49
9	73
9	75
9	81
10	42
10	67
10	68
10	71
10	73
10	81
11	30
11	33
11	52
11	56
11	58
11	79
12	43
12	64
12	75
12	77
12	79
12	80
13	50
13	52
13	55
13	61
13	79
13	80
14	3
14	35
14	59
14	63
14	74
14	78
15	5
15	6
15	18
15	24
15	25
15	29
16	1
16	57
16	60
16	74
16	76
16	79
16	80
17	19
17	53
17	59
17	61
17	62
17	65
17	78
18	5
18	6
18	7
18	15
18	24
18	25
18	29
19	17
19	34
19	59
19	62
19	70
19	74
19	78
20	30
20	34
20	38
20	44
20	52
20	56
20	58
21	9
21	67
21	68
21	72
21	73
21	79
21	81
22	29
22	49
22	67
22	71
22	72
22	75
22	81
23	49
23	71
23	72
23	73
23	75
23	77
23	81
24	5
24	6
24	15
24	18
24	25
24	29
24	37
25	5
25	6
25	7
25	15
25	18
25	24
25	29
26	36
26	47
26	49
26	68
26	72
26	75
26	81
27	46
27	51
27	54
27	76
27	77
27	79
27	80
28	34
28	41
28	45
28	59
28	70
28	74
28	78
29	6
29	7
29	15
29	18
29	22
29	24
29	25
30	2
30	11
30	20
30	38
30	44
30	53
30	56
30	58
31	34
31	41
31	45
31	53
31	60
31	65
31	66
31	78
32	39
32	53
32	62
32	65
32	66
32	70
32	74
32	78
33	2
33	8
33	11
33	38
33	44
33	52
33	58
33	68
34	19
34	20
34	28
34	31
34	59
34	62
34	65
34	70
35	14
35	48
35	53
35	62
35	66
35	70
35	74
35	78
36	26
36	42
36	46
36	50
36	67
36	68
36	71
36	81
37	24
37	39
37	47
37	51
37	61
37	64
37	76
37	79
38	8
38	20
38	30
38	33
38	41
38	52
38	56
38	58
39	32
39	37
39	43
39	57
39	76
39	77
39	79
39	80
40	43
40	57
40	60
40	61
40	63
40	77
40	78
40	80
41	28
41	31
41	38
41	45
41	53
41	66
41	70
41	74
41	78
42	10
42	36
42	48
42	68
42	70
42	71
42	72
42	73
42	81
43	12
43	39
43	40
43	55
43	60
43	64
43	69
43	76
43	80
44	2
44	8
44	20
44	30
44	33
44	52
44	56
44	58
44	64
45	28
45	31
45	41
45	62
45	65
45	66
45	71
45	74
45	78
46	27
46	36
46	67
46	68
46	71
46	72
46	73
46	75
46	81
47	26
47	37
47	50
47	51
47	57
47	64
47	69
47	76
47	77
48	9
48	35
48	42
48	67
48	68
48	71
48	72
48	73
48	75
48	81
49	9
49	22
49	23
49	26
49	65
49	67
49	71
49	72
49	75
49	81
50	1
50	13
50	36
50	47
50	61
50	63
50	69
50	76
50	79
50	80
51	27
51	37
51	47
51	54
51	56
51	57
51	60
51	61
51	77
51	79
52	2
52	8
52	11
52	13
52	20
52	33
52	38
52	44
52	56
52	58
53	17
53	30
53	31
53	32
53	35
53	41
53	65
53	70
53	74
53	78
54	27
54	51
54	55
54	60
54	61
54	69
54	73
54	76
54	77
54	79
55	13
55	43
55	54
55	57
55	63
55	64
55	77
55	78
55	79
55	80
56	2
56	8
56	11
56	20
56	30
56	38
56	44
56	51
56	52
56	58
57	16
57	39
57	40
57	47
57	51
57	55
57	58
57	69
57	76
57	77
57	79
58	2
58	8
58	11
58	20
58	30
58	33
58	38
58	44
58	52
58	56
58	57
59	1
59	14
59	17
59	19
59	28
59	34
59	62
59	66
59	70
59	74
59	78
60	16
60	31
60	40
60	43
60	51
60	54
60	63
60	64
60	69
60	77
60	80
61	7
61	13
61	17
61	37
61	40
61	50
61	51
61	54
61	69
61	79
61	80
62	17
62	19
62	32
62	34
62	35
62	45
62	59
62	65
62	66
62	69
62	74
62	78
63	1
63	14
63	40
63	50
63	55
63	60
63	64
63	69
63	73
63	76
63	77
63	79
63	80
64	1
64	12
64	37
64	43
64	44
64	47
64	55
64	60
64	63
64	69
64	76
64	77
64	80
65	3
65	17
65	31
65	32
65	34
65	45
65	49
65	53
65	62
65	66
65	70
65	74
65	78
66	3
66	31
66	32
66	35
66	41
66	45
66	59
66	62
66	65
66	70
66	71
66	74
66	78
67	4
67	10
67	21
67	22
67	36
67	46
67	48
67	49
67	68
67	71
67	73
67	75
67	77
67	81
68	10
68	21
68	26
68	33
68	36
68	42
68	46
68	48
68	67
68	71
68	72
68	73
68	75
68	81
69	4
69	43
69	47
69	50
69	54
69	57
69	60
69	61
69	62
69	63
69	64
69	77
69	79
69	80
70	3
70	19
70	28
70	32
70	34
70	35
70	41
70	42
70	53
70	59
70	65
70	66
70	78
70	80
71	10
71	22
71	23
71	36
71	42
71	45
71	46
71	48
71	49
71	66
71	67
71	68
71	75
71	81
72	4
72	21
72	22
72	23
72	26
72	42
72	46
72	48
72	49
72	68
72	73
72	75
72	80
72	81
73	4
73	9
73	10
73	21
73	23
73	42
73	46
73	48
73	54
73	63
73	67
73	68
73	72
73	75
73	81
74	3
74	14
74	16
74	19
74	28
74	32
74	35
74	41
74	45
74	53
74	59
74	62
74	65
74	66
74	78
75	4
75	9
75	12
75	22
75	23
75	26
75	46
75	48
75	49
75	67
75	68
75	71
75	72
75	73
75	81
76	1
76	16
76	27
76	37
76	39
76	43
76	47
76	50
76	54
76	57
76	63
76	64
76	77
76	79
76	80
76	81
77	12
77	23
77	27
77	39
77	40
77	47
77	51
77	54
77	55
77	57
77	60
77	63
77	64
77	67
77	69
77	76
77	79
77	80
78	3
78	14
78	17
78	19
78	28
78	31
78	32
78	35
78	40
78	41
78	45
78	53
78	55
78	59
78	62
78	65
78	66
78	70
78	74
79	11
79	12
79	13
79	16
79	21
79	27
79	37
79	39
79	50
79	51
79	54
79	55
79	57
79	61
79	63
79	69
79	76
79	77
79	80
80	12
80	13
80	16
80	27
80	39
80	40
80	43
80	50
80	55
80	60
80	61
80	63
80	64
80	69
80	70
80	72
80	76
80	77
80	79
81	4
81	5
81	9
81	10
81	21
81	22
81	23
81	26
81	36
81	42
81	46
81	48
81	49
81	67
81	68
81	71
81	72
81	73
81	75
81	76
