1	5
1	8
1	18
1	19
1	22
1	38
2	25
2	28
2	37
2	41
2	63
2	64
3	6
3	7
3	10
3	31
3	33
3	55
4	64
4	76
4	78
4	79
4	80
4	81
5	1
5	17
5	18
5	19
5	38
5	80
6	3
6	10
6	11
6	16
6	31
6	33
7	3
7	10
7	11
7	31
7	33
7	54
8	1
8	17
8	19
8	22
8	23
8	38
9	12
9	52
9	61
9	71
9	72
9	77
10	3
10	6
10	7
10	11
10	16
10	33
11	6
11	7
11	10
11	16
11	31
11	33
12	9
12	59
12	70
12	71
12	74
12	77
13	47
13	65
13	66
13	67
13	69
13	74
14	71
14	75
14	78
14	79
14	80
14	81
15	28
15	42
15	51
15	60
15	63
15	64
16	6
16	10
16	11
16	31
16	32
16	33
17	5
17	8
17	18
17	22
17	38
17	56
18	1
18	5
18	17
18	19
18	22
18	38
19	1
19	5
19	8
19	18
19	38
19	46
20	61
20	76
20	78
20	79
20	80
20	81
21	44
21	50
21	57
21	70
21	72
21	77
22	1
22	8
22	17
22	18
22	38
22	77
23	8
23	76
23	78
23	79
23	80
23	81
24	62
24	75
24	76
24	78
24	79
24	80
24	81
25	2
25	40
25	42
25	51
25	60
25	63
25	64
26	40
26	42
26	48
26	51
26	60
26	63
26	64
27	52
27	75
27	76
27	78
27	79
27	80
27	81
28	2
28	15
28	37
28	51
28	60
28	63
28	64
29	55
29	75
29	76
29	78
29	79
29	80
29	81
30	58
30	75
30	76
30	78
30	79
30	80
30	81
31	3
31	6
31	7
31	11
31	16
31	33
31	34
32	16
32	75
32	76
32	78
32	79
32	80
32	81
33	3
33	6
33	7
33	10
33	11
33	16
33	31
34	31
34	41
34	46
34	48
34	71
34	72
34	77
35	58
35	62
35	75
35	76
35	78
35	79
35	80
35	81
36	43
36	44
36	45
36	53
36	66
36	68
36	69
36	74
37	2
37	28
37	40
37	42
37	51
37	60
37	63
37	64
38	1
38	5
38	8
38	17
38	18
38	19
38	22
38	76
39	43
39	47
39	49
39	56
39	67
39	68
39	69
39	74
39	75
40	25
40	26
40	37
40	42
40	45
40	51
40	60
40	63
40	64
41	2
41	34
41	46
41	50
41	52
41	70
41	72
41	73
41	77
42	15
42	25
42	26
42	37
42	40
42	60
42	63
42	64
42	76
43	36
43	39
43	49
43	53
43	56
43	68
43	69
43	73
43	74
44	21
44	36
44	53
44	65
44	66
44	67
44	68
44	69
44	74
45	36
45	40
45	49
45	53
45	65
45	67
45	68
45	69
45	74
46	19
46	34
46	41
46	48
46	54
46	71
46	72
46	73
46	77
47	13
47	39
47	49
47	56
47	63
47	65
47	66
47	67
47	68
47	74
48	26
48	34
48	46
48	57
48	61
48	70
48	71
48	72
48	73
48	77
49	39
49	43
49	45
49	47
49	51
49	65
49	66
49	67
49	69
49	74
50	21
50	41
50	52
50	53
50	54
50	57
50	70
50	72
50	73
50	77
51	15
51	25
51	26
51	28
51	37
51	40
51	49
51	60
51	63
51	64
52	9
52	27
52	41
52	50
52	59
52	61
52	70
52	71
52	73
52	77
53	36
53	43
53	44
53	45
53	50
53	65
53	66
53	67
53	68
53	74
54	7
54	46
54	50
54	57
54	59
54	70
54	71
54	72
54	73
54	77
55	3
55	29
55	58
55	62
55	75
55	76
55	78
55	79
55	80
55	81
56	17
56	39
56	43
56	47
56	65
56	66
56	67
56	68
56	69
56	74
57	21
57	48
57	50
57	54
57	59
57	61
57	70
57	71
57	73
57	77
57	78
58	30
58	35
58	55
58	62
58	72
58	75
58	76
58	78
58	79
58	80
58	81
59	12
59	52
59	54
59	57
59	61
59	70
59	71
59	72
59	73
59	77
59	81
60	15
60	25
60	26
60	28
60	37
60	40
60	42
60	51
60	62
60	63
60	64
61	9
61	20
61	48
61	52
61	57
61	59
61	70
61	71
61	72
61	73
61	77
62	24
62	35
62	55
62	58
62	60
62	75
62	76
62	78
62	79
62	80
62	81
63	2
63	15
63	25
63	26
63	28
63	37
63	40
63	42
63	47
63	51
63	60
63	64
64	2
64	4
64	15
64	25
64	26
64	28
64	37
64	40
64	42
64	51
64	60
64	63
65	13
65	44
65	45
65	47
65	49
65	53
65	56
65	66
65	68
65	69
65	70
65	74
65	81
66	13
66	36
66	44
66	47
66	49
66	53
66	56
66	65
66	67
66	68
66	69
66	74
66	79
67	13
67	39
67	44
67	45
67	47
67	49
67	53
67	56
67	66
67	68
67	69
67	74
67	80
68	36
68	39
68	43
68	44
68	45
68	47
68	53
68	56
68	65
68	66
68	67
68	69
68	74
68	77
69	13
69	36
69	39
69	43
69	44
69	45
69	49
69	56
69	65
69	66
69	67
69	68
69	74
69	78
70	12
70	21
70	41
70	48
70	50
70	52
70	54
70	57
70	59
70	61
70	65
70	71
70	72
70	73
70	77
71	9
71	12
71	14
71	34
71	46
71	48
71	52
71	54
71	57
71	59
71	61
71	70
71	72
71	73
71	77
72	9
72	21
72	34
72	41
72	46
72	48
72	50
72	54
72	58
72	59
72	61
72	70
72	71
72	73
72	77
73	41
73	43
73	46
73	48
73	50
73	52
73	54
73	57
73	59
73	61
73	70
73	71
73	72
73	75
73	77
74	12
74	13
74	36
74	39
74	43
74	44
74	45
74	47
74	49
74	53
74	56
74	65
74	66
74	67
74	68
74	69
74	79
75	14
75	24
75	27
75	29
75	30
75	32
75	35
75	39
75	55
75	58
75	62
75	73
75	76
75	78
75	79
75	80
75	81
76	4
76	20
76	23
76	24
76	27
76	29
76	30
76	32
76	35
76	38
76	42
76	55
76	58
76	62
76	75
76	78
76	79
76	80
76	81
77	9
77	12
77	21
77	22
77	34
77	41
77	46
77	48
77	50
77	52
77	54
77	57
77	59
77	61
77	68
77	70
77	71
77	72
77	73
78	4
78	14
78	20
78	23
78	24
78	27
78	29
78	30
78	32
78	35
78	55
78	57
78	58
78	62
78	69
78	75
78	76
78	79
78	80
78	81
79	4
79	14
79	20
79	23
79	24
79	27
79	29
79	30
79	32
79	35
79	55
79	58
79	62
79	66
79	74
79	75
79	76
79	78
79	80
79	81
80	4
80	5
80	14
80	20
80	23
80	24
80	27
80	29
80	30
80	32
80	35
80	55
80	58
80	62
80	67
80	75
80	76
80	78
80	79
80	81
81	4
81	14
81	20
81	23
81	24
81	27
81	29
81	30
81	32
81	35
81	55
81	58
81	59
81	62
81	65
81	75
81	76
81	78
81	79
81	80
