1	47
1	63
1	75
1	78
1	80
1	81
2	51
2	64
2	68
2	75
2	80
2	81
3	14
3	32
3	41
3	49
3	65
3	76
4	47
4	48
4	71
4	74
4	77
4	79
5	22
5	52
5	54
5	65
5	72
5	76
6	38
6	50
6	58
6	71
6	77
6	79
7	44
7	49
7	53
7	65
7	72
7	76
8	32
8	44
8	65
8	72
8	75
8	76
9	25
9	28
9	62
9	78
9	80
9	81
10	49
10	54
10	65
10	72
10	76
10	81
11	15
11	26
11	31
11	33
11	57
11	70
12	27
12	57
12	59
12	67
12	69
12	73
13	43
13	50
13	71
13	74
13	77
13	79
14	3
14	52
14	53
14	54
14	72
14	76
15	11
15	19
15	33
15	43
15	55
15	70
16	18
16	27
16	58
16	66
16	69
16	73
17	20
17	35
17	50
17	60
17	74
17	79
18	16
18	37
18	66
18	67
18	69
18	73
19	15
19	20
19	41
19	57
19	61
19	70
19	76
20	17
20	19
20	26
20	39
20	55
20	61
20	70
21	36
21	42
21	63
21	75
21	77
21	78
21	80
22	5
22	23
22	37
22	56
22	66
22	69
22	73
23	22
23	45
23	53
23	59
23	67
23	69
23	73
24	26
24	27
24	31
24	39
24	57
24	61
24	70
25	9
25	44
25	52
25	53
25	65
25	72
25	76
26	11
26	20
26	24
26	46
26	55
26	61
26	70
27	12
27	16
27	24
27	40
27	56
27	67
27	73
28	9
28	30
28	37
28	62
28	64
28	75
28	78
28	81
29	34
29	43
29	58
29	60
29	66
29	74
29	77
29	79
30	28
30	63
30	64
30	68
30	75
30	78
30	80
30	81
31	11
31	24
31	41
31	55
31	57
31	61
31	67
31	70
32	3
32	8
32	49
32	53
32	54
32	72
32	76
32	77
33	11
33	15
33	41
33	55
33	57
33	61
33	63
33	70
34	29
34	48
34	54
34	60
34	71
34	74
34	77
34	79
35	17
35	48
35	58
35	63
35	71
35	74
35	77
35	79
36	21
36	56
36	62
36	63
36	68
36	75
36	80
36	81
37	18
37	22
37	28
37	38
37	45
37	56
37	59
37	73
38	6
38	37
38	45
38	59
38	66
38	67
38	69
38	73
39	20
39	24
39	41
39	55
39	57
39	61
39	70
39	79
40	27
40	56
40	59
40	66
40	67
40	69
40	73
40	80
41	3
41	19
41	31
41	33
41	39
41	55
41	57
41	61
41	70
42	21
42	47
42	51
42	62
42	64
42	68
42	78
42	80
42	81
43	13
43	15
43	29
43	46
43	60
43	71
43	74
43	77
43	79
44	7
44	8
44	25
44	49
44	52
44	56
44	65
44	72
44	76
45	23
45	37
45	38
45	51
45	56
45	66
45	67
45	69
45	73
46	26
46	43
46	48
46	58
46	60
46	71
46	74
46	77
46	79
47	1
47	4
47	42
47	62
47	64
47	75
47	78
47	80
47	81
48	4
48	34
48	35
48	46
48	49
48	71
48	74
48	77
48	79
49	3
49	7
49	10
49	32
49	44
49	48
49	53
49	54
49	72
49	76
50	6
50	13
50	17
50	58
50	60
50	62
50	71
50	74
50	77
50	79
51	2
51	42
51	45
51	63
51	64
51	68
51	75
51	78
51	80
51	81
52	5
52	14
52	25
52	44
52	53
52	54
52	60
52	65
52	72
52	76
53	7
53	14
53	23
53	25
53	32
53	49
53	52
53	65
53	72
53	76
54	5
54	10
54	14
54	32
54	34
54	49
54	52
54	65
54	72
54	76
55	15
55	20
55	26
55	31
55	33
55	39
55	41
55	57
55	61
55	70
55	75
56	22
56	27
56	36
56	37
56	40
56	44
56	45
56	59
56	66
56	69
56	73
57	11
57	12
57	19
57	24
57	31
57	33
57	39
57	41
57	55
57	61
57	70
58	6
58	16
58	29
58	35
58	46
58	50
58	60
58	71
58	74
58	77
58	79
59	12
59	23
59	37
59	38
59	40
59	56
59	66
59	67
59	69
59	73
59	78
60	17
60	29
60	34
60	43
60	46
60	50
60	52
60	58
60	71
60	74
60	77
60	79
61	19
61	20
61	24
61	26
61	31
61	33
61	39
61	41
61	55
61	57
61	67
61	70
62	9
62	28
62	36
62	42
62	47
62	50
62	64
62	68
62	75
62	78
62	80
62	81
63	1
63	21
63	30
63	33
63	35
63	36
63	51
63	68
63	75
63	78
63	80
63	81
64	2
64	28
64	30
64	42
64	47
64	51
64	62
64	68
64	69
64	75
64	78
64	80
64	81
65	3
65	5
65	7
65	8
65	10
65	25
65	44
65	52
65	53
65	54
65	72
65	76
65	78
66	16
66	18
66	22
66	29
66	38
66	40
66	45
66	56
66	59
66	67
66	69
66	71
66	73
67	12
67	18
67	23
67	27
67	31
67	38
67	40
67	45
67	59
67	61
67	66
67	69
67	73
68	2
68	30
68	36
68	42
68	51
68	62
68	63
68	64
68	74
68	75
68	78
68	80
68	81
69	12
69	16
69	18
69	22
69	23
69	38
69	40
69	45
69	56
69	59
69	64
69	66
69	67
69	73
70	11
70	15
70	19
70	20
70	24
70	26
70	31
70	33
70	39
70	41
70	55
70	57
70	61
70	80
71	4
71	6
71	13
71	34
71	35
71	43
71	46
71	48
71	50
71	58
71	60
71	66
71	74
71	77
71	79
72	5
72	7
72	8
72	10
72	14
72	25
72	32
72	44
72	49
72	52
72	53
72	54
72	65
72	76
72	81
73	12
73	16
73	18
73	22
73	23
73	27
73	37
73	38
73	40
73	45
73	56
73	59
73	66
73	67
73	69
73	79
74	4
74	13
74	17
74	29
74	34
74	35
74	43
74	46
74	48
74	50
74	58
74	60
74	68
74	71
74	76
74	77
74	79
75	1
75	2
75	8
75	21
75	28
75	30
75	36
75	47
75	51
75	55
75	62
75	63
75	64
75	68
75	78
75	80
75	81
76	3
76	5
76	7
76	8
76	10
76	14
76	19
76	25
76	32
76	44
76	49
76	52
76	53
76	54
76	65
76	72
76	74
77	4
77	6
77	13
77	21
77	29
77	32
77	34
77	35
77	43
77	46
77	48
77	50
77	58
77	60
77	71
77	74
77	79
78	1
78	9
78	21
78	28
78	30
78	42
78	47
78	51
78	59
78	62
78	63
78	64
78	65
78	68
78	75
78	80
78	81
79	4
79	6
79	13
79	17
79	29
79	34
79	35
79	39
79	43
79	46
79	48
79	50
79	58
79	60
79	71
79	73
79	74
79	77
80	1
80	2
80	9
80	21
80	30
80	36
80	40
80	42
80	47
80	51
80	62
80	63
80	64
80	68
80	70
80	75
80	78
80	81
81	1
81	2
81	9
81	10
81	28
81	30
81	36
81	42
81	47
81	51
81	62
81	63
81	64
81	68
81	72
81	75
81	78
81	80
