1	44
1	59
1	62
1	64
1	71
1	72
2	14
2	29
2	39
2	44
2	46
2	47
3	14
3	29
3	39
3	43
3	46
3	47
4	50
4	57
4	59
4	64
4	71
4	72
5	31
5	60
5	65
5	68
5	74
5	75
6	7
6	11
6	65
6	68
6	74
6	75
7	6
7	55
7	65
7	66
7	69
7	74
8	54
8	59
8	63
8	67
8	69
8	70
9	32
9	49
9	63
9	67
9	69
9	70
10	38
10	41
10	48
10	52
10	53
10	79
11	6
11	36
11	49
11	60
11	66
11	75
12	37
12	38
12	45
12	48
12	52
12	53
13	73
13	76
13	77
13	78
13	80
13	81
14	2
14	3
14	39
14	42
14	44
14	46
14	47
15	21
15	42
15	55
15	62
15	64
15	71
15	72
16	20
16	61
16	76
16	77
16	79
16	80
16	81
17	43
17	57
17	59
17	62
17	64
17	71
17	72
18	25
18	45
18	50
18	63
18	67
18	69
18	70
19	73
19	76
19	77
19	78
19	79
19	80
19	81
20	16
20	26
20	55
20	65
20	66
20	74
20	75
21	15
21	23
21	40
21	59
21	62
21	71
21	72
22	24
22	37
22	41
22	48
22	52
22	53
22	75
23	21
23	40
23	57
23	62
23	64
23	71
23	72
24	22
24	38
24	41
24	48
24	52
24	53
24	56
25	18
25	35
25	54
25	63
25	69
25	70
25	77
26	20
26	28
26	60
26	65
26	66
26	74
26	79
27	37
27	73
27	76
27	77
27	78
27	79
27	81
28	26
28	60
28	65
28	66
28	68
28	74
28	75
29	2
29	3
29	39
29	43
29	44
29	46
29	47
30	31
30	54
30	60
30	66
30	68
30	74
30	75
31	5
31	30
31	36
31	55
31	68
31	74
31	75
32	9
32	36
32	45
32	63
32	67
32	69
32	70
33	72
33	73
33	76
33	77
33	78
33	79
33	80
33	81
34	67
34	73
34	76
34	77
34	78
34	79
34	80
34	81
35	25
35	45
35	49
35	50
35	60
35	67
35	69
35	70
36	11
36	31
36	32
36	55
36	60
36	66
36	68
36	75
37	12
37	22
37	27
37	38
37	41
37	48
37	52
37	53
38	10
38	12
38	24
38	37
38	41
38	52
38	53
38	57
39	2
39	3
39	14
39	29
39	43
39	44
39	46
39	47
40	21
40	23
40	42
40	57
40	59
40	64
40	71
40	72
41	10
41	22
41	24
41	37
41	38
41	48
41	52
41	53
42	14
42	15
42	40
42	59
42	62
42	64
42	71
42	72
43	3
43	17
43	29
43	39
43	44
43	46
43	47
43	70
44	1
44	2
44	14
44	29
44	39
44	43
44	46
44	47
45	12
45	18
45	32
45	35
45	54
45	63
45	67
45	69
45	70
46	2
46	3
46	14
46	29
46	39
46	43
46	44
46	47
46	73
47	2
47	3
47	14
47	29
47	39
47	43
47	44
47	46
47	78
48	10
48	12
48	22
48	24
48	37
48	41
48	52
48	53
48	64
49	9
49	11
49	35
49	50
49	54
49	63
49	67
49	69
49	70
50	4
50	18
50	35
50	49
50	54
50	63
50	67
50	69
50	70
51	58
51	61
51	63
51	76
51	77
51	78
51	79
51	80
51	81
52	10
52	12
52	22
52	24
52	37
52	38
52	41
52	48
52	53
52	81
53	10
53	12
53	22
53	24
53	37
53	38
53	41
53	48
53	52
53	61
54	8
54	25
54	30
54	45
54	49
54	50
54	63
54	67
54	69
54	70
55	7
55	15
55	20
55	31
55	36
55	65
55	66
55	68
55	74
55	75
56	24
56	58
56	61
56	73
56	76
56	77
56	78
56	79
56	80
56	81
57	4
57	17
57	23
57	38
57	40
57	59
57	62
57	64
57	70
57	71
57	72
58	51
58	56
58	61
58	68
58	73
58	76
58	77
58	78
58	79
58	80
58	81
59	1
59	4
59	8
59	17
59	21
59	40
59	42
59	57
59	62
59	64
59	71
59	72
60	5
60	11
60	26
60	28
60	30
60	35
60	36
60	65
60	66
60	68
60	74
60	75
61	16
61	51
61	53
61	56
61	58
61	73
61	76
61	77
61	78
61	79
61	80
61	81
62	1
62	15
62	17
62	21
62	23
62	42
62	57
62	59
62	64
62	71
62	72
62	80
63	8
63	9
63	18
63	25
63	32
63	45
63	49
63	50
63	51
63	54
63	67
63	69
63	70
64	1
64	4
64	15
64	17
64	23
64	40
64	42
64	48
64	57
64	59
64	62
64	71
64	72
65	5
65	6
65	7
65	20
65	26
65	28
65	55
65	60
65	68
65	74
65	75
65	78
65	81
66	7
66	11
66	20
66	26
66	28
66	30
66	36
66	55
66	60
66	68
66	74
66	75
66	76
67	8
67	9
67	18
67	32
67	34
67	35
67	45
67	49
67	50
67	54
67	63
67	68
67	69
67	70
68	5
68	6
68	28
68	30
68	31
68	36
68	55
68	58
68	60
68	65
68	66
68	67
68	74
68	75
69	7
69	8
69	9
69	18
69	25
69	32
69	35
69	45
69	49
69	50
69	54
69	63
69	67
69	70
70	8
70	9
70	18
70	25
70	32
70	35
70	43
70	45
70	49
70	50
70	54
70	57
70	63
70	67
70	69
71	1
71	4
71	15
71	17
71	21
71	23
71	40
71	42
71	57
71	59
71	62
71	64
71	72
71	75
71	80
72	1
72	4
72	15
72	17
72	21
72	23
72	33
72	40
72	42
72	57
72	59
72	62
72	64
72	71
72	74
73	13
73	19
73	27
73	33
73	34
73	46
73	56
73	58
73	61
73	74
73	76
73	77
73	78
73	79
73	80
73	81
74	5
74	6
74	7
74	20
74	26
74	28
74	30
74	31
74	55
74	60
74	65
74	66
74	68
74	72
74	73
74	75
75	5
75	6
75	11
75	20
75	22
75	28
75	30
75	31
75	36
75	55
75	60
75	65
75	66
75	68
75	71
75	74
76	13
76	16
76	19
76	27
76	33
76	34
76	51
76	56
76	58
76	61
76	66
76	73
76	77
76	78
76	79
76	80
76	81
77	13
77	16
77	19
77	25
77	27
77	33
77	34
77	51
77	56
77	58
77	61
77	73
77	76
77	78
77	79
77	80
77	81
78	13
78	19
78	27
78	33
78	34
78	47
78	51
78	56
78	58
78	61
78	65
78	73
78	76
78	77
78	79
78	80
78	81
79	10
79	16
79	19
79	26
79	27
79	33
79	34
79	51
79	56
79	58
79	61
79	73
79	76
79	77
79	78
79	80
79	81
80	13
80	16
80	19
80	33
80	34
80	51
80	56
80	58
80	61
80	62
80	71
80	73
80	76
80	77
80	78
80	79
80	81
81	13
81	16
81	19
81	27
81	33
81	34
81	51
81	52
81	56
81	58
81	61
81	65
81	73
81	76
81	77
81	78
81	79
81	80
