1	8
1	22
1	33
1	39
1	44
1	68
2	37
2	38
2	45
2	50
2	54
2	56
3	7
3	20
3	22
3	33
3	39
3	44
4	22
4	38
4	45
4	50
4	54
4	56
5	26
5	40
5	64
5	65
5	72
5	73
6	11
6	24
6	28
6	41
6	42
6	43
7	3
7	20
7	33
7	39
7	44
7	69
8	1
8	20
8	33
8	39
8	44
8	76
9	75
9	76
9	77
9	79
9	80
9	81
10	12
10	14
10	15
10	30
10	31
10	32
11	6
11	25
11	41
11	42
11	43
11	66
12	10
12	13
12	28
12	30
12	31
12	32
13	12
13	14
13	30
13	31
13	32
13	61
14	10
14	13
14	15
14	31
14	32
14	56
15	10
15	14
15	30
15	31
15	32
15	47
16	49
16	51
16	59
16	67
16	69
16	70
16	71
17	18
17	24
17	25
17	41
17	42
17	43
17	75
18	17
18	59
18	62
18	67
18	69
18	70
18	71
19	68
19	70
19	74
19	76
19	78
19	79
19	81
20	3
20	7
20	8
20	22
20	33
20	39
20	44
21	58
21	60
21	75
21	76
21	79
21	80
21	81
22	1
22	3
22	4
22	20
22	33
22	39
22	44
23	26
23	47
23	48
23	55
23	63
23	72
23	73
24	6
24	17
24	25
24	28
24	41
24	42
24	43
25	11
25	17
25	24
25	28
25	41
25	42
25	43
26	5
26	23
26	48
26	66
26	72
26	73
26	81
27	34
27	46
27	77
27	78
27	79
27	80
27	81
28	6
28	12
28	24
28	25
28	41
28	42
28	43
29	35
29	37
29	38
29	43
29	50
29	54
29	56
30	10
30	12
30	13
30	15
30	31
30	32
30	54
31	10
31	12
31	13
31	14
31	15
31	30
31	32
31	48
32	10
32	12
32	13
32	14
32	15
32	30
32	31
32	49
33	1
33	3
33	7
33	8
33	20
33	22
33	39
33	44
34	27
34	53
34	59
34	62
34	67
34	69
34	70
34	71
35	29
35	37
35	38
35	45
35	50
35	54
35	56
35	57
36	40
36	47
36	55
36	57
36	64
36	66
36	72
36	73
36	80
37	2
37	29
37	35
37	38
37	45
37	50
37	54
37	56
37	74
38	2
38	4
38	29
38	35
38	37
38	45
38	50
38	54
38	56
39	1
39	3
39	7
39	8
39	20
39	22
39	33
39	44
39	64
40	5
40	36
40	48
40	57
40	63
40	65
40	66
40	72
40	73
41	6
41	11
41	17
41	24
41	25
41	28
41	42
41	43
41	60
42	6
42	11
42	17
42	24
42	25
42	28
42	41
42	43
42	77
43	6
43	11
43	17
43	24
43	25
43	28
43	29
43	41
43	42
44	1
44	3
44	7
44	8
44	20
44	22
44	33
44	39
44	52
45	2
45	4
45	35
45	37
45	38
45	50
45	54
45	56
45	77
46	27
46	60
46	63
46	74
46	76
46	77
46	78
46	79
46	80
46	81
47	15
47	23
47	36
47	55
47	57
47	63
47	64
47	65
47	72
47	73
48	23
48	26
48	31
48	40
48	57
48	63
48	64
48	66
48	72
48	73
49	16
49	32
49	51
49	53
49	59
49	62
49	67
49	69
49	70
49	71
50	2
50	4
50	29
50	35
50	37
50	38
50	45
50	51
50	54
50	56
51	16
51	49
51	50
51	53
51	59
51	62
51	67
51	69
51	70
51	71
52	44
52	61
52	68
52	74
52	75
52	76
52	77
52	79
52	80
52	81
53	34
53	49
53	51
53	59
53	62
53	67
53	69
53	70
53	71
53	72
54	2
54	4
54	29
54	30
54	35
54	37
54	38
54	45
54	50
54	56
55	23
55	36
55	47
55	57
55	63
55	64
55	65
55	66
55	73
55	78
56	2
56	4
56	14
56	29
56	35
56	37
56	38
56	45
56	50
56	54
57	35
57	36
57	40
57	47
57	48
57	55
57	63
57	64
57	65
57	66
57	73
58	21
58	60
58	68
58	71
58	74
58	75
58	77
58	78
58	79
58	80
58	81
59	16
59	18
59	34
59	49
59	51
59	53
59	62
59	67
59	69
59	70
59	71
60	21
60	41
60	46
60	58
60	61
60	75
60	76
60	77
60	78
60	80
60	81
61	13
61	52
61	60
61	68
61	74
61	75
61	76
61	77
61	79
61	80
61	81
62	18
62	34
62	49
62	51
62	53
62	59
62	67
62	69
62	70
62	71
62	79
63	23
63	40
63	46
63	47
63	48
63	55
63	57
63	65
63	67
63	72
63	73
64	5
64	36
64	39
64	47
64	48
64	55
64	57
64	65
64	66
64	72
64	73
65	5
65	40
65	47
65	55
65	57
65	63
65	64
65	66
65	68
65	72
65	73
66	11
66	26
66	36
66	40
66	48
66	55
66	57
66	64
66	65
66	72
66	73
66	76
67	16
67	18
67	34
67	49
67	51
67	53
67	59
67	62
67	63
67	69
67	70
67	71
68	1
68	19
68	52
68	58
68	61
68	65
68	74
68	75
68	78
68	79
68	80
68	81
69	7
69	16
69	18
69	34
69	49
69	51
69	53
69	59
69	62
69	67
69	70
69	71
70	16
70	18
70	19
70	34
70	49
70	51
70	53
70	59
70	62
70	67
70	69
70	71
71	16
71	18
71	34
71	49
71	51
71	53
71	58
71	59
71	62
71	67
71	69
71	70
71	78
72	5
72	23
72	26
72	36
72	40
72	47
72	48
72	53
72	63
72	64
72	65
72	66
72	73
73	5
73	23
73	26
73	36
73	40
73	47
73	48
73	55
73	57
73	63
73	64
73	65
73	66
73	72
74	19
74	37
74	46
74	52
74	58
74	61
74	68
74	75
74	76
74	77
74	78
74	79
74	80
74	81
75	9
75	17
75	21
75	52
75	58
75	60
75	61
75	68
75	74
75	76
75	77
75	78
75	80
75	81
76	8
76	9
76	19
76	21
76	46
76	52
76	60
76	61
76	66
76	74
76	75
76	78
76	79
76	80
76	81
77	9
77	27
77	42
77	45
77	46
77	52
77	58
77	60
77	61
77	74
77	75
77	78
77	79
77	80
77	81
78	19
78	27
78	46
78	55
78	58
78	60
78	68
78	71
78	74
78	75
78	76
78	77
78	79
78	80
78	81
79	9
79	19
79	21
79	27
79	46
79	52
79	58
79	61
79	62
79	68
79	74
79	76
79	77
79	78
79	80
79	81
80	9
80	21
80	27
80	36
80	46
80	52
80	58
80	60
80	61
80	68
80	74
80	75
80	76
80	77
80	78
80	79
80	81
81	9
81	19
81	21
81	26
81	27
81	46
81	52
81	58
81	60
81	61
81	68
81	74
81	75
81	76
81	77
81	78
81	79
81	80
