1	56
1	59
1	67
1	69
1	71
1	77
2	40
2	47
2	53
2	58
2	63
2	73
3	5
3	8
3	12
3	17
3	28
3	33
4	33
4	72
4	75
4	76
4	80
4	81
5	3
5	8
5	12
5	17
5	28
5	33
6	46
6	53
6	63
6	64
6	73
6	74
7	40
7	46
7	53
7	58
7	61
7	73
8	3
8	5
8	12
8	17
8	28
8	33
9	38
9	47
9	58
9	63
9	64
9	73
10	66
10	75
10	76
10	77
10	78
10	80
11	52
11	70
11	71
11	74
11	77
11	79
12	3
12	5
12	8
12	28
12	33
12	68
13	60
13	67
13	70
13	71
13	74
13	79
14	22
14	23
14	26
14	27
14	28
14	34
15	22
15	23
15	26
15	27
15	34
15	36
16	64
16	65
16	75
16	76
16	80
16	81
17	3
17	5
17	8
17	24
17	28
17	33
18	46
18	47
18	53
18	58
18	64
18	73
19	21
19	30
19	58
19	64
19	68
19	73
20	21
20	68
20	72
20	75
20	78
20	81
21	19
21	20
21	30
21	46
21	63
21	73
22	14
22	15
22	26
22	27
22	34
22	71
23	14
23	15
23	26
23	27
23	34
23	46
24	17
24	70
24	71
24	74
24	77
24	79
25	42
25	51
25	54
25	55
25	61
25	81
26	14
26	15
26	22
26	23
26	27
26	34
26	69
27	14
27	15
27	22
27	23
27	26
27	34
27	37
28	3
28	5
28	8
28	12
28	14
28	17
28	33
29	51
29	65
29	68
29	76
29	78
29	80
29	81
30	19
30	21
30	40
30	53
30	63
30	64
30	73
31	42
31	44
31	45
31	50
31	51
31	55
31	61
32	42
32	45
32	50
32	51
32	54
32	55
32	61
33	3
33	4
33	5
33	8
33	12
33	17
33	28
34	14
34	15
34	22
34	23
34	26
34	27
34	78
35	38
35	56
35	60
35	67
35	69
35	70
35	77
35	79
36	15
36	41
36	59
36	69
36	70
36	74
36	77
36	79
37	27
37	65
37	72
37	75
37	76
37	78
37	80
37	81
38	9
38	35
38	56
38	58
38	69
38	70
38	74
38	79
39	41
39	42
39	44
39	50
39	51
39	54
39	55
39	61
40	2
40	7
40	30
40	53
40	58
40	63
40	64
40	73
41	36
41	39
41	67
41	69
41	71
41	74
41	77
41	79
42	25
42	31
42	32
42	39
42	45
42	50
42	54
42	55
42	61
43	48
43	59
43	60
43	69
43	70
43	71
43	74
43	77
43	79
44	31
44	39
44	45
44	50
44	51
44	54
44	55
44	61
44	76
45	31
45	32
45	42
45	44
45	49
45	50
45	51
45	54
45	55
45	61
46	6
46	7
46	18
46	21
46	23
46	47
46	58
46	63
46	64
46	73
47	2
47	9
47	18
47	46
47	53
47	58
47	63
47	64
47	67
47	73
48	43
48	52
48	57
48	62
48	66
48	72
48	76
48	78
48	80
48	81
49	45
49	52
49	57
49	62
49	65
49	68
49	76
49	78
49	80
49	81
50	31
50	32
50	39
50	42
50	44
50	45
50	51
50	54
50	55
50	61
50	72
51	25
51	29
51	31
51	32
51	39
51	44
51	45
51	50
51	54
51	55
51	61
52	11
52	48
52	49
52	65
52	66
52	68
52	72
52	75
52	78
52	80
52	81
53	2
53	6
53	7
53	18
53	30
53	40
53	47
53	63
53	64
53	73
53	77
54	25
54	32
54	39
54	42
54	44
54	45
54	50
54	51
54	55
54	60
54	61
55	25
55	31
55	32
55	39
55	42
55	44
55	45
55	50
55	51
55	54
55	61
55	80
56	1
56	35
56	38
56	60
56	62
56	67
56	69
56	70
56	71
56	74
56	77
56	79
57	48
57	49
57	62
57	65
57	66
57	68
57	70
57	75
57	76
57	78
57	80
57	81
58	2
58	7
58	9
58	18
58	19
58	38
58	40
58	46
58	47
58	63
58	64
58	73
59	1
59	36
59	43
59	60
59	67
59	69
59	70
59	71
59	74
59	77
59	79
59	81
60	13
60	35
60	43
60	54
60	56
60	59
60	67
60	69
60	70
60	71
60	74
60	77
60	79
61	7
61	25
61	31
61	32
61	39
61	42
61	44
61	45
61	50
61	51
61	54
61	55
61	79
62	48
62	49
62	56
62	57
62	65
62	66
62	68
62	72
62	75
62	76
62	78
62	80
62	81
63	2
63	6
63	9
63	21
63	30
63	40
63	46
63	47
63	53
63	58
63	64
63	65
63	76
64	6
64	9
64	16
64	18
64	19
64	30
64	40
64	46
64	47
64	53
64	58
64	63
64	66
64	73
65	16
65	29
65	37
65	49
65	52
65	57
65	62
65	63
65	66
65	72
65	75
65	78
65	80
65	81
66	10
66	48
66	52
66	57
66	62
66	64
66	65
66	68
66	72
66	75
66	76
66	78
66	80
66	81
67	1
67	13
67	35
67	41
67	47
67	56
67	59
67	60
67	69
67	70
67	71
67	74
67	77
67	79
68	12
68	19
68	20
68	29
68	49
68	52
68	57
68	62
68	66
68	72
68	75
68	76
68	78
68	80
68	81
69	1
69	26
69	35
69	36
69	38
69	41
69	43
69	56
69	59
69	60
69	67
69	71
69	74
69	77
69	79
70	11
70	13
70	24
70	35
70	36
70	38
70	43
70	56
70	57
70	59
70	60
70	67
70	71
70	74
70	77
70	79
71	1
71	11
71	13
71	22
71	24
71	41
71	43
71	56
71	59
71	60
71	67
71	69
71	70
71	74
71	77
71	79
72	4
72	20
72	37
72	48
72	50
72	52
72	62
72	65
72	66
72	68
72	75
72	76
72	78
72	79
72	80
72	81
73	2
73	6
73	7
73	9
73	18
73	19
73	21
73	30
73	40
73	46
73	47
73	53
73	58
73	64
73	75
73	78
74	6
74	11
74	13
74	24
74	36
74	38
74	41
74	43
74	56
74	59
74	60
74	67
74	69
74	70
74	71
74	77
74	79
75	4
75	10
75	16
75	20
75	37
75	52
75	57
75	62
75	65
75	66
75	68
75	72
75	73
75	76
75	78
75	80
75	81
76	4
76	10
76	16
76	29
76	37
76	44
76	48
76	49
76	57
76	62
76	63
76	66
76	68
76	72
76	75
76	78
76	80
76	81
77	1
77	10
77	11
77	24
77	35
77	36
77	41
77	43
77	53
77	56
77	59
77	60
77	67
77	69
77	70
77	71
77	74
77	79
78	10
78	20
78	29
78	34
78	37
78	48
78	49
78	52
78	57
78	62
78	65
78	66
78	68
78	72
78	73
78	75
78	76
78	80
78	81
79	11
79	13
79	24
79	35
79	36
79	38
79	41
79	43
79	56
79	59
79	60
79	61
79	67
79	69
79	70
79	71
79	72
79	74
79	77
80	4
80	10
80	16
80	29
80	37
80	48
80	49
80	52
80	55
80	57
80	62
80	65
80	66
80	68
80	72
80	75
80	76
80	78
80	81
81	4
81	16
81	20
81	25
81	29
81	37
81	48
81	49
81	52
81	57
81	59
81	62
81	65
81	66
81	68
81	72
81	75
81	76
81	78
81	80
