1	2
1	6
1	11
1	20
1	23
1	27
2	1
2	6
2	11
2	20
2	23
2	27
3	46
3	56
3	67
3	78
3	79
3	81
4	39
4	44
4	47
4	69
4	70
4	76
5	40
5	52
5	59
5	66
5	73
5	77
6	1
6	2
6	11
6	20
6	23
6	27
7	12
7	37
7	58
7	59
7	66
7	77
8	21
8	30
8	50
8	51
8	54
8	60
9	25
9	62
9	63
9	68
9	72
9	74
10	19
10	40
10	52
10	58
10	73
10	77
11	1
11	2
11	6
11	20
11	23
11	27
12	7
12	19
12	29
12	52
12	73
12	77
13	34
13	62
13	63
13	68
13	72
13	74
14	24
14	41
14	56
14	68
14	72
14	74
15	35
15	55
15	67
15	69
15	78
15	80
15	81
16	37
16	57
16	61
16	69
16	70
16	73
16	76
17	31
17	53
17	71
17	75
17	78
17	79
17	81
18	37
18	42
18	57
18	62
18	69
18	70
18	76
19	10
19	12
19	29
19	58
19	66
19	73
19	77
20	1
20	2
20	6
20	11
20	23
20	27
20	77
21	8
21	34
21	44
21	45
21	51
21	54
21	60
22	39
22	42
22	46
22	57
22	69
22	70
22	76
23	1
23	2
23	6
23	11
23	20
23	27
23	43
24	14
24	48
24	62
24	63
24	64
24	68
24	74
25	9
25	62
25	64
25	68
25	72
25	74
25	80
26	45
26	52
26	58
26	66
26	73
26	74
26	77
27	1
27	2
27	6
27	11
27	20
27	23
27	66
28	30
28	34
28	44
28	50
28	51
28	54
28	60
29	12
29	19
29	58
29	59
29	66
29	69
29	77
30	8
30	28
30	33
30	48
30	50
30	54
30	60
31	17
31	55
31	61
31	65
31	79
31	80
31	81
32	36
32	47
32	57
32	61
32	65
32	69
32	76
33	30
33	34
33	44
33	50
33	51
33	54
33	60
34	13
34	21
34	28
34	33
34	44
34	50
34	54
34	60
35	15
35	65
35	74
35	75
35	78
35	79
35	80
35	81
36	32
36	39
36	47
36	57
36	61
36	70
36	72
36	76
37	7
37	16
37	18
37	57
37	61
37	69
37	70
37	76
38	49
38	64
38	65
38	71
38	75
38	78
38	80
38	81
39	4
39	22
39	36
39	47
39	57
39	70
39	76
39	79
40	5
40	10
40	45
40	47
40	59
40	66
40	73
40	77
41	14
41	43
41	62
41	63
41	64
41	68
41	72
41	74
42	18
42	22
42	47
42	53
42	57
42	61
42	70
42	76
43	23
43	41
43	48
43	63
43	64
43	68
43	72
43	74
44	4
44	21
44	28
44	33
44	34
44	50
44	51
44	54
44	60
45	21
45	26
45	40
45	52
45	58
45	59
45	66
45	73
45	77
46	3
46	22
46	49
46	56
46	71
46	75
46	79
46	80
46	81
47	4
47	32
47	36
47	39
47	40
47	42
47	61
47	69
47	76
48	24
48	30
48	43
48	62
48	63
48	64
48	68
48	72
48	74
49	38
49	46
49	53
49	64
49	71
49	78
49	79
49	80
49	81
50	8
50	28
50	30
50	33
50	34
50	44
50	51
50	60
50	78
51	8
51	21
51	28
51	33
51	44
51	50
51	54
51	60
51	69
52	5
52	10
52	12
52	26
52	45
52	59
52	60
52	66
52	73
52	77
53	17
53	42
53	49
53	67
53	71
53	75
53	78
53	79
53	80
53	81
54	8
54	21
54	28
54	30
54	33
54	34
54	44
54	51
54	60
54	71
55	15
55	31
55	56
55	67
55	73
55	75
55	78
55	79
55	80
55	81
56	3
56	14
56	46
56	55
56	65
56	67
56	71
56	78
56	79
56	80
56	81
57	16
57	18
57	22
57	32
57	36
57	37
57	39
57	42
57	70
57	76
57	81
58	7
58	10
58	19
58	26
58	29
58	45
58	59
58	66
58	72
58	73
58	77
59	5
59	7
59	29
59	40
59	45
59	52
59	58
59	66
59	73
59	77
59	80
60	8
60	21
60	28
60	30
60	33
60	34
60	44
60	50
60	51
60	52
60	54
61	16
61	31
61	32
61	36
61	37
61	42
61	47
61	69
61	70
61	71
61	76
62	9
62	13
62	18
62	24
62	25
62	41
62	48
62	63
62	64
62	68
62	72
62	74
63	9
63	13
63	24
63	41
63	43
63	48
63	62
63	64
63	67
63	68
63	72
63	74
64	24
64	25
64	38
64	41
64	43
64	48
64	49
64	62
64	63
64	68
64	72
64	74
65	31
65	32
65	35
65	38
65	56
65	67
65	71
65	75
65	78
65	79
65	80
65	81
66	5
66	7
66	19
66	26
66	27
66	29
66	40
66	45
66	52
66	58
66	59
66	73
66	77
67	3
67	15
67	53
67	55
67	56
67	63
67	65
67	71
67	75
67	78
67	79
67	80
67	81
68	9
68	13
68	14
68	24
68	25
68	41
68	43
68	48
68	62
68	63
68	64
68	72
68	74
69	4
69	15
69	16
69	18
69	22
69	29
69	32
69	37
69	47
69	51
69	61
69	70
69	76
70	4
70	16
70	18
70	22
70	36
70	37
70	39
70	42
70	57
70	61
70	69
70	75
70	76
71	17
71	38
71	46
71	49
71	53
71	54
71	56
71	61
71	65
71	67
71	75
71	79
71	80
71	81
72	9
72	13
72	14
72	25
72	36
72	41
72	43
72	48
72	58
72	62
72	63
72	64
72	68
72	74
73	5
73	10
73	12
73	16
73	19
73	26
73	40
73	45
73	52
73	55
73	58
73	59
73	66
73	77
74	9
74	13
74	14
74	24
74	25
74	26
74	35
74	41
74	43
74	48
74	62
74	63
74	64
74	68
74	72
75	17
75	35
75	38
75	46
75	53
75	55
75	65
75	67
75	70
75	71
75	77
75	78
75	79
75	80
75	81
76	4
76	16
76	18
76	22
76	32
76	36
76	37
76	39
76	42
76	47
76	57
76	61
76	69
76	70
76	81
77	5
77	7
77	10
77	12
77	19
77	20
77	26
77	29
77	40
77	45
77	52
77	58
77	59
77	66
77	73
77	75
78	3
78	15
78	17
78	35
78	38
78	49
78	50
78	53
78	55
78	56
78	65
78	67
78	75
78	79
78	80
78	81
79	3
79	17
79	31
79	35
79	39
79	46
79	49
79	53
79	55
79	56
79	65
79	67
79	71
79	75
79	78
79	80
79	81
80	15
80	25
80	31
80	35
80	38
80	46
80	49
80	53
80	55
80	56
80	59
80	65
80	67
80	71
80	75
80	78
80	79
80	81
81	3
81	15
81	17
81	31
81	35
81	38
81	46
81	49
81	53
81	55
81	56
81	57
81	65
81	67
81	71
81	75
81	76
81	78
81	79
81	80
