1	40
1	44
1	62
1	63
1	71
1	72
2	3
2	8
2	13
2	14
2	20
2	29
3	2
3	8
3	13
3	14
3	20
3	29
4	49
4	66
4	68
4	73
4	75
4	76
5	13
5	37
5	38
5	52
5	54
5	78
6	48
6	52
6	60
6	69
6	78
6	81
7	40
7	42
7	50
7	62
7	71
7	72
8	2
8	3
8	13
8	14
8	29
8	45
9	16
9	36
9	43
9	51
9	53
9	76
10	56
10	71
10	74
10	77
10	79
10	80
11	44
11	62
11	63
11	65
11	71
11	72
12	17
12	21
12	41
12	66
12	73
12	75
13	2
13	3
13	5
13	8
13	20
13	29
14	2
14	3
14	8
14	20
14	29
14	49
15	33
15	51
15	68
15	73
15	75
15	76
16	9
16	43
16	68
16	73
16	76
16	77
17	12
17	43
17	68
17	73
17	75
17	76
18	26
18	47
18	50
18	67
18	71
18	72
19	38
19	57
19	59
19	69
19	78
19	81
20	2
20	3
20	13
20	14
20	29
20	47
21	12
21	24
21	55
21	66
21	73
21	75
21	76
22	32
22	46
22	54
22	59
22	66
22	78
22	81
23	44
23	46
23	47
23	62
23	63
23	71
23	72
24	21
24	33
24	38
24	51
24	73
24	75
24	76
25	30
25	36
25	46
25	52
25	59
25	78
25	81
26	18
26	42
26	44
26	63
26	71
26	72
26	80
27	41
27	55
27	65
27	74
27	77
27	79
27	80
28	39
28	43
28	55
28	67
28	70
28	79
28	80
29	2
29	3
29	8
29	13
29	14
29	20
29	76
30	25
30	32
30	34
30	54
30	60
30	69
30	81
31	56
31	61
31	67
31	70
31	74
31	77
31	79
31	80
32	22
32	30
32	34
32	57
32	60
32	69
32	80
32	81
33	15
33	24
33	51
33	59
33	66
33	73
33	75
33	76
34	30
34	32
34	56
34	57
34	60
34	69
34	78
34	81
35	39
35	58
35	60
35	65
35	70
35	77
35	79
35	80
36	9
36	25
36	38
36	46
36	60
36	69
36	78
36	81
37	5
37	46
37	52
37	57
37	58
37	60
37	69
37	78
37	81
38	5
38	19
38	24
38	36
38	52
38	57
38	69
38	78
38	81
39	28
39	35
39	58
39	61
39	67
39	69
39	70
39	79
39	80
40	1
40	7
40	47
40	50
40	52
40	62
40	63
40	71
40	72
41	12
41	27
41	51
41	53
41	66
41	68
41	73
41	75
41	76
42	7
42	26
42	44
42	47
42	62
42	63
42	71
42	72
42	74
43	9
43	16
43	17
43	28
43	53
43	66
43	68
43	75
43	76
44	1
44	11
44	23
44	26
44	42
44	50
44	63
44	64
44	71
45	8
45	48
45	55
45	61
45	64
45	67
45	70
45	74
45	80
46	22
46	23
46	25
46	36
46	37
46	54
46	60
46	69
46	81
47	18
47	20
47	23
47	40
47	42
47	50
47	62
47	71
47	72
48	6
48	45
48	58
48	61
48	65
48	70
48	74
48	77
48	79
49	4
49	14
49	51
49	53
49	66
49	68
49	73
49	75
49	76
50	7
50	18
50	40
50	44
50	47
50	62
50	63
50	69
50	71
50	72
51	9
51	15
51	24
51	33
51	41
51	49
51	53
51	68
51	75
51	76
52	5
52	6
52	25
52	37
52	38
52	40
52	54
52	57
52	78
52	81
53	9
53	41
53	43
53	49
53	51
53	66
53	68
53	73
53	75
53	78
54	5
54	22
54	30
54	46
54	52
54	59
54	69
54	72
54	78
54	81
55	21
55	27
55	28
55	45
55	61
55	67
55	70
55	74
55	79
55	80
56	10
56	31
56	34
56	64
56	65
56	67
56	74
56	77
56	79
56	80
57	19
57	32
57	34
57	37
57	38
57	52
57	59
57	72
57	78
57	81
58	35
58	37
58	39
58	48
58	61
58	64
58	65
58	77
58	79
58	80
59	19
59	22
59	25
59	33
59	54
59	57
59	60
59	69
59	78
59	81
60	6
60	30
60	32
60	34
60	35
60	36
60	37
60	46
60	59
60	78
60	81
61	31
61	39
61	45
61	48
61	55
61	58
61	62
61	64
61	74
61	77
61	79
61	80
62	1
62	7
62	11
62	23
62	40
62	42
62	47
62	50
62	61
62	63
62	71
62	72
63	1
63	11
63	23
63	26
63	40
63	42
63	44
63	50
63	62
63	68
63	71
63	72
64	44
64	45
64	56
64	58
64	61
64	65
64	67
64	70
64	74
64	77
64	79
64	80
65	11
65	27
65	35
65	48
65	56
65	58
65	64
65	67
65	70
65	74
65	77
65	79
65	80
66	4
66	12
66	21
66	22
66	33
66	41
66	43
66	49
66	53
66	68
66	73
66	75
66	76
67	18
67	28
67	31
67	39
67	45
67	55
67	56
67	64
67	65
67	70
67	74
67	77
67	80
68	4
68	15
68	16
68	17
68	41
68	43
68	49
68	51
68	53
68	63
68	66
68	73
68	75
68	76
69	6
69	19
69	30
69	32
69	34
69	36
69	37
69	38
69	39
69	46
69	50
69	54
69	59
69	78
69	81
70	28
70	31
70	35
70	39
70	45
70	48
70	55
70	64
70	65
70	67
70	74
70	77
70	78
70	79
70	80
71	1
71	7
71	10
71	11
71	18
71	23
71	26
71	40
71	42
71	44
71	47
71	50
71	62
71	63
71	72
72	1
72	7
72	11
72	18
72	23
72	26
72	40
72	42
72	47
72	50
72	54
72	57
72	62
72	63
72	71
73	4
73	12
73	15
73	16
73	17
73	21
73	24
73	33
73	41
73	49
73	53
73	66
73	68
73	76
73	77
73	79
74	10
74	27
74	31
74	42
74	45
74	48
74	55
74	56
74	61
74	64
74	65
74	67
74	70
74	77
74	79
74	80
75	4
75	12
75	15
75	17
75	21
75	24
75	33
75	41
75	43
75	49
75	51
75	53
75	66
75	68
75	76
75	81
76	4
76	9
76	15
76	16
76	17
76	21
76	24
76	29
76	33
76	41
76	43
76	49
76	51
76	66
76	68
76	73
76	75
77	10
77	16
77	27
77	31
77	35
77	48
77	56
77	58
77	61
77	64
77	65
77	67
77	70
77	73
77	74
77	79
77	80
78	5
78	6
78	19
78	22
78	25
78	34
78	36
78	37
78	38
78	52
78	53
78	54
78	57
78	59
78	60
78	69
78	70
78	81
79	10
79	27
79	28
79	31
79	35
79	39
79	48
79	55
79	56
79	58
79	61
79	64
79	65
79	70
79	73
79	74
79	77
79	80
79	81
80	10
80	26
80	27
80	28
80	31
80	32
80	35
80	39
80	45
80	55
80	56
80	58
80	61
80	64
80	65
80	67
80	70
80	74
80	77
80	79
81	6
81	19
81	22
81	25
81	30
81	32
81	34
81	36
81	37
81	38
81	46
81	52
81	54
81	57
81	59
81	60
81	69
81	75
81	78
81	79
