1	34
1	53
1	54
1	57
1	67
1	74
2	9
2	37
2	55
2	63
2	70
2	73
3	6
3	55
3	58
3	61
3	70
3	73
4	25
4	75
4	78
4	79
4	80
4	81
5	11
5	22
5	32
5	39
5	40
5	69
6	3
6	43
6	44
6	48
6	49
6	56
7	14
7	15
7	16
7	18
7	30
7	37
8	75
8	76
8	77
8	79
8	80
8	81
9	2
9	49
9	61
9	63
9	70
9	73
10	51
10	59
10	60
10	63
10	70
10	73
11	5
11	23
11	24
11	32
11	39
11	40
12	15
12	16
12	18
12	21
12	30
12	37
13	22
13	64
13	66
13	67
13	72
13	74
14	7
14	16
14	18
14	30
14	37
14	53
15	7
15	12
15	16
15	18
15	30
15	37
15	66
16	7
16	12
16	14
16	15
16	30
16	37
16	78
17	22
17	23
17	24
17	32
17	39
17	40
17	79
18	7
18	12
18	14
18	15
18	30
18	37
18	42
19	51
19	59
19	61
19	63
19	64
19	70
19	73
20	38
20	57
20	64
20	65
20	66
20	72
20	74
21	12
21	36
21	64
21	67
21	68
21	72
21	74
22	5
22	13
22	17
22	24
22	32
22	39
22	40
23	11
23	17
23	24
23	32
23	39
23	40
23	62
24	11
24	17
24	22
24	23
24	32
24	39
24	40
25	4
25	38
25	42
25	45
25	48
25	49
25	50
25	56
26	40
26	75
26	76
26	77
26	78
26	79
26	80
26	81
27	35
27	51
27	58
27	61
27	63
27	69
27	70
27	73
28	57
28	71
28	76
28	77
28	78
28	79
28	80
28	81
29	69
29	75
29	76
29	77
29	78
29	79
29	80
29	81
30	7
30	12
30	14
30	15
30	16
30	18
30	37
30	56
31	45
31	55
31	58
31	59
31	61
31	63
31	70
31	73
32	5
32	11
32	17
32	22
32	23
32	24
32	39
32	40
33	38
33	42
33	43
33	44
33	48
33	50
33	55
33	56
34	1
34	41
34	53
34	64
34	65
34	68
34	72
34	74
35	27
35	55
35	58
35	59
35	63
35	68
35	70
35	73
36	21
36	54
36	65
36	66
36	67
36	68
36	74
36	76
37	2
37	7
37	12
37	14
37	15
37	16
37	18
37	30
38	20
38	25
38	33
38	44
38	45
38	48
38	49
38	50
38	56
39	5
39	11
39	17
39	22
39	23
39	24
39	32
39	40
39	80
40	5
40	11
40	17
40	22
40	23
40	24
40	26
40	32
40	39
41	34
41	53
41	57
41	64
41	65
41	68
41	70
41	72
41	74
42	18
42	25
42	33
42	43
42	44
42	45
42	48
42	50
42	56
43	6
43	33
43	42
43	44
43	45
43	49
43	50
43	56
43	62
44	6
44	33
44	38
44	42
44	43
44	45
44	49
44	50
44	56
44	59
45	25
45	31
45	38
45	42
45	43
45	44
45	48
45	49
45	50
45	56
46	61
46	69
46	71
46	75
46	76
46	77
46	78
46	79
46	80
46	81
47	60
47	69
47	71
47	75
47	76
47	77
47	78
47	79
47	80
47	81
48	6
48	25
48	33
48	38
48	42
48	45
48	49
48	50
48	56
48	63
49	6
49	9
49	25
49	38
49	43
49	44
49	45
49	48
49	50
49	56
50	25
50	33
50	38
50	42
50	43
50	44
50	45
50	48
50	49
50	56
50	81
51	10
51	19
51	27
51	55
51	58
51	59
51	61
51	63
51	70
51	71
51	73
52	54
52	60
52	69
52	71
52	75
52	76
52	77
52	78
52	79
52	80
52	81
53	1
53	14
53	34
53	41
53	54
53	65
53	66
53	67
53	68
53	72
53	74
54	1
54	36
54	52
54	53
54	64
54	65
54	66
54	67
54	68
54	72
54	74
55	2
55	3
55	31
55	33
55	35
55	51
55	58
55	59
55	61
55	63
55	70
55	73
56	6
56	25
56	30
56	33
56	38
56	42
56	43
56	44
56	45
56	48
56	49
56	50
57	1
57	20
57	28
57	41
57	64
57	65
57	66
57	67
57	68
57	71
57	72
57	74
58	3
58	27
58	31
58	35
58	51
58	55
58	59
58	61
58	63
58	70
58	73
58	75
59	10
59	19
59	31
59	35
59	44
59	51
59	55
59	58
59	61
59	63
59	70
59	73
59	77
60	10
60	47
60	52
60	62
60	69
60	71
60	75
60	76
60	77
60	78
60	79
60	80
60	81
61	3
61	9
61	19
61	27
61	31
61	46
61	51
61	55
61	58
61	59
61	63
61	70
61	73
62	23
62	43
62	60
62	69
62	71
62	75
62	76
62	77
62	78
62	79
62	80
62	81
63	2
63	9
63	10
63	19
63	27
63	31
63	35
63	48
63	51
63	55
63	58
63	59
63	61
63	73
64	13
64	19
64	20
64	21
64	34
64	41
64	54
64	57
64	65
64	66
64	67
64	68
64	72
64	74
65	20
65	34
65	36
65	41
65	53
65	54
65	57
65	64
65	66
65	67
65	68
65	70
65	72
65	74
66	13
66	15
66	20
66	36
66	53
66	54
66	57
66	64
66	65
66	67
66	68
66	72
66	74
66	79
67	1
67	13
67	21
67	36
67	53
67	54
67	57
67	64
67	65
67	66
67	68
67	72
67	74
67	80
68	21
68	34
68	35
68	36
68	41
68	53
68	54
68	57
68	64
68	65
68	66
68	67
68	72
68	74
68	75
69	5
69	27
69	29
69	46
69	47
69	52
69	60
69	62
69	71
69	75
69	76
69	77
69	78
69	79
69	80
69	81
70	2
70	3
70	9
70	10
70	19
70	27
70	31
70	35
70	41
70	51
70	55
70	58
70	59
70	61
70	65
70	73
71	28
71	46
71	47
71	51
71	52
71	57
71	60
71	62
71	69
71	75
71	76
71	77
71	78
71	79
71	80
71	81
72	13
72	20
72	21
72	34
72	41
72	53
72	54
72	57
72	64
72	65
72	66
72	67
72	68
72	73
72	74
72	76
73	2
73	3
73	9
73	10
73	19
73	27
73	31
73	35
73	51
73	55
73	58
73	59
73	61
73	63
73	70
73	72
73	77
74	1
74	13
74	20
74	21
74	34
74	36
74	41
74	53
74	54
74	57
74	64
74	65
74	66
74	67
74	68
74	72
74	78
74	81
75	4
75	8
75	26
75	29
75	46
75	47
75	52
75	58
75	60
75	62
75	68
75	69
75	71
75	76
75	77
75	78
75	79
75	80
75	81
76	8
76	26
76	28
76	29
76	36
76	46
76	47
76	52
76	60
76	62
76	69
76	71
76	72
76	75
76	77
76	78
76	79
76	80
76	81
77	8
77	26
77	28
77	29
77	46
77	47
77	52
77	59
77	60
77	62
77	69
77	71
77	73
77	75
77	76
77	78
77	79
77	80
77	81
78	4
78	16
78	26
78	28
78	29
78	46
78	47
78	52
78	60
78	62
78	69
78	71
78	74
78	75
78	76
78	77
78	79
78	80
78	81
79	4
79	8
79	17
79	26
79	28
79	29
79	46
79	47
79	52
79	60
79	62
79	66
79	69
79	71
79	75
79	76
79	77
79	78
79	80
79	81
80	4
80	8
80	26
80	28
80	29
80	39
80	46
80	47
80	52
80	60
80	62
80	67
80	69
80	71
80	75
80	76
80	77
80	78
80	79
80	81
81	4
81	8
81	26
81	28
81	29
81	46
81	47
81	50
81	52
81	60
81	62
81	69
81	71
81	74
81	75
81	76
81	77
81	78
81	79
81	80
