1	21
1	33
1	40
1	56
1	74
1	79
2	14
2	23
2	68
2	70
2	73
2	80
3	45
3	49
3	63
3	68
3	70
3	80
4	33
4	60
4	61
4	75
4	78
4	81
5	24
5	41
5	61
5	75
5	78
5	81
6	7
6	23
6	27
6	52
6	53
6	64
7	6
7	9
7	27
7	28
7	52
7	53
8	20
8	36
8	65
8	71
8	76
8	77
9	7
9	23
9	25
9	28
9	52
9	53
10	43
10	58
10	66
10	72
10	73
10	80
11	54
11	55
11	71
11	72
11	76
11	77
12	13
12	35
12	44
12	64
12	69
12	79
13	12
13	44
13	56
13	69
13	74
13	79
14	2
14	35
14	70
14	73
14	75
14	80
15	31
15	59
15	71
15	75
15	78
15	81
16	55
16	62
16	65
16	72
16	76
16	77
17	18
17	44
17	51
17	64
17	75
17	79
18	17
18	44
18	64
18	69
18	74
18	79
19	38
19	51
19	69
19	73
19	74
19	79
20	8
20	23
20	27
20	28
20	52
20	53
21	1
21	30
21	33
21	51
21	74
21	79
22	39
22	47
22	60
22	61
22	75
22	78
22	81
23	2
23	6
23	9
23	20
23	25
23	52
23	53
24	5
24	54
24	62
24	71
24	72
24	76
24	77
25	9
25	23
25	27
25	28
25	52
25	53
25	79
26	62
26	67
26	70
26	71
26	72
26	76
26	77
27	6
27	7
27	20
27	25
27	28
27	52
27	53
28	7
28	9
28	20
28	25
28	27
28	53
28	67
29	37
29	47
29	59
29	62
29	75
29	78
29	81
30	21
30	38
30	50
30	64
30	69
30	74
30	79
31	15
31	37
31	41
31	56
31	60
31	78
31	81
32	49
32	57
32	66
32	68
32	70
32	73
32	80
33	1
33	4
33	21
33	40
33	56
33	64
33	69
33	79
34	46
34	59
34	60
34	61
34	75
34	78
34	80
34	81
35	12
35	14
35	58
35	66
35	68
35	70
35	73
35	80
36	8
36	65
36	67
36	71
36	72
36	73
36	76
36	77
37	29
37	31
37	39
37	54
37	61
37	75
37	78
37	81
38	19
38	30
38	40
38	56
38	64
38	69
38	74
38	79
39	22
39	37
39	41
39	46
39	47
39	59
39	78
39	81
40	1
40	33
40	38
40	64
40	69
40	74
40	79
40	81
41	5
41	31
41	39
41	59
41	60
41	69
41	75
41	81
42	46
42	57
42	58
42	63
42	66
42	70
42	73
42	80
43	10
43	58
43	63
43	66
43	68
43	70
43	74
43	80
44	12
44	13
44	17
44	18
44	56
44	69
44	74
44	79
45	3
45	58
45	66
45	68
45	70
45	73
45	76
45	80
46	34
46	39
46	42
46	47
46	59
46	75
46	78
46	81
47	22
47	29
47	39
47	46
47	60
47	61
47	77
47	78
47	81
48	50
48	54
48	65
48	67
48	68
48	71
48	72
48	76
48	77
49	3
49	32
49	57
49	63
49	66
49	68
49	73
49	80
49	81
50	30
50	48
50	62
50	65
50	67
50	71
50	72
50	76
50	77
51	17
51	19
51	21
51	56
51	64
51	67
51	69
51	74
51	79
52	6
52	7
52	9
52	20
52	23
52	25
52	27
52	53
52	78
53	6
53	7
53	9
53	20
53	23
53	25
53	27
53	28
53	52
53	71
54	11
54	24
54	37
54	48
54	62
54	65
54	71
54	72
54	76
54	77
55	11
55	16
55	61
55	62
55	65
55	67
55	71
55	72
55	76
55	77
56	1
56	13
56	31
56	33
56	38
56	44
56	51
56	69
56	74
56	79
57	32
57	42
57	49
57	58
57	63
57	65
57	68
57	70
57	73
57	80
58	10
58	35
58	42
58	43
58	45
58	57
58	63
58	66
58	73
58	78
58	80
59	15
59	29
59	34
59	39
59	41
59	46
59	60
59	61
59	66
59	75
59	78
59	81
60	4
60	22
60	31
60	34
60	41
60	47
60	59
60	61
60	75
60	77
60	78
60	81
61	4
61	5
61	22
61	34
61	37
61	47
61	55
61	59
61	60
61	75
61	78
61	81
62	16
62	24
62	26
62	29
62	50
62	54
62	55
62	65
62	67
62	72
62	76
62	77
63	3
63	42
63	43
63	49
63	57
63	58
63	66
63	68
63	70
63	73
63	76
63	80
64	6
64	12
64	17
64	18
64	30
64	33
64	38
64	40
64	51
64	69
64	74
64	79
65	8
65	16
65	36
65	48
65	50
65	54
65	55
65	57
65	62
65	67
65	72
65	76
65	77
66	10
66	32
66	35
66	42
66	43
66	45
66	49
66	58
66	59
66	63
66	68
66	70
66	80
67	26
67	28
67	36
67	48
67	50
67	51
67	55
67	62
67	65
67	71
67	72
67	76
67	77
68	2
68	3
68	32
68	35
68	43
68	45
68	48
68	49
68	57
68	63
68	66
68	70
68	73
68	80
69	12
69	13
69	18
69	19
69	30
69	33
69	38
69	40
69	41
69	44
69	51
69	56
69	64
69	74
69	79
70	2
70	3
70	14
70	26
70	32
70	35
70	42
70	43
70	45
70	57
70	63
70	66
70	68
70	73
70	80
71	8
71	11
71	15
71	24
71	26
71	36
71	48
71	50
71	53
71	54
71	55
71	67
71	72
71	76
71	77
72	10
72	11
72	16
72	24
72	26
72	36
72	48
72	50
72	54
72	55
72	62
72	65
72	67
72	71
72	76
72	77
73	2
73	10
73	14
73	19
73	32
73	35
73	36
73	42
73	45
73	49
73	57
73	58
73	63
73	68
73	70
73	80
74	1
74	13
74	18
74	19
74	21
74	30
74	38
74	40
74	43
74	44
74	51
74	56
74	64
74	69
74	75
74	79
75	4
75	5
75	14
75	15
75	17
75	22
75	29
75	34
75	37
75	41
75	46
75	59
75	60
75	61
75	74
75	78
75	81
76	8
76	11
76	16
76	24
76	26
76	36
76	45
76	48
76	50
76	54
76	55
76	62
76	63
76	65
76	67
76	71
76	72
76	77
77	8
77	11
77	16
77	24
77	26
77	36
77	47
77	48
77	50
77	54
77	55
77	60
77	62
77	65
77	67
77	71
77	72
77	76
78	4
78	5
78	15
78	22
78	29
78	31
78	34
78	37
78	39
78	46
78	47
78	52
78	58
78	59
78	60
78	61
78	75
78	81
79	1
79	12
79	13
79	17
79	18
79	19
79	21
79	25
79	30
79	33
79	38
79	40
79	44
79	51
79	56
79	64
79	69
79	74
79	80
80	2
80	3
80	10
80	14
80	32
80	34
80	35
80	42
80	43
80	45
80	49
80	57
80	58
80	63
80	66
80	68
80	70
80	73
80	79
81	4
81	5
81	15
81	22
81	29
81	31
81	34
81	37
81	39
81	40
81	41
81	46
81	47
81	49
81	59
81	60
81	61
81	75
81	78
