1	2
1	8
1	25
1	32
1	35
1	65
2	1
2	8
2	15
2	16
2	25
2	32
3	56
3	67
3	68
3	75
3	76
3	77
4	6
4	46
4	67
4	75
4	76
4	77
5	15
5	44
5	49
5	63
5	64
5	72
6	4
6	9
6	22
6	23
6	29
6	35
7	9
7	22
7	23
7	29
7	31
7	35
8	1
8	2
8	15
8	16
8	25
8	32
9	6
9	7
9	23
9	31
9	35
9	53
10	44
10	48
10	58
10	75
10	76
10	77
11	26
11	60
11	78
11	79
11	80
11	81
12	48
12	55
12	58
12	75
12	76
12	77
13	21
13	38
13	50
13	51
13	52
13	54
14	28
14	41
14	47
14	51
14	52
14	54
15	2
15	5
15	8
15	16
15	25
15	32
16	2
16	8
16	15
16	25
16	32
16	42
17	30
17	53
17	63
17	66
17	69
17	70
18	56
18	58
18	67
18	68
18	75
18	76
18	77
19	60
19	62
19	73
19	78
19	79
19	80
19	81
20	42
20	58
20	67
20	68
20	75
20	76
20	77
21	13
21	28
21	38
21	51
21	52
21	54
21	61
22	6
22	7
22	23
22	29
22	31
22	35
22	58
23	6
23	7
23	9
23	22
23	29
23	31
23	35
24	71
24	73
24	74
24	78
24	79
24	80
24	81
25	1
25	2
25	8
25	15
25	16
25	26
25	32
26	11
26	25
26	73
26	74
26	79
26	80
26	81
27	39
27	43
27	62
27	63
27	69
27	70
27	72
28	14
28	21
28	33
28	40
28	41
28	56
28	61
29	6
29	7
29	22
29	23
29	31
29	35
29	46
30	17
30	43
30	53
30	59
30	63
30	64
30	69
31	7
31	9
31	22
31	23
31	29
31	35
31	75
32	1
32	2
32	8
32	15
32	16
32	25
32	76
33	28
33	38
33	47
33	50
33	52
33	54
33	61
33	63
34	57
34	66
34	69
34	71
34	78
34	79
34	80
34	81
35	1
35	6
35	7
35	9
35	22
35	23
35	29
35	31
36	41
36	60
36	71
36	73
36	78
36	79
36	80
36	81
37	42
37	46
37	48
37	56
37	67
37	68
37	75
37	76
37	77
38	13
38	21
38	33
38	47
38	50
38	51
38	54
38	60
38	61
39	27
39	44
39	51
39	59
39	62
39	64
39	69
39	70
39	72
40	28
40	41
40	47
40	50
40	51
40	52
40	54
40	61
40	70
41	14
41	28
41	36
41	40
41	47
41	51
41	52
41	54
41	61
42	16
42	20
42	37
42	46
42	56
42	68
42	75
42	76
42	77
43	27
43	30
43	49
43	62
43	63
43	64
43	70
43	72
43	80
44	5
44	10
44	39
44	59
44	62
44	63
44	69
44	70
44	72
45	55
45	65
45	66
45	73
45	74
45	77
45	78
45	79
45	80
45	81
46	4
46	29
46	37
46	42
46	56
46	58
46	68
46	75
46	76
46	77
47	14
47	33
47	38
47	40
47	41
47	50
47	51
47	57
47	61
47	71
48	10
48	12
48	37
48	56
48	58
48	67
48	68
48	76
48	77
48	79
49	5
49	43
49	53
49	59
49	63
49	64
49	69
49	70
49	72
49	81
50	13
50	33
50	38
50	40
50	47
50	51
50	52
50	54
50	61
50	78
51	13
51	14
51	21
51	38
51	39
51	40
51	41
51	47
51	50
51	54
51	61
52	13
52	14
52	21
52	33
52	40
52	41
52	50
52	54
52	61
52	64
52	72
53	9
53	17
53	30
53	49
53	59
53	62
53	63
53	64
53	69
53	70
53	72
54	13
54	14
54	21
54	33
54	38
54	40
54	41
54	50
54	51
54	52
54	61
54	79
55	12
55	45
55	57
55	65
55	66
55	71
55	73
55	74
55	78
55	79
55	80
55	81
56	3
56	18
56	28
56	37
56	42
56	46
56	48
56	67
56	68
56	75
56	76
56	77
57	34
57	47
57	55
57	65
57	66
57	71
57	73
57	74
57	78
57	79
57	80
57	81
58	10
58	12
58	18
58	20
58	22
58	46
58	48
58	67
58	68
58	75
58	76
58	77
59	30
59	39
59	44
59	49
59	53
59	62
59	63
59	64
59	69
59	70
59	72
59	73
60	11
60	19
60	36
60	38
60	65
60	66
60	71
60	74
60	78
60	79
60	80
60	81
61	21
61	28
61	33
61	38
61	40
61	41
61	47
61	50
61	51
61	52
61	54
61	74
62	19
62	27
62	39
62	43
62	44
62	53
62	59
62	64
62	69
62	70
62	72
62	78
63	5
63	17
63	27
63	30
63	33
63	43
63	44
63	49
63	53
63	59
63	64
63	69
63	72
64	5
64	30
64	39
64	43
64	49
64	52
64	53
64	59
64	62
64	63
64	69
64	70
64	72
65	1
65	45
65	55
65	57
65	60
65	66
65	71
65	73
65	74
65	78
65	79
65	80
65	81
66	17
66	34
66	45
66	55
66	57
66	60
66	65
66	71
66	73
66	74
66	78
66	79
66	81
67	3
67	4
67	18
67	20
67	37
67	48
67	56
67	58
67	68
67	75
67	76
67	77
67	80
68	3
68	18
68	20
68	37
68	42
68	46
68	48
68	56
68	58
68	67
68	71
68	75
68	76
68	77
69	17
69	27
69	30
69	34
69	39
69	44
69	49
69	53
69	59
69	62
69	63
69	64
69	70
69	72
70	17
70	27
70	39
70	40
70	43
70	44
70	49
70	53
70	59
70	62
70	64
70	69
70	72
70	81
71	24
71	34
71	36
71	47
71	55
71	57
71	60
71	65
71	66
71	68
71	73
71	74
71	78
71	80
71	81
72	5
72	27
72	39
72	43
72	44
72	49
72	52
72	53
72	59
72	62
72	63
72	64
72	69
72	70
72	76
73	19
73	24
73	26
73	36
73	45
73	55
73	57
73	59
73	65
73	66
73	71
73	74
73	78
73	79
73	80
73	81
74	24
74	26
74	45
74	55
74	57
74	60
74	61
74	65
74	66
74	71
74	73
74	77
74	78
74	79
74	80
74	81
75	3
75	4
75	10
75	12
75	18
75	20
75	31
75	37
75	42
75	46
75	56
75	58
75	67
75	68
75	76
75	77
76	3
76	4
76	10
76	12
76	18
76	20
76	32
76	37
76	42
76	46
76	48
76	56
76	58
76	67
76	68
76	72
76	75
76	77
77	3
77	4
77	10
77	12
77	18
77	20
77	37
77	42
77	45
77	46
77	48
77	56
77	58
77	67
77	68
77	74
77	75
77	76
78	11
78	19
78	24
78	34
78	36
78	45
78	50
78	55
78	57
78	60
78	62
78	65
78	66
78	71
78	73
78	74
78	79
78	80
78	81
79	11
79	19
79	24
79	26
79	34
79	36
79	45
79	48
79	54
79	55
79	57
79	60
79	65
79	66
79	73
79	74
79	78
79	80
79	81
80	11
80	19
80	24
80	26
80	34
80	36
80	43
80	45
80	55
80	57
80	60
80	65
80	67
80	71
80	73
80	74
80	78
80	79
80	81
81	11
81	19
81	24
81	26
81	34
81	36
81	45
81	49
81	55
81	57
81	60
81	65
81	66
81	70
81	71
81	73
81	74
81	78
81	79
81	80
