1	16
1	41
1	49
1	50
1	53
1	79
2	27
2	41
2	47
2	49
2	50
2	53
3	14
3	24
3	28
3	37
3	42
3	43
4	14
4	28
4	32
4	42
4	43
4	45
5	20
5	58
5	65
5	66
5	70
5	72
6	60
6	66
6	67
6	68
6	70
6	72
7	51
7	54
7	61
7	64
7	68
7	76
8	21
8	34
8	38
8	48
8	51
8	77
9	73
9	77
9	78
9	79
9	80
9	81
10	23
10	77
10	78
10	79
10	80
10	81
11	60
11	65
11	67
11	70
11	72
11	73
12	55
12	59
12	65
12	66
12	67
12	72
13	34
13	38
13	46
13	48
13	51
13	60
14	3
14	4
14	32
14	33
14	43
14	74
15	21
15	38
15	46
15	48
15	51
15	57
16	1
16	41
16	47
16	50
16	53
16	72
17	52
17	77
17	78
17	79
17	80
17	81
18	65
18	73
18	78
18	79
18	80
18	81
19	26
19	30
19	39
19	61
19	76
19	80
20	5
20	22
20	31
20	59
20	67
20	72
21	8
21	15
21	34
21	46
21	48
21	51
22	20
22	49
22	65
22	66
22	70
22	72
23	10
23	41
23	47
23	49
23	50
23	53
24	3
24	28
24	32
24	33
24	42
24	45
25	59
25	60
25	65
25	66
25	67
25	70
25	72
26	19
26	30
26	62
26	64
26	68
26	69
26	76
27	2
27	29
27	41
27	47
27	49
27	50
27	53
28	3
28	4
28	24
28	33
28	42
28	43
28	45
29	27
29	75
29	77
29	78
29	79
29	80
29	81
30	19
30	26
30	44
30	64
30	68
30	69
30	76
31	20
31	37
31	52
31	62
31	68
31	69
31	76
32	4
32	14
32	24
32	33
32	42
32	45
32	64
33	14
33	24
33	28
33	32
33	42
33	43
33	45
34	8
34	13
34	21
34	38
34	46
34	48
34	51
35	73
35	75
35	76
35	77
35	78
35	79
35	80
35	81
36	55
36	60
36	65
36	66
36	67
36	70
36	72
36	81
37	3
37	31
37	39
37	52
37	61
37	68
37	69
37	76
38	8
38	13
38	15
38	34
38	46
38	48
38	51
38	80
39	19
39	37
39	45
39	52
39	61
39	62
39	64
39	76
40	52
40	54
40	61
40	64
40	68
40	69
40	76
40	79
41	1
41	2
41	16
41	23
41	27
41	49
41	50
41	53
42	3
42	4
42	24
42	28
42	32
42	33
42	43
42	45
43	3
43	4
43	14
43	28
43	33
43	42
43	45
43	69
44	30
44	52
44	54
44	62
44	64
44	69
44	72
44	76
45	4
45	24
45	28
45	32
45	33
45	39
45	42
45	43
46	13
46	15
46	21
46	34
46	38
46	48
46	51
46	78
47	2
47	16
47	23
47	27
47	49
47	50
47	53
47	74
48	8
48	13
48	15
48	21
48	34
48	38
48	46
48	51
48	75
49	1
49	2
49	22
49	23
49	27
49	41
49	47
49	50
49	53
50	1
50	2
50	16
50	23
50	27
50	41
50	47
50	49
50	53
51	7
51	8
51	13
51	15
51	21
51	34
51	38
51	46
51	48
52	17
52	31
52	37
52	39
52	40
52	44
52	62
52	68
52	69
52	76
53	1
53	2
53	16
53	23
53	27
53	41
53	47
53	49
53	50
53	54
54	7
54	40
54	44
54	53
54	61
54	62
54	64
54	68
54	69
54	76
55	12
55	36
55	59
55	60
55	61
55	65
55	66
55	67
55	70
55	71
55	72
56	63
56	70
56	71
56	73
56	74
56	75
56	77
56	78
56	79
56	80
56	81
57	15
57	69
57	71
57	73
57	74
57	75
57	77
57	78
57	79
57	80
57	81
58	5
58	63
58	71
58	73
58	74
58	75
58	77
58	78
58	79
58	80
58	81
59	12
59	20
59	25
59	55
59	60
59	64
59	65
59	66
59	67
59	70
59	71
59	72
60	6
60	11
60	13
60	25
60	36
60	55
60	59
60	65
60	66
60	67
60	70
60	72
61	7
61	19
61	37
61	39
61	40
61	54
61	55
61	62
61	64
61	68
61	69
61	76
62	26
62	31
62	39
62	44
62	52
62	54
62	61
62	64
62	68
62	69
62	76
62	77
63	56
63	58
63	65
63	71
63	73
63	74
63	75
63	77
63	78
63	79
63	80
63	81
64	7
64	26
64	30
64	32
64	39
64	40
64	44
64	54
64	59
64	61
64	62
64	68
64	69
64	76
65	5
65	11
65	12
65	18
65	22
65	25
65	36
65	55
65	59
65	60
65	63
65	66
65	67
65	70
66	5
66	6
66	12
66	22
66	25
66	36
66	55
66	59
66	60
66	65
66	67
66	70
66	72
66	75
67	6
67	11
67	12
67	20
67	25
67	36
67	55
67	59
67	60
67	65
67	66
67	70
67	72
67	81
68	6
68	7
68	26
68	30
68	31
68	37
68	40
68	52
68	54
68	61
68	62
68	64
68	69
68	76
69	26
69	30
69	31
69	37
69	40
69	43
69	44
69	52
69	54
69	57
69	61
69	62
69	64
69	68
69	76
70	5
70	6
70	11
70	22
70	25
70	36
70	55
70	56
70	59
70	60
70	65
70	66
70	67
70	72
70	78
71	55
71	56
71	57
71	58
71	59
71	63
71	73
71	74
71	75
71	77
71	78
71	79
71	80
71	81
72	5
72	6
72	11
72	12
72	16
72	20
72	22
72	25
72	36
72	44
72	55
72	59
72	60
72	66
72	67
72	70
73	9
73	11
73	18
73	35
73	56
73	57
73	58
73	63
73	71
73	74
73	75
73	76
73	77
73	78
73	79
73	80
73	81
74	14
74	47
74	56
74	57
74	58
74	63
74	71
74	73
74	75
74	77
74	78
74	79
74	80
74	81
75	29
75	35
75	48
75	56
75	57
75	58
75	63
75	66
75	71
75	73
75	74
75	77
75	78
75	79
75	80
75	81
76	7
76	19
76	26
76	30
76	31
76	35
76	37
76	39
76	40
76	44
76	52
76	54
76	61
76	62
76	64
76	68
76	69
76	73
77	8
77	9
77	10
77	17
77	29
77	35
77	56
77	57
77	58
77	62
77	63
77	71
77	73
77	74
77	75
77	78
77	79
77	80
77	81
78	9
78	10
78	17
78	18
78	29
78	35
78	46
78	56
78	57
78	58
78	63
78	70
78	71
78	73
78	74
78	75
78	77
78	79
78	80
78	81
79	1
79	9
79	10
79	17
79	18
79	29
79	35
79	40
79	56
79	57
79	58
79	63
79	71
79	73
79	74
79	75
79	77
79	78
79	80
79	81
80	9
80	10
80	17
80	18
80	19
80	29
80	35
80	38
80	56
80	57
80	58
80	63
80	71
80	73
80	74
80	75
80	77
80	78
80	79
80	81
81	9
81	10
81	17
81	18
81	29
81	35
81	36
81	56
81	57
81	58
81	63
81	67
81	71
81	73
81	74
81	75
81	77
81	78
81	79
81	80
