1	13
1	29
1	38
1	41
1	45
1	58
2	50
2	54
2	55
2	58
2	64
2	66
3	17
3	31
3	32
3	36
3	46
3	59
4	10
4	12
4	22
4	23
4	24
4	34
5	11
5	17
5	25
5	31
5	36
5	46
6	12
6	22
6	23
6	24
6	34
6	52
7	18
7	35
7	44
7	51
7	52
7	75
8	59
8	60
8	61
8	62
8	64
8	65
9	17
9	29
9	38
9	39
9	41
9	45
10	4
10	12
10	22
10	23
10	24
10	34
11	5
11	19
11	31
11	32
11	46
11	81
12	4
12	6
12	10
12	23
12	24
12	34
13	1
13	16
13	29
13	39
13	41
13	45
14	15
14	43
14	49
14	54
14	55
14	64
15	14
15	42
15	49
15	50
15	58
15	64
16	13
16	38
16	39
16	41
16	45
16	78
17	3
17	5
17	9
17	19
17	25
17	32
17	46
18	7
18	20
18	26
18	35
18	44
18	51
18	52
19	11
19	17
19	25
19	31
19	32
19	36
19	46
20	18
20	21
20	27
20	35
20	44
20	51
20	52
21	20
21	26
21	27
21	35
21	51
21	52
21	68
22	4
22	6
22	10
22	23
22	24
22	34
22	63
23	4
23	6
23	10
23	12
23	22
23	24
23	34
24	4
24	6
24	10
24	12
24	22
24	23
24	34
25	5
25	17
25	19
25	31
25	32
25	36
25	46
26	18
26	21
26	27
26	44
26	51
26	52
26	77
27	20
27	21
27	26
27	35
27	44
27	51
27	52
27	73
28	51
28	72
28	73
28	77
28	78
28	79
28	80
28	81
29	1
29	9
29	13
29	38
29	39
29	41
29	45
29	64
30	48
30	57
30	59
30	60
30	61
30	62
30	65
30	74
31	3
31	5
31	11
31	19
31	25
31	32
31	36
31	46
32	3
32	11
32	17
32	19
32	25
32	31
32	36
32	46
33	37
33	42
33	47
33	50
33	54
33	55
33	58
33	64
34	4
34	6
34	10
34	12
34	22
34	23
34	24
34	62
35	7
35	18
35	20
35	21
35	27
35	44
35	51
35	52
36	3
36	5
36	19
36	25
36	31
36	32
36	46
36	76
37	33
37	49
37	50
37	54
37	55
37	58
37	64
37	81
38	1
38	9
38	16
38	29
38	39
38	41
38	45
38	69
39	9
39	13
39	16
39	29
39	38
39	41
39	45
39	80
40	45
40	47
40	56
40	57
40	60
40	61
40	62
40	65
41	1
41	9
41	13
41	16
41	29
41	38
41	39
41	45
41	72
42	15
42	33
42	49
42	50
42	54
42	55
42	58
42	64
42	68
43	14
43	47
43	48
43	56
43	57
43	59
43	61
43	62
43	65
44	7
44	18
44	20
44	26
44	27
44	35
44	51
44	52
44	67
45	1
45	9
45	13
45	16
45	29
45	38
45	39
45	40
45	41
46	3
46	5
46	11
46	17
46	19
46	25
46	31
46	32
46	36
46	50
47	33
47	40
47	43
47	48
47	56
47	57
47	59
47	61
47	62
47	65
48	30
48	43
48	47
48	56
48	57
48	59
48	60
48	62
48	65
48	77
49	14
49	15
49	37
49	42
49	50
49	54
49	55
49	58
49	64
49	70
50	2
50	15
50	33
50	37
50	42
50	46
50	49
50	54
50	55
50	58
50	64
51	7
51	18
51	20
51	21
51	26
51	27
51	28
51	35
51	44
51	52
51	60
52	6
52	7
52	18
52	20
52	21
52	26
52	27
52	35
52	44
52	51
52	65
53	61
53	63
53	68
53	69
53	70
53	71
53	77
53	78
53	79
53	80
53	81
54	2
54	14
54	33
54	37
54	42
54	49
54	50
54	55
54	58
54	64
54	66
55	2
55	14
55	33
55	37
55	42
55	49
55	50
55	54
55	58
55	64
55	80
56	40
56	43
56	47
56	48
56	57
56	59
56	60
56	61
56	62
56	65
56	71
57	30
57	40
57	43
57	47
57	48
57	56
57	59
57	60
57	62
57	65
57	72
58	1
58	2
58	15
58	33
58	37
58	42
58	49
58	50
58	54
58	55
58	64
59	3
59	8
59	30
59	43
59	47
59	48
59	56
59	57
59	60
59	61
59	62
59	65
60	8
60	30
60	40
60	48
60	51
60	56
60	57
60	59
60	61
60	62
60	65
60	79
61	8
61	30
61	40
61	43
61	47
61	53
61	56
61	59
61	60
61	62
61	65
61	74
62	8
62	30
62	34
62	40
62	43
62	47
62	48
62	56
62	57
62	59
62	60
62	61
62	65
63	22
63	53
63	68
63	69
63	70
63	72
63	73
63	75
63	76
63	78
63	79
63	80
63	81
64	2
64	8
64	14
64	15
64	29
64	33
64	37
64	42
64	49
64	50
64	54
64	55
64	58
65	8
65	30
65	40
65	43
65	47
65	48
65	52
65	56
65	57
65	59
65	60
65	61
65	62
65	79
66	2
66	54
66	67
66	68
66	70
66	72
66	73
66	74
66	75
66	76
66	77
66	78
66	79
66	80
66	81
67	44
67	66
67	68
67	69
67	70
67	72
67	73
67	74
67	75
67	76
67	77
67	78
67	79
67	80
67	81
68	21
68	42
68	53
68	63
68	66
68	67
68	71
68	74
68	75
68	76
68	77
68	78
68	79
68	80
68	81
69	38
69	53
69	63
69	67
69	70
69	71
69	73
69	74
69	75
69	76
69	77
69	78
69	79
69	80
69	81
70	49
70	53
70	63
70	66
70	67
70	69
70	71
70	74
70	75
70	76
70	77
70	78
70	79
70	80
70	81
71	53
71	56
71	68
71	69
71	70
71	72
71	73
71	74
71	75
71	76
71	77
71	78
71	79
71	80
71	81
72	28
72	41
72	57
72	63
72	66
72	67
72	71
72	73
72	75
72	76
72	77
72	78
72	79
72	80
72	81
73	27
73	28
73	63
73	66
73	67
73	69
73	71
73	72
73	74
73	75
73	76
73	77
73	78
73	79
73	80
73	81
74	30
74	61
74	66
74	67
74	68
74	69
74	70
74	71
74	73
74	75
74	76
74	77
74	78
74	79
74	80
74	81
75	7
75	63
75	66
75	67
75	68
75	69
75	70
75	71
75	72
75	73
75	74
75	76
75	77
75	78
75	79
75	80
75	81
76	36
76	63
76	66
76	67
76	68
76	69
76	70
76	71
76	72
76	73
76	74
76	75
76	77
76	78
76	79
76	80
76	81
77	26
77	28
77	48
77	53
77	66
77	67
77	68
77	69
77	70
77	71
77	72
77	73
77	74
77	75
77	76
77	78
77	79
77	80
77	81
78	16
78	28
78	53
78	63
78	66
78	67
78	68
78	69
78	70
78	71
78	72
78	73
78	74
78	75
78	76
78	77
78	79
78	80
78	81
79	28
79	53
79	60
79	63
79	65
79	66
79	67
79	68
79	69
79	70
79	71
79	72
79	73
79	74
79	75
79	76
79	77
79	78
79	80
79	81
80	28
80	39
80	53
80	55
80	63
80	66
80	67
80	68
80	69
80	70
80	71
80	72
80	73
80	74
80	75
80	76
80	77
80	78
80	79
80	81
81	11
81	28
81	37
81	53
81	63
81	66
81	67
81	68
81	69
81	70
81	71
81	72
81	73
81	74
81	75
81	76
81	77
81	78
81	79
81	80
