1	29
1	74
1	75
1	78
1	79
1	81
2	21
2	30
2	43
2	44
2	47
2	71
3	6
3	9
3	14
3	22
3	27
3	69
4	47
4	70
4	74
4	76
4	79
4	81
5	48
5	51
5	53
5	54
5	61
5	68
6	3
6	14
6	22
6	23
6	27
6	36
7	48
7	51
7	54
7	56
7	61
7	68
8	18
8	21
8	30
8	43
8	44
8	47
9	3
9	14
9	16
9	22
9	23
9	27
10	38
10	55
10	72
10	73
10	77
10	80
11	49
11	59
11	64
11	66
11	77
11	80
12	13
12	40
12	51
12	61
12	67
12	68
13	12
13	48
13	52
13	54
13	61
13	68
14	3
14	6
14	9
14	16
14	23
14	32
15	18
15	21
15	30
15	43
15	44
15	47
16	9
16	14
16	22
16	23
16	27
16	35
17	45
17	50
17	76
17	78
17	79
17	81
18	8
18	15
18	30
18	43
18	44
18	47
19	42
19	46
19	60
19	71
19	72
19	79
20	25
20	41
20	42
20	45
20	71
20	72
21	2
21	8
21	15
21	30
21	43
21	44
21	47
22	3
22	6
22	9
22	16
22	23
22	27
22	57
23	6
23	9
23	14
23	16
23	22
23	27
23	79
24	33
24	37
24	46
24	60
24	63
24	71
24	72
25	20
25	33
25	62
25	63
25	71
25	72
25	80
26	55
26	56
26	57
26	69
26	73
26	77
26	80
27	3
27	6
27	9
27	16
27	22
27	23
27	58
28	37
28	67
28	70
28	74
28	75
28	76
28	81
29	1
29	63
29	70
29	75
29	76
29	78
29	79
29	81
30	2
30	8
30	15
30	18
30	21
30	43
30	44
30	47
31	39
31	70
31	74
31	75
31	76
31	78
31	79
31	81
32	14
32	34
32	57
32	65
32	66
32	69
32	73
32	77
33	24
33	25
33	41
33	42
33	46
33	63
33	71
33	72
34	32
34	42
34	57
34	58
34	66
34	69
34	77
34	80
35	16
35	41
35	45
35	60
35	62
35	63
35	71
35	72
36	6
36	40
36	51
36	53
36	54
36	56
36	61
36	68
37	24
37	28
37	74
37	75
37	76
37	78
37	79
37	81
38	10
38	49
38	59
38	65
38	66
38	73
38	74
38	77
38	80
39	31
39	64
39	67
39	70
39	75
39	76
39	77
39	78
39	81
40	12
40	36
40	51
40	53
40	54
40	56
40	61
40	62
40	68
41	20
41	33
41	35
41	46
41	53
41	60
41	62
41	71
41	72
42	19
42	20
42	33
42	34
42	45
42	60
42	62
42	63
42	72
43	2
43	8
43	15
43	18
43	21
43	30
43	44
43	47
43	73
44	2
44	8
44	15
44	18
44	21
44	30
44	43
44	47
44	49
45	17
45	20
45	35
45	42
45	60
45	62
45	63
45	71
45	72
46	19
46	24
46	33
46	41
46	62
46	63
46	65
46	71
46	72
47	2
47	4
47	8
47	15
47	18
47	21
47	30
47	43
47	44
48	5
48	7
48	13
48	51
48	53
48	55
48	56
48	61
48	68
49	11
49	38
49	44
49	52
49	55
49	57
49	66
49	73
49	77
49	80
50	17
50	64
50	67
50	70
50	72
50	74
50	75
50	78
50	79
50	81
51	5
51	7
51	12
51	36
51	40
51	48
51	53
51	56
51	68
51	81
52	13
52	49
52	55
52	58
52	59
52	65
52	66
52	73
52	77
52	80
53	5
53	36
53	40
53	41
53	48
53	51
53	54
53	56
53	61
53	68
54	5
54	7
54	13
54	36
54	40
54	53
54	56
54	61
54	66
54	68
55	10
55	26
55	48
55	49
55	52
55	57
55	58
55	69
55	73
55	80
56	7
56	26
56	36
56	40
56	48
56	51
56	53
56	54
56	61
56	68
57	22
57	26
57	32
57	34
57	49
57	55
57	58
57	65
57	69
57	77
57	80
58	27
58	34
58	52
58	55
58	57
58	59
58	65
58	69
58	73
58	77
58	80
59	11
59	38
59	52
59	58
59	65
59	66
59	69
59	73
59	76
59	77
59	80
60	19
60	24
60	35
60	41
60	42
60	45
60	62
60	63
60	64
60	71
60	72
61	5
61	7
61	12
61	13
61	36
61	40
61	48
61	53
61	54
61	56
61	74
62	25
62	35
62	40
62	41
62	42
62	45
62	46
62	60
62	63
62	71
62	72
62	81
63	24
63	25
63	29
63	33
63	35
63	42
63	45
63	46
63	60
63	62
63	71
63	72
64	11
64	39
64	50
64	60
64	67
64	70
64	74
64	75
64	76
64	78
64	79
64	81
65	32
65	38
65	46
65	52
65	57
65	58
65	59
65	66
65	69
65	73
65	77
65	80
66	11
66	32
66	34
66	38
66	49
66	52
66	54
66	59
66	65
66	73
66	77
66	80
67	12
67	28
67	39
67	50
67	64
67	70
67	74
67	75
67	76
67	78
67	79
67	81
68	5
68	7
68	12
68	13
68	36
68	40
68	48
68	51
68	53
68	54
68	56
68	70
69	3
69	26
69	32
69	34
69	55
69	57
69	58
69	59
69	65
69	73
69	77
69	78
69	80
70	4
70	28
70	29
70	31
70	39
70	50
70	64
70	67
70	68
70	74
70	75
70	76
70	78
70	79
70	81
71	2
71	19
71	20
71	24
71	25
71	33
71	35
71	41
71	45
71	46
71	60
71	62
71	63
71	72
71	76
72	10
72	19
72	20
72	24
72	25
72	33
72	35
72	41
72	42
72	45
72	46
72	50
72	60
72	62
72	63
72	71
73	10
73	26
73	32
73	38
73	43
73	49
73	52
73	55
73	58
73	59
73	65
73	66
73	69
73	77
73	78
73	80
74	1
74	4
74	28
74	31
74	37
74	38
74	50
74	61
74	64
74	67
74	70
74	75
74	76
74	78
74	79
74	81
75	1
75	28
75	29
75	31
75	37
75	39
75	50
75	64
75	67
75	70
75	74
75	76
75	78
75	79
75	80
75	81
76	4
76	17
76	28
76	29
76	31
76	37
76	39
76	59
76	64
76	67
76	70
76	71
76	74
76	75
76	78
76	79
76	81
77	10
77	11
77	26
77	32
77	34
77	38
77	39
77	49
77	52
77	57
77	58
77	59
77	65
77	66
77	69
77	73
77	80
78	1
78	17
78	29
78	31
78	37
78	39
78	50
78	64
78	67
78	69
78	70
78	73
78	74
78	75
78	76
78	79
78	81
79	1
79	4
79	17
79	19
79	23
79	29
79	31
79	37
79	50
79	64
79	67
79	70
79	74
79	75
79	76
79	78
79	81
80	10
80	11
80	25
80	26
80	34
80	38
80	49
80	52
80	55
80	57
80	58
80	59
80	65
80	66
80	69
80	73
80	75
80	77
81	1
81	4
81	17
81	28
81	29
81	31
81	37
81	39
81	50
81	51
81	62
81	64
81	67
81	70
81	74
81	75
81	76
81	78
81	79
