1	20
1	29
1	32
1	34
1	39
1	67
2	36
2	44
2	46
2	54
2	58
2	73
3	13
3	20
3	29
3	32
3	34
3	39
4	49
4	55
4	62
4	63
4	69
4	70
5	18
5	19
5	31
5	33
5	41
5	42
6	18
6	19
6	31
6	41
6	42
6	45
7	52
7	56
7	60
7	61
7	65
7	66
8	15
8	20
8	29
8	32
8	34
8	39
9	51
9	63
9	64
9	69
9	70
9	81
10	16
10	36
10	37
10	47
10	54
10	79
11	16
11	53
11	60
11	61
11	65
11	66
12	31
12	33
12	41
12	42
12	43
12	45
13	3
13	20
13	32
13	34
13	39
13	60
14	43
14	53
14	56
14	61
14	65
14	66
15	8
15	28
15	52
15	56
15	60
15	65
15	66
16	10
16	11
16	35
16	44
16	46
16	47
16	58
17	26
17	32
17	36
17	44
17	47
17	54
17	58
18	5
18	6
18	19
18	24
18	42
18	45
18	67
19	5
19	6
19	18
19	24
19	41
19	45
19	71
20	1
20	3
20	8
20	13
20	34
20	39
20	59
21	62
21	72
21	75
21	76
21	79
21	80
21	81
22	50
22	57
22	62
22	64
22	69
22	70
22	79
23	55
23	57
23	62
23	63
23	64
23	69
23	70
24	18
24	19
24	31
24	33
24	41
24	42
24	45
25	51
25	55
25	62
25	63
25	64
25	69
25	70
26	17
26	35
26	37
26	46
26	54
26	58
26	80
27	50
27	57
27	62
27	63
27	64
27	69
27	70
28	15
28	43
28	52
28	60
28	61
28	65
28	66
29	1
29	3
29	8
29	32
29	34
29	39
29	66
30	52
30	53
30	56
30	60
30	61
30	65
30	66
30	77
31	5
31	6
31	12
31	24
31	33
31	41
31	42
31	45
32	1
32	3
32	8
32	13
32	17
32	29
32	34
32	39
33	5
33	12
33	24
33	31
33	41
33	42
33	45
33	63
34	1
34	3
34	8
34	13
34	20
34	29
34	32
34	39
34	68
35	16
35	26
35	36
35	37
35	46
35	47
35	50
35	54
35	58
36	2
36	10
36	17
36	35
36	44
36	46
36	47
36	54
36	58
37	10
37	26
37	35
37	44
37	46
37	47
37	48
37	54
37	58
38	68
38	72
38	73
38	74
38	77
38	78
38	79
38	80
38	81
39	1
39	3
39	8
39	13
39	20
39	29
39	32
39	34
39	72
40	61
40	73
40	74
40	76
40	77
40	78
40	79
40	80
40	81
41	5
41	6
41	12
41	19
41	24
41	31
41	33
41	42
41	45
41	78
42	5
42	6
42	12
42	18
42	24
42	31
42	33
42	41
42	45
42	47
43	12
43	14
43	28
43	52
43	53
43	56
43	60
43	61
43	65
43	66
44	2
44	16
44	17
44	36
44	37
44	46
44	47
44	51
44	54
44	58
45	6
45	12
45	18
45	19
45	24
45	31
45	33
45	41
45	42
45	56
46	2
46	16
46	26
46	35
46	36
46	37
46	44
46	47
46	54
46	58
46	61
47	10
47	16
47	17
47	35
47	36
47	37
47	42
47	44
47	46
47	54
47	58
48	37
48	64
48	71
48	73
48	75
48	76
48	77
48	78
48	79
48	80
48	81
49	4
49	67
49	71
49	74
49	75
49	76
49	77
49	78
49	79
49	80
49	81
50	22
50	27
50	35
50	51
50	55
50	57
50	62
50	63
50	64
50	69
50	70
51	9
51	25
51	44
51	50
51	55
51	57
51	62
51	63
51	64
51	69
51	70
52	7
52	15
52	28
52	30
52	43
52	53
52	56
52	60
52	61
52	65
52	66
53	11
53	14
53	30
53	43
53	52
53	56
53	60
53	61
53	65
53	66
53	76
54	2
54	10
54	17
54	26
54	35
54	36
54	37
54	44
54	46
54	47
54	58
54	76
55	4
55	23
55	25
55	50
55	51
55	57
55	62
55	63
55	64
55	69
55	70
55	77
56	7
56	14
56	15
56	30
56	43
56	45
56	52
56	53
56	60
56	61
56	65
56	66
57	22
57	23
57	27
57	50
57	51
57	55
57	62
57	63
57	64
57	69
57	70
57	75
58	2
58	16
58	17
58	26
58	35
58	36
58	37
58	44
58	46
58	47
58	54
58	80
58	81
59	20
59	67
59	68
59	71
59	72
59	73
59	74
59	75
59	77
59	78
59	79
59	80
59	81
60	7
60	11
60	13
60	15
60	28
60	30
60	43
60	52
60	53
60	56
60	61
60	65
60	66
61	7
61	11
61	14
61	28
61	30
61	40
61	43
61	46
61	52
61	53
61	56
61	60
61	65
61	66
62	4
62	21
62	22
62	23
62	25
62	27
62	50
62	51
62	55
62	57
62	63
62	64
62	69
62	70
63	4
63	9
63	23
63	25
63	27
63	33
63	50
63	51
63	55
63	57
63	62
63	64
63	69
63	70
64	9
64	22
64	23
64	25
64	27
64	48
64	50
64	51
64	55
64	57
64	62
64	63
64	69
64	70
65	7
65	11
65	14
65	15
65	28
65	30
65	43
65	52
65	53
65	56
65	60
65	61
65	66
65	78
66	7
66	11
66	14
66	15
66	28
66	29
66	30
66	43
66	52
66	53
66	56
66	60
66	61
66	65
66	74
67	1
67	18
67	49
67	59
67	68
67	71
67	72
67	74
67	75
67	76
67	77
67	78
67	79
67	80
67	81
68	34
68	38
68	59
68	67
68	71
68	72
68	73
68	74
68	75
68	76
68	77
68	78
68	79
68	80
68	81
69	4
69	9
69	22
69	23
69	25
69	27
69	50
69	51
69	55
69	57
69	62
69	63
69	64
69	70
69	74
70	4
70	9
70	22
70	23
70	25
70	27
70	50
70	51
70	55
70	57
70	62
70	63
70	64
70	69
70	73
70	75
71	19
71	48
71	49
71	59
71	67
71	68
71	72
71	73
71	74
71	75
71	76
71	77
71	78
71	79
71	80
71	81
72	21
72	38
72	39
72	59
72	67
72	68
72	71
72	73
72	74
72	75
72	76
72	77
72	78
72	79
72	80
72	81
73	2
73	38
73	40
73	48
73	59
73	68
73	70
73	71
73	72
73	74
73	75
73	76
73	77
73	78
73	79
73	80
73	81
74	38
74	40
74	49
74	59
74	66
74	67
74	68
74	69
74	71
74	72
74	73
74	75
74	76
74	77
74	78
74	79
74	80
74	81
75	21
75	48
75	49
75	57
75	59
75	67
75	68
75	70
75	71
75	72
75	73
75	74
75	76
75	77
75	78
75	79
75	80
75	81
76	21
76	40
76	48
76	49
76	53
76	54
76	67
76	68
76	71
76	72
76	73
76	74
76	75
76	77
76	78
76	79
76	80
76	81
77	30
77	38
77	40
77	48
77	49
77	55
77	59
77	67
77	68
77	71
77	72
77	73
77	74
77	75
77	76
77	78
77	79
77	80
77	81
78	38
78	40
78	41
78	48
78	49
78	59
78	65
78	67
78	68
78	71
78	72
78	73
78	74
78	75
78	76
78	77
78	79
78	80
78	81
79	10
79	21
79	22
79	38
79	40
79	48
79	49
79	59
79	67
79	68
79	71
79	72
79	73
79	74
79	75
79	76
79	77
79	78
79	80
79	81
80	21
80	26
80	38
80	40
80	48
80	49
80	58
80	59
80	67
80	68
80	71
80	72
80	73
80	74
80	75
80	76
80	77
80	78
80	79
80	81
81	9
81	21
81	38
81	40
81	48
81	49
81	58
81	59
81	67
81	68
81	71
81	72
81	73
81	74
81	75
81	76
81	77
81	78
81	79
81	80
