1	8
1	12
1	13
1	17
1	21
1	22
2	6
2	7
2	9
2	15
2	16
2	55
3	10
3	18
3	23
3	24
3	27
3	48
4	26
4	29
4	34
4	36
4	37
4	38
5	33
5	34
5	35
5	36
5	37
5	38
6	2
6	7
6	11
6	15
6	16
6	41
7	2
7	6
7	9
7	11
7	15
7	16
8	1
8	12
8	13
8	17
8	21
8	22
9	2
9	7
9	11
9	15
9	16
9	63
10	3
10	19
10	20
10	23
10	24
10	27
11	6
11	7
11	9
11	15
11	16
11	57
12	1
12	8
12	13
12	17
12	21
12	22
13	1
13	8
13	12
13	17
13	21
13	22
14	39
14	40
14	42
14	43
14	45
14	57
15	2
15	6
15	7
15	9
15	11
15	16
15	79
16	2
16	6
16	7
16	9
16	11
16	15
16	74
17	1
17	8
17	12
17	13
17	21
17	22
17	62
18	3
18	19
18	20
18	23
18	24
18	27
18	68
19	10
19	18
19	20
19	24
19	27
19	67
19	81
20	10
20	18
20	19
20	23
20	24
20	27
20	59
21	1
21	8
21	12
21	13
21	17
21	22
21	52
22	1
22	8
22	12
22	13
22	17
22	21
22	65
23	3
23	10
23	18
23	20
23	24
23	27
23	64
24	3
24	10
24	18
24	19
24	20
24	23
24	27
24	68
25	30
25	31
25	39
25	40
25	41
25	42
25	43
25	45
26	4
26	29
26	33
26	34
26	35
26	36
26	37
26	38
27	3
27	10
27	18
27	19
27	20
27	23
27	24
27	29
28	47
28	49
28	60
28	61
28	69
28	72
28	74
28	78
29	4
29	26
29	27
29	33
29	34
29	35
29	36
29	37
29	38
30	25
30	31
30	32
30	39
30	40
30	41
30	42
30	43
30	45
31	25
31	30
31	39
31	40
31	41
31	42
31	43
31	45
31	66
32	30
32	39
32	40
32	41
32	42
32	43
32	45
32	75
33	5
33	26
33	29
33	34
33	35
33	36
33	37
33	38
33	60
34	4
34	5
34	26
34	29
34	33
34	35
34	36
34	37
34	38
35	5
35	26
35	29
35	33
35	34
35	36
35	37
35	38
35	81
36	4
36	5
36	26
36	29
36	33
36	34
36	35
36	37
36	38
36	76
37	4
37	5
37	26
37	29
37	33
37	34
37	35
37	36
37	38
37	71
38	4
38	5
38	26
38	29
38	33
38	34
38	35
38	36
38	37
38	74
39	14
39	25
39	30
39	31
39	32
39	40
39	41
39	42
39	43
39	45
39	59
40	14
40	25
40	30
40	31
40	32
40	39
40	41
40	42
40	43
40	45
40	54
41	6
41	25
41	30
41	31
41	32
41	39
41	40
41	42
41	43
41	45
42	14
42	25
42	30
42	31
42	32
42	39
42	40
42	41
42	43
42	45
42	72
43	14
43	25
43	30
43	31
43	32
43	39
43	40
43	41
43	42
43	45
43	73
44	50
44	55
44	57
44	58
44	59
44	62
44	63
44	65
44	75
44	77
44	80
44	81
45	14
45	25
45	30
45	31
45	32
45	39
45	40
45	41
45	42
45	43
45	47
45	77
46	49
46	55
46	57
46	62
46	64
46	65
46	75
46	77
46	78
46	79
46	80
46	81
47	28
47	45
47	54
47	58
47	60
47	68
47	69
47	70
47	72
47	74
47	76
47	78
48	3
48	49
48	54
48	58
48	60
48	66
48	67
48	68
48	71
48	74
48	76
48	78
49	28
49	46
49	48
49	52
49	54
49	66
49	67
49	71
49	72
49	74
49	76
49	78
50	44
50	51
50	55
50	56
50	57
50	59
50	64
50	73
50	75
50	77
50	79
50	80
50	81
51	50
51	52
51	54
51	60
51	67
51	68
51	69
51	70
51	71
51	72
51	76
51	77
51	78
52	21
52	49
52	51
52	58
52	66
52	67
52	68
52	69
52	70
52	71
52	72
52	74
52	76
53	56
53	57
53	59
53	61
53	63
53	64
53	65
53	73
53	76
53	77
53	79
53	80
53	81
54	40
54	47
54	48
54	49
54	51
54	60
54	66
54	67
54	68
54	70
54	74
54	76
54	78
55	2
55	44
55	46
55	50
55	56
55	59
55	61
55	63
55	73
55	77
55	79
55	80
55	81
56	50
56	53
56	55
56	61
56	63
56	64
56	71
56	73
56	75
56	77
56	79
56	80
56	81
57	11
57	14
57	44
57	46
57	50
57	53
57	62
57	65
57	73
57	75
57	77
57	79
57	80
57	81
58	44
58	47
58	48
58	52
58	60
58	66
58	67
58	68
58	70
58	71
58	72
58	76
58	78
58	79
59	20
59	39
59	44
59	50
59	53
59	55
59	62
59	63
59	64
59	65
59	77
59	79
59	80
59	81
60	28
60	33
60	47
60	48
60	51
60	54
60	58
60	66
60	67
60	68
60	69
60	72
60	74
60	78
61	28
61	53
61	55
61	56
61	62
61	63
61	64
61	65
61	73
61	75
61	77
61	79
61	80
61	81
62	17
62	44
62	46
62	57
62	59
62	61
62	63
62	64
62	65
62	73
62	75
62	79
62	80
62	81
63	9
63	44
63	53
63	55
63	56
63	59
63	61
63	62
63	64
63	73
63	75
63	79
63	80
63	81
64	23
64	46
64	50
64	53
64	56
64	59
64	61
64	62
64	63
64	65
64	73
64	75
64	77
64	80
64	81
65	22
65	44
65	46
65	53
65	57
65	59
65	61
65	62
65	64
65	69
65	75
65	77
65	79
65	80
65	81
66	31
66	48
66	49
66	52
66	54
66	58
66	60
66	69
66	70
66	71
66	72
66	74
66	76
66	78
66	80
67	19
67	48
67	49
67	51
67	52
67	54
67	58
67	60
67	69
67	70
67	71
67	74
67	76
67	78
67	80
68	18
68	24
68	47
68	48
68	51
68	52
68	54
68	58
68	60
68	69
68	70
68	71
68	72
68	74
68	76
69	28
69	47
69	51
69	52
69	60
69	65
69	66
69	67
69	68
69	70
69	71
69	72
69	74
69	76
69	78
70	47
70	51
70	52
70	54
70	58
70	66
70	67
70	68
70	69
70	71
70	72
70	73
70	74
70	76
70	78
71	37
71	48
71	49
71	51
71	52
71	56
71	58
71	66
71	67
71	68
71	69
71	70
71	72
71	74
71	76
71	78
72	28
72	42
72	47
72	49
72	51
72	52
72	58
72	60
72	66
72	68
72	69
72	70
72	71
72	74
72	76
72	78
73	43
73	50
73	53
73	55
73	56
73	57
73	61
73	62
73	63
73	64
73	70
73	75
73	77
73	79
73	80
73	81
74	16
74	28
74	38
74	47
74	48
74	49
74	52
74	54
74	60
74	66
74	67
74	68
74	69
74	70
74	71
74	72
74	78
75	32
75	44
75	46
75	50
75	56
75	57
75	61
75	62
75	63
75	64
75	65
75	73
75	77
75	78
75	79
75	80
75	81
76	36
76	47
76	48
76	49
76	51
76	52
76	53
76	54
76	58
76	66
76	67
76	68
76	69
76	70
76	71
76	72
76	78
77	44
77	45
77	46
77	50
77	51
77	53
77	55
77	56
77	57
77	59
77	61
77	64
77	65
77	73
77	75
77	79
77	80
77	81
78	28
78	46
78	47
78	48
78	49
78	51
78	54
78	58
78	60
78	66
78	67
78	69
78	70
78	71
78	72
78	74
78	75
78	76
79	15
79	46
79	50
79	53
79	55
79	56
79	57
79	58
79	59
79	61
79	62
79	63
79	65
79	73
79	75
79	77
79	80
79	81
80	44
80	46
80	50
80	53
80	55
80	56
80	57
80	59
80	61
80	62
80	63
80	64
80	65
80	66
80	67
80	73
80	75
80	77
80	79
80	81
81	19
81	35
81	44
81	46
81	50
81	53
81	55
81	56
81	57
81	59
81	61
81	62
81	63
81	64
81	65
81	73
81	75
81	77
81	79
81	80
