1	9
1	16
1	37
1	41
1	45
1	56
2	61
2	70
2	74
2	75
2	79
2	80
3	12
3	13
3	22
3	27
3	30
3	45
4	25
4	33
4	44
4	47
4	48
4	68
5	25
5	33
5	35
5	42
5	47
5	48
6	14
6	21
6	33
6	44
6	47
6	48
7	26
7	37
7	41
7	43
7	56
7	81
8	12
8	13
8	22
8	27
8	30
8	80
9	1
9	40
9	43
9	45
9	56
9	80
10	60
10	71
10	72
10	76
10	78
10	81
11	12
11	13
11	22
11	27
11	30
11	61
12	3
12	8
12	11
12	13
12	22
12	27
12	30
13	3
13	8
13	11
13	12
13	27
13	30
13	67
14	6
14	25
14	34
14	35
14	44
14	47
14	48
15	28
15	42
15	49
15	52
15	54
15	57
15	59
16	1
16	26
16	40
16	41
16	43
16	45
16	56
17	23
17	28
17	36
17	49
17	51
17	52
17	59
18	60
18	69
18	70
18	76
18	77
18	78
18	81
19	63
19	65
19	66
19	71
19	74
19	75
19	80
20	55
20	62
20	67
20	76
20	77
20	78
20	81
21	6
21	25
21	33
21	35
21	44
21	47
21	48
22	3
22	8
22	11
22	12
22	27
22	30
22	73
23	17
23	36
23	46
23	49
23	52
23	57
23	59
23	77
24	28
24	39
24	46
24	49
24	52
24	57
24	59
24	62
25	4
25	5
25	14
25	21
25	35
25	44
25	47
25	48
26	7
26	16
26	37
26	40
26	41
26	43
26	45
26	56
27	3
27	8
27	11
27	12
27	13
27	22
27	30
27	56
28	15
28	17
28	24
28	36
28	39
28	46
28	52
28	57
29	60
29	69
29	71
29	72
29	74
29	77
29	78
29	81
30	3
30	8
30	11
30	12
30	13
30	22
30	27
30	50
31	40
31	64
31	67
31	69
31	71
31	76
31	78
31	81
32	51
32	61
32	68
32	70
32	73
32	74
32	79
32	80
33	4
33	5
33	6
33	21
33	35
33	44
33	47
33	48
33	67
34	14
34	38
34	57
34	68
34	70
34	73
34	75
34	79
34	80
35	5
35	14
35	21
35	25
35	33
35	44
35	47
35	48
35	67
36	17
36	23
36	28
36	39
36	42
36	52
36	57
36	59
36	69
37	1
37	7
37	26
37	40
37	41
37	43
37	45
37	56
37	65
38	34
38	55
38	61
38	66
38	68
38	73
38	74
38	75
38	79
39	24
39	28
39	36
39	42
39	46
39	49
39	57
39	59
39	71
40	9
40	16
40	26
40	31
40	37
40	41
40	43
40	45
40	56
41	1
41	7
41	16
41	26
41	37
41	40
41	43
41	45
41	56
42	5
42	15
42	36
42	39
42	46
42	49
42	52
42	57
42	59
43	7
43	9
43	16
43	26
43	37
43	40
43	41
43	45
43	56
43	78
44	4
44	6
44	14
44	21
44	25
44	33
44	35
44	47
44	48
44	77
45	1
45	3
45	9
45	16
45	26
45	37
45	40
45	41
45	43
45	56
46	23
46	24
46	28
46	39
46	42
46	49
46	52
46	57
46	59
46	66
47	4
47	5
47	6
47	14
47	21
47	25
47	33
47	35
47	44
47	48
47	75
48	4
48	5
48	6
48	14
48	21
48	25
48	33
48	35
48	44
48	47
48	64
49	15
49	17
49	23
49	24
49	39
49	42
49	46
49	52
49	57
49	59
49	70
50	30
50	53
50	55
50	62
50	64
50	67
50	69
50	72
50	76
50	77
50	81
51	17
51	32
51	54
51	63
51	66
51	68
51	70
51	74
51	75
51	79
51	80
52	15
52	17
52	23
52	24
52	28
52	36
52	42
52	46
52	49
52	57
52	59
53	50
53	55
53	62
53	64
53	65
53	69
53	71
53	72
53	76
53	77
53	78
53	81
54	15
54	51
54	58
54	63
54	65
54	66
54	68
54	73
54	74
54	75
54	79
54	80
55	20
55	38
55	50
55	53
55	62
55	64
55	69
55	71
55	72
55	77
55	78
55	81
56	1
56	7
56	9
56	16
56	26
56	27
56	37
56	40
56	41
56	43
56	45
56	81
57	15
57	23
57	24
57	28
57	34
57	36
57	39
57	42
57	46
57	49
57	52
57	59
58	54
58	63
58	65
58	66
58	68
58	70
58	72
58	73
58	74
58	75
58	76
58	79
58	80
59	15
59	17
59	23
59	24
59	36
59	39
59	42
59	46
59	49
59	52
59	57
59	60
59	76
60	10
60	18
60	29
60	59
60	64
60	67
60	69
60	71
60	72
60	73
60	76
60	77
60	78
60	81
61	2
61	11
61	32
61	38
61	63
61	65
61	66
61	68
61	70
61	73
61	74
61	75
61	79
61	80
62	20
62	24
62	50
62	53
62	55
62	64
62	67
62	69
62	71
62	72
62	76
62	77
62	78
62	81
63	19
63	51
63	54
63	58
63	61
63	65
63	66
63	68
63	69
63	70
63	73
63	74
63	75
63	79
63	80
64	31
64	48
64	50
64	53
64	55
64	60
64	62
64	67
64	71
64	72
64	76
64	77
64	78
64	79
64	81
65	19
65	37
65	53
65	54
65	58
65	61
65	63
65	66
65	68
65	70
65	73
65	74
65	75
65	79
65	80
66	19
66	38
66	46
66	51
66	54
66	58
66	61
66	63
66	65
66	70
66	73
66	74
66	75
66	78
66	79
66	80
67	13
67	20
67	31
67	33
67	35
67	50
67	60
67	62
67	64
67	69
67	71
67	72
67	76
67	77
67	78
67	81
68	4
68	32
68	34
68	38
68	51
68	54
68	58
68	61
68	63
68	65
68	70
68	73
68	74
68	75
68	79
68	80
69	18
69	29
69	31
69	36
69	50
69	53
69	55
69	60
69	62
69	63
69	67
69	71
69	72
69	76
69	77
69	78
69	81
70	2
70	18
70	32
70	34
70	49
70	51
70	58
70	61
70	63
70	65
70	66
70	68
70	73
70	74
70	75
70	79
70	80
71	10
71	19
71	29
71	31
71	39
71	53
71	55
71	60
71	62
71	64
71	67
71	69
71	72
71	76
71	77
71	78
71	81
72	10
72	29
72	50
72	53
72	55
72	58
72	60
72	62
72	64
72	67
72	69
72	71
72	76
72	77
72	78
72	79
72	81
73	22
73	32
73	34
73	38
73	54
73	58
73	60
73	61
73	63
73	65
73	66
73	68
73	70
73	74
73	75
73	79
73	80
74	2
74	19
74	29
74	32
74	38
74	51
74	54
74	58
74	61
74	63
74	65
74	66
74	68
74	70
74	73
74	75
74	79
74	80
75	2
75	19
75	34
75	38
75	47
75	51
75	54
75	58
75	61
75	63
75	65
75	66
75	68
75	70
75	73
75	74
75	79
75	80
76	10
76	18
76	20
76	31
76	50
76	53
76	58
76	59
76	60
76	62
76	64
76	67
76	69
76	71
76	72
76	77
76	78
76	81
77	18
77	20
77	23
77	29
77	44
77	50
77	53
77	55
77	60
77	62
77	64
77	67
77	69
77	71
77	72
77	76
77	78
77	81
78	10
78	18
78	20
78	29
78	31
78	43
78	53
78	55
78	60
78	62
78	64
78	66
78	67
78	69
78	71
78	72
78	76
78	77
78	81
79	2
79	32
79	34
79	38
79	51
79	54
79	58
79	61
79	63
79	64
79	65
79	66
79	68
79	70
79	72
79	73
79	74
79	75
79	80
80	2
80	8
80	9
80	19
80	32
80	34
80	51
80	54
80	58
80	61
80	63
80	65
80	66
80	68
80	70
80	73
80	74
80	75
80	79
81	7
81	10
81	18
81	20
81	29
81	31
81	50
81	53
81	55
81	56
81	60
81	62
81	64
81	67
81	69
81	71
81	72
81	76
81	77
81	78
