1	40
1	52
1	56
1	65
1	77
1	79
2	4
2	56
2	64
2	78
2	80
2	81
3	28
3	62
3	67
3	68
3	71
3	74
4	2
4	58
4	76
4	78
4	80
4	81
5	15
5	37
5	39
5	43
5	50
5	59
6	12
6	44
6	72
6	78
6	80
6	81
7	51
7	56
7	65
7	73
7	77
7	79
8	44
8	72
8	76
8	78
8	80
8	81
9	43
9	63
9	65
9	73
9	77
9	79
10	20
10	61
10	62
10	68
10	74
10	75
11	53
11	64
11	76
11	78
11	80
11	81
12	6
12	30
12	46
12	54
12	66
12	70
13	44
13	64
13	72
13	76
13	80
13	81
14	22
14	26
14	64
14	78
14	80
14	81
15	5
15	17
15	37
15	41
15	50
15	59
16	28
16	29
16	50
16	67
16	68
16	75
17	15
17	24
17	47
17	50
17	59
17	75
18	19
18	27
18	73
18	76
18	77
18	79
19	18
19	51
19	63
19	65
19	77
19	79
20	10
20	25
20	29
20	49
20	62
20	67
20	75
21	55
21	58
21	60
21	69
21	70
21	71
21	74
22	14
22	44
22	64
22	72
22	76
22	78
22	81
23	31
23	40
23	51
23	61
23	63
23	73
23	79
24	17
24	26
24	37
24	47
24	50
24	59
24	79
25	20
25	53
25	72
25	76
25	78
25	80
25	81
26	14
26	24
26	41
26	43
26	47
26	50
26	59
27	18
27	37
27	51
27	57
27	61
27	77
27	79
28	3
28	16
28	34
28	39
28	49
28	74
28	75
29	16
29	20
29	33
29	49
29	67
29	74
29	75
30	12
30	46
30	48
30	55
30	60
30	66
30	69
31	23
31	44
31	72
31	76
31	78
31	80
31	81
32	34
32	45
32	48
32	62
32	67
32	68
32	74
33	29
33	39
33	45
33	49
33	62
33	68
33	75
34	28
34	32
34	62
34	67
34	68
34	74
34	75
35	46
35	58
35	60
35	68
35	69
35	70
35	71
36	47
36	53
36	72
36	76
36	78
36	80
36	81
37	5
37	15
37	24
37	27
37	41
37	43
37	47
37	59
38	56
38	57
38	61
38	63
38	65
38	73
38	77
38	79
39	5
39	28
39	33
39	45
39	49
39	67
39	74
39	75
40	1
40	23
40	61
40	63
40	65
40	67
40	73
40	79
41	15
41	26
41	37
41	43
41	47
41	50
41	59
41	78
42	46
42	55
42	58
42	60
42	66
42	69
42	70
42	71
43	5
43	9
43	26
43	37
43	41
43	47
43	50
43	59
44	6
44	8
44	13
44	22
44	31
44	62
44	78
44	80
44	81
45	32
45	33
45	39
45	62
45	67
45	68
45	69
45	74
45	75
46	12
46	30
46	35
46	42
46	54
46	66
46	69
46	71
46	76
47	17
47	24
47	26
47	36
47	37
47	41
47	43
47	50
47	59
48	30
48	32
48	54
48	58
48	60
48	66
48	69
48	70
48	71
49	20
49	28
49	29
49	33
49	39
49	67
49	68
49	74
49	75
50	5
50	15
50	16
50	17
50	24
50	26
50	41
50	43
50	47
50	59
51	7
51	19
51	23
51	27
51	57
51	63
51	73
51	75
51	77
51	79
52	1
52	54
52	56
52	57
52	61
52	63
52	65
52	73
52	77
52	79
53	11
53	25
53	36
53	57
53	64
53	72
53	76
53	78
53	80
53	81
54	12
54	46
54	48
54	52
54	55
54	60
54	66
54	69
54	70
54	71
55	21
55	30
55	42
55	54
55	58
55	64
55	66
55	69
55	70
55	71
56	1
56	2
56	7
56	38
56	52
56	57
56	61
56	63
56	77
56	79
57	27
57	38
57	51
57	52
57	53
57	56
57	65
57	73
57	77
57	79
57	80
58	4
58	21
58	35
58	42
58	48
58	55
58	60
58	66
58	69
58	70
58	71
59	5
59	15
59	17
59	24
59	26
59	37
59	41
59	43
59	47
59	50
59	70
60	21
60	30
60	35
60	42
60	48
60	54
60	58
60	66
60	69
60	70
60	71
60	73
61	10
61	23
61	27
61	38
61	40
61	52
61	56
61	63
61	65
61	73
61	77
61	79
62	3
62	10
62	20
62	32
62	33
62	34
62	44
62	45
62	67
62	68
62	74
62	75
63	9
63	19
63	23
63	38
63	40
63	51
63	52
63	56
63	61
63	77
63	78
63	79
64	2
64	11
64	13
64	14
64	22
64	53
64	55
64	72
64	76
64	78
64	80
64	81
65	1
65	7
65	9
65	19
65	38
65	40
65	52
65	57
65	61
65	73
65	77
65	79
65	81
66	12
66	30
66	42
66	46
66	48
66	54
66	55
66	58
66	60
66	69
66	70
66	71
66	72
67	3
67	16
67	20
67	29
67	32
67	34
67	39
67	40
67	45
67	49
67	62
67	68
67	74
68	3
68	10
68	16
68	32
68	33
68	34
68	35
68	45
68	49
68	62
68	67
68	74
68	75
68	77
69	21
69	30
69	35
69	42
69	45
69	46
69	48
69	54
69	55
69	58
69	60
69	66
69	70
69	71
70	12
70	21
70	35
70	42
70	48
70	54
70	55
70	58
70	59
70	60
70	66
70	69
70	71
70	81
71	3
71	21
71	35
71	42
71	46
71	48
71	54
71	55
71	58
71	60
71	66
71	69
71	70
71	80
72	6
72	8
72	13
72	22
72	25
72	31
72	36
72	53
72	64
72	66
72	76
72	77
72	78
72	80
72	81
73	7
73	9
73	18
73	23
73	38
73	40
73	51
73	52
73	57
73	60
73	61
73	65
73	74
73	77
73	79
74	3
74	10
74	21
74	28
74	29
74	32
74	34
74	39
74	45
74	49
74	62
74	67
74	68
74	73
74	75
75	10
75	16
75	17
75	20
75	28
75	29
75	33
75	34
75	39
75	45
75	49
75	51
75	62
75	68
75	74
76	4
76	8
76	11
76	13
76	18
76	22
76	25
76	31
76	36
76	46
76	53
76	64
76	72
76	78
76	80
76	81
77	1
77	7
77	9
77	18
77	19
77	27
77	38
77	51
77	52
77	56
77	57
77	61
77	63
77	65
77	68
77	72
77	73
77	79
78	2
78	4
78	6
78	8
78	11
78	14
78	22
78	25
78	31
78	36
78	41
78	44
78	53
78	63
78	64
78	72
78	76
78	80
78	81
79	1
79	7
79	9
79	18
79	19
79	23
79	24
79	27
79	38
79	40
79	51
79	52
79	56
79	57
79	61
79	63
79	65
79	73
79	77
80	2
80	4
80	6
80	8
80	11
80	13
80	14
80	25
80	31
80	36
80	44
80	53
80	57
80	64
80	71
80	72
80	76
80	78
80	81
81	2
81	4
81	6
81	8
81	11
81	13
81	14
81	22
81	25
81	31
81	36
81	44
81	53
81	64
81	65
81	70
81	72
81	76
81	78
81	80
