1	59
1	62
1	68
1	71
1	72
1	78
2	11
2	50
2	51
2	65
2	78
2	80
3	44
3	56
3	61
3	66
3	71
3	78
4	34
4	41
4	65
4	67
4	74
4	79
5	12
5	39
5	65
5	72
5	78
5	80
6	21
6	24
6	32
6	35
6	41
6	60
7	8
7	34
7	62
7	68
7	78
7	80
8	7
8	29
8	46
8	68
8	78
8	80
9	14
9	22
9	26
9	27
9	46
9	68
10	14
10	22
10	26
10	27
10	46
10	49
11	2
11	17
11	20
11	23
11	78
11	80
12	5
12	52
12	75
12	76
12	77
12	81
13	15
13	36
13	55
13	67
13	73
13	74
14	9
14	10
14	18
14	26
14	27
14	46
15	13
15	20
15	47
15	69
15	76
15	81
16	31
16	45
16	56
16	66
16	71
16	77
17	11
17	42
17	50
17	78
17	80
17	81
18	14
18	22
18	26
18	27
18	46
18	70
19	33
19	37
19	40
19	45
19	56
19	61
20	11
20	15
20	64
20	75
20	76
20	81
21	6
21	36
21	48
21	60
21	74
21	79
22	9
22	10
22	18
22	26
22	27
22	46
23	11
23	58
23	62
23	65
23	68
23	72
24	6
24	28
24	49
24	67
24	73
24	74
24	79
25	37
25	45
25	51
25	53
25	63
25	70
25	71
26	9
26	10
26	14
26	18
26	22
26	27
26	46
27	9
27	10
27	14
27	18
27	22
27	26
27	46
28	24
28	32
28	49
28	54
28	67
28	73
28	79
29	8
29	58
29	62
29	68
29	72
29	80
29	81
30	35
30	43
30	63
30	75
30	76
30	77
30	81
31	16
31	45
31	56
31	58
31	61
31	70
31	71
32	6
32	28
32	36
32	41
32	54
32	73
32	79
33	19
33	40
33	51
33	53
33	66
33	70
33	71
34	4
34	7
34	49
34	55
34	60
34	73
34	74
35	6
35	30
35	43
35	47
35	52
35	76
35	77
36	13
36	21
36	32
36	54
36	67
36	74
36	79
37	19
37	25
37	45
37	53
37	66
37	70
37	79
38	47
38	57
38	63
38	64
38	69
38	76
38	77
38	81
39	5
39	43
39	58
39	59
39	68
39	72
39	78
39	80
40	19
40	33
40	51
40	56
40	61
40	64
40	70
40	71
41	4
41	6
41	32
41	54
41	55
41	73
41	77
41	79
42	17
42	58
42	59
42	68
42	69
42	72
42	78
42	80
43	30
43	35
43	39
43	69
43	75
43	76
43	77
43	81
44	3
44	45
44	51
44	53
44	61
44	70
44	71
44	75
45	16
45	19
45	25
45	31
45	37
45	44
45	66
45	70
46	8
46	9
46	10
46	14
46	18
46	22
46	26
46	27
47	15
47	35
47	38
47	57
47	60
47	63
47	75
47	77
47	81
48	21
48	57
48	63
48	64
48	69
48	75
48	76
48	77
48	81
49	10
49	24
49	28
49	34
49	60
49	67
49	73
49	74
49	79
50	2
50	17
50	58
50	62
50	65
50	72
50	73
50	78
50	80
51	2
51	25
51	33
51	40
51	44
51	53
51	56
51	66
51	70
52	12
52	35
52	63
52	64
52	69
52	76
52	77
52	79
52	81
53	25
53	33
53	37
53	44
53	51
53	61
53	66
53	70
53	71
53	74
54	28
54	32
54	36
54	41
54	55
54	60
54	71
54	73
54	74
54	79
55	13
55	34
55	41
55	54
55	59
55	60
55	67
55	73
55	74
55	79
56	3
56	16
56	19
56	31
56	40
56	51
56	61
56	66
56	71
56	80
57	38
57	47
57	48
57	64
57	69
57	72
57	75
57	76
57	77
57	81
58	23
58	29
58	31
58	39
58	42
58	50
58	59
58	65
58	68
58	80
59	1
59	39
59	42
59	55
59	58
59	62
59	65
59	72
59	78
59	80
60	6
60	21
60	34
60	47
60	49
60	54
60	55
60	67
60	73
60	74
60	79
61	3
61	19
61	31
61	40
61	44
61	53
61	56
61	66
61	70
61	71
61	76
62	1
62	7
62	23
62	29
62	50
62	59
62	65
62	72
62	78
62	79
62	80
63	25
63	30
63	38
63	47
63	48
63	52
63	64
63	69
63	75
63	77
63	81
64	20
64	38
64	40
64	48
64	52
64	57
64	63
64	69
64	75
64	76
64	81
65	2
65	4
65	5
65	23
65	50
65	58
65	59
65	62
65	72
65	78
65	80
66	3
66	16
66	33
66	37
66	45
66	51
66	53
66	56
66	61
66	67
66	68
66	70
67	4
67	13
67	24
67	28
67	36
67	49
67	55
67	60
67	66
67	73
67	74
67	79
68	1
68	7
68	8
68	9
68	23
68	29
68	39
68	42
68	58
68	66
68	78
68	80
69	15
69	38
69	42
69	43
69	48
69	52
69	57
69	63
69	64
69	75
69	77
69	81
70	18
70	25
70	31
70	33
70	37
70	40
70	44
70	45
70	51
70	53
70	61
70	66
70	71
71	1
71	3
71	16
71	25
71	31
71	33
71	40
71	44
71	53
71	54
71	56
71	61
71	70
72	1
72	5
72	23
72	29
72	39
72	42
72	50
72	57
72	59
72	62
72	65
72	75
72	78
72	80
73	13
73	24
73	28
73	32
73	34
73	41
73	49
73	50
73	54
73	55
73	60
73	67
73	74
73	79
74	4
74	13
74	21
74	24
74	34
74	36
74	49
74	53
74	54
74	55
74	60
74	67
74	73
74	76
74	79
75	12
75	20
75	30
75	43
75	44
75	47
75	48
75	57
75	63
75	64
75	69
75	72
75	76
75	77
75	81
76	12
76	15
76	20
76	30
76	35
76	38
76	43
76	48
76	52
76	57
76	61
76	64
76	74
76	75
76	77
76	81
77	12
77	16
77	30
77	35
77	38
77	41
77	43
77	47
77	48
77	52
77	57
77	63
77	69
77	75
77	76
77	81
78	1
78	2
78	3
78	5
78	7
78	8
78	11
78	17
78	39
78	42
78	50
78	59
78	62
78	65
78	68
78	72
78	80
79	4
79	21
79	24
79	28
79	32
79	36
79	37
79	41
79	49
79	52
79	54
79	55
79	60
79	62
79	67
79	73
79	74
80	2
80	5
80	7
80	8
80	11
80	17
80	29
80	39
80	42
80	50
80	56
80	58
80	59
80	62
80	65
80	68
80	72
80	78
81	12
81	15
81	17
81	20
81	29
81	30
81	38
81	43
81	47
81	48
81	52
81	57
81	63
81	64
81	69
81	75
81	76
81	77
