1	4
1	8
1	19
1	31
1	34
1	46
2	17
2	24
2	48
2	57
2	65
2	81
3	6
3	25
3	39
3	63
3	64
3	68
4	1
4	8
4	19
4	31
4	46
4	79
5	69
5	73
5	76
5	77
5	79
5	80
6	3
6	29
6	49
6	61
6	63
6	68
7	14
7	27
7	29
7	35
7	49
7	68
8	1
8	4
8	22
8	31
8	34
8	46
9	70
9	74
9	76
9	77
9	79
9	80
10	71
10	74
10	76
10	77
10	79
10	80
11	21
11	42
11	43
11	55
11	56
11	58
12	13
12	32
12	45
12	50
12	52
12	65
13	12
13	32
13	41
13	45
13	57
13	65
14	7
14	25
14	35
14	49
14	63
14	68
15	52
15	74
15	76
15	77
15	79
15	80
16	67
16	72
16	73
16	75
16	78
16	81
17	2
17	48
17	52
17	54
17	57
17	65
18	70
18	74
18	76
18	77
18	79
18	80
19	1
19	4
19	22
19	31
19	34
19	46
20	59
20	73
20	75
20	77
20	78
20	81
21	11
21	42
21	51
21	55
21	56
21	58
22	8
22	19
22	31
22	34
22	46
22	80
23	46
23	67
23	71
23	72
23	78
23	81
24	2
24	25
24	32
24	41
24	45
24	50
24	65
25	3
25	14
25	24
25	35
25	39
25	63
25	68
26	36
26	42
26	43
26	51
26	55
26	56
26	58
27	7
27	39
27	44
27	49
27	58
27	63
27	68
28	33
28	70
28	74
28	76
28	77
28	79
28	80
29	6
29	7
29	35
29	44
29	63
29	66
29	68
30	37
30	64
30	66
30	72
30	73
30	78
30	81
31	1
31	4
31	8
31	19
31	22
31	34
31	46
32	12
32	13
32	24
32	41
32	45
32	52
32	65
33	28
33	54
33	66
33	71
33	72
33	78
33	81
34	1
34	8
34	19
34	22
34	31
34	44
34	46
35	7
35	14
35	25
35	29
35	44
35	63
35	68
36	26
36	42
36	43
36	51
36	55
36	56
36	58
37	30
37	70
37	74
37	76
37	77
37	79
37	80
38	48
38	70
38	74
38	76
38	77
38	79
38	80
39	3
39	25
39	27
39	49
39	55
39	63
39	68
40	59
40	69
40	70
40	76
40	77
40	79
40	80
41	13
41	24
41	32
41	48
41	50
41	57
41	65
42	11
42	21
42	26
42	36
42	51
42	55
42	56
42	58
43	11
43	26
43	36
43	51
43	55
43	56
43	58
43	73
44	27
44	29
44	34
44	35
44	49
44	63
44	68
44	79
45	12
45	13
45	24
45	32
45	50
45	52
45	57
45	65
46	1
46	4
46	8
46	19
46	22
46	23
46	31
46	34
47	53
47	67
47	71
47	72
47	73
47	75
47	78
47	81
48	2
48	17
48	38
48	41
48	50
48	52
48	57
48	65
49	6
49	7
49	14
49	27
49	39
49	44
49	63
49	65
49	68
50	12
50	24
50	41
50	45
50	48
50	52
50	57
50	65
50	74
51	21
51	26
51	36
51	42
51	43
51	55
51	56
51	58
51	68
52	12
52	15
52	17
52	32
52	45
52	48
52	50
52	57
52	65
53	47
53	62
53	67
53	69
53	71
53	72
53	75
53	78
53	81
54	17
54	33
54	67
54	71
54	72
54	73
54	75
54	78
54	81
55	11
55	21
55	26
55	36
55	39
55	42
55	43
55	51
55	56
55	58
56	11
56	21
56	26
56	36
56	42
56	43
56	51
56	55
56	58
56	72
57	2
57	13
57	17
57	41
57	45
57	48
57	50
57	52
57	60
57	65
58	11
58	21
58	26
58	27
58	36
58	42
58	43
58	51
58	55
58	56
59	20
59	40
59	62
59	64
59	66
59	71
59	73
59	75
59	78
59	81
60	57
60	61
60	69
60	70
60	74
60	76
60	77
60	79
60	80
61	6
61	60
61	69
61	70
61	74
61	76
61	77
61	79
61	80
62	53
62	59
62	64
62	66
62	67
62	71
62	73
62	75
62	77
62	78
62	81
63	3
63	6
63	14
63	25
63	27
63	29
63	35
63	39
63	44
63	49
63	68
63	76
64	3
64	30
64	59
64	62
64	66
64	67
64	71
64	72
64	73
64	75
64	78
64	81
65	2
65	12
65	13
65	17
65	24
65	32
65	41
65	45
65	48
65	49
65	50
65	52
65	57
66	29
66	30
66	33
66	59
66	62
66	64
66	67
66	71
66	72
66	73
66	75
66	78
66	81
67	16
67	23
67	47
67	53
67	54
67	62
67	64
67	66
67	70
67	71
67	72
67	75
67	78
67	81
68	3
68	6
68	7
68	14
68	25
68	27
68	29
68	35
68	39
68	44
68	49
68	51
68	63
68	74
69	5
69	40
69	53
69	60
69	61
69	70
69	74
69	75
69	76
69	77
69	79
69	80
70	9
70	18
70	28
70	37
70	38
70	40
70	60
70	61
70	67
70	69
70	74
70	75
70	76
70	77
70	79
70	80
71	10
71	23
71	33
71	47
71	53
71	54
71	59
71	62
71	64
71	66
71	67
71	72
71	73
71	75
71	78
71	81
72	16
72	23
72	30
72	33
72	47
72	53
72	54
72	56
72	64
72	66
72	67
72	71
72	73
72	75
72	78
72	81
73	5
73	16
73	20
73	30
73	43
73	47
73	54
73	59
73	62
73	64
73	66
73	71
73	72
73	75
73	78
73	81
74	9
74	10
74	15
74	18
74	28
74	37
74	38
74	50
74	60
74	61
74	68
74	69
74	70
74	76
74	77
74	79
74	80
75	16
75	20
75	47
75	53
75	54
75	59
75	62
75	64
75	66
75	67
75	69
75	70
75	71
75	72
75	73
75	78
75	81
76	5
76	9
76	10
76	15
76	18
76	28
76	37
76	38
76	40
76	60
76	61
76	63
76	69
76	70
76	74
76	77
76	79
76	80
76	81
77	5
77	9
77	10
77	15
77	18
77	20
77	28
77	37
77	38
77	40
77	60
77	61
77	62
77	69
77	70
77	74
77	76
77	79
77	80
78	16
78	20
78	23
78	30
78	33
78	47
78	53
78	54
78	59
78	62
78	64
78	66
78	67
78	71
78	72
78	73
78	75
78	80
78	81
79	4
79	5
79	9
79	10
79	15
79	18
79	28
79	37
79	38
79	40
79	44
79	60
79	61
79	69
79	70
79	74
79	76
79	77
79	80
80	5
80	9
80	10
80	15
80	18
80	22
80	28
80	37
80	38
80	40
80	60
80	61
80	69
80	70
80	74
80	76
80	77
80	78
80	79
81	2
81	16
81	20
81	23
81	30
81	33
81	47
81	53
81	54
81	59
81	62
81	64
81	66
81	67
81	71
81	72
81	73
81	75
81	76
81	78
