1	20
1	44
1	51
1	54
1	61
1	74
2	30
2	62
2	67
2	78
2	80
2	81
3	23
3	56
3	77
3	78
3	80
3	81
4	19
4	21
4	22
4	25
4	29
4	34
5	21
5	60
5	66
5	70
5	72
5	79
6	48
6	49
6	63
6	65
6	68
6	74
7	13
7	62
7	67
7	71
7	80
7	81
8	15
8	33
8	39
8	50
8	52
8	55
9	47
9	55
9	63
9	68
9	69
9	74
10	37
10	46
10	72
10	73
10	75
10	79
11	33
11	39
11	50
11	52
11	55
11	78
12	60
12	66
12	70
12	72
12	75
12	79
13	7
13	59
13	60
13	70
13	72
13	73
13	79
14	15
14	27
14	33
14	50
14	52
14	55
14	70
15	8
15	14
15	27
15	39
15	50
15	52
15	55
16	26
16	36
16	38
16	58
16	65
16	69
16	74
17	71
17	73
17	76
17	77
17	78
17	80
17	81
18	37
18	59
18	60
18	64
18	73
18	75
18	79
19	4
19	21
19	22
19	25
19	29
19	34
19	60
20	1
20	35
20	42
20	53
20	54
20	57
20	61
21	4
21	5
21	19
21	24
21	25
21	29
21	34
22	4
22	19
22	24
22	25
22	29
22	34
22	81
23	3
23	60
23	64
23	66
23	70
23	73
23	79
24	21
24	22
24	25
24	29
24	34
24	40
24	76
25	4
25	19
25	21
25	22
25	24
25	29
25	34
25	57
26	16
26	31
26	71
26	76
26	77
26	78
26	80
26	81
27	14
27	15
27	39
27	49
27	50
27	52
27	55
27	78
28	37
28	46
28	64
28	66
28	70
28	75
28	79
28	81
29	4
29	19
29	21
29	22
29	24
29	25
29	34
29	58
30	2
30	37
30	67
30	76
30	77
30	78
30	80
30	81
31	26
31	33
31	45
31	71
31	76
31	77
31	80
31	81
32	43
32	56
32	67
32	68
32	77
32	78
32	80
32	81
33	8
33	11
33	14
33	31
33	39
33	50
33	52
33	55
34	4
34	19
34	21
34	22
34	24
34	25
34	29
34	77
35	20
35	40
35	41
35	44
35	48
35	51
35	53
35	57
35	61
36	16
36	47
36	58
36	63
36	65
36	66
36	68
36	69
36	74
37	10
37	18
37	28
37	30
37	59
37	72
37	73
37	75
37	79
38	16
38	47
38	48
38	49
38	58
38	59
38	65
38	68
38	74
39	8
39	11
39	15
39	27
39	33
39	50
39	52
39	55
39	79
40	24
40	35
40	42
40	44
40	51
40	53
40	54
40	57
40	61
41	35
41	42
41	44
41	51
41	53
41	54
41	57
41	61
41	69
42	20
42	40
42	41
42	51
42	53
42	54
42	55
42	57
42	61
43	32
43	56
43	62
43	67
43	76
43	77
43	78
43	80
43	81
44	1
44	35
44	40
44	41
44	51
44	52
44	54
44	57
44	61
45	31
45	56
45	71
45	75
45	76
45	77
45	78
45	80
45	81
46	10
46	28
46	59
46	62
46	64
46	70
46	72
46	75
46	79
47	9
47	36
47	38
47	48
47	54
47	63
47	65
47	68
47	69
47	74
48	6
48	35
48	38
48	47
48	49
48	63
48	65
48	68
48	69
48	74
49	6
49	27
49	38
49	48
49	58
49	63
49	65
49	68
49	69
49	74
50	8
50	11
50	14
50	15
50	27
50	33
50	39
50	52
50	55
50	63
51	1
51	35
51	40
51	41
51	42
51	44
51	53
51	54
51	57
51	61
52	8
52	11
52	14
52	15
52	27
52	33
52	39
52	44
52	50
52	55
53	20
53	35
53	40
53	41
53	42
53	51
53	54
53	57
53	61
53	62
54	1
54	20
54	40
54	41
54	42
54	44
54	47
54	51
54	53
54	57
54	61
55	8
55	9
55	11
55	14
55	15
55	27
55	33
55	39
55	42
55	50
55	52
56	3
56	32
56	43
56	45
56	71
56	74
56	76
56	77
56	78
56	80
56	81
57	20
57	25
57	35
57	40
57	41
57	42
57	44
57	51
57	53
57	54
57	61
58	16
58	29
58	36
58	38
58	49
58	63
58	65
58	68
58	69
58	73
58	74
59	13
59	18
59	37
59	38
59	46
59	64
59	66
59	70
59	72
59	75
59	79
60	5
60	12
60	13
60	18
60	19
60	23
60	64
60	66
60	72
60	73
60	75
60	79
61	1
61	20
61	35
61	40
61	41
61	42
61	44
61	51
61	53
61	54
61	57
61	64
62	2
62	7
62	43
62	46
62	53
62	67
62	71
62	76
62	77
62	78
62	80
62	81
63	6
63	9
63	36
63	47
63	48
63	49
63	50
63	58
63	65
63	68
63	69
63	74
64	18
64	23
64	28
64	46
64	59
64	60
64	61
64	66
64	70
64	73
64	75
64	79
65	6
65	16
65	36
65	38
65	47
65	48
65	49
65	58
65	63
65	68
65	69
65	74
65	76
66	5
66	12
66	23
66	28
66	36
66	59
66	60
66	64
66	70
66	73
66	75
66	79
66	80
67	2
67	7
67	30
67	32
67	43
67	62
67	71
67	72
67	76
67	77
67	78
67	80
67	81
68	6
68	9
68	32
68	36
68	38
68	47
68	48
68	49
68	58
68	63
68	65
68	69
68	74
69	9
69	16
69	36
69	41
69	47
69	48
69	49
69	58
69	63
69	65
69	68
69	71
69	74
70	5
70	12
70	13
70	14
70	23
70	28
70	46
70	59
70	64
70	66
70	72
70	73
70	75
70	79
71	7
71	17
71	26
71	31
71	45
71	56
71	62
71	67
71	69
71	76
71	77
71	78
71	80
71	81
72	5
72	10
72	12
72	13
72	37
72	46
72	59
72	60
72	67
72	70
72	73
72	75
72	79
72	80
73	10
73	13
73	17
73	18
73	23
73	37
73	58
73	60
73	64
73	66
73	70
73	72
73	75
73	79
74	1
74	6
74	9
74	16
74	36
74	38
74	47
74	48
74	49
74	56
74	58
74	63
74	65
74	68
74	69
75	10
75	12
75	18
75	28
75	37
75	45
75	46
75	59
75	60
75	64
75	66
75	70
75	72
75	73
75	79
76	17
76	24
76	26
76	30
76	31
76	43
76	45
76	56
76	62
76	65
76	67
76	71
76	77
76	78
76	80
76	81
77	3
77	17
77	26
77	30
77	31
77	32
77	34
77	43
77	45
77	56
77	62
77	67
77	71
77	76
77	78
77	80
77	81
78	2
78	3
78	11
78	17
78	26
78	27
78	30
78	32
78	43
78	45
78	56
78	62
78	67
78	71
78	76
78	77
78	80
78	81
79	5
79	10
79	12
79	13
79	18
79	23
79	28
79	37
79	39
79	46
79	59
79	60
79	64
79	66
79	70
79	72
79	73
79	75
80	2
80	3
80	7
80	17
80	26
80	30
80	31
80	32
80	43
80	45
80	56
80	62
80	66
80	67
80	71
80	72
80	76
80	77
80	78
80	81
81	2
81	3
81	7
81	17
81	22
81	26
81	28
81	30
81	31
81	32
81	43
81	45
81	56
81	62
81	67
81	71
81	76
81	77
81	78
81	80
