1	33
1	47
1	51
1	53
1	55
1	80
2	28
2	44
2	46
2	48
2	49
2	50
3	33
3	41
3	46
3	47
3	51
3	55
4	21
4	26
4	30
4	38
4	40
4	69
5	21
5	26
5	30
5	38
5	40
5	71
6	72
6	73
6	76
6	79
6	80
6	81
7	11
7	18
7	19
7	22
7	27
7	62
8	28
8	35
8	37
8	51
8	53
8	55
9	23
9	31
9	32
9	34
9	36
9	39
10	21
10	26
10	30
10	38
10	40
10	71
11	7
11	18
11	19
11	20
11	27
11	78
12	23
12	31
12	32
12	34
12	36
12	39
13	17
13	22
13	44
13	46
13	48
13	50
14	64
14	67
14	71
14	74
14	75
14	77
15	32
15	61
15	62
15	64
15	65
15	77
16	17
16	28
16	44
16	46
16	49
16	50
17	13
17	16
17	46
17	48
17	49
17	50
18	7
18	11
18	20
18	22
18	27
18	44
19	7
19	11
19	20
19	22
19	27
19	68
20	11
20	18
20	19
20	22
20	27
20	43
21	4
21	5
21	10
21	26
21	30
21	38
21	40
22	7
22	13
22	18
22	19
22	20
22	27
22	58
23	9
23	12
23	31
23	34
23	36
23	39
23	76
24	60
24	61
24	62
24	68
24	70
24	75
24	77
25	57
25	61
25	63
25	68
25	72
25	75
25	77
26	4
26	5
26	10
26	21
26	30
26	38
26	40
27	7
27	11
27	18
27	19
27	20
27	22
27	54
28	2
28	8
28	16
28	44
28	48
28	49
28	50
29	56
29	57
29	61
29	67
29	75
29	77
29	79
30	4
30	5
30	10
30	21
30	26
30	38
30	40
31	9
31	12
31	23
31	32
31	34
31	36
31	39
32	9
32	12
32	15
32	31
32	34
32	36
32	39
33	1
33	3
33	35
33	37
33	51
33	53
33	55
34	9
34	12
34	23
34	31
34	32
34	36
34	39
34	60
35	8
35	33
35	41
35	47
35	51
35	53
35	55
35	75
36	9
36	12
36	23
36	31
36	32
36	34
36	39
36	59
37	8
37	33
37	41
37	47
37	50
37	51
37	53
37	55
38	4
38	5
38	10
38	21
38	26
38	30
38	40
38	69
39	9
39	12
39	23
39	31
39	32
39	34
39	36
39	68
40	4
40	5
40	10
40	21
40	26
40	30
40	38
40	52
41	3
41	35
41	37
41	47
41	51
41	53
41	55
41	63
42	55
42	72
42	74
42	76
42	78
42	79
42	80
42	81
43	20
43	70
43	73
43	74
43	76
43	78
43	79
43	80
43	81
44	2
44	13
44	16
44	18
44	28
44	46
44	48
44	49
44	50
45	67
45	69
45	72
45	73
45	74
45	78
45	79
45	80
45	81
46	2
46	3
46	13
46	16
46	17
46	44
46	48
46	49
46	50
47	1
47	3
47	35
47	37
47	41
47	51
47	53
47	55
47	75
48	2
48	13
48	17
48	28
48	44
48	46
48	49
48	50
48	81
49	2
49	16
49	17
49	28
49	44
49	46
49	48
49	50
49	61
50	2
50	13
50	16
50	17
50	28
50	37
50	44
50	46
50	48
50	49
51	1
51	3
51	8
51	33
51	35
51	37
51	41
51	47
51	53
51	55
52	40
52	66
52	70
52	72
52	73
52	76
52	78
52	79
52	80
52	81
53	1
53	8
53	33
53	35
53	37
53	41
53	47
53	51
53	55
53	78
54	27
54	56
54	57
54	60
54	61
54	64
54	65
54	71
54	75
54	77
55	1
55	3
55	8
55	33
55	35
55	37
55	41
55	42
55	47
55	51
55	53
56	29
56	54
56	60
56	62
56	63
56	64
56	65
56	68
56	70
56	71
56	77
57	25
57	29
57	54
57	62
57	63
57	65
57	66
57	67
57	68
57	71
57	75
57	77
58	22
58	66
58	69
58	70
58	72
58	73
58	74
58	76
58	78
58	79
58	80
58	81
59	36
59	67
59	69
59	70
59	72
59	73
59	74
59	76
59	78
59	79
59	80
59	81
60	24
60	34
60	54
60	56
60	61
60	63
60	64
60	65
60	67
60	68
60	71
60	77
61	15
61	24
61	25
61	29
61	49
61	54
61	60
61	63
61	67
61	71
61	75
61	77
62	7
62	15
62	24
62	56
62	57
62	63
62	65
62	67
62	68
62	71
62	75
62	77
62	80
63	25
63	41
63	56
63	57
63	60
63	61
63	62
63	64
63	67
63	68
63	71
63	75
63	77
64	14
64	15
64	54
64	56
64	60
64	63
64	65
64	67
64	68
64	71
64	75
64	77
64	81
65	15
65	54
65	56
65	57
65	60
65	62
65	64
65	67
65	68
65	75
65	76
65	77
65	79
66	52
66	57
66	58
66	69
66	70
66	72
66	73
66	74
66	76
66	78
66	79
66	80
66	81
67	14
67	29
67	45
67	57
67	59
67	60
67	61
67	62
67	63
67	64
67	65
67	68
67	71
67	75
68	19
68	24
68	25
68	39
68	56
68	57
68	60
68	62
68	63
68	64
68	65
68	67
68	71
68	75
69	4
69	38
69	45
69	58
69	59
69	66
69	72
69	73
69	74
69	76
69	78
69	79
69	80
69	81
70	24
70	43
70	52
70	56
70	58
70	59
70	66
70	72
70	73
70	74
70	76
70	78
70	79
70	80
70	81
71	5
71	10
71	14
71	54
71	56
71	57
71	60
71	61
71	62
71	63
71	64
71	67
71	68
71	75
71	77
72	6
72	25
72	42
72	45
72	52
72	58
72	59
72	66
72	69
72	70
72	73
72	74
72	76
72	78
72	79
72	80
72	81
73	6
73	43
73	45
73	52
73	58
73	59
73	66
73	69
73	70
73	72
73	74
73	76
73	77
73	78
73	79
73	80
73	81
74	14
74	42
74	43
74	45
74	58
74	59
74	66
74	69
74	70
74	72
74	73
74	76
74	77
74	78
74	79
74	80
74	81
75	14
75	24
75	25
75	29
75	35
75	47
75	54
75	57
75	61
75	62
75	63
75	64
75	65
75	67
75	68
75	71
75	77
76	6
76	23
76	42
76	43
76	52
76	58
76	59
76	65
76	66
76	69
76	70
76	72
76	73
76	74
76	78
76	79
76	80
76	81
77	14
77	15
77	24
77	25
77	29
77	54
77	56
77	57
77	60
77	61
77	62
77	63
77	64
77	65
77	71
77	73
77	74
77	75
78	11
78	42
78	43
78	45
78	52
78	53
78	58
78	59
78	66
78	69
78	70
78	72
78	73
78	74
78	76
78	79
78	80
78	81
79	6
79	29
79	42
79	43
79	45
79	52
79	58
79	59
79	65
79	66
79	69
79	70
79	72
79	73
79	74
79	76
79	78
79	80
79	81
80	1
80	6
80	42
80	43
80	45
80	52
80	58
80	59
80	62
80	66
80	69
80	70
80	72
80	73
80	74
80	76
80	78
80	79
80	81
81	6
81	42
81	43
81	45
81	48
81	52
81	58
81	59
81	64
81	66
81	69
81	70
81	72
81	73
81	74
81	76
81	78
81	79
81	80
