1	49
1	59
1	64
1	68
1	69
1	70
2	8
2	21
2	39
2	43
2	46
2	78
3	6
3	15
3	26
3	30
3	45
3	75
4	54
4	57
4	65
4	66
4	68
4	69
5	38
5	45
5	53
5	55
5	56
5	61
6	3
6	10
6	15
6	27
6	33
6	45
7	59
7	64
7	65
7	69
7	70
7	73
8	2
8	24
8	39
8	43
8	46
8	76
9	18
9	22
9	28
9	41
9	51
9	63
10	6
10	12
10	27
10	30
10	33
10	45
11	19
11	27
11	29
11	39
11	43
11	46
12	10
12	26
12	27
12	30
12	33
12	45
13	22
13	41
13	42
13	50
13	51
13	63
14	60
14	64
14	68
14	69
14	70
14	73
15	3
15	6
15	30
15	33
15	45
15	51
16	35
16	76
16	77
16	79
16	80
16	81
17	39
17	57
17	65
17	66
17	68
17	69
17	70
18	9
18	22
18	36
18	37
18	50
18	63
18	72
19	11
19	21
19	29
19	39
19	43
19	46
19	71
20	32
20	48
20	49
20	53
20	55
20	56
20	61
21	2
21	19
21	24
21	29
21	39
21	43
21	46
22	9
22	13
22	18
22	42
22	51
22	63
22	74
23	34
23	38
23	49
23	53
23	56
23	61
23	68
24	8
24	21
24	29
24	43
24	46
24	61
24	64
25	36
25	76
25	77
25	78
25	79
25	80
25	81
26	3
26	12
26	27
26	30
26	33
26	45
26	80
27	6
27	10
27	11
27	12
27	26
27	33
27	45
28	9
28	36
28	40
28	41
28	50
28	51
28	63
29	11
29	19
29	21
29	24
29	39
29	43
29	46
30	3
30	10
30	12
30	15
30	26
30	33
30	45
30	74
31	44
31	75
31	76
31	77
31	78
31	79
31	80
31	81
32	20
32	34
32	48
32	49
32	53
32	55
32	56
32	61
33	6
33	10
33	12
33	15
33	26
33	27
33	30
33	45
34	23
34	32
34	48
34	49
34	55
34	56
34	58
34	61
35	16
35	57
35	58
35	60
35	66
35	68
35	69
35	70
36	18
36	25
36	28
36	37
36	40
36	41
36	50
36	51
36	63
37	18
37	36
37	40
37	41
37	42
37	50
37	51
37	63
37	66
38	5
38	23
38	48
38	49
38	53
38	55
38	56
38	61
38	79
39	2
39	8
39	11
39	17
39	19
39	21
39	29
39	43
39	46
40	28
40	36
40	37
40	41
40	42
40	50
40	51
40	63
40	70
41	9
41	13
41	28
41	36
41	37
41	40
41	42
41	50
41	63
42	13
42	22
42	37
42	40
42	41
42	50
42	51
42	63
42	69
43	2
43	8
43	11
43	19
43	21
43	24
43	29
43	39
43	46
43	81
44	31
44	58
44	59
44	60
44	64
44	65
44	66
44	68
44	69
44	70
45	3
45	5
45	6
45	10
45	12
45	15
45	26
45	27
45	30
45	33
46	2
46	8
46	11
46	19
46	21
46	24
46	29
46	39
46	43
46	68
47	63
47	71
47	74
47	75
47	76
47	77
47	78
47	79
47	80
47	81
48	20
48	32
48	34
48	38
48	49
48	52
48	53
48	55
48	56
48	61
49	1
49	20
49	23
49	32
49	34
49	38
49	48
49	53
49	55
49	56
49	61
50	13
50	18
50	28
50	36
50	37
50	40
50	41
50	42
50	51
50	63
50	81
51	9
51	13
51	15
51	22
51	28
51	36
51	37
51	40
51	42
51	50
51	63
52	48
52	71
52	72
52	74
52	75
52	76
52	77
52	78
52	79
52	80
52	81
53	5
53	20
53	23
53	32
53	38
53	48
53	49
53	55
53	56
53	61
53	65
54	4
54	71
54	72
54	74
54	75
54	76
54	77
54	78
54	79
54	80
54	81
55	5
55	20
55	32
55	34
55	38
55	48
55	49
55	53
55	56
55	61
55	62
55	77
56	5
56	20
56	23
56	32
56	34
56	38
56	48
56	49
56	53
56	55
56	61
56	67
57	4
57	17
57	35
57	58
57	59
57	60
57	64
57	65
57	66
57	68
57	69
57	70
57	79
58	34
58	35
58	44
58	57
58	59
58	60
58	64
58	65
58	66
58	68
58	69
58	70
58	71
59	1
59	7
59	44
59	57
59	58
59	60
59	64
59	65
59	66
59	68
59	69
59	70
59	72
60	14
60	35
60	44
60	57
60	58
60	59
60	63
60	64
60	65
60	66
60	68
60	69
60	70
61	5
61	20
61	23
61	24
61	32
61	34
61	38
61	48
61	49
61	53
61	55
61	56
61	75
62	55
62	67
62	71
62	72
62	73
62	74
62	75
62	76
62	77
62	78
62	79
62	80
62	81
63	9
63	13
63	18
63	22
63	28
63	36
63	37
63	40
63	41
63	42
63	47
63	50
63	51
63	60
64	1
64	7
64	14
64	24
64	44
64	57
64	58
64	59
64	60
64	65
64	66
64	68
64	69
64	70
65	4
65	7
65	17
65	44
65	53
65	57
65	58
65	59
65	60
65	64
65	66
65	68
65	69
65	70
66	4
66	17
66	35
66	37
66	44
66	57
66	58
66	59
66	60
66	64
66	65
66	68
66	69
66	70
67	56
67	62
67	71
67	72
67	73
67	74
67	75
67	76
67	77
67	78
67	79
67	80
67	81
68	1
68	4
68	14
68	17
68	23
68	35
68	44
68	46
68	57
68	58
68	59
68	60
68	64
68	65
68	66
68	69
68	70
69	1
69	4
69	7
69	14
69	17
69	35
69	42
69	44
69	57
69	58
69	59
69	60
69	64
69	65
69	66
69	68
69	70
70	1
70	7
70	14
70	17
70	35
70	40
70	44
70	57
70	58
70	59
70	60
70	64
70	65
70	66
70	68
70	69
70	78
70	80
71	19
71	47
71	52
71	54
71	58
71	62
71	67
71	72
71	73
71	74
71	75
71	76
71	77
71	78
71	79
71	80
71	81
72	18
72	52
72	54
72	59
72	62
72	67
72	71
72	73
72	74
72	75
72	76
72	77
72	78
72	79
72	80
72	81
73	7
73	14
73	62
73	67
73	71
73	72
73	74
73	75
73	76
73	77
73	78
73	79
73	80
73	81
74	22
74	30
74	47
74	52
74	54
74	62
74	67
74	71
74	72
74	73
74	75
74	76
74	77
74	78
74	79
74	80
74	81
75	3
75	31
75	47
75	52
75	54
75	61
75	62
75	67
75	71
75	72
75	73
75	74
75	76
75	77
75	78
75	79
75	80
75	81
76	8
76	16
76	25
76	31
76	47
76	52
76	54
76	62
76	67
76	71
76	72
76	73
76	74
76	75
76	77
76	78
76	79
76	80
76	81
77	16
77	25
77	31
77	47
77	52
77	54
77	55
77	62
77	67
77	71
77	72
77	73
77	74
77	75
77	76
77	78
77	79
77	80
77	81
78	2
78	25
78	31
78	47
78	52
78	54
78	62
78	67
78	70
78	71
78	72
78	73
78	74
78	75
78	76
78	77
78	79
78	80
78	81
79	16
79	25
79	31
79	38
79	47
79	52
79	54
79	57
79	62
79	67
79	71
79	72
79	73
79	74
79	75
79	76
79	77
79	78
79	80
79	81
80	16
80	25
80	26
80	31
80	47
80	52
80	54
80	62
80	67
80	70
80	71
80	72
80	73
80	74
80	75
80	76
80	77
80	78
80	79
80	81
81	16
81	25
81	31
81	43
81	47
81	50
81	52
81	54
81	62
81	67
81	71
81	72
81	73
81	74
81	75
81	76
81	77
81	78
81	79
81	80
