1	12
1	71
1	78
1	79
1	80
1	81
2	3
2	14
2	36
2	45
2	69
2	77
3	2
3	27
3	40
3	57
3	69
3	77
4	25
4	38
4	59
4	60
4	75
4	76
5	52
5	63
5	64
5	65
5	67
5	81
6	30
6	49
6	55
6	66
6	68
6	73
7	62
7	74
7	78
7	79
7	80
7	81
8	22
8	27
8	37
8	50
8	69
8	77
9	49
9	71
9	78
9	79
9	80
9	81
10	13
10	36
10	37
10	57
10	69
10	77
11	14
11	22
11	31
11	42
11	69
11	77
12	1
12	38
12	47
12	51
12	75
12	76
13	10
13	24
13	30
13	68
13	70
13	73
14	2
14	11
14	28
14	31
14	57
14	77
15	25
15	66
15	68
15	70
15	73
15	80
16	21
16	33
16	47
16	48
16	64
16	75
16	76
17	43
17	56
17	58
17	63
17	64
17	67
17	72
18	56
18	58
18	60
18	64
18	65
18	67
18	72
19	32
19	55
19	66
19	68
19	70
19	73
19	81
20	48
20	54
20	71
20	78
20	79
20	80
20	81
21	16
21	41
21	59
21	60
21	61
21	75
21	76
22	8
22	11
22	31
22	42
22	50
22	57
22	77
23	46
23	58
23	63
23	64
23	65
23	67
23	72
24	13
24	28
24	32
24	66
24	68
24	70
24	73
25	4
25	15
25	32
25	66
25	68
25	70
25	73
26	35
26	43
26	56
26	63
26	65
26	67
26	72
27	3
27	8
27	37
27	40
27	50
27	67
27	77
28	14
28	24
28	30
28	55
28	66
28	68
28	70
28	73
29	44
29	54
29	65
29	71
29	78
29	79
29	80
29	81
30	6
30	13
30	28
30	55
30	66
30	68
30	70
30	73
31	11
31	14
31	22
31	36
31	40
31	57
31	69
31	77
32	19
32	24
32	25
32	55
32	59
32	68
32	70
32	73
33	16
33	53
33	59
33	60
33	61
33	74
33	75
33	76
34	48
34	51
34	57
34	59
34	60
34	61
34	75
34	76
35	26
35	52
35	56
35	63
35	65
35	67
35	72
35	74
36	2
36	10
36	31
36	40
36	42
36	60
36	69
36	77
37	8
37	10
37	27
37	42
37	50
37	69
37	76
37	77
38	4
38	12
38	48
38	51
38	59
38	61
38	75
38	76
39	45
39	52
39	62
39	74
39	78
39	79
39	80
39	81
40	3
40	27
40	31
40	36
40	50
40	57
40	66
40	77
41	21
41	48
41	53
41	56
41	60
41	61
41	75
41	76
42	11
42	22
42	36
42	37
42	57
42	69
42	72
42	77
43	17
43	26
43	52
43	53
43	56
43	58
43	64
43	65
43	72
44	29
44	49
44	71
44	73
44	74
44	78
44	79
44	80
44	81
45	2
45	39
45	62
45	71
45	74
45	78
45	79
45	80
45	81
46	23
46	49
46	62
46	71
46	74
46	78
46	79
46	80
46	81
47	12
47	16
47	48
47	51
47	60
47	61
47	75
47	76
47	79
48	16
48	20
48	34
48	38
48	41
48	47
48	53
48	59
48	76
49	6
49	9
49	44
49	46
49	74
49	78
49	79
49	80
49	81
50	8
50	22
50	27
50	37
50	40
50	57
50	69
50	71
50	77
51	12
51	34
51	38
51	47
51	53
51	58
51	59
51	75
51	76
52	5
52	35
52	39
52	43
52	56
52	58
52	63
52	65
52	67
53	33
53	41
53	43
53	48
53	51
53	60
53	61
53	75
53	76
54	20
54	29
54	62
54	71
54	74
54	78
54	79
54	80
54	81
55	6
55	19
55	28
55	30
55	32
55	66
55	68
55	70
55	73
55	77
56	17
56	18
56	26
56	35
56	41
56	43
56	52
56	63
56	64
56	67
56	72
57	3
57	10
57	14
57	22
57	31
57	34
57	40
57	42
57	50
57	69
57	77
58	17
58	18
58	23
58	43
58	51
58	52
58	63
58	64
58	65
58	67
58	72
59	4
59	21
59	32
59	33
59	34
59	38
59	48
59	51
59	61
59	75
59	76
60	4
60	18
60	21
60	33
60	34
60	36
60	41
60	47
60	53
60	61
60	75
60	76
61	21
61	33
61	34
61	38
61	41
61	47
61	53
61	59
61	60
61	73
61	75
61	76
62	7
62	39
62	45
62	46
62	54
62	71
62	74
62	75
62	78
62	79
62	80
62	81
63	5
63	17
63	23
63	26
63	35
63	52
63	56
63	58
63	64
63	65
63	67
63	70
63	72
64	5
64	16
64	17
64	18
64	23
64	43
64	56
64	58
64	63
64	65
64	67
64	70
64	72
65	5
65	18
65	23
65	26
65	29
65	35
65	43
65	52
65	58
65	63
65	64
65	67
65	72
66	6
66	15
66	19
66	24
66	25
66	28
66	30
66	40
66	55
66	68
66	70
66	73
66	78
67	5
67	17
67	18
67	23
67	26
67	27
67	35
67	52
67	56
67	58
67	63
67	64
67	65
67	72
68	6
68	13
68	15
68	19
68	24
68	25
68	28
68	30
68	32
68	55
68	66
68	70
68	73
68	80
69	2
69	3
69	8
69	10
69	11
69	31
69	36
69	37
69	42
69	50
69	57
69	72
69	77
69	79
70	13
70	15
70	19
70	24
70	25
70	28
70	30
70	32
70	55
70	63
70	64
70	66
70	68
70	73
71	1
71	9
71	20
71	29
71	44
71	45
71	46
71	50
71	54
71	62
71	74
71	78
71	79
71	80
71	81
72	17
72	18
72	23
72	26
72	35
72	42
72	43
72	56
72	58
72	63
72	64
72	65
72	67
72	69
72	78
73	6
73	13
73	15
73	19
73	24
73	25
73	28
73	30
73	32
73	44
73	55
73	61
73	66
73	68
73	70
74	7
74	33
74	35
74	39
74	44
74	45
74	46
74	49
74	54
74	62
74	71
74	78
74	79
74	80
74	81
75	4
75	12
75	16
75	21
75	33
75	34
75	38
75	41
75	47
75	51
75	53
75	59
75	60
75	61
75	62
75	76
76	4
76	12
76	16
76	21
76	33
76	34
76	37
76	38
76	41
76	47
76	48
76	51
76	53
76	59
76	60
76	61
76	75
77	2
77	3
77	8
77	10
77	11
77	14
77	22
77	27
77	31
77	36
77	37
77	40
77	42
77	50
77	55
77	57
77	69
78	1
78	7
78	9
78	20
78	29
78	39
78	44
78	45
78	46
78	49
78	54
78	62
78	66
78	71
78	72
78	74
78	79
78	80
78	81
79	1
79	7
79	9
79	20
79	29
79	39
79	44
79	45
79	46
79	47
79	49
79	54
79	62
79	69
79	71
79	74
79	78
79	80
79	81
80	1
80	7
80	9
80	15
80	20
80	29
80	39
80	44
80	45
80	46
80	49
80	54
80	62
80	68
80	71
80	74
80	78
80	79
80	81
81	1
81	5
81	7
81	9
81	19
81	20
81	29
81	39
81	44
81	45
81	46
81	49
81	54
81	62
81	71
81	74
81	78
81	79
81	80
