1	6
1	9
1	44
1	58
1	62
1	65
2	12
2	13
2	16
2	19
2	21
2	74
3	34
3	35
3	58
3	62
3	64
3	65
4	17
4	22
4	24
4	26
4	36
4	58
5	18
5	23
5	28
5	31
5	39
5	42
6	1
6	12
6	13
6	16
6	19
6	21
7	37
7	67
7	75
7	77
7	79
7	81
8	10
8	75
8	78
8	79
8	80
8	81
9	1
9	46
9	53
9	62
9	64
9	65
10	8
10	47
10	55
10	61
10	66
10	70
11	22
11	24
11	25
11	26
11	36
11	76
12	2
12	6
12	13
12	19
12	21
12	33
13	2
13	6
13	12
13	16
13	19
13	21
14	18
14	23
14	28
14	29
14	39
14	42
15	72
15	73
15	78
15	79
15	80
15	81
16	2
16	6
16	13
16	19
16	21
16	70
17	4
17	22
17	24
17	25
17	26
17	36
18	5
18	14
18	23
18	31
18	39
18	42
19	2
19	6
19	12
19	13
19	16
19	21
20	57
20	59
20	68
20	69
20	71
20	76
21	2
21	6
21	12
21	13
21	16
21	19
22	4
22	11
22	17
22	24
22	25
22	26
22	36
23	5
23	14
23	18
23	28
23	31
23	39
23	42
24	4
24	11
24	17
24	22
24	25
24	26
24	36
25	11
25	17
25	22
25	24
25	26
25	36
25	80
26	4
26	11
26	17
26	22
26	24
26	25
26	36
27	56
27	67
27	74
27	77
27	79
27	80
27	81
28	5
28	14
28	23
28	31
28	39
28	42
28	75
29	14
29	44
29	53
29	58
29	62
29	64
29	65
30	43
30	45
30	62
30	68
30	69
30	72
30	76
31	5
31	18
31	23
31	28
31	39
31	42
31	54
32	34
32	50
32	59
32	68
32	69
32	72
32	73
32	76
33	12
33	38
33	40
33	52
33	55
33	61
33	66
33	70
34	3
34	32
34	43
34	59
34	68
34	69
34	72
34	76
35	3
35	44
35	46
35	53
35	58
35	62
35	64
35	65
36	4
36	11
36	17
36	22
36	24
36	25
36	26
36	69
37	7
37	45
37	48
37	50
37	57
37	68
37	72
37	76
38	33
38	40
38	41
38	51
38	55
38	56
38	66
38	70
39	5
39	14
39	18
39	23
39	28
39	31
39	42
39	74
40	33
40	38
40	44
40	47
40	52
40	61
40	66
40	70
41	38
41	47
41	49
41	51
41	56
41	61
41	66
41	70
42	5
42	14
42	18
42	23
42	28
42	31
42	39
42	51
43	30
43	34
43	45
43	59
43	66
43	68
43	69
43	72
43	76
44	1
44	29
44	35
44	40
44	46
44	53
44	62
44	64
44	65
45	30
45	37
45	43
45	48
45	50
45	62
45	69
45	72
45	76
46	9
46	35
46	44
46	53
46	58
46	59
46	62
46	64
46	65
47	10
47	40
47	41
47	51
47	52
47	56
47	65
47	66
47	70
48	37
48	45
48	50
48	57
48	59
48	60
48	68
48	72
48	76
49	41
49	67
49	71
49	73
49	77
49	78
49	79
49	80
49	81
50	32
50	37
50	45
50	48
50	57
50	68
50	72
50	76
50	79
51	38
51	41
51	42
51	47
51	52
51	55
51	56
51	61
51	66
51	70
52	33
52	40
52	47
52	51
52	55
52	56
52	61
52	66
52	70
52	76
53	9
53	29
53	35
53	44
53	46
53	58
53	62
53	64
53	65
53	77
54	31
54	63
54	71
54	73
54	75
54	77
54	78
54	79
54	80
54	81
55	10
55	33
55	38
55	51
55	52
55	56
55	61
55	66
55	70
55	78
56	27
56	38
56	41
56	47
56	51
56	52
56	55
56	61
56	66
56	70
57	20
57	37
57	48
57	50
57	59
57	68
57	69
57	72
57	76
57	78
58	1
58	3
58	4
58	29
58	35
58	46
58	53
58	62
58	64
58	65
59	20
59	32
59	34
59	43
59	46
59	48
59	57
59	68
59	69
59	72
59	76
60	48
60	63
60	71
60	73
60	74
60	75
60	77
60	78
60	79
60	80
60	81
61	10
61	33
61	40
61	41
61	51
61	52
61	55
61	56
61	66
61	68
61	70
62	1
62	3
62	9
62	29
62	30
62	35
62	44
62	45
62	46
62	53
62	58
62	65
63	54
63	60
63	67
63	69
63	71
63	74
63	75
63	77
63	78
63	79
63	80
63	81
64	3
64	9
64	29
64	35
64	44
64	46
64	53
64	58
64	65
64	67
64	77
64	80
65	1
65	3
65	9
65	29
65	35
65	44
65	46
65	47
65	53
65	58
65	62
65	64
66	10
66	33
66	38
66	40
66	41
66	43
66	47
66	51
66	52
66	55
66	56
66	61
66	70
67	7
67	27
67	49
67	63
67	64
67	71
67	73
67	74
67	75
67	77
67	78
67	80
67	81
68	20
68	30
68	32
68	34
68	37
68	43
68	48
68	50
68	57
68	59
68	61
68	69
68	76
69	20
69	30
69	32
69	34
69	36
69	43
69	45
69	57
69	59
69	63
69	68
69	72
69	76
70	10
70	16
70	33
70	38
70	40
70	41
70	47
70	51
70	52
70	55
70	56
70	61
70	66
70	75
71	20
71	49
71	54
71	60
71	63
71	67
71	73
71	74
71	75
71	77
71	78
71	79
71	80
71	81
72	15
72	30
72	32
72	34
72	37
72	43
72	45
72	48
72	50
72	57
72	59
72	69
72	76
72	81
73	15
73	32
73	49
73	54
73	60
73	67
73	71
73	74
73	75
73	77
73	78
73	79
73	80
73	81
74	2
74	27
74	39
74	60
74	63
74	67
74	71
74	73
74	75
74	77
74	78
74	79
74	80
74	81
75	7
75	8
75	28
75	54
75	60
75	63
75	67
75	70
75	71
75	73
75	74
75	77
75	78
75	79
75	80
75	81
76	11
76	20
76	30
76	32
76	34
76	37
76	43
76	45
76	48
76	50
76	52
76	57
76	59
76	68
76	69
76	72
77	7
77	27
77	49
77	53
77	54
77	60
77	63
77	64
77	67
77	71
77	73
77	74
77	75
77	78
77	79
77	80
77	81
78	8
78	15
78	49
78	54
78	55
78	57
78	60
78	63
78	67
78	71
78	73
78	74
78	75
78	77
78	79
78	80
78	81
79	7
79	8
79	15
79	27
79	49
79	50
79	54
79	60
79	63
79	71
79	73
79	74
79	75
79	77
79	78
79	80
79	81
80	8
80	15
80	25
80	27
80	49
80	54
80	60
80	63
80	64
80	67
80	71
80	73
80	74
80	75
80	77
80	78
80	79
80	81
81	7
81	8
81	15
81	27
81	49
81	54
81	60
81	63
81	67
81	71
81	72
81	73
81	74
81	75
81	77
81	78
81	79
81	80
