1	2
1	3
1	6
1	9
1	10
1	34
2	1
2	3
2	6
2	9
2	10
2	24
3	1
3	2
3	6
3	9
3	10
3	64
4	6
4	22
4	37
4	73
4	76
4	79
5	51
5	58
5	72
5	73
5	76
5	79
6	1
6	2
6	3
6	4
6	9
6	10
7	15
7	31
7	33
7	38
7	48
7	75
8	11
8	14
8	60
8	69
8	74
8	81
9	1
9	2
9	3
9	6
9	10
9	21
10	1
10	2
10	3
10	6
10	9
10	23
11	8
11	35
11	44
11	62
11	71
11	74
12	29
12	31
12	33
12	38
12	41
12	46
13	54
13	63
13	77
13	78
13	80
13	81
14	8
14	20
14	35
14	60
14	62
14	74
15	7
15	33
15	41
15	46
15	48
15	76
16	36
16	42
16	51
16	61
16	66
16	67
17	68
17	70
17	73
17	75
17	76
17	79
18	49
18	56
18	60
18	62
18	71
18	74
19	44
19	49
19	65
19	69
19	71
19	74
20	14
20	42
20	43
20	51
20	61
20	64
20	67
21	9
21	32
21	35
21	56
21	62
21	71
21	74
22	4
22	66
22	68
22	72
22	73
22	75
22	79
23	10
23	36
23	47
23	54
23	61
23	64
23	67
24	2
24	53
24	57
24	77
24	78
24	80
24	81
25	52
25	55
25	63
25	77
25	78
25	80
25	81
26	36
26	42
26	47
26	51
26	54
26	64
26	67
27	30
27	57
27	59
27	77
27	78
27	80
27	81
28	66
28	70
28	72
28	74
28	75
28	76
28	79
29	12
29	31
29	38
29	41
29	46
29	48
29	60
30	27
30	59
30	70
30	77
30	78
30	80
30	81
31	7
31	12
31	29
31	33
31	38
31	41
31	46
31	48
32	21
32	39
32	49
32	56
32	60
32	69
32	71
32	74
33	7
33	12
33	15
33	31
33	41
33	46
33	48
33	68
34	1
34	45
34	55
34	63
34	77
34	78
34	80
34	81
35	11
35	14
35	21
35	44
35	69
35	71
35	74
35	76
36	16
36	23
36	26
36	47
36	50
36	54
36	64
36	67
37	4
37	38
37	65
37	70
37	72
37	75
37	76
37	79
38	7
38	12
38	29
38	31
38	37
38	41
38	46
38	48
39	32
39	57
39	59
39	63
39	77
39	78
39	80
39	81
40	58
40	65
40	69
40	72
40	73
40	75
40	76
40	79
41	12
41	15
41	29
41	31
41	33
41	38
41	46
41	48
41	78
42	16
42	20
42	26
42	43
42	54
42	61
42	62
42	64
42	67
43	20
43	42
43	47
43	51
43	54
43	61
43	64
43	67
43	68
44	11
44	19
44	35
44	49
44	53
44	62
44	69
44	71
44	74
45	34
45	52
45	53
45	57
45	69
45	77
45	78
45	80
45	81
46	12
46	15
46	29
46	31
46	33
46	38
46	41
46	48
46	80
47	23
47	26
47	36
47	43
47	51
47	54
47	61
47	67
47	73
48	7
48	15
48	29
48	31
48	33
48	38
48	41
48	46
48	52
49	18
49	19
49	32
49	44
49	56
49	60
49	61
49	69
49	71
49	74
50	36
50	65
50	66
50	68
50	70
50	72
50	73
50	75
50	76
50	79
51	5
51	16
51	20
51	26
51	43
51	47
51	61
51	64
51	67
51	81
52	25
52	45
52	48
52	57
52	59
52	63
52	77
52	78
52	80
52	81
53	24
53	44
53	45
53	55
53	59
53	63
53	77
53	78
53	80
53	81
54	13
54	23
54	26
54	36
54	42
54	43
54	47
54	61
54	64
54	67
55	25
55	34
55	53
55	56
55	59
55	63
55	77
55	78
55	80
55	81
56	18
56	21
56	32
56	49
56	55
56	60
56	62
56	69
56	71
56	74
57	24
57	27
57	39
57	45
57	52
57	59
57	75
57	77
57	78
57	80
57	81
58	5
58	40
58	59
58	66
58	68
58	70
58	72
58	75
58	76
58	79
58	80
59	27
59	30
59	39
59	52
59	53
59	55
59	57
59	58
59	78
59	80
59	81
60	8
60	14
60	18
60	29
60	32
60	49
60	56
60	62
60	69
60	71
60	74
61	16
61	20
61	23
61	42
61	43
61	47
61	49
61	51
61	54
61	64
61	67
62	11
62	14
62	18
62	21
62	42
62	44
62	56
62	60
62	69
62	71
62	74
63	13
63	25
63	34
63	39
63	52
63	53
63	55
63	77
63	78
63	80
63	81
64	3
64	20
64	23
64	26
64	36
64	42
64	43
64	51
64	54
64	61
64	67
64	71
65	19
65	37
65	40
65	50
65	66
65	68
65	70
65	72
65	73
65	75
65	76
65	79
66	16
66	22
66	28
66	50
66	58
66	65
66	70
66	72
66	73
66	75
66	76
66	79
67	16
67	20
67	23
67	26
67	36
67	42
67	43
67	47
67	51
67	54
67	61
67	64
67	77
68	17
68	22
68	33
68	43
68	50
68	58
68	65
68	70
68	72
68	73
68	75
68	76
68	79
69	8
69	19
69	32
69	35
69	40
69	44
69	45
69	49
69	56
69	60
69	62
69	71
69	74
70	17
70	28
70	30
70	37
70	50
70	58
70	65
70	66
70	68
70	72
70	73
70	75
70	76
70	79
71	11
71	18
71	19
71	21
71	32
71	35
71	44
71	49
71	56
71	60
71	62
71	64
71	69
71	74
71	79
72	5
72	22
72	28
72	37
72	40
72	50
72	58
72	65
72	66
72	68
72	70
72	73
72	75
72	76
72	77
72	79
73	4
73	5
73	17
73	22
73	40
73	47
73	50
73	65
73	66
73	68
73	70
73	72
73	74
73	75
73	76
73	79
74	8
74	11
74	14
74	18
74	19
74	21
74	28
74	32
74	35
74	44
74	49
74	56
74	60
74	62
74	69
74	71
74	73
75	7
75	17
75	22
75	28
75	37
75	40
75	50
75	57
75	58
75	65
75	66
75	68
75	70
75	72
75	73
75	76
75	79
76	4
76	5
76	15
76	17
76	28
76	35
76	37
76	40
76	50
76	58
76	65
76	66
76	68
76	70
76	72
76	73
76	75
76	79
77	13
77	24
77	25
77	27
77	30
77	34
77	39
77	45
77	52
77	53
77	55
77	57
77	63
77	67
77	72
77	78
77	80
77	81
78	13
78	24
78	25
78	27
78	30
78	34
78	39
78	41
78	45
78	52
78	53
78	55
78	57
78	59
78	63
78	77
78	79
78	80
78	81
79	4
79	5
79	17
79	22
79	28
79	37
79	40
79	50
79	58
79	65
79	66
79	68
79	70
79	71
79	72
79	73
79	75
79	76
79	78
80	13
80	24
80	25
80	27
80	30
80	34
80	39
80	45
80	46
80	52
80	53
80	55
80	57
80	58
80	59
80	63
80	77
80	78
80	81
81	8
81	13
81	24
81	25
81	27
81	30
81	34
81	39
81	45
81	51
81	52
81	53
81	55
81	57
81	59
81	63
81	77
81	78
81	80
