1	22
1	28
1	47
1	54
1	68
1	75
2	5
2	29
2	53
2	62
2	71
2	77
3	22
3	25
3	35
3	47
3	54
3	68
4	59
4	67
4	69
4	72
4	78
4	81
5	2
5	36
5	59
5	62
5	64
5	71
6	25
6	27
6	46
6	62
6	64
6	71
7	8
7	29
7	52
7	62
7	64
7	71
8	7
8	30
8	43
8	60
8	61
8	65
9	17
9	23
9	28
9	47
9	54
9	68
10	33
10	34
10	49
10	74
10	75
10	79
11	40
11	45
11	48
11	70
11	74
11	75
12	16
12	20
12	38
12	41
12	42
12	60
13	19
13	39
13	57
13	60
13	61
13	65
14	36
14	57
14	60
14	61
14	62
14	65
15	22
15	25
15	35
15	54
15	68
15	72
16	12
16	21
16	24
16	38
16	41
16	42
17	9
17	23
17	25
17	47
17	54
17	68
18	32
18	48
18	49
18	75
18	77
18	79
19	13
19	30
19	43
19	57
19	61
19	65
20	12
20	21
20	24
20	38
20	41
20	42
20	79
21	16
21	20
21	24
21	34
21	38
21	41
21	42
22	1
22	3
22	15
22	25
22	28
22	68
22	81
23	9
23	17
23	28
23	35
23	47
23	54
23	68
24	16
24	20
24	21
24	38
24	41
24	42
24	58
25	3
25	6
25	15
25	17
25	22
25	35
25	68
26	40
26	49
26	54
26	55
26	70
26	74
26	79
27	6
27	29
27	50
27	52
27	59
27	64
27	77
28	1
28	9
28	22
28	23
28	35
28	47
28	68
29	2
29	7
29	27
29	47
29	53
29	62
29	71
30	8
30	19
30	39
30	60
30	61
30	65
30	78
31	33
31	45
31	55
31	70
31	74
31	75
31	79
32	18
32	40
32	70
32	71
32	74
32	75
32	79
33	10
33	31
33	67
33	70
33	74
33	75
33	79
34	10
34	21
34	55
34	70
34	74
34	75
34	79
35	3
35	15
35	23
35	25
35	28
35	54
35	68
35	78
36	5
36	14
36	39
36	43
36	57
36	60
36	61
36	65
37	59
37	63
37	67
37	69
37	76
37	78
37	80
37	81
38	12
38	16
38	20
38	21
38	24
38	40
38	41
38	42
39	13
39	30
39	36
39	57
39	60
39	61
39	65
39	70
40	11
40	26
40	32
40	38
40	55
40	74
40	75
40	79
41	12
41	16
41	20
41	21
41	24
41	38
41	42
41	80
42	12
42	16
42	20
42	21
42	24
42	38
42	41
42	63
43	8
43	19
43	36
43	44
43	57
43	60
43	61
43	65
44	43
44	56
44	66
44	69
44	73
44	76
44	80
44	81
45	11
45	31
45	48
45	55
45	70
45	73
45	74
45	75
45	79
46	6
46	50
46	52
46	53
46	59
46	62
46	64
46	71
46	72
47	1
47	3
47	9
47	17
47	23
47	28
47	29
47	54
47	68
48	11
48	18
48	45
48	49
48	51
48	55
48	70
48	75
48	79
49	10
49	18
49	26
49	48
49	70
49	74
49	75
49	79
49	81
50	27
50	46
50	52
50	53
50	59
50	62
50	64
50	71
50	79
51	48
51	56
51	72
51	73
51	76
51	77
51	78
51	80
51	81
52	7
52	27
52	46
52	50
52	53
52	56
52	59
52	64
52	71
53	2
53	29
53	46
53	50
53	52
53	57
53	59
53	62
53	71
54	1
54	3
54	9
54	15
54	17
54	23
54	26
54	35
54	47
54	68
55	26
55	31
55	34
55	40
55	45
55	48
55	65
55	70
55	74
55	79
56	44
56	51
56	52
56	66
56	73
56	76
56	77
56	78
56	80
56	81
57	13
57	14
57	19
57	36
57	39
57	43
57	53
57	60
57	61
57	65
58	24
58	63
58	66
58	67
58	72
58	73
58	76
58	77
58	78
58	80
58	81
59	4
59	5
59	27
59	37
59	46
59	50
59	52
59	53
59	62
59	64
59	71
60	8
60	12
60	13
60	14
60	30
60	36
60	39
60	43
60	57
60	61
60	65
61	8
61	13
61	14
61	19
61	30
61	36
61	39
61	43
61	57
61	60
61	65
62	2
62	5
62	6
62	7
62	14
62	29
62	46
62	50
62	53
62	59
62	64
62	71
63	37
63	42
63	58
63	67
63	69
63	72
63	73
63	76
63	77
63	78
63	80
63	81
64	5
64	6
64	7
64	27
64	46
64	50
64	52
64	59
64	62
64	69
64	71
64	76
65	8
65	13
65	14
65	19
65	30
65	36
65	39
65	43
65	55
65	57
65	60
65	61
66	44
66	56
66	58
66	67
66	69
66	71
66	72
66	73
66	76
66	77
66	78
66	80
66	81
67	4
67	33
67	37
67	58
67	63
67	66
67	69
67	72
67	73
67	77
67	78
67	80
67	81
68	1
68	3
68	9
68	15
68	17
68	22
68	23
68	25
68	28
68	35
68	47
68	54
68	76
69	4
69	37
69	44
69	63
69	64
69	66
69	67
69	72
69	73
69	76
69	77
69	78
69	80
69	81
70	11
70	26
70	31
70	32
70	33
70	34
70	39
70	45
70	48
70	49
70	55
70	74
70	75
70	79
71	2
71	5
71	6
71	7
71	29
71	32
71	46
71	50
71	52
71	53
71	59
71	62
71	64
71	66
72	4
72	15
72	46
72	51
72	58
72	63
72	66
72	67
72	69
72	73
72	76
72	77
72	78
72	80
72	81
73	44
73	45
73	51
73	56
73	58
73	63
73	66
73	67
73	69
73	72
73	76
73	77
73	78
73	80
73	81
74	10
74	11
74	26
74	31
74	32
74	33
74	34
74	40
74	45
74	49
74	55
74	70
74	75
74	79
74	80
75	1
75	10
75	11
75	18
75	31
75	32
75	33
75	34
75	40
75	45
75	48
75	49
75	70
75	74
75	79
76	37
76	44
76	51
76	56
76	58
76	63
76	64
76	66
76	68
76	69
76	72
76	73
76	77
76	78
76	80
76	81
77	2
77	18
77	27
77	51
77	56
77	58
77	63
77	66
77	67
77	69
77	72
77	73
77	76
77	78
77	80
77	81
78	4
78	30
78	35
78	37
78	51
78	56
78	58
78	63
78	66
78	67
78	69
78	72
78	73
78	76
78	77
78	80
78	81
79	10
79	18
79	20
79	26
79	31
79	32
79	33
79	34
79	40
79	45
79	48
79	49
79	50
79	55
79	70
79	74
79	75
80	37
80	41
80	44
80	51
80	56
80	58
80	63
80	66
80	67
80	69
80	72
80	73
80	74
80	76
80	77
80	78
80	81
81	4
81	22
81	37
81	44
81	49
81	51
81	56
81	58
81	63
81	66
81	67
81	69
81	72
81	73
81	76
81	77
81	78
81	80
