1	28
1	29
1	45
1	72
1	76
1	78
2	24
2	41
2	54
2	55
2	73
2	74
3	4
3	20
3	50
3	55
3	73
3	74
4	3
4	50
4	54
4	64
4	73
4	74
5	15
5	57
5	66
5	67
5	77
5	81
6	33
6	53
6	68
6	75
6	79
6	80
7	34
7	45
7	49
7	60
7	64
7	65
8	38
8	59
8	70
8	75
8	79
8	80
9	42
9	45
9	52
9	60
9	64
9	65
10	18
10	24
10	38
10	43
10	62
10	77
10	81
11	14
11	50
11	54
11	55
11	59
11	73
11	74
12	18
12	58
12	62
12	66
12	67
12	77
12	81
13	14
13	33
13	51
13	59
13	71
13	79
13	80
14	11
14	13
14	20
14	21
14	39
14	73
14	74
15	5
15	38
15	43
15	47
15	68
15	77
15	81
16	32
16	36
16	42
16	48
16	72
16	76
16	78
17	26
17	42
17	47
17	58
17	63
17	76
17	78
18	10
18	12
18	47
18	67
18	77
18	80
18	81
19	37
19	51
19	59
19	75
19	76
19	79
19	80
20	3
20	14
20	21
20	50
20	66
20	73
20	74
21	14
21	20
21	50
21	53
21	55
21	73
21	74
22	34
22	43
22	49
22	52
22	60
22	64
22	65
23	41
23	43
23	68
23	69
23	77
23	78
23	81
24	2
24	10
24	39
24	54
24	55
24	73
24	74
25	46
25	53
25	59
25	61
25	71
25	75
25	80
26	17
26	29
26	44
26	48
26	63
26	72
26	78
27	36
27	44
27	56
27	58
27	63
27	76
27	78
28	1
28	29
28	35
28	56
28	63
28	72
28	76
28	78
29	1
29	26
29	28
29	44
29	63
29	65
29	72
29	78
30	43
30	57
30	62
30	66
30	68
30	69
30	72
30	81
31	32
31	40
31	45
31	49
31	52
31	60
31	62
31	65
32	16
32	31
32	34
32	40
32	45
32	49
32	52
32	60
33	6
33	13
33	46
33	51
33	55
33	61
33	70
33	79
34	7
34	22
34	32
34	40
34	52
34	60
34	64
34	65
35	28
35	46
35	59
35	70
35	71
35	75
35	79
35	80
36	16
36	27
36	42
36	56
36	58
36	69
36	76
36	78
37	19
37	51
37	53
37	61
37	63
37	71
37	75
37	80
38	8
38	10
38	15
38	57
38	66
38	69
38	77
38	81
39	14
39	24
39	50
39	54
39	55
39	64
39	73
39	74
40	31
40	32
40	34
40	49
40	52
40	60
40	64
40	65
41	2
41	23
41	57
41	66
41	67
41	69
41	77
41	81
42	9
42	16
42	17
42	36
42	44
42	58
42	72
42	76
42	78
43	10
43	15
43	22
43	23
43	30
43	62
43	68
43	77
43	81
44	26
44	27
44	29
44	42
44	48
44	51
44	56
44	63
44	76
45	1
45	7
45	9
45	31
45	32
45	49
45	60
45	64
45	65
46	25
46	33
46	35
46	70
46	71
46	74
46	75
46	79
46	80
47	15
47	17
47	18
47	62
47	66
47	67
47	68
47	69
47	81
48	16
48	26
48	44
48	56
48	58
48	63
48	72
48	76
48	81
49	7
49	22
49	31
49	32
49	40
49	45
49	52
49	64
49	65
50	3
50	4
50	11
50	20
50	21
50	39
50	54
50	60
50	74
51	13
51	19
51	33
51	37
51	44
51	59
51	61
51	71
51	75
51	79
52	9
52	22
52	31
52	32
52	34
52	40
52	49
52	64
52	65
52	71
53	6
53	21
53	25
53	37
53	61
53	70
53	71
53	75
53	79
53	80
54	2
54	4
54	11
54	24
54	39
54	50
54	55
54	61
54	73
54	74
55	2
55	3
55	11
55	21
55	24
55	33
55	39
55	54
55	73
55	74
56	27
56	28
56	36
56	44
56	48
56	63
56	72
56	76
56	78
56	81
57	5
57	30
57	38
57	41
57	67
57	68
57	69
57	75
57	77
57	81
58	12
58	17
58	27
58	36
58	42
58	48
58	63
58	72
58	76
58	77
58	78
59	8
59	11
59	13
59	19
59	25
59	35
59	51
59	61
59	70
59	79
59	80
60	7
60	9
60	22
60	31
60	32
60	34
60	40
60	45
60	50
60	64
60	65
61	25
61	33
61	37
61	51
61	53
61	54
61	59
61	70
61	71
61	79
61	80
62	10
62	12
62	30
62	31
62	43
62	47
62	67
62	68
62	69
62	77
62	81
63	17
63	26
63	27
63	28
63	29
63	37
63	44
63	48
63	56
63	58
63	76
63	78
64	4
64	7
64	9
64	22
64	34
64	39
64	40
64	45
64	49
64	52
64	60
64	65
65	7
65	9
65	22
65	29
65	31
65	34
65	40
65	45
65	49
65	52
65	60
65	64
66	5
66	12
66	20
66	30
66	38
66	41
66	47
66	67
66	68
66	69
66	77
66	81
67	5
67	12
67	18
67	41
67	47
67	57
67	62
67	66
67	68
67	69
67	73
67	81
68	6
68	15
68	23
68	30
68	43
68	47
68	57
68	62
68	66
68	67
68	69
68	81
69	23
69	30
69	36
69	38
69	41
69	47
69	57
69	62
69	66
69	67
69	68
69	81
70	8
70	33
70	35
70	46
70	53
70	59
70	61
70	71
70	72
70	75
70	79
70	80
71	13
71	25
71	35
71	37
71	46
71	51
71	52
71	53
71	61
71	70
71	75
71	79
71	80
72	1
72	16
72	26
72	28
72	29
72	30
72	42
72	48
72	56
72	58
72	70
72	76
72	78
73	2
73	3
73	4
73	11
73	14
73	20
73	21
73	24
73	39
73	54
73	55
73	67
73	74
74	2
74	3
74	4
74	11
74	14
74	20
74	21
74	24
74	39
74	46
74	50
74	54
74	55
74	73
75	6
75	8
75	19
75	25
75	35
75	37
75	46
75	51
75	53
75	57
75	70
75	71
75	79
75	80
76	1
76	16
76	17
76	19
76	27
76	28
76	36
76	42
76	44
76	48
76	56
76	58
76	63
76	72
76	78
77	5
77	10
77	12
77	15
77	18
77	23
77	38
77	41
77	43
77	57
77	58
77	62
77	66
77	79
77	81
78	1
78	16
78	17
78	23
78	26
78	27
78	28
78	29
78	36
78	42
78	56
78	58
78	63
78	72
78	76
79	6
79	8
79	13
79	19
79	33
79	35
79	46
79	51
79	53
79	59
79	61
79	70
79	71
79	75
79	77
79	80
80	6
80	8
80	13
80	18
80	19
80	25
80	35
80	37
80	46
80	53
80	59
80	61
80	70
80	71
80	75
80	79
81	5
81	10
81	12
81	15
81	18
81	23
81	30
81	38
81	41
81	43
81	47
81	48
81	56
81	57
81	62
81	66
81	67
81	68
81	69
81	77
