1	62
1	64
1	75
1	77
1	78
1	79
2	5
2	6
2	13
2	20
2	31
2	36
3	5
3	6
3	13
3	31
3	36
3	40
4	19
4	41
4	50
4	52
4	67
4	72
5	2
5	3
5	6
5	13
5	36
5	73
6	2
6	3
6	5
6	20
6	31
6	36
7	22
7	29
7	61
7	65
7	74
7	76
8	32
8	44
8	53
8	56
8	65
8	76
9	40
9	59
9	70
9	73
9	80
9	81
10	27
10	60
10	68
10	69
10	80
10	81
11	28
11	41
11	45
11	46
11	66
11	72
12	40
12	56
12	59
12	70
12	73
12	81
13	2
13	3
13	5
13	20
13	31
13	36
14	23
14	30
14	38
14	49
14	54
14	55
15	62
15	71
15	75
15	77
15	78
15	79
16	32
16	39
16	53
16	61
16	65
16	76
17	35
17	59
17	68
17	69
17	80
17	81
18	64
18	66
18	71
18	77
18	78
18	79
19	4
19	25
19	41
19	52
19	67
19	72
20	2
20	6
20	13
20	31
20	36
20	75
21	47
21	64
21	71
21	77
21	78
21	79
22	7
22	29
22	47
22	61
22	65
22	74
22	76
23	14
23	24
23	30
23	49
23	54
23	55
23	78
24	23
24	34
24	38
24	49
24	54
24	55
24	61
25	19
25	28
25	46
25	50
25	52
25	67
25	72
26	57
26	66
26	74
26	75
26	77
26	78
26	79
27	10
27	31
27	34
27	38
27	49
27	54
27	55
28	11
28	25
28	45
28	52
28	65
28	67
28	72
29	7
29	22
29	42
29	44
29	65
29	74
29	76
30	14
30	23
30	34
30	38
30	49
30	54
30	55
31	2
31	3
31	6
31	13
31	20
31	27
31	36
32	8
32	16
32	42
32	44
32	53
32	65
32	74
32	76
33	36
33	47
33	57
33	71
33	75
33	77
33	78
33	79
34	24
34	27
34	30
34	38
34	49
34	54
34	55
34	70
35	17
35	48
35	51
35	60
35	70
35	73
35	80
35	81
36	2
36	3
36	5
36	6
36	13
36	20
36	31
36	33
37	59
37	60
37	62
37	68
37	69
37	73
37	80
37	81
38	14
38	24
38	27
38	30
38	34
38	54
38	55
38	69
39	16
39	42
39	44
39	51
39	56
39	61
39	74
39	76
40	3
40	9
40	12
40	51
40	58
40	68
40	80
40	81
41	4
41	11
41	19
41	43
41	45
41	46
41	67
41	72
42	29
42	32
42	39
42	53
42	56
42	74
42	76
42	81
43	41
43	45
43	46
43	50
43	52
43	63
43	67
43	72
44	8
44	29
44	32
44	39
44	56
44	57
44	65
44	76
45	11
45	28
45	41
45	43
45	46
45	50
45	67
45	72
46	11
46	25
46	41
46	43
46	45
46	50
46	67
46	72
47	21
47	22
47	33
47	57
47	66
47	75
47	77
47	78
47	79
48	35
48	51
48	58
48	59
48	63
48	64
48	69
48	80
48	81
49	14
49	23
49	24
49	27
49	30
49	34
49	54
49	55
49	69
50	4
50	25
50	43
50	45
50	46
50	52
50	67
50	72
50	80
51	35
51	39
51	40
51	48
51	63
51	70
51	73
51	80
51	81
52	4
52	19
52	25
52	28
52	43
52	50
52	67
52	68
52	72
53	8
53	16
53	32
53	42
53	61
53	65
53	71
53	74
53	76
54	14
54	23
54	24
54	27
54	30
54	34
54	38
54	49
54	55
55	14
55	23
55	24
55	27
55	30
55	34
55	38
55	49
55	54
56	8
56	12
56	39
56	42
56	44
56	61
56	72
56	74
56	76
57	26
57	33
57	44
57	47
57	62
57	64
57	66
57	71
57	78
57	79
58	40
58	48
58	60
58	63
58	68
58	69
58	73
58	77
58	80
58	81
59	9
59	12
59	17
59	37
59	48
59	63
59	70
59	79
59	80
59	81
60	10
60	35
60	37
60	58
60	62
60	63
60	70
60	73
60	80
60	81
61	7
61	16
61	22
61	24
61	39
61	53
61	56
61	65
61	74
61	76
62	1
62	15
62	37
62	57
62	60
62	66
62	71
62	75
62	77
62	78
62	79
63	43
63	48
63	51
63	58
63	59
63	60
63	68
63	69
63	70
63	80
63	81
64	1
64	18
64	21
64	48
64	57
64	66
64	71
64	75
64	77
64	78
64	79
65	7
65	8
65	16
65	22
65	28
65	29
65	32
65	44
65	53
65	61
65	74
65	76
66	11
66	18
66	26
66	47
66	57
66	62
66	64
66	71
66	75
66	77
66	78
66	79
67	4
67	19
67	25
67	28
67	41
67	43
67	45
67	46
67	50
67	52
67	72
67	81
68	10
68	17
68	37
68	40
68	52
68	58
68	63
68	69
68	70
68	73
68	80
68	81
69	10
69	17
69	37
69	38
69	48
69	49
69	58
69	63
69	68
69	70
69	73
69	80
69	81
70	9
70	12
70	34
70	35
70	51
70	59
70	60
70	63
70	68
70	69
70	73
70	80
70	81
71	15
71	18
71	21
71	33
71	53
71	57
71	62
71	64
71	66
71	75
71	77
71	78
71	79
72	4
72	11
72	19
72	25
72	28
72	41
72	43
72	45
72	46
72	50
72	52
72	56
72	67
73	5
73	9
73	12
73	35
73	37
73	51
73	58
73	60
73	68
73	69
73	70
73	80
73	81
74	7
74	22
74	26
74	29
74	32
74	39
74	42
74	53
74	56
74	61
74	65
74	76
74	80
75	1
75	15
75	20
75	26
75	33
75	47
75	62
75	64
75	66
75	71
75	77
75	78
75	79
76	7
76	8
76	16
76	22
76	29
76	32
76	39
76	42
76	44
76	53
76	56
76	61
76	65
76	74
76	79
77	1
77	15
77	18
77	21
77	26
77	33
77	47
77	58
77	62
77	64
77	66
77	71
77	75
77	78
77	79
78	1
78	15
78	18
78	21
78	23
78	26
78	33
78	47
78	57
78	62
78	64
78	66
78	71
78	75
78	77
78	79
79	1
79	15
79	18
79	21
79	26
79	33
79	47
79	57
79	59
79	62
79	64
79	66
79	71
79	75
79	76
79	77
79	78
80	9
80	10
80	17
80	35
80	37
80	40
80	48
80	50
80	51
80	58
80	59
80	60
80	63
80	68
80	69
80	70
80	73
80	74
80	81
81	9
81	10
81	12
81	17
81	35
81	37
81	40
81	42
81	48
81	51
81	58
81	59
81	60
81	63
81	67
81	68
81	69
81	70
81	73
81	80
