1	2
1	3
1	5
1	10
1	14
1	77
2	1
2	3
2	5
2	10
2	14
2	55
3	1
3	2
3	5
3	10
3	14
3	23
4	35
4	36
4	43
4	46
4	48
4	58
5	1
5	2
5	3
5	10
5	14
5	65
6	65
6	68
6	74
6	77
6	78
6	80
7	68
7	71
7	74
7	77
7	78
7	80
8	53
8	71
8	74
8	77
8	78
8	80
9	64
9	69
9	75
9	76
9	79
9	81
10	1
10	2
10	3
10	5
10	14
10	72
11	27
11	39
11	44
11	55
11	61
11	67
12	54
12	56
12	71
12	73
12	77
12	80
13	15
13	24
13	49
13	63
13	67
13	72
14	1
14	2
14	3
14	5
14	10
14	33
15	13
15	27
15	44
15	55
15	61
15	67
16	68
16	73
16	74
16	77
16	78
16	80
16	81
17	29
17	32
17	45
17	56
17	59
17	62
17	76
18	23
18	30
18	43
18	46
18	48
18	58
18	69
19	22
19	24
19	39
19	44
19	63
19	67
19	70
20	51
20	63
20	65
20	73
20	77
20	78
20	80
21	31
21	34
21	50
21	56
21	59
21	62
21	80
22	19
22	27
22	39
22	49
22	61
22	63
22	67
23	3
23	18
23	30
23	35
23	36
23	43
23	58
24	13
24	19
24	44
24	55
24	61
24	63
24	67
25	38
25	52
25	57
25	60
25	70
25	79
25	81
26	47
26	50
26	66
26	70
26	75
26	79
26	81
27	11
27	15
27	22
27	33
27	49
27	57
27	63
28	35
28	36
28	43
28	46
28	48
28	58
28	65
29	17
29	31
29	34
29	40
29	45
29	59
29	62
30	18
30	23
30	35
30	36
30	46
30	48
30	58
31	21
31	29
31	34
31	45
31	50
31	59
31	62
32	17
32	40
32	45
32	50
32	56
32	59
32	62
32	66
33	14
33	27
33	39
33	44
33	49
33	61
33	63
33	67
34	21
34	29
34	31
34	40
34	56
34	59
34	60
34	62
35	4
35	23
35	28
35	30
35	43
35	46
35	58
35	61
36	4
36	23
36	28
36	30
36	43
36	48
36	49
36	58
37	57
37	64
37	66
37	72
37	75
37	76
37	79
37	81
38	25
38	51
38	65
38	68
38	71
38	73
38	74
38	78
39	11
39	19
39	22
39	33
39	55
39	61
39	63
39	67
40	29
40	32
40	34
40	50
40	54
40	56
40	59
40	62
41	46
41	60
41	64
41	66
41	69
41	76
41	79
41	81
42	68
42	71
42	73
42	74
42	75
42	77
42	78
42	80
43	4
43	18
43	23
43	28
43	35
43	36
43	46
43	48
43	58
44	11
44	15
44	19
44	24
44	33
44	49
44	55
44	63
44	67
45	17
45	29
45	31
45	32
45	50
45	52
45	56
45	59
45	62
46	4
46	18
46	28
46	30
46	35
46	41
46	43
46	48
46	58
47	26
47	52
47	64
47	69
47	70
47	72
47	75
47	79
47	81
48	4
48	18
48	28
48	30
48	36
48	43
48	46
48	58
48	70
49	13
49	22
49	27
49	33
49	36
49	44
49	55
49	61
49	67
50	21
50	26
50	31
50	32
50	40
50	45
50	56
50	59
50	62
51	20
51	38
51	68
51	71
51	73
51	74
51	77
51	78
51	80
52	25
52	45
52	47
52	66
52	70
52	72
52	75
52	76
52	79
53	8
53	60
53	66
53	69
53	70
53	72
53	75
53	76
53	81
54	12
54	40
54	65
54	71
54	73
54	74
54	77
54	78
54	80
55	2
55	11
55	15
55	24
55	39
55	44
55	49
55	61
55	63
55	67
56	12
56	17
56	21
56	32
56	34
56	40
56	45
56	50
56	59
56	62
57	25
57	27
57	37
57	60
57	64
57	72
57	75
57	76
57	79
57	81
58	4
58	18
58	23
58	28
58	30
58	35
58	36
58	43
58	46
58	48
58	81
59	17
59	21
59	29
59	31
59	32
59	34
59	40
59	45
59	50
59	56
59	62
60	25
60	34
60	41
60	53
60	57
60	64
60	66
60	69
60	75
60	76
60	81
61	11
61	15
61	22
61	24
61	33
61	35
61	39
61	49
61	55
61	63
61	67
62	17
62	21
62	29
62	31
62	32
62	34
62	40
62	45
62	50
62	56
62	59
62	75
63	13
63	19
63	20
63	22
63	24
63	27
63	33
63	39
63	44
63	55
63	61
63	67
63	80
64	9
64	37
64	41
64	47
64	57
64	60
64	68
64	69
64	70
64	72
64	76
64	79
64	81
65	5
65	6
65	20
65	28
65	38
65	54
65	68
65	71
65	73
65	74
65	77
65	78
65	80
66	26
66	32
66	37
66	41
66	52
66	53
66	60
66	69
66	70
66	72
66	76
66	79
66	81
67	11
67	13
67	15
67	19
67	22
67	24
67	33
67	39
67	44
67	49
67	55
67	61
67	63
67	73
68	6
68	7
68	16
68	38
68	42
68	51
68	64
68	65
68	71
68	73
68	74
68	77
68	78
68	80
69	9
69	18
69	41
69	47
69	53
69	60
69	64
69	66
69	70
69	72
69	75
69	76
69	79
69	81
70	19
70	25
70	26
70	47
70	48
70	52
70	53
70	64
70	66
70	69
70	72
70	75
70	76
70	79
70	81
71	7
71	8
71	12
71	38
71	42
71	51
71	54
71	65
71	68
71	73
71	74
71	76
71	77
71	78
71	80
72	10
72	13
72	37
72	47
72	52
72	53
72	57
72	64
72	66
72	69
72	70
72	73
72	75
72	76
72	79
72	81
73	12
73	16
73	20
73	38
73	42
73	51
73	54
73	65
73	67
73	68
73	71
73	72
73	74
73	77
73	78
73	80
74	6
74	7
74	8
74	16
74	38
74	42
74	51
74	54
74	65
74	68
74	71
74	73
74	77
74	78
74	79
74	80
75	9
75	26
75	37
75	42
75	47
75	52
75	53
75	57
75	60
75	62
75	69
75	70
75	72
75	76
75	79
75	81
76	9
76	17
76	37
76	41
76	52
76	53
76	57
76	60
76	64
76	66
76	69
76	70
76	71
76	72
76	75
76	79
76	81
77	1
77	6
77	7
77	8
77	12
77	16
77	20
77	42
77	51
77	54
77	65
77	68
77	71
77	73
77	74
77	78
77	80
78	6
78	7
78	8
78	16
78	20
78	38
78	42
78	51
78	54
78	65
78	68
78	71
78	73
78	74
78	77
78	79
78	80
79	9
79	25
79	26
79	37
79	41
79	47
79	52
79	57
79	64
79	66
79	69
79	70
79	72
79	74
79	75
79	76
79	78
79	81
80	6
80	7
80	8
80	12
80	16
80	20
80	21
80	42
80	51
80	54
80	63
80	65
80	68
80	71
80	73
80	74
80	77
80	78
81	9
81	16
81	25
81	26
81	37
81	41
81	47
81	53
81	57
81	58
81	60
81	64
81	66
81	69
81	70
81	72
81	75
81	76
81	79
