1	4
1	5
1	7
1	19
1	21
1	79
2	3
2	11
2	12
2	20
2	30
2	34
3	2
3	11
3	12
3	30
3	34
3	71
4	1
4	5
4	7
4	19
4	21
4	54
5	1
5	4
5	7
5	19
5	21
5	81
6	44
6	63
6	66
6	73
6	76
6	78
7	1
7	4
7	5
7	19
7	21
7	46
8	9
8	10
8	17
8	23
8	31
8	44
9	8
9	14
9	16
9	17
9	23
9	31
10	8
10	14
10	16
10	21
10	23
10	31
11	2
11	3
11	12
11	20
11	30
11	34
12	2
12	3
12	11
12	20
12	30
12	34
13	28
13	64
13	66
13	68
13	74
13	77
14	9
14	10
14	16
14	17
14	23
14	70
15	22
15	47
15	75
15	79
15	80
15	81
16	9
16	10
16	14
16	23
16	31
16	37
17	8
17	9
17	14
17	23
17	31
17	77
18	45
18	48
18	50
18	58
18	59
18	60
19	1
19	4
19	5
19	7
19	21
19	64
20	2
20	11
20	12
20	30
20	34
20	74
21	1
21	4
21	5
21	7
21	10
21	19
22	15
22	69
22	71
22	79
22	80
22	81
23	8
23	9
23	10
23	14
23	16
23	17
23	31
24	26
24	33
24	47
24	72
24	75
24	80
24	81
25	42
25	49
25	67
25	69
25	72
25	80
25	81
26	24
26	39
26	45
26	48
26	52
26	58
26	59
27	46
27	54
27	57
27	62
27	64
27	68
27	77
28	13
28	36
28	53
28	68
28	70
28	74
28	77
29	60
29	67
29	71
29	76
29	79
29	80
29	81
30	2
30	3
30	11
30	12
30	20
30	33
30	34
31	8
31	9
31	10
31	16
31	17
31	23
31	32
32	31
32	41
32	63
32	66
32	73
32	76
32	78
33	24
33	30
33	69
33	72
33	79
33	80
33	81
34	2
34	3
34	11
34	12
34	20
34	30
34	78
35	38
35	41
35	44
35	55
35	56
35	73
35	76
35	78
36	28
36	57
36	62
36	64
36	65
36	68
36	74
36	77
37	16
37	39
37	40
37	48
37	50
37	52
37	58
37	59
38	35
38	44
38	55
38	56
38	61
38	62
38	76
38	78
39	26
39	37
39	43
39	45
39	48
39	50
39	58
39	59
40	37
40	45
40	47
40	48
40	50
40	52
40	58
40	59
41	32
41	35
41	53
41	55
41	63
41	73
41	76
41	78
42	25
42	52
42	69
42	71
42	72
42	75
42	80
42	81
43	39
43	67
43	70
43	72
43	75
43	79
43	80
43	81
44	6
44	8
44	35
44	38
44	56
44	66
44	73
44	76
44	78
45	18
45	26
45	39
45	40
45	48
45	50
45	52
45	59
45	73
46	7
46	27
46	51
46	54
46	57
46	65
46	70
46	74
46	77
47	15
47	24
47	40
47	69
47	71
47	75
47	79
47	80
47	81
48	18
48	26
48	37
48	39
48	40
48	45
48	52
48	58
48	67
49	25
49	50
49	67
49	71
49	72
49	75
49	79
49	80
49	81
50	18
50	37
50	39
50	40
50	45
50	49
50	52
50	58
50	59
51	46
51	57
51	64
51	65
51	68
51	70
51	74
51	75
51	77
52	26
52	37
52	40
52	42
52	45
52	48
52	50
52	58
52	59
53	28
53	41
53	55
53	61
53	63
53	66
53	73
53	76
53	78
54	4
54	27
54	46
54	62
54	65
54	68
54	70
54	74
54	77
55	35
55	38
55	41
55	53
55	61
55	66
55	69
55	73
55	76
55	78
56	35
56	38
56	44
56	61
56	63
56	66
56	73
56	75
56	76
56	78
57	27
57	36
57	46
57	51
57	64
57	65
57	70
57	74
57	77
57	81
58	18
58	26
58	37
58	39
58	40
58	48
58	50
58	52
58	59
58	64
59	18
59	26
59	37
59	39
59	40
59	45
59	50
59	52
59	58
59	71
60	18
60	29
60	67
60	69
60	71
60	72
60	75
60	79
60	80
60	81
61	38
61	53
61	55
61	56
61	63
61	66
61	73
61	76
61	77
61	78
62	27
62	36
62	38
62	54
62	64
62	65
62	68
62	70
62	74
62	77
63	6
63	32
63	41
63	53
63	56
63	61
63	66
63	73
63	76
63	78
64	13
64	19
64	27
64	36
64	51
64	57
64	58
64	62
64	65
64	70
64	74
64	77
65	36
65	46
65	51
65	54
65	57
65	62
65	64
65	68
65	70
65	74
65	77
65	80
66	6
66	13
66	32
66	44
66	53
66	55
66	56
66	61
66	63
66	73
66	76
66	78
67	25
67	29
67	43
67	48
67	49
67	60
67	71
67	72
67	75
67	79
67	80
67	81
68	13
68	27
68	28
68	36
68	51
68	54
68	62
68	65
68	70
68	72
68	74
68	77
69	22
69	25
69	33
69	42
69	47
69	55
69	60
69	71
69	72
69	79
69	80
69	81
70	14
70	28
70	43
70	46
70	51
70	54
70	57
70	62
70	64
70	65
70	68
70	74
70	77
71	3
71	22
71	29
71	42
71	47
71	49
71	59
71	60
71	67
71	69
71	72
71	79
71	80
71	81
72	24
72	25
72	33
72	42
72	43
72	49
72	60
72	67
72	68
72	69
72	71
72	75
72	79
72	81
73	6
73	32
73	35
73	41
73	44
73	45
73	53
73	55
73	56
73	61
73	63
73	66
73	76
73	78
74	13
74	20
74	28
74	36
74	46
74	51
74	54
74	57
74	62
74	64
74	65
74	68
74	70
74	80
75	15
75	24
75	42
75	43
75	47
75	49
75	51
75	56
75	60
75	67
75	72
75	79
75	80
75	81
76	6
76	29
76	32
76	35
76	38
76	41
76	44
76	53
76	55
76	56
76	61
76	63
76	66
76	73
76	78
77	13
77	17
77	27
77	28
77	36
77	46
77	51
77	54
77	57
77	61
77	62
77	64
77	65
77	68
77	70
78	6
78	32
78	34
78	35
78	38
78	41
78	44
78	53
78	55
78	56
78	61
78	63
78	66
78	73
78	76
79	1
79	15
79	22
79	29
79	33
79	43
79	47
79	49
79	60
79	67
79	69
79	71
79	72
79	75
79	80
79	81
80	15
80	22
80	24
80	25
80	29
80	33
80	42
80	43
80	47
80	49
80	60
80	65
80	67
80	69
80	71
80	74
80	75
80	79
80	81
81	5
81	15
81	22
81	24
81	25
81	29
81	33
81	42
81	43
81	47
81	49
81	57
81	60
81	67
81	69
81	71
81	72
81	75
81	79
81	80
