1	20
1	57
1	71
1	73
1	75
1	76
2	40
2	45
2	54
2	55
2	58
2	65
3	23
3	36
3	37
3	44
3	46
3	56
4	67
4	68
4	71
4	73
4	75
4	76
5	62
5	64
5	66
5	78
5	80
5	81
6	23
6	36
6	46
6	50
6	56
6	61
7	24
7	49
7	63
7	78
7	80
7	81
8	27
8	53
8	77
8	78
8	80
8	81
9	67
9	68
9	71
9	73
9	75
9	76
10	13
10	28
10	43
10	61
10	63
10	79
11	29
11	53
11	59
11	69
11	70
11	74
12	17
12	24
12	59
12	66
12	70
12	74
13	10
13	43
13	54
13	58
13	65
13	70
14	57
14	68
14	71
14	72
14	75
14	76
15	16
15	34
15	60
15	77
15	80
15	81
16	15
16	67
16	68
16	73
16	75
16	76
17	12
17	48
17	66
17	69
17	70
17	74
18	53
18	59
18	66
18	69
18	70
18	74
19	29
19	32
19	66
19	69
19	70
19	74
20	1
20	67
20	68
20	71
20	73
20	75
20	76
21	67
21	68
21	71
21	73
21	75
21	76
21	81
22	23
22	36
22	44
22	50
22	52
22	56
22	69
23	3
23	6
23	22
23	50
23	52
23	56
23	79
24	7
24	12
24	44
24	46
24	50
24	52
24	56
25	40
25	42
25	45
25	47
25	55
25	58
25	72
26	35
26	47
26	58
26	61
26	62
26	65
26	79
27	8
27	39
27	62
27	77
27	78
27	80
27	81
28	10
28	40
28	43
28	58
28	65
28	72
28	79
29	11
29	19
29	51
29	59
29	69
29	70
29	74
30	35
30	42
30	46
30	55
30	58
30	72
30	79
31	32
31	44
31	51
31	66
31	69
31	70
31	74
32	19
32	31
32	37
32	53
32	69
32	70
32	74
33	41
33	54
33	62
33	63
33	77
33	78
33	80
33	81
34	15
34	57
34	63
34	64
34	77
34	78
34	80
34	81
35	26
35	30
35	42
35	58
35	61
35	65
35	72
35	79
36	3
36	6
36	22
36	37
36	50
36	52
36	56
36	72
37	3
37	32
37	36
37	44
37	46
37	50
37	52
37	56
38	48
38	57
38	67
38	68
38	71
38	73
38	75
38	76
39	27
39	62
39	64
39	65
39	77
39	78
39	80
39	81
40	2
40	25
40	28
40	42
40	43
40	47
40	72
40	79
41	33
41	60
41	63
41	64
41	77
41	78
41	80
41	81
42	25
42	30
42	35
42	40
42	54
42	58
42	65
42	79
43	10
43	13
43	28
43	40
43	61
43	72
43	73
43	79
44	3
44	22
44	24
44	31
44	37
44	46
44	50
44	52
44	56
45	2
45	25
45	47
45	55
45	61
45	65
45	67
45	72
45	79
46	3
46	6
46	24
46	30
46	37
46	44
46	50
46	52
46	56
47	25
47	26
47	40
47	45
47	54
47	55
47	67
47	72
47	79
48	17
48	38
48	57
48	67
48	68
48	71
48	73
48	75
48	76
49	7
49	60
49	63
49	64
49	74
49	77
49	78
49	80
49	81
50	6
50	22
50	23
50	24
50	36
50	37
50	44
50	46
50	52
51	29
51	31
51	53
51	55
51	59
51	66
51	69
51	70
51	74
52	22
52	23
52	24
52	36
52	37
52	44
52	46
52	50
52	56
52	81
53	8
53	11
53	18
53	32
53	51
53	59
53	66
53	69
53	70
53	74
54	2
54	13
54	33
54	42
54	47
54	55
54	58
54	61
54	72
54	79
55	2
55	25
55	30
55	45
55	47
55	51
55	54
55	65
55	72
55	79
56	3
56	6
56	22
56	23
56	24
56	36
56	37
56	44
56	46
56	52
56	80
57	1
57	14
57	34
57	38
57	48
57	67
57	68
57	71
57	73
57	75
57	76
58	2
58	13
58	25
58	26
58	28
58	30
58	35
58	42
58	54
58	78
58	79
59	11
59	12
59	18
59	29
59	51
59	53
59	66
59	69
59	70
59	71
59	74
60	15
60	41
60	49
60	62
60	63
60	64
60	68
60	77
60	78
60	80
60	81
61	6
61	10
61	26
61	35
61	43
61	45
61	54
61	65
61	69
61	72
61	79
62	5
62	26
62	27
62	33
62	39
62	60
62	63
62	64
62	77
62	78
62	80
63	7
63	10
63	33
63	34
63	41
63	49
63	60
63	62
63	77
63	78
63	80
63	81
64	5
64	34
64	39
64	41
64	49
64	60
64	62
64	76
64	77
64	78
64	80
64	81
65	2
65	13
65	26
65	28
65	35
65	39
65	42
65	45
65	55
65	61
65	72
65	79
66	5
66	12
66	17
66	18
66	19
66	31
66	51
66	53
66	59
66	69
66	70
66	74
67	4
67	9
67	16
67	20
67	21
67	38
67	45
67	47
67	48
67	57
67	68
67	71
67	75
67	76
68	4
68	9
68	14
68	16
68	20
68	21
68	38
68	48
68	57
68	60
68	67
68	71
68	73
68	75
68	76
69	11
69	17
69	18
69	19
69	22
69	29
69	31
69	32
69	51
69	53
69	59
69	61
69	66
69	70
69	74
70	11
70	12
70	13
70	17
70	18
70	19
70	29
70	31
70	32
70	51
70	53
70	59
70	66
70	69
70	74
71	1
71	4
71	9
71	14
71	20
71	21
71	38
71	48
71	57
71	59
71	67
71	68
71	73
71	75
71	76
72	14
72	25
72	28
72	30
72	35
72	36
72	40
72	43
72	45
72	47
72	54
72	55
72	61
72	65
72	79
73	1
73	4
73	9
73	16
73	20
73	21
73	38
73	43
73	48
73	57
73	68
73	71
73	75
73	76
73	77
74	11
74	12
74	17
74	18
74	19
74	29
74	31
74	32
74	49
74	51
74	53
74	59
74	66
74	69
74	70
74	75
75	1
75	4
75	9
75	14
75	16
75	20
75	21
75	38
75	48
75	57
75	67
75	68
75	71
75	73
75	74
75	76
76	1
76	4
76	9
76	14
76	16
76	20
76	21
76	38
76	48
76	57
76	64
76	67
76	68
76	71
76	73
76	75
77	8
77	15
77	27
77	33
77	34
77	39
77	41
77	49
77	60
77	62
77	63
77	64
77	73
77	78
77	80
77	81
78	5
78	7
78	8
78	27
78	33
78	34
78	39
78	41
78	49
78	58
78	60
78	62
78	63
78	64
78	77
78	80
78	81
79	10
79	23
79	26
79	28
79	30
79	35
79	40
79	42
79	43
79	45
79	47
79	54
79	55
79	58
79	61
79	65
79	72
80	5
80	7
80	8
80	15
80	27
80	33
80	34
80	39
80	41
80	49
80	56
80	60
80	62
80	63
80	64
80	77
80	78
80	81
81	5
81	7
81	8
81	15
81	21
81	27
81	33
81	34
81	39
81	41
81	49
81	52
81	60
81	63
81	64
81	77
81	78
81	80
