1	3
1	35
1	56
1	65
1	68
1	75
2	25
2	70
2	73
2	77
2	80
2	81
3	1
3	14
3	22
3	66
3	74
3	75
4	51
4	59
4	76
4	77
4	78
4	79
5	8
5	39
5	46
5	50
5	55
5	58
6	14
6	47
6	49
6	60
6	64
6	75
7	13
7	47
7	56
7	64
7	65
7	75
8	5
8	46
8	55
8	58
8	59
8	63
9	34
9	39
9	56
9	69
9	77
9	79
10	23
10	26
10	58
10	59
10	63
10	67
11	54
11	57
11	71
11	72
11	78
11	79
12	19
12	49
12	66
12	73
12	80
12	81
13	7
13	26
13	29
13	55
13	58
13	63
14	3
14	6
14	20
14	44
14	65
14	75
15	33
15	38
15	42
15	52
15	68
15	80
16	41
16	55
16	57
16	69
16	76
16	78
16	79
17	21
17	40
17	42
17	43
17	52
17	60
17	62
18	20
18	25
18	30
18	70
18	73
18	74
18	81
19	12
19	25
19	29
19	67
19	73
19	80
19	81
20	14
20	18
20	61
20	67
20	74
20	80
20	81
21	17
21	28
21	32
21	38
21	53
21	62
21	68
22	3
22	47
22	60
22	64
22	65
22	72
22	75
23	10
23	26
23	50
23	55
23	59
23	63
23	78
24	39
24	57
24	71
24	76
24	77
24	78
24	79
25	2
25	18
25	19
25	50
25	74
25	80
25	81
26	10
26	13
26	23
26	29
26	50
26	59
26	63
27	31
27	67
27	70
27	73
27	74
27	80
27	81
28	21
28	71
28	72
28	76
28	77
28	78
28	79
29	13
29	19
29	26
29	46
29	58
29	59
29	63
30	18
30	31
30	67
30	73
30	74
30	80
30	81
31	27
31	30
31	45
31	70
31	73
31	80
31	81
32	21
32	33
32	42
32	43
32	53
32	62
32	68
32	70
33	15
33	32
33	42
33	43
33	52
33	53
33	62
33	68
34	9
34	65
34	71
34	72
34	76
34	77
34	78
34	79
35	1
35	48
35	56
35	61
35	64
35	65
35	66
35	75
36	49
36	54
36	61
36	67
36	70
36	74
36	80
36	81
37	54
37	71
37	72
37	75
37	76
37	77
37	78
37	79
38	15
38	21
38	40
38	52
38	53
38	62
38	68
38	77
39	5
39	9
39	24
39	69
39	71
39	72
39	76
39	78
40	17
40	38
40	42
40	43
40	53
40	57
40	62
40	68
41	16
41	51
41	64
41	71
41	72
41	76
41	77
41	78
41	79
42	15
42	17
42	32
42	33
42	40
42	43
42	58
42	62
42	68
43	17
43	32
43	33
43	40
43	42
43	52
43	62
43	68
43	81
44	14
44	47
44	48
44	53
44	60
44	64
44	66
44	71
44	75
45	31
45	46
45	61
45	67
45	70
45	73
45	74
45	80
45	81
46	5
46	8
46	29
46	45
46	50
46	55
46	58
46	59
46	63
47	6
47	7
47	22
47	44
47	63
47	64
47	65
47	66
47	75
48	35
48	44
48	56
48	60
48	64
48	65
48	66
48	75
48	79
49	6
49	12
49	36
49	61
49	70
49	73
49	74
49	80
49	81
50	5
50	23
50	25
50	26
50	46
50	55
50	58
50	59
50	63
51	4
51	41
51	54
51	69
51	72
51	76
51	77
51	78
51	81
52	15
52	17
52	33
52	38
52	43
52	53
52	68
52	69
52	74
53	21
53	32
53	33
53	38
53	40
53	44
53	52
53	62
53	68
54	11
54	36
54	37
54	51
54	71
54	72
54	76
54	77
54	78
54	79
55	5
55	8
55	13
55	16
55	23
55	46
55	50
55	58
55	59
55	63
56	1
56	7
56	9
56	35
56	48
56	60
56	64
56	65
56	66
56	75
57	11
57	16
57	24
57	40
57	69
57	71
57	76
57	77
57	78
57	79
58	5
58	8
58	10
58	13
58	29
58	42
58	46
58	50
58	55
58	59
58	63
59	4
59	8
59	10
59	23
59	26
59	29
59	46
59	50
59	55
59	58
59	63
60	6
60	17
60	22
60	44
60	48
60	56
60	64
60	65
60	66
60	75
60	76
61	20
61	35
61	36
61	45
61	49
61	67
61	70
61	73
61	74
61	80
61	81
62	17
62	21
62	32
62	33
62	38
62	40
62	42
62	43
62	53
62	68
62	79
63	8
63	10
63	13
63	23
63	26
63	29
63	46
63	47
63	50
63	55
63	58
63	59
64	6
64	7
64	22
64	35
64	41
64	44
64	47
64	48
64	56
64	60
64	66
64	75
65	1
65	7
65	14
65	22
65	34
65	35
65	47
65	48
65	56
65	60
65	66
65	75
66	3
66	12
66	35
66	44
66	47
66	48
66	56
66	60
66	64
66	65
66	73
66	75
67	10
67	19
67	20
67	27
67	30
67	36
67	45
67	61
67	73
67	74
67	80
67	81
68	1
68	15
68	21
68	32
68	33
68	38
68	40
68	42
68	43
68	52
68	53
68	62
69	9
69	16
69	39
69	51
69	52
69	57
69	71
69	72
69	76
69	77
69	78
69	79
70	2
70	18
70	27
70	31
70	32
70	36
70	45
70	49
70	61
70	73
70	74
70	80
70	81
71	11
71	24
71	28
71	34
71	37
71	39
71	41
71	44
71	54
71	57
71	69
71	72
71	76
71	77
71	79
72	11
72	22
72	28
72	34
72	37
72	39
72	41
72	51
72	54
72	69
72	71
72	75
72	76
72	77
72	78
72	79
73	2
73	12
73	18
73	19
73	27
73	30
73	31
73	45
73	49
73	61
73	66
73	67
73	70
73	74
73	80
73	81
74	3
74	18
74	20
74	25
74	27
74	30
74	36
74	45
74	49
74	52
74	61
74	67
74	70
74	73
74	80
74	81
75	1
75	3
75	6
75	7
75	14
75	22
75	35
75	37
75	44
75	47
75	48
75	56
75	60
75	64
75	65
75	66
75	72
76	4
76	16
76	24
76	28
76	34
76	37
76	39
76	41
76	51
76	54
76	57
76	60
76	69
76	71
76	72
76	77
76	78
76	79
77	2
77	4
77	9
77	24
77	28
77	34
77	37
77	38
77	41
77	51
77	54
77	57
77	69
77	71
77	72
77	76
77	78
77	79
78	4
78	11
78	16
78	23
78	24
78	28
78	34
78	37
78	39
78	41
78	51
78	54
78	57
78	69
78	72
78	76
78	77
78	79
78	80
79	4
79	9
79	11
79	16
79	24
79	28
79	34
79	37
79	41
79	48
79	54
79	57
79	62
79	69
79	71
79	72
79	76
79	77
79	78
80	2
80	12
80	15
80	19
80	20
80	25
80	27
80	30
80	31
80	36
80	45
80	49
80	61
80	67
80	70
80	73
80	74
80	78
80	81
81	2
81	12
81	18
81	19
81	20
81	25
81	27
81	30
81	31
81	36
81	43
81	45
81	49
81	51
81	61
81	67
81	70
81	73
81	74
81	80
