1	12
1	14
1	19
1	20
1	21
1	36
2	3
2	6
2	8
2	15
2	18
2	24
3	2
3	6
3	8
3	15
3	24
3	63
4	36
4	74
4	76
4	77
4	78
4	81
5	13
5	47
5	55
5	59
5	61
5	66
6	2
6	3
6	8
6	18
6	24
6	27
7	22
7	23
7	25
7	31
7	37
7	39
8	2
8	3
8	6
8	15
8	18
8	24
9	12
9	14
9	19
9	20
9	21
9	36
10	28
10	35
10	41
10	44
10	51
10	53
11	22
11	23
11	31
11	37
11	39
11	68
12	1
12	9
12	19
12	20
12	21
12	36
13	5
13	26
13	34
13	38
13	46
13	61
14	1
14	9
14	19
14	20
14	36
15	2
15	3
15	8
15	18
15	24
15	40
16	29
16	33
16	44
16	51
16	53
16	72
17	46
17	47
17	55
17	59
17	61
17	75
18	2
18	6
18	8
18	15
18	24
18	81
19	1
19	9
19	12
19	14
19	20
19	21
19	36
20	1
20	9
20	12
20	14
20	19
20	21
20	36
21	1
21	9
21	12
21	19
21	20
21	36
21	79
22	7
22	11
22	25
22	31
22	37
22	39
22	57
23	7
23	11
23	25
23	31
23	37
23	39
23	65
24	2
24	3
24	6
24	8
24	15
24	18
24	60
25	7
25	22
25	23
25	31
25	37
25	39
25	75
26	13
26	42
26	46
26	52
26	55
26	59
26	61
27	6
27	57
27	60
27	64
27	67
27	71
27	73
28	10
28	33
28	35
28	41
28	51
28	53
28	81
29	16
29	32
29	33
29	41
29	44
29	51
29	53
30	64
30	68
30	74
30	75
30	79
30	80
30	81
31	7
31	11
31	22
31	23
31	25
31	37
31	39
32	29
32	33
32	35
32	41
32	44
32	51
32	53
32	78
33	16
33	28
33	29
33	32
33	35
33	51
33	53
33	70
34	13
34	38
34	42
34	46
34	47
34	55
34	59
34	61
35	10
35	28
35	32
35	33
35	41
35	44
35	50
35	51
35	53
36	1
36	4
36	9
36	12
36	14
36	19
36	20
36	21
37	7
37	11
37	22
37	23
37	25
37	31
37	39
37	45
38	13
38	34
38	42
38	47
38	55
38	59
38	61
38	74
39	7
39	11
39	22
39	23
39	25
39	31
39	37
39	77
40	15
40	48
40	57
40	65
40	66
40	67
40	70
40	71
40	73
41	10
41	28
41	29
41	32
41	35
41	44
41	51
41	53
41	54
42	26
42	34
42	38
42	46
42	47
42	55
42	59
42	61
42	80
43	50
43	55
43	60
43	64
43	65
43	66
43	67
43	71
43	73
44	10
44	16
44	29
44	32
44	35
44	41
44	51
44	53
44	74
45	37
45	50
45	52
45	60
45	64
45	67
45	70
45	71
45	73
46	13
46	17
46	26
46	34
46	42
46	47
46	55
46	59
46	61
46	66
47	5
47	17
47	34
47	38
47	42
47	46
47	55
47	59
47	61
47	73
48	40
48	52
48	57
48	60
48	65
48	66
48	70
48	71
48	73
48	76
49	61
49	63
49	69
49	72
49	76
49	77
49	78
49	79
49	80
49	81
50	35
50	43
50	45
50	57
50	60
50	64
50	66
50	70
50	71
50	73
51	10
51	16
51	28
51	29
51	32
51	33
51	35
51	41
51	44
51	53
51	67
52	26
52	45
52	48
52	60
52	64
52	65
52	66
52	67
52	70
52	71
52	73
53	10
53	16
53	28
53	29
53	32
53	33
53	35
53	41
53	44
53	51
53	72
54	41
54	58
54	69
54	72
54	75
54	76
54	77
54	78
54	79
54	80
54	81
55	5
55	17
55	26
55	34
55	38
55	42
55	43
55	46
55	47
55	59
55	61
55	80
56	63
56	64
56	68
56	69
56	74
56	75
56	76
56	77
56	78
56	79
56	80
56	81
57	22
57	27
57	40
57	48
57	50
57	60
57	64
57	65
57	66
57	67
57	70
57	73
58	54
58	62
58	65
58	72
58	74
58	75
58	76
58	77
58	78
58	79
58	80
58	81
59	5
59	17
59	26
59	34
59	38
59	42
59	46
59	47
59	55
59	61
59	71
59	77
60	24
60	27
60	43
60	45
60	48
60	50
60	52
60	57
60	65
60	67
60	70
60	71
60	73
61	5
61	13
61	17
61	26
61	34
61	38
61	42
61	46
61	47
61	49
61	55
61	59
61	62
62	58
62	61
62	63
62	68
62	69
62	72
62	75
62	76
62	77
62	78
62	79
62	80
62	81
63	3
63	49
63	56
63	62
63	68
63	69
63	72
63	74
63	75
63	76
63	78
63	79
63	80
63	81
64	27
64	30
64	43
64	45
64	50
64	52
64	56
64	57
64	65
64	66
64	67
64	70
64	71
64	73
65	23
65	40
65	43
65	48
65	52
65	57
65	58
65	60
65	64
65	66
65	67
65	70
65	71
65	73
66	5
66	40
66	43
66	46
66	48
66	50
66	52
66	57
66	64
66	65
66	67
66	70
66	71
66	73
67	27
67	40
67	43
67	45
67	51
67	52
67	57
67	60
67	64
67	65
67	66
67	70
67	71
67	73
67	78
68	11
68	30
68	56
68	62
68	63
68	69
68	72
68	74
68	75
68	76
68	77
68	78
68	79
68	80
68	81
69	49
69	54
69	56
69	62
69	63
69	68
69	70
69	74
69	75
69	76
69	77
69	78
69	79
69	80
69	81
70	33
70	40
70	45
70	48
70	50
70	52
70	57
70	60
70	64
70	65
70	66
70	67
70	69
70	71
70	73
71	27
71	40
71	43
71	45
71	48
71	50
71	52
71	59
71	60
71	64
71	65
71	66
71	67
71	70
71	73
71	79
72	16
72	49
72	53
72	54
72	58
72	62
72	63
72	68
72	74
72	75
72	76
72	77
72	78
72	79
72	80
72	81
73	27
73	40
73	43
73	45
73	47
73	48
73	50
73	52
73	57
73	60
73	64
73	65
73	66
73	67
73	70
73	71
74	4
74	30
74	38
74	44
74	56
74	58
74	63
74	68
74	69
74	72
74	75
74	76
74	77
74	78
74	79
74	80
74	81
75	17
75	25
75	30
75	54
75	56
75	58
75	62
75	63
75	68
75	69
75	72
75	74
75	76
75	77
75	78
75	79
75	80
75	81
76	4
76	48
76	49
76	54
76	56
76	58
76	62
76	63
76	68
76	69
76	72
76	74
76	75
76	77
76	78
76	79
76	80
76	81
77	4
77	39
77	49
77	54
77	56
77	58
77	59
77	62
77	68
77	69
77	72
77	74
77	75
77	76
77	78
77	79
77	80
77	81
78	4
78	32
78	49
78	54
78	56
78	58
78	62
78	63
78	67
78	68
78	69
78	72
78	74
78	75
78	76
78	77
78	79
78	80
78	81
79	21
79	30
79	49
79	54
79	56
79	58
79	62
79	63
79	68
79	69
79	71
79	72
79	74
79	75
79	76
79	77
79	78
79	80
79	81
80	30
80	42
80	49
80	54
80	55
80	56
80	58
80	62
80	63
80	68
80	69
80	72
80	74
80	75
80	76
80	77
80	78
80	79
80	81
81	4
81	18
81	28
81	30
81	49
81	54
81	56
81	58
81	62
81	63
81	68
81	69
81	72
81	74
81	75
81	76
81	77
81	78
81	79
81	80
