1	7
1	56
1	58
1	59
1	61
1	67
2	3
2	33
2	53
2	54
2	55
2	57
3	2
3	46
3	53
3	54
3	55
3	57
4	15
4	31
4	41
4	52
4	62
4	66
5	10
5	11
5	30
5	47
5	63
5	64
6	19
6	50
6	70
6	74
6	75
6	76
7	1
7	16
7	44
7	59
7	67
7	77
8	40
8	43
8	60
8	73
8	79
8	81
9	65
9	72
9	75
9	76
9	78
9	81
10	5
10	26
10	34
10	47
10	63
10	64
11	5
11	18
11	32
11	34
11	60
11	64
12	42
12	56
12	71
12	79
12	80
12	81
13	15
13	23
13	44
13	56
13	58
13	67
14	46
14	53
14	54
14	55
14	57
14	76
15	4
15	13
15	48
15	51
15	52
15	62
15	66
16	7
16	35
16	38
16	44
16	56
16	58
16	67
17	22
17	29
17	71
17	77
17	79
17	80
17	81
18	11
18	30
18	32
18	34
18	47
18	63
18	64
19	6
19	68
19	69
19	72
19	75
19	76
19	78
20	21
20	26
20	30
20	32
20	34
20	63
20	64
21	20
21	22
21	46
21	53
21	54
21	55
21	57
22	17
22	21
22	46
22	53
22	54
22	55
22	57
23	13
23	25
23	38
23	56
23	58
23	59
23	67
24	61
24	73
24	77
24	78
24	79
24	80
24	81
25	23
25	35
25	38
25	56
25	58
25	59
25	67
26	10
26	20
26	32
26	34
26	47
26	63
26	64
27	41
27	45
27	48
27	51
27	52
27	62
27	66
28	41
28	45
28	48
28	51
28	52
28	62
28	66
28	81
29	17
29	42
29	61
29	63
29	73
29	77
29	80
29	81
30	5
30	18
30	20
30	32
30	47
30	63
30	64
30	68
31	4
31	39
31	71
31	73
31	77
31	79
31	80
31	81
32	11
32	18
32	20
32	26
32	30
32	47
32	63
32	64
33	2
33	49
33	65
33	68
33	74
33	75
33	76
33	78
34	10
34	11
34	18
34	20
34	26
34	59
34	63
34	64
35	16
35	25
35	38
35	44
35	58
35	59
35	67
35	74
36	64
36	68
36	69
36	70
36	72
36	74
36	75
36	78
37	50
37	67
37	69
37	70
37	72
37	74
37	76
37	78
38	16
38	23
38	25
38	35
38	44
38	59
38	67
38	72
39	31
39	60
39	71
39	73
39	77
39	79
39	80
39	81
40	8
40	60
40	61
40	66
40	77
40	79
40	80
40	81
41	4
41	27
41	28
41	45
41	48
41	51
41	62
41	66
42	12
42	29
42	43
42	71
42	77
42	78
42	79
42	80
42	81
43	8
43	42
43	49
43	60
43	71
43	73
43	77
43	80
43	81
44	7
44	13
44	16
44	35
44	38
44	47
44	58
44	59
44	67
45	27
45	28
45	41
45	48
45	51
45	52
45	62
45	66
45	69
46	3
46	14
46	21
46	22
46	53
46	54
46	55
46	57
46	73
47	5
47	10
47	18
47	26
47	30
47	32
47	44
47	63
47	64
48	15
48	27
48	28
48	41
48	45
48	51
48	52
48	62
48	66
49	33
49	43
49	68
49	69
49	70
49	72
49	75
49	76
49	78
50	6
50	37
50	58
50	65
50	70
50	72
50	74
50	75
50	78
51	15
51	27
51	28
51	41
51	45
51	48
51	52
51	57
51	62
51	66
52	4
52	15
52	27
52	28
52	45
52	48
52	51
52	62
52	66
52	73
53	2
53	3
53	14
53	21
53	22
53	46
53	54
53	55
53	57
53	63
54	2
54	3
54	14
54	21
54	22
54	46
54	53
54	55
54	57
54	62
55	2
55	3
55	14
55	21
55	22
55	46
55	53
55	54
55	57
55	79
56	1
56	12
56	13
56	16
56	23
56	25
56	58
56	59
56	65
56	67
57	2
57	3
57	14
57	21
57	22
57	46
57	51
57	53
57	54
57	55
58	1
58	13
58	16
58	23
58	25
58	35
58	44
58	50
58	56
58	59
58	67
59	1
59	7
59	23
59	25
59	34
59	35
59	38
59	44
59	56
59	58
59	67
60	8
60	11
60	39
60	40
60	43
60	71
60	73
60	77
60	79
60	80
60	81
61	1
61	24
61	29
61	40
61	66
61	71
61	73
61	77
61	79
61	80
61	81
62	4
62	15
62	27
62	28
62	41
62	45
62	48
62	51
62	52
62	54
62	66
63	5
63	10
63	18
63	20
63	26
63	29
63	30
63	32
63	34
63	47
63	53
63	64
64	5
64	10
64	11
64	18
64	20
64	26
64	30
64	32
64	34
64	36
64	47
64	63
65	9
65	33
65	50
65	56
65	68
65	69
65	70
65	72
65	74
65	75
65	76
65	78
66	4
66	15
66	27
66	28
66	40
66	41
66	45
66	48
66	51
66	52
66	61
66	62
67	1
67	7
67	13
67	16
67	23
67	25
67	35
67	37
67	38
67	44
67	56
67	58
67	59
68	19
68	30
68	33
68	36
68	49
68	65
68	69
68	70
68	72
68	74
68	75
68	76
68	78
69	19
69	36
69	37
69	45
69	49
69	65
69	68
69	70
69	72
69	74
69	75
69	76
69	78
69	80
70	6
70	36
70	37
70	49
70	50
70	65
70	68
70	69
70	71
70	72
70	74
70	75
70	76
70	78
71	12
71	17
71	31
71	39
71	42
71	43
71	60
71	61
71	70
71	73
71	77
71	79
71	80
71	81
72	9
72	19
72	36
72	37
72	38
72	49
72	50
72	65
72	68
72	69
72	70
72	74
72	75
72	76
72	78
73	8
73	24
73	29
73	31
73	39
73	43
73	46
73	52
73	60
73	61
73	71
73	77
73	79
73	80
73	81
74	6
74	33
74	35
74	36
74	37
74	50
74	65
74	68
74	69
74	70
74	72
74	75
74	76
74	78
74	80
75	6
75	9
75	19
75	33
75	36
75	49
75	50
75	65
75	68
75	69
75	70
75	72
75	74
75	76
75	77
75	78
76	6
76	9
76	14
76	19
76	33
76	37
76	49
76	65
76	68
76	69
76	70
76	72
76	74
76	75
76	78
76	79
77	7
77	17
77	24
77	29
77	31
77	39
77	40
77	42
77	43
77	60
77	61
77	71
77	73
77	75
77	79
77	80
77	81
78	9
78	19
78	24
78	33
78	36
78	37
78	42
78	49
78	50
78	65
78	68
78	69
78	70
78	72
78	74
78	75
78	76
79	8
79	12
79	17
79	24
79	31
79	39
79	40
79	42
79	55
79	60
79	61
79	71
79	73
79	76
79	77
79	80
79	81
80	12
80	17
80	24
80	29
80	31
80	39
80	40
80	42
80	43
80	60
80	61
80	69
80	71
80	73
80	74
80	77
80	79
80	81
81	8
81	9
81	12
81	17
81	24
81	28
81	29
81	31
81	39
81	40
81	42
81	43
81	60
81	61
81	71
81	73
81	77
81	79
81	80
