1	64
1	66
1	68
1	70
1	71
1	72
2	25
2	31
2	35
2	45
2	56
2	60
3	9
3	10
3	11
3	19
3	22
3	26
4	9
4	10
4	11
4	19
4	26
4	73
5	43
5	50
5	52
5	53
5	57
5	67
6	51
6	54
6	60
6	66
6	71
6	72
7	16
7	24
7	33
7	34
7	36
7	37
8	18
8	30
8	40
8	42
8	44
8	70
9	3
9	4
9	10
9	11
9	19
9	26
10	3
10	4
10	9
10	15
10	19
10	26
11	3
11	4
11	9
11	19
11	26
11	53
12	35
12	41
12	43
12	45
12	56
12	60
13	16
13	33
13	34
13	36
13	37
13	55
14	38
14	47
14	48
14	50
14	57
14	59
14	67
15	10
15	20
15	31
15	41
15	46
15	56
15	60
16	7
16	13
16	24
16	33
16	34
16	36
16	37
17	36
17	75
17	77
17	78
17	79
17	80
17	81
18	8
18	21
18	30
18	40
18	42
18	44
18	78
19	3
19	4
19	9
19	10
19	11
19	26
19	81
20	15
20	24
20	41
20	45
20	46
20	56
20	60
21	18
21	25
21	27
21	30
21	40
21	42
21	44
22	3
22	73
22	74
22	75
22	76
22	80
22	81
23	69
23	73
23	76
23	78
23	79
23	80
23	81
24	7
24	16
24	20
24	33
24	34
24	36
24	37
25	2
25	21
25	27
25	30
25	40
25	42
25	44
26	3
26	4
26	9
26	10
26	11
26	19
26	75
27	21
27	25
27	30
27	40
27	42
27	44
27	76
28	51
28	54
28	55
28	63
28	64
28	70
28	71
28	77
29	47
29	65
29	74
29	76
29	77
29	79
29	80
29	81
30	8
30	18
30	21
30	25
30	27
30	40
30	42
30	44
31	2
31	15
31	41
31	43
31	45
31	46
31	56
31	60
32	58
32	63
32	64
32	68
32	70
32	71
32	72
32	81
33	7
33	13
33	16
33	24
33	34
33	36
33	37
33	50
34	7
34	13
34	16
34	24
34	33
34	36
34	37
34	69
35	2
35	12
35	43
35	45
35	46
35	56
35	60
35	68
36	7
36	13
36	16
36	17
36	24
36	33
36	34
36	37
37	7
37	13
37	16
37	24
37	33
37	34
37	36
37	59
38	14
38	48
38	49
38	50
38	52
38	53
38	59
38	67
38	72
39	69
39	73
39	74
39	75
39	77
39	78
39	79
39	80
39	81
40	8
40	18
40	21
40	25
40	27
40	30
40	42
40	44
40	58
41	12
41	15
41	20
41	31
41	43
41	46
41	56
41	60
41	64
42	8
42	18
42	21
42	25
42	27
42	30
42	40
42	44
42	56
43	5
43	12
43	31
43	35
43	41
43	45
43	46
43	56
43	60
44	8
44	18
44	21
44	25
44	27
44	30
44	40
44	42
44	79
45	2
45	12
45	20
45	31
45	35
45	43
45	46
45	56
45	60
46	15
46	20
46	31
46	35
46	41
46	43
46	45
46	56
46	60
46	66
47	14
47	29
47	48
47	49
47	50
47	52
47	53
47	57
47	59
47	67
48	14
48	38
48	47
48	49
48	52
48	53
48	57
48	59
48	61
48	67
49	38
49	47
49	48
49	50
49	52
49	53
49	57
49	59
49	67
49	78
50	5
50	14
50	33
50	38
50	47
50	49
50	52
50	53
50	57
50	59
50	67
51	6
51	28
51	55
51	58
51	63
51	66
51	68
51	70
51	71
51	72
51	79
52	5
52	38
52	47
52	48
52	49
52	50
52	53
52	57
52	59
52	67
52	71
53	5
53	11
53	38
53	47
53	48
53	49
53	50
53	52
53	57
53	59
53	67
54	6
54	28
54	55
54	57
54	58
54	63
54	64
54	66
54	68
54	70
54	71
54	72
55	13
55	28
55	51
55	54
55	58
55	63
55	64
55	66
55	68
55	70
55	71
55	72
56	2
56	12
56	15
56	20
56	31
56	35
56	41
56	42
56	43
56	45
56	46
56	60
57	5
57	14
57	47
57	48
57	49
57	50
57	52
57	53
57	54
57	59
57	67
57	80
58	32
58	40
58	51
58	54
58	55
58	63
58	64
58	66
58	68
58	70
58	71
58	72
59	14
59	37
59	38
59	47
59	48
59	49
59	50
59	52
59	53
59	57
59	67
59	77
60	2
60	6
60	12
60	15
60	20
60	31
60	35
60	41
60	43
60	45
60	46
60	56
61	48
61	62
61	65
61	69
61	73
61	74
61	75
61	76
61	77
61	78
61	79
61	80
61	81
62	61
62	65
62	67
62	69
62	73
62	74
62	75
62	76
62	77
62	78
62	79
62	80
62	81
63	28
63	32
63	51
63	54
63	55
63	58
63	64
63	66
63	68
63	70
63	71
63	72
63	75
64	1
64	28
64	32
64	41
64	54
64	55
64	58
64	63
64	66
64	68
64	70
64	71
64	72
65	29
65	61
65	62
65	72
65	73
65	74
65	75
65	76
65	77
65	78
65	79
65	80
65	81
66	1
66	6
66	46
66	51
66	54
66	55
66	58
66	63
66	64
66	68
66	70
66	71
66	72
67	5
67	14
67	38
67	47
67	48
67	49
67	50
67	52
67	53
67	57
67	59
67	62
67	74
68	1
68	32
68	35
68	51
68	54
68	55
68	58
68	63
68	64
68	66
68	70
68	71
68	72
69	23
69	34
69	39
69	61
69	62
69	73
69	74
69	76
69	77
69	78
69	79
69	80
69	81
70	1
70	8
70	28
70	32
70	51
70	54
70	55
70	58
70	63
70	64
70	66
70	68
70	71
70	72
71	1
71	6
71	28
71	32
71	51
71	52
71	54
71	55
71	58
71	63
71	64
71	66
71	68
71	70
71	72
72	1
72	6
72	32
72	38
72	51
72	54
72	55
72	58
72	63
72	64
72	65
72	66
72	68
72	70
72	71
73	4
73	22
73	23
73	39
73	61
73	62
73	65
73	69
73	74
73	75
73	76
73	77
73	78
73	79
73	80
73	81
74	22
74	29
74	39
74	61
74	62
74	65
74	67
74	69
74	73
74	75
74	76
74	77
74	78
74	79
74	80
74	81
75	17
75	22
75	26
75	39
75	61
75	62
75	63
75	65
75	73
75	74
75	76
75	77
75	78
75	79
75	80
75	81
76	22
76	23
76	27
76	29
76	61
76	62
76	65
76	69
76	73
76	74
76	75
76	77
76	78
76	79
76	80
76	81
77	17
77	28
77	29
77	39
77	59
77	61
77	62
77	65
77	69
77	73
77	74
77	75
77	76
77	78
77	79
77	80
77	81
78	17
78	18
78	23
78	39
78	49
78	61
78	62
78	65
78	69
78	73
78	74
78	75
78	76
78	77
78	79
78	80
78	81
79	17
79	23
79	29
79	39
79	44
79	51
79	61
79	62
79	65
79	69
79	73
79	74
79	75
79	76
79	77
79	78
79	80
79	81
80	17
80	22
80	23
80	29
80	39
80	57
80	61
80	62
80	65
80	69
80	73
80	74
80	75
80	76
80	77
80	78
80	79
80	81
81	17
81	19
81	22
81	23
81	29
81	32
81	39
81	61
81	62
81	65
81	69
81	73
81	74
81	75
81	76
81	77
81	78
81	79
81	80
