1	3
1	51
1	59
1	74
1	79
1	81
2	15
2	19
2	27
2	35
2	36
2	43
3	1
3	6
3	51
3	68
3	79
3	81
4	13
4	21
4	46
4	62
4	72
4	76
5	29
5	59
5	63
5	74
5	79
5	81
6	3
6	25
6	38
6	45
6	75
6	77
7	34
7	41
7	58
7	67
7	75
7	77
8	10
8	33
8	63
8	74
8	79
8	81
9	40
9	45
9	63
9	74
9	79
9	81
10	8
10	33
10	53
10	74
10	79
10	81
11	55
11	61
11	71
11	73
11	78
11	80
12	20
12	30
12	63
12	65
12	79
12	81
13	4
13	42
13	46
13	48
13	72
13	76
14	23
14	45
14	57
14	75
14	77
14	78
15	2
15	27
15	35
15	36
15	39
15	43
16	35
16	57
16	58
16	67
16	75
16	77
17	26
17	42
17	48
17	65
17	72
17	76
18	55
18	64
18	70
18	71
18	73
18	78
19	2
19	27
19	31
19	35
19	39
19	43
19	74
20	12
20	40
20	51
20	53
20	68
20	79
20	81
21	4
21	41
21	48
21	62
21	65
21	72
21	76
22	55
22	61
22	69
22	70
22	73
22	78
22	80
23	14
23	28
23	34
23	58
23	60
23	75
23	77
24	37
24	49
24	52
24	62
24	65
24	72
24	76
25	6
25	38
25	44
25	45
25	47
25	75
25	77
26	17
26	37
26	39
26	48
26	56
26	72
26	76
27	2
27	15
27	19
27	31
27	36
27	39
27	43
28	23
28	50
28	57
28	67
28	75
28	77
28	81
29	5
29	60
29	61
29	70
29	73
29	78
29	80
30	12
30	55
30	59
30	68
30	74
30	79
30	81
31	19
31	27
31	35
31	36
31	37
31	39
31	43
32	64
32	66
32	70
32	71
32	73
32	78
32	80
33	8
33	10
33	59
33	63
33	68
33	74
33	79
33	81
34	7
34	23
34	44
34	50
34	54
34	67
34	75
34	77
35	2
35	15
35	16
35	19
35	31
35	36
35	39
35	43
36	2
36	15
36	27
36	31
36	35
36	39
36	43
36	50
37	24
37	26
37	31
37	42
37	46
37	48
37	62
37	76
38	6
38	25
38	50
38	57
38	58
38	67
38	75
38	77
39	15
39	19
39	26
39	27
39	31
39	35
39	36
39	43
40	9
40	20
40	53
40	68
40	70
40	74
40	79
40	81
41	7
41	21
41	42
41	52
41	56
41	62
41	72
41	76
42	13
42	17
42	37
42	41
42	52
42	56
42	65
42	76
43	2
43	15
43	19
43	27
43	31
43	35
43	36
43	39
44	25
44	34
44	45
44	50
44	58
44	75
44	76
44	77
45	6
45	9
45	14
45	25
45	44
45	67
45	75
45	77
46	4
46	13
46	37
46	48
46	56
46	62
46	65
46	67
46	76
47	25
47	54
47	55
47	60
47	64
47	66
47	69
47	78
47	80
48	13
48	17
48	21
48	26
48	37
48	46
48	65
48	72
48	76
49	24
49	60
49	61
49	64
49	69
49	71
49	73
49	78
49	80
50	28
50	34
50	36
50	38
50	44
50	57
50	67
50	75
50	77
51	1
51	3
51	20
51	63
51	68
51	74
51	76
51	79
51	81
52	24
52	41
52	42
52	56
52	57
52	62
52	65
52	72
52	76
53	10
53	20
53	40
53	59
53	63
53	68
53	69
53	79
53	81
54	34
54	47
54	60
54	64
54	66
54	71
54	73
54	78
54	80
55	11
55	18
55	22
55	30
55	47
55	69
55	71
55	78
55	80
56	26
56	41
56	42
56	46
56	52
56	62
56	63
56	65
56	72
56	76
57	14
57	16
57	28
57	38
57	50
57	52
57	58
57	67
57	75
57	77
58	7
58	16
58	23
58	38
58	44
58	57
58	67
58	75
58	77
58	80
59	1
59	5
59	30
59	33
59	53
59	63
59	65
59	68
59	74
59	81
60	23
60	29
60	47
60	49
60	54
60	64
60	66
60	69
60	70
60	71
60	80
61	11
61	22
61	29
61	49
61	64
61	66
61	69
61	73
61	77
61	78
61	79
61	80
62	4
62	21
62	24
62	37
62	41
62	46
62	52
62	56
62	65
62	72
62	75
62	76
63	5
63	8
63	9
63	12
63	33
63	51
63	53
63	56
63	59
63	68
63	74
63	79
63	81
64	18
64	32
64	47
64	49
64	54
64	60
64	61
64	66
64	67
64	69
64	70
64	78
64	80
65	12
65	17
65	21
65	24
65	42
65	46
65	48
65	52
65	56
65	59
65	62
65	72
65	76
66	32
66	47
66	54
66	60
66	61
66	64
66	69
66	70
66	71
66	73
66	74
66	78
66	80
67	7
67	16
67	28
67	34
67	38
67	45
67	46
67	50
67	57
67	58
67	64
67	75
67	77
68	3
68	20
68	30
68	33
68	40
68	51
68	53
68	59
68	63
68	74
68	79
68	80
68	81
69	22
69	47
69	49
69	53
69	55
69	60
69	61
69	64
69	66
69	71
69	73
69	78
69	80
70	18
70	22
70	29
70	32
70	40
70	60
70	64
70	66
70	71
70	72
70	73
70	78
70	80
71	11
71	18
71	32
71	49
71	54
71	55
71	60
71	66
71	69
71	70
71	73
71	78
71	80
71	81
72	4
72	13
72	17
72	21
72	24
72	26
72	41
72	48
72	52
72	56
72	62
72	65
72	70
72	76
73	11
73	18
73	22
73	29
73	32
73	49
73	54
73	61
73	66
73	69
73	70
73	71
73	78
73	79
73	80
74	1
74	5
74	8
74	9
74	10
74	19
74	30
74	33
74	40
74	51
74	59
74	63
74	66
74	68
74	79
74	81
75	6
75	7
75	14
75	16
75	23
75	25
75	28
75	34
75	38
75	44
75	45
75	50
75	57
75	58
75	62
75	67
75	77
76	4
76	13
76	17
76	21
76	24
76	26
76	37
76	41
76	42
76	44
76	46
76	48
76	51
76	52
76	56
76	62
76	65
76	72
77	6
77	7
77	14
77	16
77	23
77	25
77	28
77	34
77	38
77	44
77	45
77	50
77	57
77	58
77	61
77	67
77	75
77	78
78	11
78	14
78	18
78	22
78	29
78	32
78	47
78	49
78	54
78	55
78	61
78	64
78	66
78	69
78	70
78	71
78	73
78	77
78	80
79	1
79	3
79	5
79	8
79	9
79	10
79	12
79	20
79	30
79	33
79	40
79	51
79	53
79	61
79	63
79	68
79	73
79	74
79	81
80	11
80	22
80	29
80	32
80	47
80	49
80	54
80	55
80	58
80	60
80	61
80	64
80	66
80	68
80	69
80	70
80	71
80	73
80	78
81	1
81	3
81	5
81	8
81	9
81	10
81	12
81	20
81	28
81	30
81	33
81	40
81	51
81	53
81	59
81	63
81	68
81	71
81	74
81	79
