1	13
1	41
1	43
1	44
1	49
1	58
2	10
2	11
2	15
2	17
2	20
2	36
3	22
3	23
3	34
3	39
3	42
3	49
4	23
4	72
4	76
4	79
4	80
4	81
5	14
5	16
5	37
5	40
5	46
5	56
6	12
6	25
6	50
6	52
6	57
6	61
7	14
7	22
7	24
7	46
7	56
7	73
8	28
8	63
8	65
8	67
8	70
8	75
9	22
9	23
9	32
9	39
9	42
9	61
10	2
10	15
10	17
10	20
10	36
10	68
11	2
11	15
11	17
11	20
11	36
11	79
12	6
12	47
12	52
12	55
12	57
12	61
13	1
13	18
13	43
13	49
13	51
13	58
14	5
14	7
14	27
14	40
14	46
14	56
15	2
15	10
15	11
15	17
15	20
15	36
16	5
16	24
16	37
16	40
16	46
16	56
16	76
17	2
17	10
17	11
17	15
17	20
17	36
17	60
18	13
18	26
18	44
18	49
18	51
18	58
18	71
19	72
19	73
19	75
19	77
19	78
19	80
19	81
20	2
20	10
20	11
20	15
20	17
20	36
20	64
21	60
21	64
21	65
21	67
21	68
21	70
21	79
22	3
22	7
22	9
22	32
22	34
22	39
22	42
23	3
23	4
23	9
23	32
23	34
23	39
23	42
24	7
24	16
24	27
24	37
24	40
24	56
24	66
25	6
25	31
25	47
25	52
25	55
25	57
25	61
26	18
26	33
26	35
26	41
26	43
26	51
26	58
27	14
27	24
27	37
27	40
27	46
27	56
27	80
28	8
28	63
28	64
28	65
28	68
28	70
28	77
29	33
29	35
29	37
29	41
29	43
29	44
29	51
30	32
30	47
30	50
30	55
30	57
30	61
30	74
31	25
31	47
31	50
31	52
31	55
31	57
31	61
32	9
32	22
32	23
32	30
32	34
32	39
32	42
33	26
33	29
33	41
33	49
33	51
33	58
33	66
34	3
34	22
34	23
34	32
34	39
34	42
34	48
35	26
35	29
35	41
35	43
35	49
35	58
35	69
36	2
36	10
36	11
36	15
36	17
36	20
36	72
37	5
37	16
37	24
37	27
37	29
37	40
37	46
37	56
38	45
38	52
38	63
38	64
38	65
38	67
38	68
38	70
39	3
39	9
39	22
39	23
39	32
39	34
39	42
39	51
40	5
40	14
40	16
40	24
40	27
40	37
40	46
40	56
41	1
41	26
41	29
41	33
41	35
41	44
41	49
41	81
42	3
42	9
42	22
42	23
42	32
42	34
42	39
42	57
43	1
43	13
43	26
43	29
43	35
43	44
43	51
43	58
44	1
44	18
44	29
44	41
44	43
44	49
44	51
44	58
45	38
45	54
45	59
45	60
45	64
45	65
45	67
45	68
45	70
46	5
46	7
46	14
46	16
46	27
46	37
46	40
46	56
46	62
47	12
47	25
47	30
47	31
47	50
47	52
47	55
47	61
47	81
48	34
48	54
48	60
48	63
48	64
48	65
48	67
48	68
48	70
49	1
49	3
49	13
49	18
49	33
49	35
49	41
49	44
49	58
50	6
50	30
50	31
50	47
50	52
50	55
50	57
50	61
50	78
51	13
51	18
51	26
51	29
51	33
51	39
51	43
51	44
51	58
52	6
52	12
52	25
52	31
52	38
52	47
52	50
52	55
52	57
52	61
53	56
53	69
53	71
53	73
53	74
53	75
53	77
53	79
53	80
53	81
54	45
54	48
54	60
54	63
54	64
54	65
54	67
54	68
54	70
54	71
55	12
55	25
55	30
55	31
55	47
55	50
55	52
55	57
55	61
55	69
56	5
56	7
56	14
56	16
56	24
56	27
56	37
56	40
56	46
56	53
57	6
57	12
57	25
57	30
57	31
57	42
57	50
57	52
57	55
57	61
58	1
58	13
58	18
58	26
58	33
58	35
58	43
58	44
58	49
58	51
58	76
59	45
59	71
59	73
59	74
59	75
59	76
59	77
59	78
59	79
59	80
59	81
60	17
60	21
60	45
60	48
60	54
60	63
60	64
60	65
60	67
60	68
60	70
61	6
61	9
61	12
61	25
61	30
61	31
61	47
61	50
61	52
61	55
61	57
62	46
62	66
62	72
62	73
62	74
62	75
62	76
62	77
62	78
62	79
62	80
62	81
63	8
63	28
63	38
63	48
63	54
63	60
63	64
63	65
63	67
63	68
63	70
63	74
64	20
64	21
64	28
64	38
64	45
64	48
64	54
64	60
64	63
64	65
64	67
64	68
64	70
65	8
65	21
65	28
65	38
65	45
65	48
65	54
65	60
65	63
65	64
65	67
65	68
65	70
66	24
66	33
66	62
66	71
66	72
66	74
66	75
66	76
66	77
66	78
66	79
66	80
66	81
67	8
67	21
67	38
67	45
67	48
67	54
67	60
67	63
67	64
67	65
67	68
67	70
67	80
68	10
68	21
68	28
68	38
68	45
68	48
68	54
68	60
68	63
68	64
68	65
68	67
68	70
69	35
69	53
69	55
69	71
69	72
69	73
69	74
69	75
69	76
69	77
69	78
69	79
69	80
69	81
70	8
70	21
70	28
70	38
70	45
70	48
70	54
70	60
70	63
70	64
70	65
70	67
70	68
70	78
71	18
71	53
71	54
71	59
71	66
71	69
71	72
71	73
71	74
71	75
71	76
71	77
71	78
71	79
71	80
71	81
72	4
72	19
72	36
72	62
72	66
72	69
72	71
72	73
72	74
72	75
72	76
72	77
72	78
72	79
72	80
72	81
73	7
73	19
73	53
73	59
73	62
73	69
73	71
73	72
73	74
73	75
73	76
73	77
73	78
73	79
73	80
73	81
74	30
74	53
74	59
74	62
74	63
74	66
74	69
74	71
74	72
74	73
74	75
74	76
74	77
74	78
74	79
74	80
74	81
75	8
75	19
75	53
75	59
75	62
75	66
75	69
75	71
75	72
75	73
75	74
75	76
75	77
75	78
75	79
75	80
75	81
76	4
76	16
76	58
76	59
76	62
76	66
76	69
76	71
76	72
76	73
76	74
76	75
76	77
76	78
76	79
76	80
76	81
77	19
77	28
77	53
77	59
77	62
77	66
77	69
77	71
77	72
77	73
77	74
77	75
77	76
77	78
77	79
77	80
77	81
78	19
78	50
78	59
78	62
78	66
78	69
78	70
78	71
78	72
78	73
78	74
78	75
78	76
78	77
78	79
78	80
78	81
79	4
79	11
79	21
79	53
79	59
79	62
79	66
79	69
79	71
79	72
79	73
79	74
79	75
79	76
79	77
79	78
79	80
79	81
80	4
80	19
80	27
80	53
80	59
80	62
80	66
80	67
80	69
80	71
80	72
80	73
80	74
80	75
80	76
80	77
80	78
80	79
80	81
81	4
81	19
81	41
81	47
81	53
81	59
81	62
81	66
81	69
81	71
81	72
81	73
81	74
81	75
81	76
81	77
81	78
81	79
81	80
