1	9
1	21
1	57
1	61
1	63
1	73
2	15
2	16
2	24
2	31
2	32
2	62
3	25
3	38
3	42
3	45
3	48
3	79
4	25
4	38
4	42
4	45
4	48
4	64
5	15
5	16
5	24
5	31
5	32
5	77
6	19
6	25
6	42
6	45
6	48
6	59
7	39
7	40
7	57
7	58
7	61
7	63
8	33
8	39
8	57
8	58
8	61
8	63
9	1
9	33
9	39
9	58
9	61
9	63
10	16
10	62
10	66
10	68
10	78
10	81
11	18
11	29
11	35
11	36
11	38
11	43
12	49
12	62
12	66
12	78
12	79
12	81
13	40
13	47
13	51
13	56
13	59
13	65
13	67
14	37
14	44
14	64
14	69
14	78
14	79
14	81
15	2
15	5
15	16
15	24
15	31
15	32
15	42
16	2
16	5
16	10
16	15
16	24
16	31
16	32
17	71
17	72
17	73
17	74
17	76
17	77
17	80
18	11
18	29
18	34
18	35
18	36
18	37
18	43
19	6
19	25
19	38
19	42
19	45
19	48
19	52
20	40
20	50
20	51
20	52
20	56
20	65
20	67
21	1
21	26
21	33
21	57
21	58
21	61
21	63
22	28
22	60
22	66
22	69
22	78
22	79
22	81
23	44
23	70
23	71
23	74
23	76
23	77
23	80
24	2
24	5
24	15
24	16
24	31
24	32
24	53
25	3
25	4
25	6
25	19
25	45
25	48
25	72
26	21
26	73
26	74
26	75
26	76
26	77
26	80
27	46
27	60
27	69
27	78
27	79
27	80
27	81
28	22
28	67
28	68
28	75
28	78
28	79
28	81
29	11
29	18
29	30
29	34
29	36
29	37
29	43
30	29
30	34
30	35
30	36
30	37
30	39
30	43
31	2
31	5
31	15
31	16
31	24
31	32
31	81
32	2
32	5
32	15
32	16
32	24
32	31
32	66
33	8
33	9
33	21
33	57
33	58
33	61
33	63
34	18
34	29
34	30
34	35
34	36
34	37
34	43
35	11
35	18
35	30
35	34
35	36
35	37
35	46
36	11
36	18
36	29
36	30
36	34
36	35
36	37
36	43
37	14
37	18
37	29
37	30
37	34
37	35
37	36
37	43
38	3
38	4
38	11
38	19
38	42
38	45
38	48
38	81
39	7
39	8
39	9
39	30
39	57
39	58
39	61
39	63
40	7
40	13
40	20
40	47
40	50
40	56
40	65
40	67
41	49
41	72
41	73
41	74
41	75
41	76
41	77
41	80
42	3
42	4
42	6
42	15
42	19
42	38
42	45
42	48
43	11
43	18
43	29
43	30
43	34
43	36
43	37
43	80
44	14
44	23
44	46
44	64
44	66
44	69
44	78
44	79
44	81
45	3
45	4
45	6
45	19
45	25
45	38
45	42
45	48
45	68
46	27
46	35
46	44
46	60
46	64
46	68
46	78
46	79
46	81
47	13
47	40
47	50
47	51
47	52
47	59
47	61
47	65
47	67
48	3
48	4
48	6
48	19
48	25
48	38
48	42
48	45
48	74
49	12
49	41
49	54
49	70
49	73
49	74
49	75
49	77
49	80
50	20
50	40
50	47
50	52
50	56
50	59
50	65
50	67
50	75
51	13
51	20
51	47
51	52
51	56
51	59
51	65
51	67
51	77
52	19
52	20
52	47
52	50
52	51
52	56
52	59
52	65
52	67
53	24
53	54
53	70
53	71
53	72
53	75
53	76
53	77
53	80
54	49
54	53
54	55
54	72
54	73
54	74
54	75
54	77
54	80
55	54
55	70
55	71
55	73
55	74
55	75
55	76
55	77
55	80
56	13
56	20
56	40
56	50
56	51
56	52
56	59
56	65
56	67
56	78
57	1
57	7
57	8
57	21
57	33
57	39
57	58
57	61
57	63
57	79
58	7
58	8
58	9
58	21
58	33
58	39
58	57
58	61
58	63
58	71
59	6
59	13
59	47
59	50
59	51
59	52
59	56
59	65
59	67
59	69
60	22
60	27
60	46
60	62
60	68
60	69
60	76
60	78
60	79
60	81
61	1
61	7
61	8
61	9
61	21
61	33
61	39
61	47
61	57
61	58
61	63
62	2
62	10
62	12
62	60
62	64
62	66
62	68
62	69
62	78
62	79
62	81
63	1
63	7
63	8
63	9
63	21
63	33
63	39
63	57
63	58
63	61
63	76
64	4
64	14
64	44
64	46
64	62
64	66
64	68
64	69
64	78
64	79
64	81
65	13
65	20
65	40
65	47
65	50
65	51
65	52
65	56
65	59
65	67
65	70
65	72
66	10
66	12
66	22
66	32
66	44
66	62
66	64
66	68
66	69
66	78
66	79
66	81
67	13
67	20
67	28
67	40
67	47
67	50
67	51
67	52
67	56
67	59
67	65
67	71
68	10
68	28
68	45
68	46
68	60
68	62
68	64
68	66
68	69
68	78
68	79
68	81
69	14
69	22
69	27
69	44
69	59
69	60
69	62
69	64
69	66
69	68
69	78
69	79
69	81
70	23
70	49
70	53
70	55
70	65
70	71
70	72
70	73
70	74
70	75
70	76
70	77
70	80
71	17
71	23
71	53
71	55
71	58
71	67
71	70
71	72
71	73
71	74
71	75
71	76
71	77
71	80
72	17
72	25
72	41
72	53
72	54
72	65
72	70
72	71
72	73
72	74
72	75
72	76
72	77
72	80
73	1
73	17
73	26
73	41
73	49
73	54
73	55
73	70
73	71
73	72
73	74
73	75
73	76
73	80
74	17
74	23
74	26
74	41
74	48
74	49
74	54
74	55
74	70
74	71
74	72
74	73
74	75
74	76
74	77
74	80
75	26
75	28
75	41
75	49
75	50
75	53
75	54
75	55
75	70
75	71
75	72
75	73
75	74
75	76
75	77
75	80
76	17
76	23
76	26
76	41
76	53
76	55
76	60
76	63
76	70
76	71
76	72
76	73
76	74
76	75
76	77
76	80
77	5
77	17
77	23
77	26
77	41
77	49
77	51
77	53
77	54
77	55
77	70
77	71
77	72
77	74
77	75
77	76
77	80
78	10
78	12
78	14
78	22
78	27
78	28
78	44
78	46
78	56
78	60
78	62
78	64
78	66
78	68
78	69
78	79
78	81
79	3
79	12
79	14
79	22
79	27
79	28
79	44
79	46
79	57
79	60
79	62
79	64
79	66
79	68
79	69
79	78
79	81
80	17
80	23
80	26
80	27
80	41
80	43
80	49
80	53
80	54
80	55
80	70
80	71
80	72
80	73
80	74
80	75
80	76
80	77
81	10
81	12
81	14
81	22
81	27
81	28
81	31
81	38
81	44
81	46
81	60
81	62
81	64
81	66
81	68
81	69
81	78
81	79
