1	9
1	22
1	24
1	30
1	35
1	44
2	36
2	43
2	49
2	56
2	57
2	60
3	11
3	12
3	15
3	19
3	21
3	72
4	66
4	74
4	77
4	79
4	80
4	81
5	18
5	23
5	29
5	47
5	52
5	54
6	48
6	58
6	65
6	66
6	67
6	68
7	37
7	51
7	56
7	59
7	61
7	64
8	34
8	37
8	42
8	45
8	61
8	64
9	1
9	13
9	22
9	25
9	30
9	35
10	15
10	62
10	65
10	66
10	67
10	68
11	3
11	12
11	17
11	19
11	21
11	70
12	3
12	11
12	15
12	17
12	19
12	74
13	9
13	22
13	24
13	30
13	35
13	41
14	41
14	62
14	65
14	66
14	67
14	68
15	3
15	10
15	12
15	17
15	19
15	21
16	42
16	45
16	59
16	61
16	64
16	77
17	11
17	12
17	15
17	19
17	21
17	47
18	5
18	27
18	33
18	47
18	52
18	54
19	3
19	11
19	12
19	15
19	17
19	21
20	21
20	76
20	78
20	79
20	80
20	81
21	3
21	11
21	15
21	17
21	19
21	20
22	1
22	9
22	13
22	25
22	30
22	35
23	5
23	26
23	33
23	52
23	54
23	73
24	1
24	13
24	25
24	35
24	51
24	81
25	9
25	22
25	24
25	30
25	35
25	79
26	23
26	27
26	29
26	46
26	47
26	54
27	18
27	26
27	29
27	47
27	52
27	54
28	36
28	53
28	56
28	57
28	60
28	74
29	5
29	26
29	27
29	33
29	47
29	52
29	54
30	1
30	9
30	13
30	22
30	25
30	35
30	69
31	39
31	49
31	50
31	53
31	56
31	57
31	60
32	60
32	71
32	74
32	77
32	78
32	80
32	81
33	18
33	23
33	29
33	47
33	50
33	52
33	54
34	8
34	45
34	46
34	51
34	59
34	61
34	64
35	1
35	9
35	13
35	22
35	24
35	25
35	30
36	2
36	28
36	49
36	50
36	53
36	56
36	57
36	60
37	7
37	8
37	42
37	45
37	46
37	51
37	59
37	64
38	41
38	43
38	48
38	62
38	65
38	66
38	67
38	68
39	31
39	49
39	50
39	53
39	56
39	57
39	60
39	76
40	43
40	48
40	58
40	62
40	65
40	66
40	67
40	68
40	78
41	13
41	14
41	38
41	58
41	62
41	65
41	66
41	67
41	68
42	8
42	16
42	37
42	46
42	51
42	59
42	61
42	63
42	64
43	2
43	38
43	40
43	58
43	62
43	65
43	66
43	67
43	68
44	1
44	72
44	74
44	75
44	76
44	78
44	79
44	80
44	81
45	8
45	16
45	34
45	37
45	46
45	59
45	61
45	64
45	73
46	26
46	34
46	37
46	42
46	45
46	51
46	59
46	61
46	64
47	5
47	17
47	18
47	26
47	27
47	29
47	33
47	52
47	54
48	6
48	38
48	40
48	58
48	62
48	65
48	66
48	67
48	68
49	2
49	31
49	36
49	39
49	50
49	53
49	56
49	57
49	60
50	31
50	33
50	36
50	39
50	49
50	53
50	56
50	57
50	60
51	7
51	24
51	34
51	37
51	42
51	46
51	59
51	61
51	64
52	5
52	18
52	23
52	27
52	29
52	33
52	47
52	54
52	76
53	28
53	31
53	36
53	39
53	49
53	50
53	56
53	57
53	60
53	77
54	5
54	18
54	23
54	26
54	27
54	29
54	33
54	47
54	52
54	55
55	54
55	71
55	72
55	75
55	76
55	77
55	78
55	79
55	80
55	81
56	2
56	7
56	28
56	31
56	36
56	39
56	49
56	50
56	53
56	57
56	60
57	2
57	28
57	31
57	36
57	39
57	49
57	50
57	53
57	56
57	60
57	78
58	6
58	40
58	41
58	43
58	48
58	62
58	64
58	65
58	66
58	67
58	68
59	7
59	16
59	34
59	37
59	42
59	45
59	46
59	51
59	61
59	63
59	64
60	2
60	28
60	31
60	32
60	36
60	39
60	49
60	50
60	53
60	56
60	57
61	7
61	8
61	16
61	34
61	42
61	45
61	46
61	51
61	59
61	64
61	69
61	75
62	10
62	14
62	38
62	40
62	41
62	43
62	48
62	58
62	66
62	67
62	68
62	75
63	42
63	59
63	71
63	72
63	73
63	75
63	76
63	77
63	78
63	79
63	80
63	81
64	7
64	8
64	16
64	34
64	37
64	42
64	45
64	46
64	51
64	58
64	59
64	61
64	81
65	6
65	10
65	14
65	38
65	40
65	41
65	43
65	48
65	58
65	66
65	67
65	68
65	80
66	4
66	6
66	10
66	14
66	38
66	40
66	41
66	43
66	48
66	58
66	62
66	65
66	67
66	68
67	6
67	10
67	14
67	38
67	40
67	41
67	43
67	48
67	58
67	62
67	65
67	66
67	68
67	71
68	6
68	10
68	14
68	38
68	40
68	41
68	43
68	48
68	58
68	62
68	65
68	66
68	67
68	79
69	30
69	61
69	70
69	71
69	72
69	73
69	74
69	75
69	76
69	77
69	78
69	79
69	80
69	81
70	11
70	69
70	71
70	72
70	73
70	74
70	75
70	76
70	77
70	78
70	79
70	80
70	81
71	32
71	55
71	63
71	67
71	69
71	70
71	72
71	73
71	74
71	75
71	76
71	77
71	78
71	79
71	80
71	81
72	3
72	44
72	55
72	63
72	69
72	70
72	71
72	73
72	74
72	75
72	76
72	77
72	78
72	79
72	80
72	81
73	23
73	45
73	63
73	69
73	70
73	71
73	72
73	74
73	75
73	76
73	77
73	78
73	79
73	80
73	81
74	4
74	12
74	28
74	32
74	44
74	69
74	70
74	71
74	72
74	73
74	75
74	76
74	77
74	78
74	79
74	80
74	81
75	44
75	55
75	61
75	62
75	63
75	69
75	70
75	71
75	72
75	73
75	74
75	76
75	77
75	78
75	79
75	80
75	81
76	20
76	39
76	44
76	52
76	55
76	63
76	69
76	70
76	71
76	72
76	73
76	74
76	75
76	77
76	78
76	79
76	80
76	81
77	4
77	16
77	32
77	53
77	55
77	63
77	69
77	70
77	71
77	72
77	73
77	74
77	75
77	76
77	78
77	79
77	80
77	81
78	20
78	32
78	40
78	44
78	55
78	57
78	63
78	69
78	70
78	71
78	72
78	73
78	74
78	75
78	76
78	77
78	79
78	80
78	81
79	4
79	20
79	25
79	44
79	55
79	63
79	68
79	69
79	70
79	71
79	72
79	73
79	74
79	75
79	76
79	77
79	78
79	80
79	81
80	4
80	20
80	32
80	44
80	55
80	63
80	65
80	69
80	70
80	71
80	72
80	73
80	74
80	75
80	76
80	77
80	78
80	79
80	81
81	4
81	20
81	24
81	32
81	44
81	55
81	63
81	64
81	69
81	70
81	71
81	72
81	73
81	74
81	75
81	76
81	77
81	78
81	79
81	80
