1	56
1	76
1	77
1	79
1	80
1	81
2	4
2	7
2	23
2	33
2	44
2	45
3	34
3	47
3	53
3	54
3	59
3	65
4	2
4	5
4	23
4	33
4	44
4	45
5	4
5	7
5	9
5	33
5	44
5	45
6	8
6	12
6	30
6	38
6	40
6	79
7	2
7	5
7	9
7	23
7	45
7	63
8	6
8	12
8	27
8	30
8	38
8	40
9	5
9	7
9	33
9	44
9	45
9	54
10	53
10	64
10	65
10	71
10	72
10	73
11	28
11	29
11	35
11	42
11	46
11	50
12	6
12	8
12	13
12	27
12	38
12	40
13	12
13	27
13	30
13	38
13	40
13	66
14	66
14	70
14	71
14	72
14	73
14	74
15	17
15	26
15	37
15	43
15	52
15	69
16	21
16	29
16	35
16	42
16	50
16	68
17	15
17	25
17	36
17	37
17	43
17	52
18	47
18	49
18	54
18	56
18	58
18	59
19	25
19	26
19	36
19	37
19	43
19	52
20	62
20	66
20	70
20	71
20	72
20	73
21	16
21	28
21	33
21	42
21	46
21	50
22	49
22	53
22	54
22	56
22	58
22	59
22	67
23	2
23	4
23	7
23	29
23	33
23	44
23	45
24	64
24	65
24	70
24	71
24	72
24	73
24	80
25	17
25	19
25	26
25	35
25	36
25	43
25	52
26	15
26	19
26	25
26	36
26	37
26	43
26	52
27	8
27	12
27	13
27	30
27	38
27	40
27	75
28	11
28	21
28	29
28	35
28	42
28	46
28	50
29	11
29	16
29	23
29	28
29	42
29	46
29	50
30	6
30	8
30	13
30	27
30	38
30	40
30	55
31	47
31	49
31	53
31	54
31	56
31	58
31	59
32	74
32	75
32	77
32	78
32	79
32	80
32	81
33	2
33	4
33	5
33	9
33	21
33	23
33	44
34	3
34	47
34	53
34	54
34	56
34	58
34	59
35	11
35	16
35	25
35	28
35	46
35	50
35	72
36	17
36	19
36	25
36	26
36	37
36	43
36	52
36	59
37	15
37	17
37	19
37	26
37	36
37	43
37	52
37	71
38	6
38	8
38	12
38	13
38	27
38	30
38	40
38	48
39	62
39	65
39	66
39	68
39	70
39	71
39	72
39	73
40	6
40	8
40	12
40	13
40	27
40	30
40	38
40	76
41	61
41	62
41	64
41	66
41	70
41	71
41	72
41	73
42	11
42	16
42	21
42	28
42	29
42	46
42	50
42	75
43	15
43	17
43	19
43	25
43	26
43	36
43	37
43	52
44	2
44	4
44	5
44	9
44	23
44	33
44	45
44	80
45	2
45	4
45	5
45	7
45	9
45	23
45	44
45	67
46	11
46	21
46	28
46	29
46	35
46	42
46	50
46	79
47	3
47	18
47	31
47	34
47	49
47	56
47	58
47	59
47	74
48	38
48	69
48	75
48	76
48	77
48	78
48	79
48	80
48	81
49	18
49	22
49	31
49	47
49	53
49	54
49	56
49	58
49	59
50	11
50	16
50	21
50	28
50	29
50	35
50	42
50	46
50	77
51	69
51	74
51	75
51	76
51	77
51	78
51	79
51	80
51	81
52	15
52	17
52	19
52	25
52	26
52	36
52	37
52	43
52	60
53	3
53	10
53	22
53	31
53	34
53	49
53	54
53	56
53	58
53	59
54	3
54	9
54	18
54	22
54	31
54	34
54	49
54	53
54	56
54	58
55	30
55	67
55	68
55	74
55	76
55	77
55	78
55	79
55	80
55	81
56	1
56	18
56	22
56	31
56	34
56	47
56	49
56	53
56	54
56	58
57	67
57	68
57	69
57	75
57	76
57	77
57	78
57	79
57	80
57	81
58	18
58	22
58	31
58	34
58	47
58	49
58	53
58	54
58	56
58	59
58	81
59	3
59	18
59	22
59	31
59	34
59	36
59	47
59	49
59	53
59	58
59	69
60	52
60	62
60	64
60	65
60	66
60	70
60	71
60	72
60	73
61	41
61	63
61	67
61	68
61	69
61	75
61	76
61	77
61	79
61	80
61	81
62	20
62	39
62	41
62	60
62	64
62	65
62	66
62	70
62	71
62	72
62	73
63	7
63	61
63	68
63	74
63	75
63	76
63	77
63	78
63	79
63	80
63	81
64	10
64	24
64	41
64	60
64	62
64	65
64	66
64	70
64	71
64	72
64	73
64	78
65	3
65	10
65	24
65	39
65	60
65	62
65	64
65	66
65	70
65	71
65	72
65	73
66	13
66	14
66	20
66	39
66	41
66	60
66	62
66	64
66	65
66	70
66	71
66	72
66	73
67	22
67	45
67	55
67	57
67	61
67	68
67	74
67	75
67	76
67	77
67	78
67	79
67	80
67	81
68	16
68	39
68	55
68	57
68	61
68	63
68	67
68	74
68	76
68	77
68	78
68	79
68	80
68	81
69	15
69	48
69	51
69	57
69	59
69	61
69	74
69	75
69	76
69	77
69	78
69	79
69	80
69	81
70	14
70	20
70	24
70	39
70	41
70	60
70	62
70	64
70	65
70	66
70	71
70	72
70	73
70	78
71	10
71	14
71	20
71	24
71	37
71	39
71	41
71	60
71	62
71	64
71	65
71	66
71	70
71	72
71	73
72	10
72	14
72	20
72	24
72	35
72	39
72	41
72	60
72	62
72	64
72	65
72	66
72	70
72	71
72	73
73	10
73	14
73	20
73	24
73	39
73	41
73	60
73	62
73	64
73	65
73	66
73	70
73	71
73	72
73	81
74	14
74	32
74	47
74	51
74	55
74	63
74	67
74	68
74	69
74	75
74	76
74	77
74	78
74	79
74	80
74	81
75	27
75	32
75	42
75	48
75	51
75	57
75	61
75	63
75	67
75	69
75	74
75	76
75	77
75	78
75	79
75	80
75	81
76	1
76	40
76	48
76	51
76	55
76	57
76	61
76	63
76	67
76	68
76	69
76	74
76	75
76	78
76	79
76	80
76	81
77	1
77	32
77	48
77	50
77	51
77	55
77	57
77	61
77	63
77	67
77	68
77	69
77	74
77	75
77	78
77	79
77	80
77	81
78	32
78	48
78	51
78	55
78	57
78	63
78	64
78	67
78	68
78	69
78	70
78	74
78	75
78	76
78	77
78	79
78	80
78	81
79	1
79	6
79	32
79	46
79	48
79	51
79	55
79	57
79	61
79	63
79	67
79	68
79	69
79	74
79	75
79	76
79	77
79	78
79	80
79	81
80	1
80	24
80	32
80	44
80	48
80	51
80	55
80	57
80	61
80	63
80	67
80	68
80	69
80	74
80	75
80	76
80	77
80	78
80	79
80	81
81	1
81	32
81	48
81	51
81	55
81	57
81	58
81	61
81	63
81	67
81	68
81	69
81	73
81	74
81	75
81	76
81	77
81	78
81	79
81	80
