1	10
1	33
1	35
1	43
1	46
1	75
2	13
2	17
2	18
2	21
2	23
2	25
3	22
3	26
3	40
3	47
3	51
3	57
4	53
4	58
4	59
4	63
4	64
4	79
5	6
5	34
5	48
5	54
5	55
5	56
6	5
6	10
6	14
6	30
6	43
6	46
7	32
7	39
7	60
7	61
7	62
7	65
8	33
8	50
8	58
8	59
8	63
8	64
9	32
9	37
9	60
9	61
9	62
9	65
10	1
10	6
10	30
10	33
10	46
10	68
11	14
11	30
11	35
11	43
11	46
11	77
12	14
12	30
12	33
12	35
12	46
12	74
13	2
13	18
13	21
13	23
13	25
13	79
14	6
14	11
14	12
14	33
14	43
14	49
15	68
15	71
15	73
15	76
15	77
15	81
16	42
16	53
16	58
16	59
16	63
16	64
17	2
17	21
17	23
17	25
17	56
17	67
18	2
18	13
18	21
18	23
18	25
18	71
19	40
19	41
19	60
19	61
19	62
19	65
20	31
20	34
20	44
20	45
20	56
20	69
21	2
21	13
21	17
21	18
21	23
21	25
22	3
22	24
22	36
22	38
22	40
22	47
22	51
23	2
23	13
23	17
23	18
23	21
23	25
23	66
24	22
24	26
24	36
24	38
24	47
24	51
24	75
25	2
25	13
25	17
25	18
25	21
25	23
25	55
26	3
26	24
26	36
26	38
26	40
26	47
26	51
27	42
27	50
27	52
27	58
27	59
27	63
27	64
28	34
28	44
28	45
28	48
28	54
28	55
28	80
29	37
29	39
29	54
29	60
29	61
29	62
29	65
30	6
30	10
30	11
30	12
30	35
30	43
30	73
31	20
31	34
31	45
31	48
31	54
31	55
31	56
32	7
32	9
32	41
32	60
32	61
32	62
32	65
32	70
33	1
33	8
33	10
33	12
33	14
33	35
33	43
33	46
34	5
34	20
34	28
34	31
34	44
34	54
34	55
34	56
35	1
35	11
35	12
35	30
35	33
35	43
35	44
35	46
36	22
36	24
36	26
36	38
36	40
36	42
36	47
36	51
37	9
37	29
37	41
37	60
37	61
37	62
37	65
37	81
38	22
38	24
38	26
38	36
38	40
38	47
38	51
38	52
39	7
39	29
39	41
39	60
39	61
39	62
39	65
39	76
40	3
40	19
40	22
40	26
40	36
40	38
40	47
40	51
41	19
41	32
41	37
41	39
41	60
41	61
41	62
41	65
42	16
42	27
42	36
42	52
42	53
42	58
42	59
42	63
43	1
43	6
43	11
43	14
43	30
43	33
43	35
43	46
44	20
44	28
44	34
44	35
44	45
44	54
44	55
44	56
45	20
45	28
45	31
45	44
45	48
45	54
45	55
45	56
45	76
46	1
46	6
46	10
46	11
46	12
46	33
46	35
46	43
46	71
47	3
47	22
47	24
47	26
47	36
47	38
47	40
47	51
47	60
48	5
48	28
48	31
48	45
48	54
48	55
48	56
48	58
48	81
49	14
49	64
49	73
49	74
49	77
49	78
49	79
49	80
49	81
50	8
50	27
50	52
50	53
50	58
50	59
50	63
50	64
50	78
51	3
51	22
51	24
51	26
51	36
51	38
51	40
51	47
51	65
52	27
52	38
52	42
52	50
52	53
52	58
52	59
52	63
52	64
53	4
53	16
53	42
53	50
53	52
53	58
53	59
53	63
53	64
54	5
54	28
54	29
54	31
54	34
54	44
54	45
54	48
54	55
54	56
55	5
55	25
55	28
55	31
55	34
55	44
55	45
55	48
55	54
55	56
56	5
56	17
56	20
56	31
56	34
56	44
56	45
56	48
56	54
56	55
57	3
57	66
57	69
57	71
57	74
57	75
57	76
57	78
57	79
57	80
57	81
58	4
58	8
58	16
58	27
58	42
58	48
58	50
58	52
58	53
58	59
58	63
58	64
59	4
59	8
59	16
59	27
59	42
59	50
59	52
59	53
59	58
59	63
59	64
59	80
60	7
60	9
60	19
60	29
60	32
60	37
60	39
60	41
60	47
60	61
60	62
60	65
61	7
61	9
61	19
61	29
61	32
61	37
61	39
61	41
61	60
61	62
61	65
61	72
62	7
62	9
62	19
62	29
62	32
62	37
62	39
62	41
62	60
62	61
62	65
62	72
63	4
63	8
63	16
63	27
63	42
63	50
63	52
63	53
63	58
63	59
63	64
63	77
63	78
64	4
64	8
64	16
64	27
64	49
64	50
64	52
64	53
64	58
64	59
64	63
64	68
64	70
65	7
65	9
65	19
65	29
65	32
65	37
65	39
65	41
65	51
65	60
65	61
65	62
65	67
66	23
66	57
66	67
66	69
66	72
66	73
66	74
66	75
66	76
66	78
66	79
66	80
66	81
67	17
67	65
67	66
67	68
67	69
67	70
67	71
67	72
67	74
67	76
67	78
67	79
67	80
67	81
68	10
68	15
68	64
68	67
68	70
68	71
68	72
68	73
68	75
68	76
68	77
68	79
68	80
68	81
69	20
69	57
69	66
69	67
69	70
69	71
69	72
69	73
69	75
69	76
69	77
69	78
69	79
69	80
69	81
70	32
70	64
70	67
70	68
70	69
70	72
70	73
70	74
70	75
70	76
70	77
70	78
70	79
70	80
70	81
71	15
71	18
71	46
71	57
71	67
71	68
71	69
71	73
71	74
71	75
71	77
71	78
71	79
71	80
71	81
72	61
72	62
72	66
72	67
72	68
72	69
72	70
72	73
72	74
72	75
72	76
72	77
72	78
72	79
72	80
72	81
73	15
73	30
73	49
73	66
73	68
73	69
73	70
73	71
73	72
73	74
73	75
73	77
73	78
73	79
73	80
73	81
74	12
74	49
74	57
74	66
74	67
74	70
74	71
74	72
74	73
74	75
74	76
74	77
74	78
74	79
74	80
74	81
75	1
75	24
75	57
75	66
75	68
75	69
75	70
75	71
75	72
75	73
75	74
75	76
75	77
75	78
75	79
75	80
75	81
76	15
76	39
76	45
76	57
76	66
76	67
76	68
76	69
76	70
76	72
76	74
76	75
76	77
76	78
76	79
76	80
76	81
77	11
77	15
77	49
77	63
77	68
77	69
77	70
77	71
77	72
77	73
77	74
77	75
77	76
77	78
77	79
77	80
77	81
78	49
78	50
78	57
78	63
78	66
78	67
78	69
78	70
78	71
78	72
78	73
78	74
78	75
78	76
78	77
78	79
78	80
78	81
79	4
79	13
79	49
79	57
79	66
79	67
79	68
79	69
79	70
79	71
79	72
79	73
79	74
79	75
79	76
79	77
79	78
79	80
79	81
80	28
80	49
80	57
80	59
80	66
80	67
80	68
80	69
80	70
80	71
80	72
80	73
80	74
80	75
80	76
80	77
80	78
80	79
80	81
81	15
81	37
81	48
81	49
81	57
81	66
81	67
81	68
81	69
81	70
81	71
81	72
81	73
81	74
81	75
81	76
81	77
81	78
81	79
81	80
