1	2
1	7
1	8
1	14
1	15
1	67
2	1
2	7
2	8
2	14
2	15
2	33
3	22
3	26
3	31
3	32
3	33
3	34
4	22
4	26
4	31
4	32
4	33
4	34
5	6
5	16
5	19
5	27
5	28
5	65
6	5
6	12
6	19
6	27
6	28
6	40
7	1
7	2
7	8
7	14
7	15
7	76
8	1
8	2
8	7
8	14
8	15
8	75
9	10
9	11
9	17
9	24
9	25
9	29
10	9
10	11
10	24
10	25
10	29
10	74
11	9
11	10
11	17
11	24
11	25
11	29
12	6
12	16
12	19
12	27
12	28
12	34
13	37
13	38
13	40
13	54
13	63
13	65
14	1
14	2
14	7
14	8
14	15
14	45
15	1
15	2
15	7
15	8
15	14
15	23
16	5
16	12
16	19
16	27
16	28
16	41
17	9
17	11
17	24
17	25
17	29
17	78
18	66
18	67
18	68
18	70
18	71
18	75
19	5
19	6
19	12
19	16
19	27
19	28
20	46
20	47
20	49
20	51
20	52
20	55
20	56
21	46
21	47
21	49
21	51
21	52
21	55
21	56
22	3
22	4
22	26
22	31
22	32
22	33
22	34
23	15
23	35
23	38
23	40
23	45
23	63
23	65
24	9
24	10
24	11
24	17
24	25
24	29
24	78
25	9
25	10
25	11
25	17
25	24
25	29
25	45
26	3
26	4
26	22
26	31
26	32
26	33
26	34
27	5
27	6
27	12
27	16
27	19
27	28
27	39
28	5
28	6
28	12
28	16
28	19
28	27
28	59
29	9
29	10
29	11
29	17
29	24
29	25
29	54
30	31
30	69
30	74
30	77
30	78
30	79
30	80
30	81
31	3
31	4
31	22
31	26
31	30
31	32
31	33
31	34
32	3
32	4
32	22
32	26
32	31
32	33
32	34
32	49
33	2
33	3
33	4
33	22
33	26
33	31
33	32
33	34
34	3
34	4
34	12
34	22
34	26
34	31
34	32
34	33
35	23
35	38
35	39
35	40
35	42
35	54
35	63
35	65
36	73
36	75
36	76
36	77
36	78
36	79
36	80
36	81
37	13
37	39
37	40
37	42
37	54
37	63
37	65
37	75
38	13
38	23
38	35
38	42
38	45
38	54
38	63
38	65
39	27
39	35
39	37
39	40
39	42
39	45
39	54
39	63
39	65
40	6
40	13
40	23
40	35
40	37
40	39
40	45
40	63
40	65
41	16
41	48
41	57
41	61
41	66
41	67
41	68
41	70
41	71
42	35
42	37
42	38
42	39
42	45
42	54
42	63
42	65
42	70
43	47
43	60
43	69
43	72
43	76
43	78
43	79
43	80
43	81
44	57
44	73
44	74
44	76
44	77
44	78
44	79
44	80
44	81
45	14
45	23
45	25
45	38
45	39
45	40
45	42
45	54
45	63
45	65
46	20
46	21
46	47
46	49
46	50
46	51
46	52
46	55
46	56
46	66
47	20
47	21
47	43
47	46
47	49
47	50
47	51
47	52
47	55
47	56
48	41
48	61
48	62
48	64
48	66
48	67
48	68
48	70
48	71
48	81
49	20
49	21
49	32
49	46
49	47
49	50
49	51
49	52
49	55
49	56
50	46
50	47
50	49
50	51
50	52
50	55
50	56
50	68
51	20
51	21
51	46
51	47
51	49
51	50
51	52
51	55
51	56
51	79
52	20
52	21
52	46
52	47
52	49
52	50
52	51
52	55
52	56
52	73
53	64
53	69
53	72
53	74
53	75
53	77
53	78
53	79
53	80
53	81
54	13
54	29
54	35
54	37
54	38
54	39
54	42
54	45
54	63
54	65
55	20
55	21
55	46
55	47
55	49
55	50
55	51
55	52
55	56
55	69
56	20
56	21
56	46
56	47
56	49
56	50
56	51
56	52
56	55
56	58
56	77
57	41
57	44
57	59
57	61
57	62
57	64
57	67
57	68
57	70
57	71
57	80
58	56
58	69
58	72
58	73
58	75
58	76
58	77
58	78
58	79
58	80
58	81
59	28
59	57
59	61
59	62
59	64
59	66
59	67
59	68
59	70
59	71
59	72
60	43
60	62
60	69
60	72
60	73
60	75
60	76
60	77
60	78
60	79
60	80
60	81
61	41
61	48
61	57
61	59
61	62
61	64
61	66
61	67
61	68
61	70
61	71
61	72
62	48
62	57
62	59
62	60
62	61
62	64
62	66
62	67
62	68
62	70
62	71
62	80
63	13
63	23
63	35
63	37
63	38
63	39
63	40
63	42
63	45
63	54
63	65
63	76
64	48
64	53
64	57
64	59
64	61
64	62
64	66
64	67
64	68
64	70
64	71
64	81
65	5
65	13
65	23
65	35
65	37
65	38
65	39
65	40
65	42
65	45
65	54
65	63
66	18
66	41
66	46
66	48
66	59
66	61
66	62
66	64
66	67
66	68
66	70
66	71
67	1
67	18
67	41
67	48
67	57
67	59
67	61
67	62
67	64
67	66
67	68
67	70
67	71
68	18
68	41
68	48
68	50
68	57
68	59
68	61
68	62
68	64
68	66
68	67
68	70
68	71
69	30
69	43
69	53
69	55
69	58
69	60
69	73
69	74
69	76
69	77
69	78
69	79
69	80
69	81
70	18
70	41
70	42
70	48
70	57
70	59
70	61
70	62
70	64
70	66
70	67
70	68
70	71
70	74
71	18
71	41
71	48
71	57
71	59
71	61
71	62
71	64
71	66
71	67
71	68
71	70
71	77
71	79
72	43
72	53
72	58
72	59
72	60
72	61
72	73
72	74
72	75
72	76
72	77
72	78
72	79
72	80
72	81
73	36
73	44
73	52
73	58
73	60
73	69
73	72
73	74
73	75
73	76
73	77
73	78
73	79
73	80
73	81
74	10
74	30
74	44
74	53
74	69
74	70
74	72
74	73
74	75
74	76
74	77
74	78
74	79
74	80
74	81
75	8
75	18
75	36
75	37
75	53
75	58
75	60
75	72
75	73
75	74
75	76
75	77
75	78
75	79
75	80
75	81
76	7
76	36
76	43
76	44
76	58
76	60
76	63
76	69
76	72
76	73
76	74
76	75
76	77
76	78
76	79
76	80
76	81
77	30
77	36
77	44
77	53
77	56
77	58
77	60
77	69
77	71
77	72
77	73
77	74
77	75
77	76
77	78
77	79
77	80
77	81
78	17
78	24
78	30
78	36
78	43
78	44
78	53
78	58
78	60
78	69
78	72
78	73
78	74
78	75
78	76
78	77
78	79
78	80
78	81
79	30
79	36
79	43
79	44
79	51
79	53
79	58
79	60
79	69
79	71
79	72
79	73
79	74
79	75
79	76
79	77
79	78
79	80
79	81
80	30
80	36
80	43
80	44
80	53
80	57
80	58
80	60
80	62
80	69
80	72
80	73
80	74
80	75
80	76
80	77
80	78
80	79
80	81
81	30
81	36
81	43
81	44
81	48
81	53
81	58
81	60
81	64
81	69
81	72
81	73
81	74
81	75
81	76
81	77
81	78
81	79
81	80
