1	8
1	9
1	12
1	19
1	26
1	75
2	32
2	50
2	59
2	67
2	69
2	72
3	10
3	13
3	18
3	22
3	27
3	60
4	10
4	13
4	18
4	22
4	27
4	40
5	38
5	43
5	56
5	58
5	64
5	66
6	31
6	36
6	49
6	55
6	68
6	72
7	73
7	75
7	76
7	78
7	79
7	81
8	1
8	12
8	17
8	19
8	26
8	39
9	1
9	12
9	17
9	19
9	26
9	80
10	3
10	4
10	13
10	18
10	22
10	27
11	30
11	49
11	55
11	57
11	65
11	68
12	1
12	8
12	9
12	17
12	19
12	26
13	3
13	4
13	10
13	22
13	27
13	77
14	17
14	42
14	53
14	57
14	61
14	63
15	35
15	45
15	59
15	67
15	69
15	72
16	22
16	23
16	54
16	67
16	69
16	72
17	8
17	9
17	12
17	14
17	19
17	26
18	3
18	4
18	10
18	22
18	27
18	53
19	1
19	8
19	9
19	12
19	17
19	26
20	21
20	30
20	49
20	55
20	58
20	65
20	68
21	20
21	36
21	55
21	58
21	65
21	68
21	73
22	3
22	4
22	10
22	13
22	16
22	18
22	27
23	16
23	45
23	50
23	54
23	67
23	69
23	72
24	74
24	75
24	77
24	78
24	79
24	80
24	81
25	36
25	49
25	55
25	58
25	65
25	68
25	74
26	1
26	8
26	9
26	12
26	17
26	19
26	68
27	3
27	4
27	10
27	13
27	18
27	22
27	33
28	44
28	47
28	52
28	57
28	61
28	63
28	78
29	38
29	39
29	43
29	46
29	56
29	64
29	66
30	11
30	20
30	55
30	58
30	63
30	65
30	68
31	6
31	36
31	49
31	58
31	63
31	65
31	68
32	2
32	50
32	54
32	59
32	67
32	69
32	72
33	27
33	42
33	52
33	53
33	57
33	61
33	63
34	61
34	70
34	73
34	76
34	78
34	79
34	80
34	81
35	15
35	45
35	50
35	54
35	59
35	67
35	69
35	72
36	6
36	21
36	25
36	31
36	38
36	49
36	65
36	68
37	38
37	39
37	43
37	44
37	46
37	56
37	64
37	66
38	5
38	29
38	36
38	37
38	41
38	56
38	64
38	66
39	8
39	29
39	37
39	41
39	46
39	56
39	64
39	66
40	4
40	71
40	74
40	76
40	77
40	79
40	80
40	81
41	38
41	39
41	43
41	46
41	56
41	64
41	66
41	74
42	14
42	33
42	44
42	47
42	52
42	53
42	57
42	61
42	63
43	5
43	29
43	37
43	41
43	46
43	49
43	56
43	64
43	66
44	28
44	37
44	42
44	47
44	52
44	53
44	57
44	61
44	63
45	15
45	23
45	35
45	54
45	59
45	62
45	67
45	69
45	72
46	29
46	37
46	39
46	41
46	43
46	56
46	64
46	66
46	78
47	28
47	42
47	44
47	50
47	52
47	53
47	57
47	61
47	63
48	60
48	62
48	71
48	74
48	76
48	77
48	78
48	80
48	81
49	6
49	11
49	20
49	25
49	31
49	36
49	43
49	55
49	58
49	65
50	2
50	23
50	32
50	35
50	47
50	54
50	59
50	67
50	69
50	72
51	55
51	71
51	73
51	74
51	76
51	77
51	78
51	79
51	80
51	81
52	28
52	33
52	42
52	44
52	47
52	53
52	57
52	61
52	63
52	69
53	14
53	18
53	33
53	42
53	44
53	47
53	52
53	57
53	61
53	63
54	16
54	23
54	32
54	35
54	45
54	50
54	59
54	62
54	67
54	69
54	72
55	6
55	11
55	20
55	21
55	25
55	30
55	49
55	51
55	58
55	65
55	68
56	5
56	29
56	37
56	38
56	39
56	41
56	43
56	46
56	64
56	66
56	80
57	11
57	14
57	28
57	33
57	42
57	44
57	47
57	52
57	53
57	61
57	63
58	5
58	20
58	21
58	25
58	30
58	31
58	49
58	55
58	65
58	68
58	71
59	2
59	15
59	32
59	35
59	45
59	50
59	54
59	67
59	69
59	72
59	81
60	3
60	48
60	70
60	71
60	74
60	75
60	76
60	77
60	78
60	79
60	80
60	81
61	14
61	28
61	33
61	34
61	42
61	44
61	47
61	52
61	53
61	57
61	63
61	81
62	45
62	48
62	54
62	70
62	71
62	73
62	74
62	75
62	76
62	77
62	80
62	81
63	14
63	28
63	30
63	31
63	33
63	42
63	44
63	47
63	52
63	53
63	57
63	61
64	5
64	29
64	37
64	38
64	39
64	41
64	43
64	46
64	56
64	66
64	76
64	77
65	11
65	20
65	21
65	25
65	30
65	31
65	36
65	49
65	55
65	58
65	68
65	70
66	5
66	29
66	37
66	38
66	39
66	41
66	43
66	46
66	56
66	64
66	68
66	79
67	2
67	15
67	16
67	23
67	32
67	35
67	45
67	50
67	54
67	59
67	69
67	72
68	6
68	11
68	20
68	21
68	25
68	26
68	30
68	31
68	36
68	55
68	58
68	65
68	66
69	2
69	15
69	16
69	23
69	32
69	35
69	45
69	50
69	52
69	54
69	59
69	67
69	72
70	34
70	60
70	62
70	65
70	71
70	73
70	74
70	75
70	76
70	77
70	79
70	80
70	81
71	40
71	48
71	51
71	58
71	60
71	62
71	70
71	73
71	75
71	76
71	78
71	79
71	80
71	81
72	2
72	6
72	15
72	16
72	23
72	32
72	35
72	45
72	50
72	54
72	59
72	67
72	69
72	75
73	7
73	21
73	34
73	51
73	62
73	70
73	71
73	74
73	75
73	76
73	77
73	78
73	79
73	80
73	81
74	24
74	25
74	40
74	41
74	48
74	51
74	60
74	62
74	70
74	73
74	75
74	76
74	77
74	79
74	81
75	1
75	7
75	24
75	60
75	62
75	70
75	71
75	72
75	73
75	74
75	77
75	78
75	79
75	80
75	81
76	7
76	34
76	40
76	48
76	51
76	60
76	62
76	64
76	70
76	71
76	73
76	74
76	78
76	79
76	80
76	81
77	13
77	24
77	40
77	48
77	51
77	60
77	62
77	64
77	70
77	73
77	74
77	75
77	78
77	79
77	80
77	81
78	7
78	24
78	28
78	34
78	46
78	48
78	51
78	60
78	71
78	73
78	75
78	76
78	77
78	79
78	80
78	81
79	7
79	24
79	34
79	40
79	51
79	60
79	66
79	70
79	71
79	73
79	74
79	75
79	76
79	77
79	78
79	80
79	81
80	9
80	24
80	34
80	40
80	48
80	51
80	56
80	60
80	62
80	70
80	71
80	73
80	75
80	76
80	77
80	78
80	79
80	81
81	7
81	24
81	34
81	40
81	48
81	51
81	59
81	60
81	61
81	62
81	70
81	71
81	73
81	74
81	75
81	76
81	77
81	78
81	79
81	80
