1	36
1	39
1	41
1	43
1	48
1	71
2	3
2	35
2	44
2	46
2	54
2	60
3	2
3	31
3	52
3	59
3	62
3	63
4	68
4	70
4	71
4	72
4	73
4	75
5	16
5	19
5	22
5	23
5	24
5	30
6	25
6	50
6	59
6	61
6	62
6	68
7	36
7	40
7	42
7	43
7	49
7	55
8	44
8	54
8	55
8	56
8	60
8	81
9	17
9	39
9	40
9	41
9	42
9	65
10	51
10	68
10	70
10	71
10	74
10	75
11	19
11	22
11	23
11	24
11	30
11	40
12	66
12	76
12	78
12	79
12	80
12	81
13	46
13	54
13	55
13	56
13	60
13	79
14	17
14	18
14	40
14	42
14	48
14	49
15	61
15	68
15	70
15	72
15	73
15	74
15	75
16	5
16	19
16	22
16	23
16	24
16	30
16	78
17	9
17	14
17	39
17	41
17	48
17	49
17	68
18	14
18	45
18	71
18	72
18	73
18	74
18	75
19	5
19	11
19	16
19	22
19	23
19	24
19	30
20	29
20	68
20	71
20	72
20	73
20	74
20	75
21	33
21	44
21	46
21	54
21	55
21	56
21	60
22	5
22	11
22	16
22	19
22	23
22	24
22	30
22	78
23	5
23	11
23	16
23	19
23	22
23	24
23	30
23	55
24	5
24	11
24	16
24	19
24	22
24	23
24	30
24	35
25	6
25	32
25	50
25	52
25	59
25	61
25	62
25	63
26	32
26	50
26	52
26	59
26	61
26	62
26	63
26	79
27	51
27	64
27	70
27	71
27	72
27	73
27	74
27	75
28	39
28	67
28	76
28	77
28	78
28	79
28	80
28	81
29	20
29	31
29	50
29	52
29	59
29	61
29	62
29	63
30	5
30	11
30	16
30	19
30	22
30	23
30	24
30	58
31	3
31	29
31	52
31	59
31	61
31	62
31	63
31	81
32	25
32	26
32	50
32	52
32	59
32	61
32	62
32	63
32	77
33	21
33	35
33	44
33	46
33	54
33	55
33	56
33	60
33	62
34	64
34	65
34	69
34	70
34	76
34	78
34	79
34	80
34	81
35	2
35	24
35	33
35	44
35	46
35	54
35	55
35	56
35	60
36	1
36	7
36	39
36	40
36	41
36	43
36	48
36	49
36	54
37	45
37	51
37	68
37	70
37	72
37	73
37	74
37	75
37	80
38	58
38	65
38	67
38	76
38	77
38	78
38	79
38	80
38	81
39	1
39	9
39	17
39	28
39	36
39	40
39	42
39	43
39	48
39	49
40	7
40	9
40	11
40	14
40	36
40	39
40	41
40	42
40	43
40	48
41	1
41	9
41	17
41	36
41	40
41	42
41	43
41	48
41	49
41	76
42	7
42	9
42	14
42	39
42	40
42	41
42	43
42	48
42	49
42	60
43	1
43	7
43	36
43	39
43	40
43	41
43	42
43	48
43	49
43	70
44	2
44	8
44	21
44	33
44	35
44	46
44	54
44	55
44	56
44	60
44	77
45	18
45	37
45	51
45	67
45	68
45	70
45	71
45	72
45	73
45	74
45	75
46	2
46	13
46	21
46	33
46	35
46	44
46	54
46	55
46	56
46	60
46	72
47	53
47	61
47	64
47	65
47	66
47	76
47	77
47	78
47	79
47	80
47	81
48	1
48	14
48	17
48	36
48	39
48	40
48	41
48	42
48	43
48	49
48	60
49	7
49	14
49	17
49	36
49	39
49	41
49	42
49	43
49	48
49	73
49	76
50	6
50	25
50	26
50	29
50	32
50	52
50	57
50	59
50	61
50	62
50	63
51	10
51	27
51	37
51	45
51	68
51	70
51	71
51	72
51	73
51	74
51	75
52	3
52	25
52	26
52	29
52	31
52	32
52	50
52	59
52	61
52	62
52	63
52	75
53	47
53	58
53	63
53	64
53	67
53	72
53	76
53	77
53	78
53	79
53	80
53	81
54	2
54	8
54	13
54	21
54	33
54	35
54	36
54	44
54	46
54	55
54	56
54	60
55	7
55	8
55	13
55	21
55	23
55	33
55	35
55	44
55	46
55	54
55	56
55	60
56	8
56	13
56	21
56	33
56	35
56	44
56	46
56	54
56	55
56	59
56	60
56	74
57	50
57	58
57	64
57	65
57	66
57	67
57	69
57	71
57	76
57	77
57	78
57	80
57	81
58	30
58	38
58	53
58	57
58	65
58	66
58	69
58	76
58	77
58	78
58	79
58	80
58	81
59	3
59	6
59	25
59	26
59	29
59	31
59	32
59	50
59	52
59	56
59	61
59	62
59	63
60	2
60	8
60	13
60	21
60	33
60	35
60	42
60	44
60	46
60	48
60	54
60	55
60	56
61	6
61	15
61	25
61	26
61	29
61	31
61	32
61	47
61	50
61	52
61	59
61	62
61	63
62	3
62	6
62	25
62	26
62	29
62	31
62	32
62	33
62	50
62	52
62	59
62	61
62	63
63	3
63	25
63	26
63	29
63	31
63	32
63	50
63	52
63	53
63	59
63	61
63	62
63	66
64	27
64	34
64	47
64	53
64	57
64	65
64	66
64	69
64	76
64	77
64	78
64	79
64	80
64	81
65	9
65	34
65	38
65	47
65	57
65	58
65	64
65	67
65	69
65	77
65	78
65	79
65	80
65	81
66	12
66	47
66	57
66	58
66	63
66	64
66	67
66	69
66	76
66	77
66	78
66	79
66	80
66	81
67	28
67	38
67	45
67	53
67	57
67	65
67	66
67	69
67	76
67	77
67	78
67	79
67	80
67	81
68	4
68	6
68	10
68	15
68	17
68	20
68	37
68	45
68	51
68	70
68	71
68	72
68	73
68	74
68	75
69	34
69	57
69	58
69	64
69	65
69	66
69	67
69	73
69	74
69	76
69	77
69	78
69	79
69	80
69	81
70	4
70	10
70	15
70	27
70	34
70	37
70	43
70	45
70	51
70	68
70	71
70	72
70	73
70	74
70	75
71	1
71	4
71	10
71	18
71	20
71	27
71	45
71	51
71	57
71	68
71	70
71	72
71	73
71	74
71	75
72	4
72	15
72	18
72	20
72	27
72	37
72	45
72	46
72	51
72	53
72	68
72	70
72	71
72	73
72	74
72	75
73	4
73	15
73	18
73	20
73	27
73	37
73	45
73	49
73	51
73	68
73	69
73	70
73	71
73	72
73	74
73	75
74	10
74	15
74	18
74	20
74	27
74	37
74	45
74	51
74	56
74	68
74	69
74	70
74	71
74	72
74	73
74	75
75	4
75	10
75	15
75	18
75	20
75	27
75	37
75	45
75	51
75	52
75	68
75	70
75	71
75	72
75	73
75	74
76	12
76	28
76	34
76	38
76	41
76	47
76	49
76	53
76	57
76	58
76	64
76	66
76	67
76	69
76	77
76	79
76	80
76	81
77	28
77	32
77	38
77	44
77	47
77	53
77	57
77	58
77	64
77	65
77	66
77	67
77	69
77	76
77	78
77	79
77	80
77	81
78	12
78	16
78	22
78	28
78	34
78	38
78	47
78	53
78	57
78	58
78	64
78	65
78	66
78	67
78	69
78	77
78	79
78	80
78	81
79	12
79	13
79	26
79	28
79	34
79	38
79	47
79	53
79	58
79	64
79	65
79	66
79	67
79	69
79	76
79	77
79	78
79	80
79	81
80	12
80	28
80	34
80	37
80	38
80	47
80	53
80	57
80	58
80	64
80	65
80	66
80	67
80	69
80	76
80	77
80	78
80	79
80	81
81	8
81	12
81	28
81	31
81	34
81	38
81	47
81	53
81	57
81	58
81	64
81	65
81	66
81	67
81	69
81	76
81	77
81	78
81	79
81	80
