1	28
1	32
1	52
1	70
1	71
1	73
2	4
2	45
2	49
2	59
2	62
2	63
3	8
3	11
3	15
3	19
3	22
3	25
4	2
4	10
4	23
4	45
4	59
4	62
5	27
5	33
5	54
5	75
5	78
5	80
6	61
6	67
6	74
6	76
6	79
6	81
7	18
7	23
7	56
7	59
7	62
7	63
8	3
8	11
8	15
8	19
8	22
8	25
9	32
9	51
9	70
9	71
9	72
9	73
10	4
10	12
10	18
10	59
10	62
10	63
11	3
11	8
11	19
11	22
11	25
11	67
12	10
12	23
12	45
12	58
12	62
12	63
13	35
13	39
13	46
13	47
13	55
13	60
14	17
14	51
14	70
14	71
14	72
14	73
15	3
15	8
15	19
15	22
15	25
15	44
16	29
16	38
16	70
16	71
16	72
16	73
17	14
17	29
17	51
17	54
17	72
17	73
18	7
18	10
18	45
18	59
18	62
18	63
19	3
19	8
19	11
19	15
19	22
19	25
20	50
20	64
20	69
20	77
20	78
20	80
21	51
21	65
21	67
21	68
21	74
21	79
21	81
22	3
22	8
22	11
22	15
22	19
22	25
22	35
23	4
23	7
23	12
23	45
23	59
23	62
23	63
24	41
24	64
24	69
24	75
24	77
24	78
24	80
25	3
25	8
25	11
25	15
25	19
25	22
25	78
26	34
26	40
26	75
26	77
26	78
26	80
26	81
27	5
27	53
27	60
27	69
27	75
27	77
27	78
27	80
28	1
28	35
28	42
28	46
28	47
28	55
28	56
28	58
29	16
29	17
29	33
29	38
29	52
29	71
29	72
29	73
30	61
30	65
30	66
30	67
30	74
30	76
30	79
30	81
31	40
31	48
31	51
31	52
31	70
31	71
31	72
31	73
32	1
32	9
32	52
32	70
32	71
32	72
32	73
32	80
33	5
33	29
33	53
33	54
33	69
33	75
33	78
33	80
34	26
34	48
34	54
34	64
34	69
34	75
34	77
34	78
35	13
35	22
35	28
35	47
35	55
35	56
35	58
35	60
36	37
36	45
36	53
36	54
36	69
36	77
36	78
36	80
37	36
37	40
37	69
37	75
37	77
37	78
37	80
37	81
38	16
38	29
38	48
38	51
38	70
38	71
38	72
38	73
39	13
39	42
39	46
39	53
39	55
39	56
39	58
39	60
40	26
40	31
40	37
40	64
40	75
40	77
40	78
40	80
41	24
41	44
41	49
41	50
41	61
41	68
41	79
41	81
42	28
42	39
42	46
42	55
42	56
42	58
42	60
42	79
43	44
43	49
43	57
43	61
43	66
43	74
43	76
43	79
43	81
44	15
44	41
44	43
44	65
44	67
44	74
44	76
44	79
44	81
45	2
45	4
45	12
45	18
45	23
45	36
45	59
45	62
45	63
46	13
46	28
46	39
46	42
46	47
46	56
46	58
46	60
46	75
47	13
47	28
47	35
47	46
47	55
47	56
47	58
47	60
47	65
48	31
48	34
48	38
48	51
48	52
48	70
48	71
48	72
48	73
49	2
49	41
49	43
49	50
49	68
49	74
49	76
49	79
49	81
50	20
50	41
50	49
50	57
50	66
50	67
50	68
50	74
50	76
50	81
51	9
51	14
51	17
51	21
51	31
51	38
51	48
51	70
51	71
51	72
52	1
52	29
52	31
52	32
52	48
52	68
52	70
52	71
52	72
52	73
53	27
53	33
53	36
53	39
53	64
53	69
53	75
53	77
53	78
53	80
54	5
54	17
54	33
54	34
54	36
54	64
54	75
54	77
54	78
54	80
55	13
55	28
55	35
55	39
55	42
55	47
55	56
55	58
55	60
55	76
56	7
56	28
56	35
56	39
56	42
56	46
56	47
56	55
56	58
56	60
57	43
57	50
57	62
57	65
57	66
57	67
57	68
57	76
57	79
57	81
58	12
58	28
58	35
58	39
58	42
58	46
58	47
58	55
58	56
58	60
59	2
59	4
59	7
59	10
59	18
59	23
59	45
59	62
59	63
59	80
60	13
60	27
60	35
60	39
60	42
60	46
60	47
60	55
60	56
60	58
61	6
61	30
61	41
61	43
61	65
61	67
61	68
61	72
61	76
61	79
61	81
62	2
62	4
62	7
62	10
62	12
62	18
62	23
62	45
62	57
62	59
62	63
63	2
63	7
63	10
63	12
63	18
63	23
63	45
63	59
63	62
63	71
63	79
64	20
64	24
64	34
64	40
64	53
64	54
64	69
64	74
64	75
64	77
64	78
64	80
65	21
65	30
65	44
65	47
65	57
65	61
65	66
65	68
65	74
65	76
65	79
65	81
66	30
66	43
66	50
66	57
66	65
66	67
66	68
66	74
66	76
66	77
66	79
66	81
67	6
67	11
67	21
67	30
67	44
67	50
67	57
67	61
67	66
67	74
67	79
67	81
68	21
68	41
68	49
68	50
68	52
68	57
68	61
68	65
68	66
68	74
68	76
68	79
68	81
69	20
69	24
69	27
69	33
69	34
69	36
69	37
69	53
69	64
69	70
69	75
69	77
69	80
70	1
70	9
70	14
70	16
70	31
70	32
70	38
70	48
70	51
70	52
70	69
70	71
70	72
70	73
71	1
71	9
71	14
71	16
71	29
71	31
71	32
71	38
71	48
71	51
71	52
71	63
71	70
71	72
71	73
72	9
72	14
72	16
72	17
72	29
72	31
72	32
72	38
72	48
72	51
72	52
72	61
72	70
72	71
72	73
73	1
73	9
73	14
73	16
73	17
73	29
73	31
73	32
73	38
73	48
73	52
73	70
73	71
73	72
73	76
74	6
74	21
74	30
74	43
74	44
74	49
74	50
74	64
74	65
74	66
74	67
74	68
74	76
74	79
74	81
75	5
75	24
75	26
75	27
75	33
75	34
75	37
75	40
75	46
75	53
75	54
75	64
75	69
75	77
75	78
75	80
76	6
76	30
76	43
76	44
76	49
76	50
76	55
76	57
76	61
76	65
76	66
76	68
76	73
76	74
76	79
76	81
77	20
77	24
77	26
77	27
77	34
77	36
77	37
77	40
77	53
77	54
77	64
77	66
77	69
77	75
77	78
77	80
78	5
78	20
78	24
78	25
78	26
78	27
78	33
78	34
78	36
78	37
78	40
78	53
78	54
78	64
78	75
78	77
78	80
79	6
79	21
79	30
79	41
79	42
79	43
79	44
79	49
79	57
79	61
79	63
79	65
79	66
79	67
79	68
79	74
79	76
79	81
80	5
80	20
80	24
80	26
80	27
80	32
80	33
80	36
80	37
80	40
80	53
80	54
80	59
80	64
80	69
80	75
80	77
80	78
81	6
81	21
81	26
81	30
81	37
81	41
81	43
81	44
81	49
81	50
81	57
81	61
81	65
81	66
81	67
81	68
81	74
81	76
81	79
