1	6
1	29
1	32
1	33
1	34
1	71
2	4
2	17
2	19
2	26
2	36
2	75
3	36
3	58
3	61
3	65
3	73
3	74
4	2
4	15
4	17
4	19
4	26
4	36
5	18
5	22
5	38
5	41
5	42
5	43
6	1
6	8
6	28
6	32
6	33
6	34
7	15
7	40
7	47
7	48
7	51
7	57
8	6
8	28
8	29
8	32
8	33
8	34
9	75
9	76
9	78
9	79
9	80
9	81
10	24
10	35
10	40
10	42
10	51
10	57
11	15
11	17
11	19
11	26
11	36
11	62
12	37
12	46
12	52
12	53
12	54
12	62
13	22
13	27
13	38
13	41
13	43
13	69
14	18
14	27
14	38
14	41
14	43
14	80
15	4
15	7
15	11
15	17
15	26
15	36
16	68
16	75
16	77
16	78
16	80
16	81
17	2
17	4
17	11
17	15
17	19
17	36
18	5
18	14
18	22
18	38
18	41
18	43
19	2
19	4
19	11
19	17
19	26
19	36
20	40
20	42
20	47
20	48
20	51
20	57
20	79
21	56
21	59
21	60
21	65
21	71
21	73
21	74
22	5
22	13
22	18
22	27
22	41
22	43
22	77
23	59
23	76
23	77
23	78
23	79
23	80
23	81
24	10
24	76
24	77
24	78
24	79
24	80
24	81
25	28
25	44
25	49
25	50
25	52
25	53
25	54
26	2
26	4
26	11
26	15
26	19
26	36
26	58
27	13
27	14
27	22
27	38
27	41
27	43
27	54
28	6
28	8
28	25
28	29
28	32
28	33
28	34
29	1
29	8
29	28
29	32
29	33
29	34
29	74
30	41
30	75
30	76
30	77
30	78
30	79
30	80
30	81
31	59
31	63
31	65
31	67
31	68
31	71
31	73
31	74
32	1
32	6
32	8
32	28
32	29
32	33
32	34
32	64
33	1
33	6
33	8
33	28
33	29
33	32
33	34
33	55
34	1
34	6
34	8
34	28
34	29
34	32
34	33
34	76
35	10
35	40
35	42
35	47
35	48
35	51
35	57
35	66
36	2
36	3
36	4
36	11
36	15
36	17
36	19
36	26
37	12
37	44
37	46
37	49
37	50
37	52
37	54
37	70
38	5
38	13
38	14
38	18
38	27
38	41
38	43
38	74
39	58
39	60
39	61
39	63
39	65
39	67
39	71
39	73
39	74
40	7
40	10
40	20
40	35
40	42
40	47
40	48
40	51
40	57
41	5
41	13
41	14
41	18
41	22
41	27
41	30
41	38
41	43
42	5
42	10
42	20
42	35
42	40
42	47
42	48
42	51
42	57
43	5
43	13
43	14
43	18
43	22
43	27
43	38
43	41
43	67
44	25
44	37
44	46
44	49
44	50
44	52
44	53
44	54
44	60
45	70
45	72
45	75
45	76
45	77
45	78
45	79
45	80
45	81
46	12
46	37
46	44
46	49
46	50
46	52
46	53
46	54
46	60
47	7
47	20
47	35
47	40
47	42
47	48
47	51
47	57
47	65
48	7
48	20
48	35
48	40
48	42
48	47
48	51
48	52
48	57
49	25
49	37
49	44
49	46
49	50
49	52
49	53
49	54
49	69
50	25
50	37
50	44
50	46
50	49
50	53
50	54
50	75
50	81
51	7
51	10
51	20
51	35
51	40
51	42
51	47
51	48
51	57
52	12
52	25
52	37
52	44
52	46
52	48
52	49
52	53
52	54
53	12
53	25
53	44
53	46
53	49
53	50
53	52
53	54
53	71
54	12
54	25
54	27
54	37
54	44
54	46
54	49
54	50
54	52
54	53
55	33
55	64
55	70
55	72
55	75
55	76
55	77
55	78
55	79
55	80
55	81
56	21
56	59
56	60
56	61
56	62
56	63
56	67
56	68
56	71
56	74
56	76
57	7
57	10
57	20
57	35
57	40
57	42
57	47
57	48
57	51
57	61
57	65
58	3
58	26
58	39
58	59
58	62
58	63
58	65
58	67
58	68
58	71
58	73
58	74
59	21
59	23
59	31
59	56
59	58
59	60
59	61
59	62
59	65
59	68
59	71
59	73
59	74
60	21
60	39
60	44
60	46
60	56
60	59
60	62
60	63
60	67
60	68
60	71
60	73
60	74
61	3
61	39
61	56
61	57
61	59
61	62
61	63
61	65
61	67
61	68
61	71
61	73
61	74
62	11
62	12
62	56
62	58
62	59
62	60
62	61
62	63
62	65
62	67
62	68
62	71
62	73
62	74
63	31
63	39
63	56
63	58
63	60
63	61
63	62
63	65
63	67
63	68
63	71
63	73
63	74
63	78
64	32
64	55
64	66
64	69
64	70
64	72
64	75
64	76
64	77
64	78
64	79
64	80
64	81
65	3
65	21
65	31
65	39
65	47
65	57
65	58
65	59
65	61
65	62
65	63
65	67
65	68
65	73
65	74
66	35
66	64
66	69
66	70
66	72
66	75
66	76
66	77
66	78
66	79
66	80
66	81
67	31
67	39
67	43
67	56
67	58
67	60
67	61
67	62
67	63
67	65
67	68
67	71
67	73
67	74
67	79
68	16
68	31
68	56
68	58
68	59
68	60
68	61
68	62
68	63
68	65
68	67
68	71
68	73
68	74
68	81
69	13
69	49
69	64
69	66
69	70
69	72
69	75
69	76
69	77
69	78
69	79
69	80
69	81
70	37
70	45
70	55
70	64
70	66
70	69
70	72
70	75
70	76
70	77
70	78
70	79
70	80
70	81
71	1
71	21
71	31
71	39
71	53
71	56
71	58
71	59
71	60
71	61
71	62
71	63
71	67
71	68
71	73
71	74
72	45
72	55
72	64
72	66
72	69
72	70
72	73
72	75
72	76
72	77
72	78
72	79
72	80
72	81
73	3
73	21
73	31
73	39
73	58
73	59
73	60
73	61
73	62
73	63
73	65
73	67
73	68
73	71
73	72
73	74
73	77
74	3
74	21
74	29
74	31
74	38
74	39
74	56
74	58
74	59
74	60
74	61
74	62
74	63
74	65
74	67
74	68
74	71
74	73
75	2
75	9
75	16
75	30
75	45
75	50
75	55
75	64
75	66
75	69
75	70
75	72
75	76
75	77
75	78
75	79
75	80
75	81
76	9
76	23
76	24
76	30
76	34
76	45
76	55
76	56
76	64
76	66
76	69
76	70
76	72
76	75
76	77
76	78
76	79
76	80
76	81
77	16
77	22
77	23
77	24
77	30
77	45
77	55
77	64
77	66
77	69
77	70
77	72
77	73
77	75
77	76
77	78
77	79
77	80
77	81
78	9
78	16
78	23
78	24
78	30
78	45
78	55
78	63
78	64
78	66
78	69
78	70
78	72
78	75
78	76
78	77
78	79
78	80
78	81
79	9
79	20
79	23
79	24
79	30
79	45
79	55
79	64
79	66
79	67
79	69
79	70
79	72
79	75
79	76
79	77
79	78
79	80
79	81
80	9
80	14
80	16
80	23
80	24
80	30
80	45
80	55
80	64
80	66
80	69
80	70
80	72
80	75
80	76
80	77
80	78
80	79
80	81
81	9
81	16
81	23
81	24
81	30
81	45
81	50
81	55
81	64
81	66
81	68
81	69
81	70
81	72
81	75
81	76
81	77
81	78
81	79
81	80
