1	2
1	5
1	12
1	18
1	19
1	68
2	1
2	5
2	8
2	12
2	18
2	19
3	9
3	10
3	14
3	17
3	22
3	63
4	47
4	53
4	59
4	65
4	66
4	79
5	1
5	2
5	8
5	12
5	18
5	19
6	13
6	15
6	16
6	20
6	26
6	35
7	14
7	23
7	32
7	37
7	44
7	47
8	2
8	5
8	11
8	12
8	18
8	19
9	3
9	10
9	14
9	17
9	21
9	22
10	3
10	9
10	14
10	17
10	21
10	22
11	8
11	13
11	15
11	16
11	24
11	26
12	1
12	2
12	5
12	8
12	18
12	19
12	50
13	6
13	11
13	15
13	16
13	20
13	24
13	26
14	3
14	7
14	9
14	10
14	17
14	21
14	22
15	6
15	11
15	13
15	16
15	20
15	24
15	26
16	6
16	11
16	13
16	15
16	20
16	24
16	26
17	3
17	9
17	10
17	14
17	21
17	22
17	65
18	1
18	2
18	5
18	8
18	12
18	19
18	64
19	1
19	2
19	5
19	8
19	12
19	18
19	76
20	6
20	13
20	15
20	16
20	24
20	26
20	41
21	9
21	10
21	14
21	17
21	22
21	43
21	55
22	3
22	9
22	10
22	14
22	17
22	21
22	58
23	7
23	32
23	34
23	36
23	37
23	43
23	47
24	11
24	13
24	15
24	16
24	20
24	26
24	36
25	34
25	36
25	37
25	43
25	44
25	47
25	69
26	6
26	11
26	13
26	15
26	16
26	20
26	24
27	39
27	40
27	49
27	58
27	60
27	62
27	67
28	59
28	68
28	71
28	73
28	74
28	75
28	78
28	79
29	63
29	67
29	70
29	76
29	77
29	78
29	80
29	81
30	39
30	40
30	41
30	42
30	46
30	58
30	60
30	62
30	67
31	33
31	39
31	52
31	70
31	76
31	77
31	78
31	80
31	81
32	7
32	23
32	34
32	36
32	37
32	43
32	44
32	47
32	79
33	31
33	57
33	62
33	70
33	72
33	76
33	78
33	80
33	81
34	23
34	25
34	32
34	36
34	37
34	43
34	44
34	47
34	77
35	6
35	48
35	53
35	65
35	66
35	68
35	71
35	75
35	79
36	23
36	24
36	25
36	32
36	34
36	37
36	43
36	44
36	47
37	7
37	23
37	25
37	32
37	34
37	36
37	43
37	44
37	47
38	53
38	56
38	65
38	71
38	73
38	74
38	75
38	79
38	81
39	27
39	30
39	31
39	41
39	45
39	58
39	60
39	62
39	67
40	27
40	30
40	42
40	46
40	49
40	60
40	62
40	67
40	73
41	20
41	30
41	39
41	42
41	45
41	49
41	58
41	62
41	67
42	30
42	40
42	41
42	44
42	45
42	49
42	60
42	62
42	67
43	21
43	23
43	25
43	32
43	34
43	36
43	37
43	44
43	47
44	7
44	25
44	32
44	34
44	36
44	37
44	42
44	43
44	47
45	39
45	41
45	42
45	46
45	58
45	60
45	62
45	67
45	69
46	30
46	40
46	45
46	49
46	58
46	60
46	62
46	67
46	74
47	4
47	7
47	23
47	25
47	32
47	34
47	36
47	37
47	43
47	44
48	35
48	51
48	54
48	61
48	65
48	66
48	71
48	74
48	75
48	79
49	27
49	40
49	41
49	42
49	46
49	58
49	60
49	62
49	67
49	78
50	12
50	55
50	64
50	69
50	70
50	72
50	76
50	77
50	78
50	80
50	81
51	48
51	56
51	59
51	61
51	65
51	66
51	68
51	72
51	73
51	74
51	79
52	31
52	55
52	63
52	64
52	70
52	72
52	75
52	76
52	77
52	80
52	81
53	4
53	35
53	38
53	56
53	59
53	61
53	68
53	70
53	71
53	75
53	79
54	48
54	55
54	63
54	64
54	69
54	72
54	76
54	77
54	78
54	80
54	81
55	21
55	50
55	52
55	54
55	57
55	63
55	64
55	76
55	77
55	80
55	81
56	38
56	51
56	53
56	57
56	61
56	65
56	68
56	71
56	73
56	74
56	75
56	79
57	33
57	55
57	56
57	63
57	64
57	69
57	72
57	76
57	77
57	78
57	80
57	81
58	22
58	27
58	30
58	39
58	41
58	45
58	46
58	49
58	60
58	62
58	67
58	74
59	4
59	28
59	51
59	53
59	61
59	68
59	71
59	73
59	74
59	75
59	79
59	80
60	27
60	30
60	39
60	40
60	42
60	45
60	46
60	49
60	58
60	62
60	67
60	71
61	48
61	51
61	53
61	56
61	59
61	66
61	68
61	71
61	72
61	73
61	74
61	75
61	79
62	27
62	30
62	33
62	39
62	40
62	41
62	42
62	45
62	46
62	49
62	58
62	60
62	67
63	3
63	29
63	52
63	54
63	55
63	57
63	69
63	72
63	76
63	77
63	78
63	80
63	81
64	18
64	50
64	52
64	54
64	55
64	57
64	69
64	70
64	72
64	77
64	78
64	80
64	81
65	4
65	17
65	35
65	38
65	48
65	51
65	56
65	66
65	68
65	73
65	74
65	75
65	79
65	81
66	4
66	35
66	48
66	51
66	61
66	65
66	67
66	68
66	71
66	73
66	74
66	75
66	77
66	79
67	27
67	29
67	30
67	39
67	40
67	41
67	42
67	45
67	46
67	49
67	58
67	60
67	62
67	66
68	1
68	28
68	35
68	51
68	53
68	56
68	59
68	61
68	65
68	66
68	71
68	73
68	75
68	79
69	25
69	45
69	50
69	54
69	57
69	63
69	64
69	70
69	72
69	76
69	77
69	78
69	80
69	81
70	29
70	31
70	33
70	50
70	52
70	53
70	64
70	69
70	72
70	76
70	77
70	78
70	80
70	81
71	28
71	35
71	38
71	48
71	53
71	56
71	59
71	60
71	61
71	66
71	68
71	73
71	74
71	75
71	79
72	33
72	50
72	51
72	52
72	54
72	57
72	61
72	63
72	64
72	69
72	70
72	76
72	78
72	80
72	81
73	28
73	38
73	40
73	51
73	56
73	59
73	61
73	65
73	66
73	68
73	71
73	74
73	75
73	79
73	80
74	28
74	38
74	46
74	48
74	51
74	56
74	58
74	59
74	61
74	65
74	66
74	71
74	73
74	75
74	79
75	28
75	35
75	38
75	48
75	52
75	53
75	56
75	59
75	61
75	65
75	66
75	68
75	71
75	73
75	74
75	79
76	19
76	29
76	31
76	33
76	50
76	52
76	54
76	55
76	57
76	63
76	69
76	70
76	72
76	78
76	80
76	81
77	29
77	31
77	34
77	50
77	52
77	54
77	55
77	57
77	63
77	64
77	66
77	69
77	70
77	78
77	80
77	81
78	28
78	29
78	31
78	33
78	49
78	50
78	54
78	57
78	63
78	64
78	69
78	70
78	72
78	76
78	77
78	80
78	81
79	4
79	28
79	32
79	35
79	38
79	48
79	51
79	53
79	56
79	59
79	61
79	65
79	66
79	68
79	71
79	73
79	74
79	75
80	29
80	31
80	33
80	50
80	52
80	54
80	55
80	57
80	59
80	63
80	64
80	69
80	70
80	72
80	73
80	76
80	77
80	78
80	81
81	29
81	31
81	33
81	38
81	50
81	52
81	54
81	55
81	57
81	63
81	64
81	65
81	69
81	70
81	72
81	76
81	77
81	78
81	80
