1	24
1	38
1	47
1	53
1	70
1	76
2	12
2	64
2	65
2	67
2	69
2	76
3	20
3	61
3	63
3	64
3	67
3	69
4	8
4	26
4	32
4	34
4	43
4	61
5	12
5	52
5	63
5	64
5	65
5	69
6	15
6	23
6	35
6	75
6	78
6	81
7	9
7	68
7	75
7	77
7	78
7	81
8	4
8	32
8	34
8	45
8	55
8	60
9	7
9	65
9	68
9	75
9	78
9	81
10	22
10	24
10	66
10	70
10	76
10	78
11	23
11	49
11	68
11	71
11	78
11	81
12	2
12	5
12	49
12	64
12	67
12	69
13	19
13	34
13	45
13	46
13	55
13	61
14	32
14	42
14	53
14	58
14	75
14	81
15	6
15	63
15	68
15	71
15	75
15	81
16	32
16	43
16	45
16	46
16	55
16	61
17	29
17	38
17	56
17	66
17	70
17	76
18	22
18	44
18	50
18	66
18	70
18	76
19	13
19	26
19	46
19	55
19	61
19	70
20	3
20	46
20	52
20	63
20	65
20	67
21	33
21	48
21	52
21	62
21	64
21	67
21	69
22	10
22	18
22	36
22	50
22	51
22	70
22	76
23	6
23	11
23	25
23	50
23	68
23	78
23	81
24	1
24	10
24	47
24	50
24	66
24	74
24	76
25	23
25	68
25	71
25	75
25	78
25	80
25	81
26	4
26	19
26	34
26	43
26	45
26	61
26	72
27	36
27	62
27	72
27	73
27	74
27	77
27	79
28	54
28	59
28	72
28	74
28	77
28	79
28	80
29	17
29	38
29	47
29	56
29	66
29	70
29	76
30	42
30	53
30	71
30	75
30	78
30	79
30	81
31	72
31	73
31	74
31	75
31	77
31	79
31	80
32	4
32	8
32	14
32	16
32	43
32	45
32	61
33	21
33	35
33	39
33	48
33	63
33	65
33	67
33	69
34	4
34	8
34	13
34	26
34	43
34	46
34	55
34	61
35	6
35	33
35	49
35	53
35	71
35	75
35	78
35	81
36	22
36	27
36	72
36	73
36	74
36	77
36	79
36	80
37	57
37	60
37	72
37	73
37	74
37	77
37	79
37	80
38	1
38	17
38	29
38	44
38	47
38	51
38	70
38	76
39	33
39	48
39	63
39	64
39	65
39	67
39	69
39	77
40	54
40	72
40	73
40	74
40	76
40	77
40	79
40	80
41	57
41	59
41	60
41	62
41	72
41	73
41	74
41	79
41	80
42	14
42	30
42	58
42	68
42	71
42	75
42	78
42	80
42	81
43	4
43	16
43	26
43	32
43	34
43	45
43	46
43	55
43	56
44	18
44	38
44	47
44	51
44	56
44	66
44	70
44	73
44	76
45	8
45	13
45	16
45	26
45	32
45	43
45	46
45	55
45	61
46	13
46	16
46	19
46	20
46	34
46	43
46	45
46	55
46	61
47	1
47	24
47	29
47	38
47	44
47	51
47	56
47	70
47	76
48	21
48	33
48	39
48	59
48	63
48	64
48	65
48	67
48	69
49	11
49	12
49	35
49	53
49	58
49	71
49	75
49	78
49	81
50	18
50	22
50	23
50	24
50	51
50	56
50	66
50	70
50	76
51	22
51	38
51	44
51	47
51	50
51	56
51	58
51	66
51	76
52	5
52	20
52	21
52	63
52	64
52	65
52	66
52	67
52	69
53	1
53	14
53	30
53	35
53	49
53	58
53	71
53	75
53	78
53	81
54	28
54	40
54	57
54	59
54	60
54	71
54	73
54	77
54	79
54	80
55	8
55	13
55	16
55	19
55	34
55	43
55	45
55	46
55	61
55	71
56	17
56	29
56	43
56	44
56	47
56	50
56	51
56	66
56	70
56	76
57	37
57	41
57	54
57	60
57	66
57	73
57	74
57	77
57	79
57	80
58	14
58	42
58	49
58	51
58	53
58	68
58	71
58	75
58	78
58	81
59	28
59	41
59	48
59	54
59	72
59	73
59	74
59	77
59	79
59	80
60	8
60	37
60	41
60	54
60	57
60	62
60	73
60	74
60	77
60	79
60	80
61	3
61	4
61	13
61	16
61	19
61	26
61	32
61	34
61	45
61	46
61	55
62	21
62	27
62	41
62	60
62	69
62	72
62	73
62	74
62	77
62	79
62	80
63	3
63	5
63	15
63	20
63	33
63	39
63	48
63	52
63	65
63	67
63	69
64	2
64	3
64	5
64	12
64	21
64	39
64	48
64	52
64	65
64	67
64	68
64	69
65	2
65	5
65	9
65	20
65	33
65	39
65	48
65	52
65	63
65	64
65	67
65	69
66	10
66	17
66	18
66	24
66	29
66	44
66	50
66	51
66	52
66	56
66	57
66	70
66	76
67	2
67	3
67	12
67	20
67	21
67	33
67	39
67	48
67	52
67	63
67	64
67	65
67	69
67	81
68	7
68	9
68	11
68	15
68	23
68	25
68	42
68	58
68	64
68	70
68	71
68	75
68	78
68	81
69	2
69	3
69	5
69	12
69	21
69	33
69	39
69	48
69	52
69	62
69	63
69	64
69	65
69	67
70	1
70	10
70	17
70	18
70	19
70	22
70	29
70	38
70	44
70	47
70	50
70	56
70	66
70	68
70	76
71	11
71	15
71	25
71	30
71	35
71	42
71	49
71	53
71	54
71	55
71	58
71	68
71	75
71	78
71	81
72	26
72	27
72	28
72	31
72	36
72	37
72	40
72	41
72	59
72	62
72	73
72	74
72	77
72	78
72	79
72	80
73	27
73	31
73	36
73	37
73	40
73	41
73	44
73	54
73	57
73	59
73	60
73	62
73	72
73	74
73	77
73	79
73	80
74	24
74	27
74	28
74	31
74	36
74	37
74	40
74	41
74	57
74	59
74	60
74	62
74	72
74	73
74	77
74	79
74	80
75	6
75	7
75	9
75	14
75	15
75	25
75	30
75	31
75	35
75	42
75	49
75	53
75	58
75	68
75	71
75	78
75	81
76	1
76	2
76	10
76	17
76	18
76	22
76	24
76	29
76	38
76	40
76	44
76	47
76	50
76	51
76	56
76	66
76	70
77	7
77	27
77	28
77	31
77	36
77	37
77	39
77	40
77	54
77	57
77	59
77	60
77	62
77	72
77	73
77	74
77	79
77	80
78	6
78	7
78	9
78	10
78	11
78	23
78	25
78	30
78	35
78	42
78	49
78	53
78	58
78	68
78	71
78	72
78	75
78	81
79	27
79	28
79	30
79	31
79	36
79	37
79	40
79	41
79	54
79	57
79	59
79	60
79	62
79	72
79	73
79	74
79	77
79	80
80	25
80	28
80	31
80	36
80	37
80	40
80	41
80	42
80	54
80	57
80	59
80	60
80	62
80	72
80	73
80	74
80	77
80	79
81	6
81	7
81	9
81	11
81	14
81	15
81	23
81	25
81	30
81	35
81	42
81	49
81	53
81	58
81	67
81	68
81	71
81	75
81	78
