1	16
1	25
1	32
1	48
1	51
1	55
2	27
2	50
2	67
2	69
2	70
2	74
3	10
3	30
3	41
3	42
3	48
3	49
4	18
4	40
4	62
4	63
4	71
4	76
5	43
5	57
5	61
5	67
5	69
5	72
6	24
6	76
6	77
6	78
6	79
6	80
7	13
7	62
7	63
7	68
7	71
7	81
8	37
8	57
8	61
8	69
8	72
8	74
9	15
9	33
9	43
9	69
9	72
9	74
10	3
10	20
10	35
10	51
10	55
10	78
11	27
11	55
11	67
11	69
11	72
11	74
12	14
12	44
12	62
12	76
12	79
12	81
13	7
13	23
13	36
13	49
13	52
13	58
14	12
14	56
14	60
14	64
14	78
14	79
15	9
15	30
15	32
15	35
15	48
15	55
16	1
16	20
16	31
16	51
16	54
16	55
17	59
17	67
17	70
17	72
17	74
17	79
18	4
18	23
18	39
18	63
18	68
18	71
19	56
19	58
19	66
19	73
19	76
19	81
20	10
20	16
20	25
20	41
20	48
20	55
21	57
21	61
21	67
21	69
21	70
21	72
22	44
22	50
22	57
22	59
22	70
22	74
23	13
23	18
23	31
23	36
23	49
23	71
24	6
24	56
24	66
24	73
24	75
24	78
25	1
25	20
25	30
25	42
25	51
25	61
26	40
26	46
26	58
26	62
26	63
26	68
26	71
27	2
27	11
27	57
27	61
27	63
27	69
27	70
28	29
28	36
28	46
28	52
28	58
28	63
28	81
29	28
29	40
29	49
29	52
29	63
29	68
29	71
30	3
30	15
30	25
30	31
30	41
30	42
30	55
31	16
31	23
31	30
31	32
31	41
31	48
31	54
32	1
32	15
32	31
32	35
32	48
32	51
32	56
33	9
33	42
33	50
33	57
33	59
33	61
33	70
34	37
34	38
34	56
34	73
34	79
34	80
34	81
35	10
35	15
35	32
35	42
35	54
35	55
35	65
36	13
36	23
36	28
36	46
36	58
36	62
36	68
36	71
37	8
37	34
37	45
37	64
37	73
37	75
37	79
37	80
38	34
38	39
38	45
38	52
38	53
38	65
38	78
38	81
39	18
39	38
39	75
39	77
39	78
39	79
39	80
39	81
40	4
40	26
40	29
40	46
40	49
40	58
40	62
40	79
41	3
41	20
41	30
41	31
41	42
41	54
41	55
41	77
42	3
42	25
42	30
42	33
42	35
42	41
42	51
42	54
43	5
43	9
43	48
43	57
43	67
43	70
43	72
43	74
44	12
44	22
44	53
44	73
44	77
44	78
44	80
44	81
45	37
45	38
45	47
45	71
45	76
45	78
45	79
45	80
46	26
46	28
46	36
46	40
46	49
46	62
46	68
46	73
47	45
47	64
47	65
47	75
47	76
47	77
47	79
47	80
47	81
48	1
48	3
48	15
48	20
48	31
48	32
48	43
48	51
48	54
49	3
49	13
49	23
49	29
49	40
49	46
49	52
49	58
49	71
50	2
50	22
50	33
50	59
50	61
50	69
50	70
50	73
50	74
51	1
51	10
51	16
51	25
51	32
51	42
51	48
51	54
51	70
52	13
52	28
52	29
52	38
52	49
52	62
52	63
52	68
52	71
53	38
53	44
53	60
53	72
53	75
53	76
53	77
53	78
53	80
54	16
54	31
54	35
54	41
54	42
54	48
54	51
54	55
54	80
55	1
55	10
55	11
55	15
55	16
55	20
55	30
55	35
55	41
55	54
56	14
56	19
56	24
56	32
56	34
56	65
56	66
56	76
56	77
56	80
57	5
57	8
57	21
57	22
57	27
57	33
57	43
57	66
57	69
57	74
58	13
58	19
58	26
58	28
58	36
58	40
58	49
58	62
58	63
58	68
59	17
59	22
59	33
59	50
59	61
59	64
59	67
59	70
59	72
59	74
60	14
60	53
60	65
60	67
60	73
60	75
60	77
60	78
60	80
60	81
61	5
61	8
61	21
61	25
61	27
61	33
61	50
61	59
61	67
61	72
62	4
62	7
62	12
62	26
62	36
62	40
62	46
62	52
62	58
62	68
62	71
63	4
63	7
63	18
63	26
63	27
63	28
63	29
63	52
63	58
63	68
63	71
64	14
64	37
64	47
64	59
64	65
64	66
64	73
64	75
64	78
64	79
64	81
65	35
65	38
65	47
65	56
65	60
65	64
65	76
65	77
65	78
65	79
65	80
66	19
66	24
66	56
66	57
66	64
66	73
66	75
66	77
66	79
66	80
66	81
67	2
67	5
67	11
67	17
67	21
67	43
67	59
67	60
67	61
67	69
67	70
67	74
68	7
68	18
68	26
68	29
68	36
68	46
68	52
68	58
68	62
68	63
68	71
68	75
69	2
69	5
69	8
69	9
69	11
69	21
69	27
69	50
69	57
69	67
69	72
69	74
69	77
70	2
70	17
70	21
70	22
70	27
70	33
70	43
70	50
70	51
70	59
70	67
70	72
70	74
71	4
71	7
71	18
71	23
71	26
71	29
71	36
71	45
71	49
71	52
71	62
71	63
71	68
72	5
72	8
72	9
72	11
72	17
72	21
72	43
72	53
72	59
72	61
72	69
72	70
72	74
72	80
73	19
73	24
73	34
73	37
73	44
73	46
73	50
73	60
73	64
73	66
73	75
73	76
73	77
73	78
73	81
74	2
74	8
74	9
74	11
74	17
74	22
74	43
74	50
74	57
74	59
74	67
74	69
74	70
74	72
74	76
75	24
75	37
75	39
75	47
75	53
75	60
75	64
75	66
75	68
75	73
75	76
75	77
75	78
75	79
75	81
76	4
76	6
76	12
76	19
76	45
76	47
76	53
76	56
76	65
76	73
76	74
76	75
76	77
76	79
76	80
76	81
77	6
77	39
77	41
77	44
77	47
77	53
77	56
77	60
77	65
77	66
77	69
77	73
77	75
77	76
77	78
77	79
77	80
77	81
78	6
78	10
78	14
78	24
78	38
78	39
78	44
78	45
78	53
78	60
78	64
78	65
78	73
78	75
78	77
78	79
78	80
78	81
79	6
79	12
79	14
79	17
79	34
79	37
79	39
79	40
79	45
79	47
79	64
79	65
79	66
79	75
79	76
79	77
79	78
79	80
79	81
80	6
80	34
80	37
80	39
80	44
80	45
80	47
80	53
80	54
80	56
80	60
80	65
80	66
80	72
80	76
80	77
80	78
80	79
80	81
81	7
81	12
81	19
81	28
81	34
81	38
81	39
81	44
81	47
81	60
81	64
81	66
81	73
81	75
81	76
81	77
81	78
81	79
81	80
