1	71
1	73
1	77
1	79
1	80
1	81
2	72
2	74
2	76
2	79
2	80
2	81
3	38
3	40
3	43
3	45
3	55
3	58
4	8
4	14
4	22
4	35
4	46
4	73
5	59
5	61
5	62
5	64
5	66
5	67
6	9
6	12
6	16
6	23
6	28
6	34
7	9
7	26
7	28
7	33
7	34
7	74
8	4
8	11
8	27
8	35
8	37
8	70
9	6
9	7
9	23
9	26
9	28
9	33
10	53
10	61
10	62
10	64
10	66
10	67
11	8
11	30
11	35
11	37
11	39
11	46
12	6
12	14
12	23
12	28
12	33
12	34
13	59
13	61
13	62
13	64
13	66
13	73
14	4
14	12
14	27
14	30
14	35
14	39
15	23
15	41
15	53
15	70
15	75
15	78
16	6
16	26
16	28
16	32
16	33
16	34
17	43
17	61
17	62
17	64
17	66
17	67
18	29
18	42
18	43
18	47
18	55
18	58
19	59
19	61
19	62
19	64
19	66
19	67
20	41
20	51
20	65
20	69
20	70
20	75
20	78
21	26
21	54
21	72
21	77
21	79
21	80
21	81
22	4
22	30
22	35
22	36
22	39
22	46
22	60
23	6
23	9
23	12
23	15
23	26
23	28
23	34
24	59
24	61
24	62
24	64
24	66
24	67
25	36
25	59
25	61
25	62
25	64
25	66
25	67
26	7
26	9
26	16
26	21
26	23
26	28
26	33
26	34
27	8
27	14
27	30
27	36
27	37
27	39
27	46
27	51
28	6
28	7
28	9
28	12
28	16
28	23
28	26
28	33
29	18
29	38
29	40
29	45
29	47
29	55
29	58
29	80
30	11
30	14
30	22
30	27
30	36
30	37
30	39
30	46
31	38
31	40
31	43
31	45
31	47
31	50
31	55
31	58
32	16
32	56
32	63
32	65
32	69
32	70
32	75
32	78
33	7
33	9
33	12
33	16
33	26
33	28
33	34
33	63
34	6
34	7
34	12
34	16
34	23
34	26
34	33
34	61
35	4
35	8
35	11
35	14
35	22
35	36
35	37
35	46
36	22
36	25
36	27
36	30
36	35
36	37
36	39
36	46
37	8
37	11
37	27
37	30
37	35
37	36
37	39
37	46
38	3
38	29
38	31
38	42
38	43
38	47
38	55
38	58
38	76
39	11
39	14
39	22
39	27
39	30
39	36
39	37
39	46
39	77
40	3
40	29
40	31
40	42
40	45
40	47
40	55
40	58
40	81
41	15
41	20
41	51
41	52
41	63
41	65
41	75
41	78
41	79
42	18
42	38
42	40
42	43
42	45
42	47
42	55
42	58
42	81
43	3
43	17
43	18
43	31
43	38
43	42
43	45
43	55
43	58
44	49
44	51
44	52
44	56
44	65
44	69
44	75
44	77
44	78
45	3
45	29
45	31
45	40
45	42
45	43
45	47
45	55
45	58
46	4
46	11
46	22
46	27
46	30
46	35
46	36
46	37
46	39
46	49
47	18
47	29
47	31
47	38
47	40
47	42
47	45
47	55
47	58
47	78
48	50
48	54
48	68
48	71
48	74
48	76
48	78
48	79
48	80
48	81
49	44
49	46
49	53
49	56
49	63
49	65
49	69
49	70
49	75
49	78
50	31
50	48
50	68
50	72
50	73
50	74
50	76
50	77
50	79
50	80
50	81
51	20
51	27
51	41
51	44
51	56
51	63
51	65
51	69
51	70
51	75
51	78
52	41
52	44
52	53
52	56
52	63
52	65
52	66
52	69
52	70
52	75
52	78
53	10
53	15
53	49
53	52
53	56
53	63
53	65
53	69
53	70
53	75
53	78
54	21
54	48
54	71
54	72
54	73
54	74
54	76
54	77
54	79
54	80
54	81
55	3
55	18
55	29
55	31
55	38
55	40
55	42
55	43
55	45
55	47
55	58
55	62
56	32
56	44
56	49
56	51
56	52
56	53
56	63
56	69
56	70
56	75
56	78
56	80
57	58
57	60
57	68
57	71
57	72
57	73
57	74
57	76
57	77
57	79
57	80
57	81
58	3
58	18
58	29
58	31
58	38
58	40
58	42
58	43
58	45
58	47
58	55
58	57
59	5
59	13
59	19
59	24
59	25
59	61
59	62
59	64
59	66
59	67
59	76
60	22
60	57
60	68
60	71
60	73
60	74
60	75
60	76
60	77
60	79
60	80
60	81
61	5
61	10
61	13
61	17
61	19
61	24
61	25
61	34
61	59
61	62
61	64
61	66
61	67
62	5
62	10
62	13
62	17
62	19
62	24
62	25
62	55
62	59
62	61
62	64
62	66
62	67
63	32
63	33
63	41
63	49
63	51
63	52
63	53
63	56
63	65
63	69
63	70
63	75
63	78
64	5
64	10
64	13
64	17
64	19
64	24
64	25
64	59
64	61
64	62
64	66
64	67
64	75
65	20
65	32
65	41
65	44
65	49
65	51
65	52
65	53
65	63
65	69
65	71
65	75
65	78
66	5
66	10
66	13
66	17
66	19
66	24
66	25
66	52
66	59
66	61
66	62
66	64
66	67
67	5
67	10
67	17
67	19
67	24
67	25
67	59
67	61
67	62
67	64
67	66
67	68
67	69
68	48
68	50
68	57
68	60
68	67
68	71
68	72
68	73
68	74
68	76
68	77
68	79
68	80
68	81
69	20
69	32
69	44
69	49
69	51
69	52
69	53
69	56
69	63
69	65
69	67
69	70
69	75
69	78
70	8
70	15
70	20
70	32
70	49
70	51
70	52
70	53
70	56
70	63
70	69
70	72
70	75
70	78
71	1
71	48
71	54
71	57
71	60
71	65
71	68
71	72
71	73
71	74
71	76
71	77
71	79
71	80
71	81
72	2
72	21
72	50
72	54
72	57
72	68
72	70
72	71
72	73
72	74
72	76
72	77
72	79
72	80
72	81
73	1
73	4
73	13
73	50
73	54
73	57
73	60
73	68
73	71
73	72
73	74
73	76
73	77
73	79
73	80
73	81
74	2
74	7
74	48
74	50
74	54
74	57
74	60
74	68
74	71
74	72
74	73
74	76
74	77
74	79
74	80
74	81
75	15
75	20
75	32
75	41
75	44
75	49
75	51
75	52
75	53
75	56
75	60
75	63
75	64
75	65
75	69
75	70
75	78
76	2
76	38
76	48
76	50
76	54
76	57
76	59
76	60
76	68
76	71
76	72
76	73
76	74
76	77
76	79
76	80
76	81
77	1
77	21
77	39
77	44
77	50
77	54
77	57
77	60
77	68
77	71
77	72
77	73
77	74
77	76
77	79
77	80
77	81
78	15
78	20
78	32
78	41
78	44
78	47
78	48
78	49
78	51
78	52
78	53
78	56
78	63
78	65
78	69
78	70
78	75
79	1
79	2
79	21
79	41
79	48
79	50
79	54
79	57
79	60
79	68
79	71
79	72
79	73
79	74
79	76
79	77
79	80
79	81
80	1
80	2
80	21
80	29
80	48
80	50
80	54
80	56
80	57
80	60
80	68
80	71
80	72
80	73
80	74
80	76
80	77
80	79
80	81
81	1
81	2
81	21
81	40
81	42
81	48
81	50
81	54
81	57
81	60
81	68
81	71
81	72
81	73
81	74
81	76
81	77
81	79
81	80
