1	27
1	32
1	47
1	49
1	58
1	60
2	6
2	8
2	54
2	61
2	64
2	67
3	68
3	75
3	78
3	79
3	80
3	81
4	23
4	26
4	53
4	56
4	65
4	66
5	11
5	35
5	37
5	48
5	51
5	67
6	2
6	32
6	43
6	54
6	64
6	67
7	13
7	16
7	17
7	35
7	48
7	51
8	2
8	31
8	62
8	63
8	64
8	67
9	30
9	37
9	46
9	59
9	61
9	66
10	17
10	41
10	53
10	56
10	65
10	74
11	5
11	16
11	18
11	25
11	48
11	51
12	24
12	25
12	34
12	43
12	49
12	60
13	7
13	18
13	35
13	37
13	51
13	71
14	29
14	31
14	57
14	59
14	61
14	66
15	36
15	46
15	52
15	57
15	59
15	61
15	73
16	7
16	11
16	18
16	35
16	37
16	48
16	51
17	7
17	10
17	39
17	45
17	53
17	56
17	65
18	11
18	13
18	16
18	35
18	37
18	48
18	51
19	28
19	38
19	55
19	62
19	63
19	67
19	77
20	43
20	54
20	55
20	62
20	63
20	64
20	67
21	22
21	24
21	25
21	47
21	50
21	52
21	58
22	21
22	27
22	34
22	49
22	58
22	60
22	81
23	4
23	26
23	41
23	44
23	45
23	56
23	65
24	12
24	21
24	47
24	48
24	49
24	58
24	60
25	11
25	12
25	21
25	27
25	47
25	50
25	58
25	60
26	4
26	23
26	39
26	44
26	53
26	56
26	65
26	68
27	1
27	22
27	25
27	32
27	34
27	47
27	49
27	50
28	19
28	43
28	46
28	55
28	62
28	63
28	64
28	67
29	14
29	30
29	36
29	46
29	52
29	57
29	61
29	66
30	9
30	29
30	52
30	57
30	59
30	61
30	65
30	66
31	8
31	14
31	36
31	52
31	57
31	59
31	61
31	66
32	1
32	6
32	27
32	34
32	49
32	50
32	58
32	60
33	68
33	72
33	74
33	76
33	77
33	78
33	79
33	81
34	12
34	22
34	27
34	32
34	50
34	58
34	60
34	63
35	5
35	7
35	13
35	16
35	18
35	37
35	48
35	51
36	15
36	29
36	31
36	46
36	59
36	61
36	66
36	72
37	5
37	9
37	13
37	16
37	18
37	35
37	48
37	51
38	19
38	54
38	55
38	62
38	63
38	64
38	67
38	70
39	17
39	26
39	41
39	44
39	45
39	53
39	56
39	65
40	66
40	69
40	73
40	74
40	75
40	76
40	77
40	78
40	80
41	10
41	23
41	39
41	44
41	45
41	53
41	56
41	65
41	81
42	59
42	72
42	74
42	76
42	77
42	78
42	79
42	80
42	81
43	6
43	12
43	20
43	28
43	55
43	62
43	63
43	64
43	67
44	23
44	26
44	39
44	41
44	45
44	53
44	56
44	65
44	69
45	17
45	23
45	39
45	41
45	44
45	53
45	56
45	60
45	65
46	9
46	15
46	28
46	29
46	36
46	52
46	57
46	59
46	66
47	1
47	21
47	24
47	25
47	27
47	49
47	50
47	58
47	77
48	5
48	7
48	11
48	16
48	18
48	24
48	35
48	37
48	51
49	1
49	12
49	22
49	24
49	27
49	32
49	47
49	60
49	80
50	21
50	25
50	27
50	32
50	34
50	47
50	58
50	60
50	79
51	5
51	7
51	11
51	13
51	16
51	18
51	35
51	37
51	48
51	78
52	15
52	21
52	29
52	30
52	31
52	46
52	57
52	59
52	61
52	66
53	4
53	10
53	17
53	26
53	39
53	41
53	44
53	45
53	65
53	75
54	2
54	6
54	20
54	38
54	55
54	62
54	63
54	64
54	67
54	76
55	19
55	20
55	28
55	38
55	43
55	54
55	62
55	63
55	64
55	67
55	70
56	4
56	10
56	17
56	23
56	26
56	39
56	41
56	44
56	45
56	65
56	80
57	14
57	15
57	29
57	30
57	31
57	46
57	52
57	59
57	61
57	66
57	67
58	1
58	21
58	22
58	24
58	25
58	32
58	34
58	47
58	50
58	60
58	79
59	9
59	14
59	15
59	30
59	31
59	36
59	42
59	46
59	52
59	57
59	61
59	66
60	1
60	12
60	22
60	24
60	25
60	32
60	34
60	45
60	49
60	50
60	58
60	73
61	2
61	9
61	14
61	15
61	29
61	30
61	31
61	36
61	52
61	57
61	59
61	66
62	8
62	19
62	20
62	28
62	38
62	43
62	54
62	55
62	63
62	67
62	71
62	75
63	8
63	19
63	20
63	28
63	34
63	38
63	43
63	54
63	55
63	62
63	64
63	67
64	2
64	6
64	8
64	20
64	28
64	38
64	43
64	54
64	55
64	63
64	67
64	69
65	4
65	10
65	17
65	23
65	26
65	30
65	39
65	41
65	44
65	45
65	53
65	56
66	4
66	9
66	14
66	29
66	30
66	31
66	36
66	40
66	46
66	52
66	57
66	59
66	61
67	2
67	5
67	6
67	8
67	19
67	20
67	28
67	38
67	43
67	54
67	55
67	57
67	62
67	63
67	64
68	3
68	26
68	33
68	69
68	70
68	71
68	72
68	73
68	74
68	75
68	76
68	77
68	78
68	79
68	80
68	81
69	40
69	44
69	64
69	68
69	70
69	71
69	72
69	73
69	74
69	75
69	76
69	77
69	78
69	79
69	80
69	81
70	38
70	55
70	68
70	69
70	71
70	72
70	73
70	74
70	75
70	76
70	77
70	78
70	79
70	80
70	81
71	13
71	62
71	68
71	69
71	70
71	72
71	73
71	74
71	75
71	76
71	77
71	78
71	79
71	80
71	81
72	33
72	36
72	42
72	68
72	69
72	70
72	71
72	73
72	74
72	75
72	76
72	77
72	78
72	79
72	80
72	81
73	15
73	40
73	60
73	68
73	69
73	70
73	71
73	72
73	74
73	75
73	76
73	77
73	78
73	79
73	80
73	81
74	10
74	33
74	40
74	42
74	68
74	69
74	70
74	71
74	72
74	73
74	75
74	76
74	77
74	78
74	79
74	80
74	81
75	3
75	40
75	53
75	62
75	68
75	69
75	70
75	71
75	72
75	73
75	74
75	76
75	77
75	78
75	79
75	80
75	81
76	33
76	40
76	42
76	54
76	68
76	69
76	70
76	71
76	72
76	73
76	74
76	75
76	77
76	78
76	79
76	80
76	81
77	19
77	33
77	40
77	42
77	47
77	68
77	69
77	70
77	71
77	72
77	73
77	74
77	75
77	76
77	78
77	79
77	80
77	81
78	3
78	33
78	40
78	42
78	51
78	68
78	69
78	70
78	71
78	72
78	73
78	74
78	75
78	76
78	77
78	79
78	80
78	81
79	3
79	33
79	42
79	50
79	58
79	68
79	69
79	70
79	71
79	72
79	73
79	74
79	75
79	76
79	77
79	78
79	80
79	81
80	3
80	40
80	42
80	49
80	56
80	68
80	69
80	70
80	71
80	72
80	73
80	74
80	75
80	76
80	77
80	78
80	79
80	81
81	3
81	22
81	33
81	41
81	42
81	68
81	69
81	70
81	71
81	72
81	73
81	74
81	75
81	76
81	77
81	78
81	79
81	80
