1	2
1	3
1	7
1	8
1	12
1	49
2	1
2	3
2	7
2	8
2	12
2	72
3	1
3	2
3	7
3	8
3	12
3	75
4	10
4	13
4	30
4	32
4	41
4	43
5	42
5	46
5	62
5	65
5	75
5	78
6	39
6	61
6	70
6	76
6	77
6	80
7	1
7	2
7	3
7	8
7	12
7	36
8	1
8	2
8	3
8	7
8	12
8	38
9	16
9	42
9	56
9	62
9	75
9	78
10	4
10	30
10	32
10	41
10	43
10	47
11	20
11	25
11	26
11	27
11	28
11	31
12	1
12	2
12	3
12	7
12	8
12	68
13	4
13	21
13	30
13	41
13	43
13	47
14	18
14	46
14	51
14	55
14	65
14	78
15	30
15	46
15	52
15	55
15	65
15	75
15	78
16	9
16	50
16	52
16	55
16	62
16	75
16	78
17	31
17	44
17	45
17	72
17	73
17	79
17	81
18	14
18	19
18	21
18	42
18	55
18	75
18	78
19	18
19	44
19	51
19	52
19	65
19	75
19	78
20	11
20	24
20	25
20	26
20	27
20	31
20	42
21	13
21	18
21	22
21	32
21	41
21	43
21	47
22	21
22	30
22	32
22	39
22	41
22	43
22	47
23	37
23	50
23	53
23	72
23	73
23	79
23	81
24	20
24	25
24	26
24	27
24	28
24	31
24	45
25	11
25	20
25	24
25	26
25	28
25	31
25	72
26	11
26	20
26	24
26	25
26	27
26	28
26	31
27	11
27	20
27	24
27	26
27	28
27	31
27	61
28	11
28	24
28	25
28	26
28	27
28	31
28	73
29	43
29	49
29	51
29	55
29	62
29	65
29	75
29	78
30	4
30	10
30	13
30	15
30	22
30	41
30	43
30	47
31	11
31	17
31	20
31	24
31	25
31	26
31	27
31	28
32	4
32	10
32	21
32	22
32	41
32	43
32	47
32	54
33	36
33	45
33	53
33	66
33	72
33	73
33	75
33	79
33	81
34	54
34	57
34	60
34	66
34	67
34	72
34	73
34	79
34	81
35	58
35	59
35	61
35	68
35	70
35	71
35	76
35	77
35	80
36	7
36	33
36	44
36	53
36	59
36	60
36	73
36	79
36	81
37	23
37	54
37	59
37	60
37	66
37	70
37	72
37	79
37	81
38	8
38	61
38	68
38	69
38	71
38	74
38	76
38	77
38	80
39	6
39	22
39	56
39	58
39	63
39	69
39	74
39	76
39	77
40	60
40	64
40	67
40	69
40	70
40	71
40	74
40	76
40	77
40	80
41	4
41	10
41	13
41	21
41	22
41	30
41	32
41	43
41	47
41	79
42	5
42	9
42	18
42	20
42	46
42	51
42	52
42	62
42	75
42	78
43	4
43	10
43	13
43	21
43	22
43	29
43	30
43	32
43	41
43	47
44	17
44	19
44	36
44	45
44	57
44	59
44	66
44	73
44	79
44	81
45	17
45	24
45	33
45	44
45	50
45	57
45	60
45	72
45	79
45	81
46	5
46	14
46	15
46	42
46	49
46	51
46	57
46	65
46	75
46	78
47	10
47	13
47	21
47	22
47	30
47	32
47	41
47	43
47	48
47	64
48	47
48	58
48	61
48	64
48	67
48	68
48	71
48	74
48	77
48	80
49	1
49	29
49	46
49	51
49	52
49	55
49	62
49	65
49	75
49	78
50	16
50	23
50	45
50	57
50	59
50	65
50	66
50	72
50	73
50	79
50	81
51	14
51	19
51	29
51	42
51	46
51	49
51	52
51	65
51	69
51	75
51	78
52	15
52	16
52	19
52	42
52	49
52	51
52	62
52	65
52	73
52	75
52	78
53	23
53	33
53	36
53	54
53	59
53	60
53	66
53	72
53	73
53	74
53	79
54	32
54	34
54	37
54	53
54	57
54	59
54	60
54	72
54	73
54	79
54	81
55	14
55	15
55	16
55	18
55	29
55	49
55	62
55	65
55	71
55	75
55	78
56	9
56	39
56	64
56	67
56	68
56	69
56	71
56	74
56	76
56	77
56	80
57	34
57	44
57	45
57	46
57	50
57	54
57	66
57	72
57	73
57	79
57	81
58	35
58	39
58	48
58	63
58	64
58	67
58	68
58	69
58	70
58	76
58	80
58	81
59	35
59	36
59	37
59	44
59	50
59	53
59	54
59	66
59	72
59	73
59	79
59	81
60	34
60	36
60	37
60	40
60	45
60	53
60	54
60	66
60	72
60	73
60	77
60	79
60	81
61	6
61	27
61	35
61	38
61	48
61	63
61	69
61	70
61	71
61	74
61	76
61	77
61	80
62	5
62	9
62	16
62	29
62	42
62	49
62	52
62	55
62	65
62	74
62	75
62	76
62	78
63	39
63	58
63	61
63	64
63	68
63	69
63	70
63	71
63	74
63	76
63	77
63	80
63	81
64	40
64	47
64	48
64	56
64	58
64	63
64	67
64	68
64	69
64	71
64	74
64	76
64	77
64	80
65	5
65	14
65	15
65	19
65	29
65	46
65	49
65	50
65	51
65	52
65	55
65	62
65	75
65	78
66	33
66	34
66	37
66	44
66	50
66	53
66	57
66	59
66	60
66	70
66	73
66	79
66	80
66	81
67	34
67	40
67	48
67	56
67	58
67	64
67	68
67	69
67	70
67	74
67	76
67	77
67	78
67	80
68	12
68	35
68	38
68	48
68	56
68	58
68	63
68	64
68	67
68	69
68	70
68	71
68	74
68	76
68	77
69	38
69	39
69	40
69	51
69	56
69	58
69	61
69	63
69	64
69	67
69	68
69	70
69	71
69	74
69	77
69	80
70	6
70	35
70	37
70	40
70	58
70	61
70	63
70	66
70	67
70	68
70	69
70	71
70	74
70	76
70	77
70	80
71	35
71	38
71	40
71	48
71	55
71	56
71	61
71	63
71	64
71	68
71	69
71	70
71	74
71	76
71	77
71	80
72	2
72	17
72	23
72	25
72	33
72	34
72	37
72	45
72	50
72	53
72	54
72	57
72	59
72	60
72	73
72	79
72	81
73	17
73	23
73	28
73	33
73	34
73	36
73	44
73	50
73	52
73	53
73	54
73	57
73	59
73	60
73	66
73	72
73	79
73	81
74	38
74	39
74	40
74	48
74	53
74	56
74	61
74	62
74	63
74	64
74	67
74	68
74	69
74	70
74	71
74	76
74	77
74	80
75	3
75	5
75	9
75	15
75	16
75	18
75	19
75	29
75	33
75	42
75	46
75	49
75	51
75	52
75	55
75	62
75	65
75	78
76	6
76	35
76	38
76	39
76	40
76	56
76	58
76	61
76	62
76	63
76	64
76	67
76	68
76	70
76	71
76	74
76	77
76	80
77	6
77	35
77	38
77	39
77	40
77	48
77	56
77	60
77	61
77	63
77	64
77	67
77	68
77	69
77	70
77	71
77	74
77	76
77	80
78	5
78	9
78	14
78	15
78	16
78	18
78	19
78	29
78	42
78	46
78	49
78	51
78	52
78	55
78	62
78	65
78	67
78	75
78	80
79	17
79	23
79	33
79	34
79	36
79	37
79	41
79	44
79	45
79	50
79	53
79	54
79	57
79	59
79	60
79	66
79	72
79	73
79	81
80	6
80	35
80	38
80	40
80	48
80	56
80	58
80	61
80	63
80	64
80	66
80	67
80	69
80	70
80	71
80	74
80	76
80	77
80	78
81	17
81	23
81	33
81	34
81	36
81	37
81	44
81	45
81	50
81	54
81	57
81	58
81	59
81	60
81	63
81	66
81	72
81	73
81	79
