1	3
1	27
1	42
1	48
1	52
1	62
2	27
2	34
2	64
2	69
2	74
2	75
3	1
3	38
3	48
3	52
3	62
3	80
4	21
4	38
4	48
4	52
4	62
4	79
5	11
5	23
5	43
5	46
5	60
5	73
6	26
6	59
6	66
6	67
6	75
6	81
7	12
7	13
7	19
7	40
7	56
7	76
8	56
8	77
8	78
8	79
8	80
8	81
9	21
9	24
9	38
9	46
9	52
9	62
10	37
10	40
10	50
10	53
10	56
10	71
11	5
11	51
11	60
11	63
11	73
11	77
12	7
12	13
12	36
12	47
12	53
12	56
13	7
13	12
13	37
13	47
13	50
13	53
14	71
14	76
14	77
14	79
14	80
14	81
15	17
15	18
15	22
15	28
15	29
15	39
16	20
16	44
16	46
16	51
16	60
16	63
17	15
17	18
17	25
17	28
17	29
17	39
18	15
18	17
18	22
18	25
18	28
18	29
18	39
19	7
19	36
19	40
19	47
19	50
19	52
19	56
20	16
20	23
20	41
20	46
20	58
20	63
20	73
21	4
21	9
21	24
21	38
21	48
21	52
21	62
22	15
22	18
22	25
22	28
22	29
22	32
22	39
23	5
23	20
23	31
23	44
23	58
23	63
23	73
24	9
24	21
24	27
24	38
24	48
24	52
24	62
25	17
25	18
25	22
25	28
25	29
25	39
25	71
26	6
26	54
26	64
26	69
26	74
26	75
26	81
27	1
27	2
27	24
27	38
27	48
27	52
27	62
28	15
28	17
28	18
28	22
28	25
28	39
28	62
29	15
29	17
29	18
29	22
29	25
29	39
29	61
30	43
30	59
30	61
30	62
30	67
30	74
30	75
31	23
31	41
31	51
31	58
31	60
31	63
31	73
31	75
32	22
32	70
32	71
32	72
32	76
32	77
32	80
32	81
33	59
33	61
33	64
33	66
33	67
33	69
33	74
33	75
34	2
34	54
34	61
34	64
34	67
34	69
34	74
34	75
35	44
35	46
35	47
35	51
35	58
35	60
35	63
35	73
36	12
36	19
36	37
36	47
36	50
36	53
36	56
36	74
37	10
37	13
37	36
37	40
37	47
37	50
37	53
37	56
38	3
38	4
38	9
38	21
38	24
38	27
38	48
38	62
39	15
39	17
39	18
39	22
39	25
39	28
39	29
39	70
40	7
40	10
40	19
40	37
40	47
40	50
40	53
40	56
40	69
41	20
41	31
41	46
41	51
41	58
41	60
41	63
41	73
41	78
42	1
42	48
42	49
42	76
42	77
42	78
42	79
42	80
42	81
43	5
43	30
43	54
43	59
43	61
43	66
43	69
43	74
43	75
44	16
44	23
44	35
44	46
44	51
44	54
44	58
44	63
44	73
45	50
45	57
45	65
45	72
45	76
45	77
45	78
45	79
45	80
45	81
46	5
46	9
46	16
46	20
46	35
46	41
46	44
46	51
46	60
46	73
47	12
47	13
47	19
47	35
47	36
47	37
47	40
47	50
47	53
47	56
48	1
48	3
48	4
48	21
48	24
48	27
48	38
48	42
48	52
48	62
49	42
49	55
49	66
49	68
49	70
49	76
49	78
49	79
49	80
49	81
50	10
50	13
50	19
50	36
50	37
50	40
50	45
50	47
50	53
50	56
51	11
51	16
51	31
51	35
51	41
51	44
51	46
51	53
51	58
51	73
52	1
52	3
52	4
52	9
52	19
52	21
52	24
52	27
52	48
52	62
53	10
53	12
53	13
53	36
53	37
53	40
53	47
53	50
53	51
53	56
54	26
54	34
54	43
54	44
54	59
54	61
54	64
54	66
54	67
54	75
55	49
55	61
55	65
55	70
55	71
55	76
55	77
55	78
55	79
55	80
55	81
56	7
56	8
56	10
56	12
56	19
56	36
56	37
56	40
56	47
56	50
56	53
57	45
57	68
57	69
57	70
57	72
57	76
57	77
57	78
57	79
57	80
57	81
58	20
58	23
58	31
58	35
58	41
58	44
58	51
58	60
58	63
58	67
58	73
59	6
59	30
59	33
59	43
59	54
59	66
59	67
59	69
59	72
59	74
59	75
60	5
60	11
60	16
60	31
60	35
60	41
60	46
60	58
60	63
60	68
60	73
61	29
61	30
61	33
61	34
61	43
61	54
61	55
61	64
61	66
61	67
61	69
61	74
62	1
62	3
62	4
62	9
62	21
62	24
62	27
62	28
62	30
62	38
62	48
62	52
63	11
63	16
63	20
63	23
63	31
63	35
63	41
63	44
63	58
63	60
63	65
63	73
64	2
64	26
64	33
64	34
64	54
64	61
64	66
64	67
64	69
64	72
64	74
64	75
65	45
65	55
65	63
65	68
65	71
65	72
65	76
65	77
65	78
65	79
65	80
65	81
66	6
66	33
66	43
66	49
66	54
66	59
66	61
66	64
66	67
66	69
66	73
66	74
66	75
67	6
67	30
67	33
67	34
67	54
67	58
67	59
67	61
67	64
67	66
67	69
67	74
67	75
68	49
68	57
68	60
68	65
68	70
68	71
68	72
68	76
68	77
68	78
68	79
68	80
68	81
69	2
69	26
69	33
69	34
69	40
69	43
69	57
69	59
69	61
69	64
69	66
69	67
69	74
69	75
70	32
70	39
70	49
70	55
70	57
70	68
70	71
70	72
70	74
70	77
70	78
70	79
70	80
70	81
71	10
71	14
71	25
71	32
71	55
71	65
71	68
71	70
71	72
71	76
71	77
71	78
71	79
71	80
71	81
72	32
72	45
72	57
72	59
72	64
72	65
72	68
72	70
72	71
72	76
72	77
72	78
72	79
72	80
72	81
73	5
73	11
73	20
73	23
73	31
73	35
73	41
73	44
73	46
73	51
73	58
73	60
73	63
73	66
73	78
74	2
74	26
74	30
74	33
74	34
74	36
74	43
74	59
74	61
74	64
74	66
74	67
74	69
74	70
74	75
75	2
75	6
75	26
75	30
75	31
75	33
75	34
75	43
75	54
75	59
75	64
75	66
75	67
75	69
75	74
75	79
76	7
76	14
76	32
76	42
76	45
76	49
76	55
76	57
76	65
76	68
76	71
76	72
76	77
76	78
76	79
76	80
76	81
77	8
77	11
77	14
77	32
77	42
77	45
77	55
77	57
77	65
77	68
77	70
77	71
77	72
77	76
77	78
77	79
77	80
77	81
78	8
78	41
78	42
78	45
78	49
78	55
78	57
78	65
78	68
78	70
78	71
78	72
78	73
78	76
78	77
78	79
78	80
78	81
79	4
79	8
79	14
79	42
79	45
79	49
79	55
79	57
79	65
79	68
79	70
79	71
79	72
79	75
79	76
79	77
79	78
79	80
79	81
80	3
80	8
80	14
80	32
80	42
80	45
80	49
80	55
80	57
80	65
80	68
80	70
80	71
80	72
80	76
80	77
80	78
80	79
80	81
81	6
81	8
81	14
81	26
81	32
81	42
81	45
81	49
81	55
81	57
81	65
81	68
81	70
81	71
81	72
81	76
81	77
81	78
81	79
81	80
