1	14
1	18
1	22
1	29
1	34
1	47
2	54
2	69
2	73
2	77
2	79
2	80
3	13
3	54
3	66
3	73
3	78
3	80
4	8
4	17
4	20
4	38
4	41
4	43
5	64
5	67
5	74
5	75
5	79
5	81
6	20
6	23
6	38
6	41
6	43
6	73
7	18
7	22
7	25
7	29
7	34
7	80
8	4
8	20
8	23
8	38
8	41
8	43
9	25
9	39
9	47
9	74
9	75
9	81
10	26
10	47
10	63
10	76
10	79
10	81
11	37
11	46
11	59
11	60
11	66
11	68
12	48
12	56
12	59
12	61
12	62
12	68
13	3
13	65
13	67
13	69
13	77
13	80
14	1
14	18
14	22
14	25
14	29
14	34
15	53
15	71
15	73
15	77
15	78
15	80
16	26
16	41
16	48
16	58
16	75
16	79
17	4
17	23
17	38
17	41
17	43
17	51
18	1
18	7
18	14
18	22
18	29
18	34
19	39
19	48
19	58
19	76
19	79
19	81
20	4
20	6
20	8
20	23
20	38
20	43
21	28
21	35
21	42
21	49
21	50
21	57
22	1
22	7
22	14
22	18
22	25
22	34
22	43
23	6
23	8
23	17
23	20
23	41
23	43
23	78
24	28
24	31
24	42
24	49
24	50
24	52
24	57
25	7
25	9
25	14
25	22
25	29
25	31
25	34
26	10
26	16
26	63
26	74
26	75
26	76
26	81
27	37
27	46
27	56
27	61
27	62
27	66
27	68
28	21
28	24
28	31
28	50
28	52
28	54
28	57
29	1
29	7
29	14
29	18
29	25
29	34
29	46
30	31
30	35
30	42
30	49
30	50
30	52
30	57
31	24
31	25
31	28
31	30
31	49
31	52
31	57
32	49
32	65
32	70
32	72
32	77
32	78
32	80
33	44
33	60
33	64
33	74
33	75
33	76
33	79
33	81
34	1
34	7
34	14
34	18
34	22
34	25
34	29
34	76
35	21
35	30
35	42
35	45
35	49
35	50
35	52
35	57
36	65
36	67
36	70
36	71
36	72
36	77
36	78
36	80
37	11
37	27
37	56
37	61
37	62
37	64
37	66
37	68
38	4
38	6
38	8
38	17
38	20
38	41
38	43
38	61
39	9
39	19
39	55
39	58
39	69
39	74
39	79
39	81
40	45
40	56
40	59
40	60
40	61
40	62
40	66
40	72
41	4
41	6
41	8
41	16
41	17
41	23
41	38
41	43
42	21
42	24
42	30
42	35
42	49
42	50
42	52
42	57
42	80
43	4
43	6
43	8
43	17
43	20
43	22
43	23
43	38
43	41
44	33
44	48
44	55
44	64
44	75
44	76
44	77
44	79
44	81
45	35
45	40
45	56
45	59
45	60
45	61
45	62
45	66
45	68
46	11
46	27
46	29
46	56
46	59
46	60
46	61
46	62
46	66
46	68
47	1
47	9
47	10
47	58
47	63
47	64
47	75
47	76
47	79
47	81
48	12
48	16
48	19
48	44
48	58
48	74
48	75
48	76
48	79
48	81
49	21
49	24
49	30
49	31
49	32
49	35
49	42
49	50
49	52
49	57
50	21
50	24
50	28
50	30
50	35
50	42
50	49
50	52
50	57
50	76
51	17
51	54
51	65
51	69
51	70
51	71
51	72
51	77
51	78
51	80
52	24
52	28
52	30
52	31
52	35
52	42
52	49
52	50
52	57
52	71
53	15
53	65
53	67
53	68
53	69
53	70
53	71
53	72
53	73
53	78
53	80
54	2
54	3
54	28
54	51
54	69
54	71
54	72
54	73
54	77
54	78
54	80
55	39
55	44
55	58
55	63
55	64
55	70
55	74
55	75
55	76
55	79
55	81
56	12
56	27
56	37
56	40
56	45
56	46
56	59
56	60
56	61
56	66
56	68
57	21
57	24
57	28
57	30
57	31
57	35
57	42
57	49
57	50
57	52
57	81
58	16
58	19
58	39
58	47
58	48
58	55
58	63
58	64
58	72
58	74
58	81
59	11
59	12
59	40
59	45
59	46
59	56
59	60
59	62
59	66
59	68
59	70
60	11
60	33
60	40
60	45
60	46
60	56
60	59
60	61
60	62
60	66
60	68
61	12
61	27
61	37
61	38
61	40
61	45
61	46
61	56
61	60
61	62
61	66
61	68
62	12
62	27
62	37
62	40
62	45
62	46
62	59
62	60
62	61
62	63
62	66
62	68
63	10
63	26
63	47
63	55
63	58
63	62
63	64
63	74
63	75
63	76
63	79
63	81
64	5
64	33
64	37
64	44
64	47
64	55
64	58
64	63
64	74
64	75
64	76
64	79
64	81
65	13
65	32
65	36
65	51
65	53
65	67
65	70
65	71
65	72
65	73
65	74
65	77
65	80
66	3
66	11
66	27
66	37
66	40
66	45
66	46
66	56
66	59
66	60
66	61
66	62
66	68
67	5
67	13
67	36
67	53
67	65
67	69
67	70
67	71
67	72
67	73
67	74
67	77
67	78
67	80
68	11
68	12
68	27
68	37
68	45
68	46
68	53
68	56
68	59
68	60
68	61
68	62
68	66
68	79
69	2
69	13
69	39
69	51
69	53
69	54
69	67
69	70
69	71
69	73
69	75
69	77
69	78
69	80
70	32
70	36
70	51
70	53
70	55
70	59
70	65
70	67
70	69
70	71
70	72
70	73
70	77
70	78
70	80
71	15
71	36
71	51
71	52
71	53
71	54
71	65
71	67
71	69
71	70
71	72
71	73
71	77
71	78
71	80
72	32
72	36
72	40
72	51
72	53
72	54
72	58
72	65
72	67
72	70
72	71
72	73
72	77
72	78
72	80
73	2
73	3
73	6
73	15
73	53
73	54
73	65
73	67
73	69
73	70
73	71
73	72
73	77
73	78
73	80
74	5
74	9
74	26
74	33
74	39
74	48
74	55
74	58
74	63
74	64
74	65
74	67
74	75
74	76
74	79
74	81
75	5
75	9
75	16
75	26
75	33
75	44
75	47
75	48
75	55
75	63
75	64
75	69
75	74
75	76
75	79
75	81
76	10
76	19
76	26
76	33
76	34
76	44
76	47
76	48
76	50
76	55
76	63
76	64
76	74
76	75
76	79
76	81
77	2
77	13
77	15
77	32
77	36
77	44
77	51
77	54
77	65
77	67
77	69
77	70
77	71
77	72
77	73
77	78
77	80
78	3
78	15
78	23
78	32
78	36
78	51
78	53
78	54
78	67
78	69
78	70
78	71
78	72
78	73
78	77
78	80
78	81
79	2
79	5
79	10
79	16
79	19
79	33
79	39
79	44
79	47
79	48
79	55
79	63
79	64
79	68
79	74
79	75
79	76
79	81
80	2
80	3
80	7
80	13
80	15
80	32
80	36
80	42
80	51
80	53
80	54
80	65
80	67
80	69
80	70
80	71
80	72
80	73
80	77
80	78
81	5
81	9
81	10
81	19
81	26
81	33
81	39
81	44
81	47
81	48
81	55
81	57
81	58
81	63
81	64
81	74
81	75
81	76
81	78
81	79
