1	29
1	41
1	57
1	64
1	74
1	80
2	19
2	22
2	31
2	36
2	38
2	42
3	24
3	35
3	65
3	75
3	78
3	80
4	19
4	22
4	36
4	38
4	42
4	74
5	12
5	33
5	59
5	68
5	71
5	77
6	37
6	70
6	72
6	73
6	76
6	81
7	25
7	53
7	70
7	72
7	73
7	81
8	57
8	64
8	65
8	74
8	78
8	80
9	45
9	46
9	68
9	71
9	77
9	79
10	43
10	68
10	69
10	71
10	75
10	79
11	28
11	44
11	49
11	61
11	62
11	66
12	5
12	32
12	68
12	69
12	77
12	79
13	39
13	49
13	52
13	53
13	63
13	66
14	45
14	47
14	68
14	75
14	77
14	79
15	24
15	53
15	60
15	61
15	74
15	80
16	40
16	47
16	71
16	75
16	77
16	79
17	37
17	39
17	48
17	52
17	59
17	63
17	66
18	19
18	22
18	31
18	36
18	38
18	42
18	72
19	2
19	4
19	18
19	31
19	38
19	42
19	78
20	28
20	59
20	69
20	71
20	75
20	77
20	79
21	31
21	32
21	44
21	52
21	62
21	63
21	66
22	2
22	4
22	18
22	31
22	36
22	38
22	42
23	41
23	56
23	67
23	70
23	72
23	73
23	81
24	3
24	15
24	61
24	65
24	78
24	80
24	81
25	7
25	50
25	54
25	56
25	60
25	76
25	81
26	60
26	61
26	65
26	67
26	74
26	78
26	80
27	47
27	67
27	68
27	69
27	71
27	75
27	77
28	11
28	20
28	49
28	52
28	62
28	63
28	66
29	1
29	40
29	60
29	61
29	74
29	78
29	80
30	51
30	57
30	59
30	60
30	64
30	74
30	78
30	80
31	2
31	18
31	19
31	21
31	22
31	36
31	38
31	42
32	12
32	21
32	39
32	48
32	49
32	62
32	63
32	66
33	5
33	45
33	66
33	68
33	69
33	75
33	77
33	79
34	45
34	51
34	60
34	61
34	64
34	74
34	78
34	80
35	3
35	51
35	60
35	65
35	74
35	78
35	80
35	81
36	2
36	4
36	18
36	22
36	31
36	38
36	42
36	77
37	6
37	17
37	44
37	48
37	49
37	52
37	62
37	63
37	66
38	2
38	4
38	18
38	19
38	22
38	31
38	36
38	42
38	75
39	13
39	17
39	32
39	44
39	48
39	49
39	52
39	62
39	63
40	16
40	29
40	47
40	59
40	69
40	71
40	75
40	77
40	79
41	1
41	23
41	43
41	54
41	56
41	70
41	73
41	76
41	81
42	2
42	4
42	18
42	19
42	22
42	31
42	36
42	38
42	48
43	10
43	41
43	54
43	56
43	58
43	70
43	72
43	76
43	81
44	11
44	21
44	37
44	39
44	48
44	49
44	52
44	57
44	62
44	66
45	9
45	14
45	33
45	34
45	59
45	69
45	71
45	75
45	77
45	79
46	9
46	55
46	56
46	58
46	67
46	70
46	72
46	73
46	76
46	81
47	14
47	16
47	27
47	40
47	49
47	59
47	68
47	69
47	75
47	79
48	17
48	32
48	37
48	39
48	42
48	44
48	52
48	62
48	63
48	66
49	11
49	13
49	28
49	32
49	37
49	39
49	44
49	47
49	62
49	63
50	25
50	53
50	58
50	67
50	69
50	70
50	72
50	73
50	76
50	81
51	30
51	34
51	35
51	57
51	64
51	65
51	74
51	77
51	78
51	80
52	13
52	17
52	21
52	28
52	37
52	39
52	44
52	48
52	62
52	63
52	66
53	7
53	13
53	15
53	50
53	55
53	56
53	67
53	70
53	72
53	76
53	81
54	25
54	41
54	43
54	55
54	58
54	70
54	72
54	73
54	76
54	78
54	81
55	46
55	53
55	54
55	58
55	64
55	67
55	70
55	72
55	73
55	76
55	81
56	23
56	25
56	41
56	43
56	46
56	53
56	58
56	67
56	72
56	73
56	76
56	81
57	1
57	8
57	30
57	44
57	51
57	60
57	61
57	64
57	65
57	74
57	78
57	80
58	43
58	46
58	50
58	54
58	55
58	56
58	67
58	70
58	72
58	73
58	76
58	79
58	81
59	5
59	17
59	20
59	30
59	40
59	45
59	47
59	68
59	69
59	71
59	75
59	77
59	79
60	15
60	25
60	26
60	29
60	30
60	34
60	35
60	57
60	61
60	64
60	65
60	78
60	80
61	11
61	15
61	24
61	26
61	29
61	34
61	57
61	60
61	64
61	65
61	74
61	78
61	80
62	11
62	21
62	28
62	32
62	37
62	39
62	44
62	48
62	49
62	52
62	63
62	66
62	76
63	13
63	17
63	21
63	28
63	32
63	37
63	39
63	48
63	49
63	52
63	62
63	65
63	66
64	1
64	8
64	30
64	34
64	51
64	55
64	57
64	60
64	61
64	65
64	70
64	74
64	78
64	80
65	3
65	8
65	24
65	26
65	35
65	51
65	57
65	60
65	61
65	63
65	64
65	74
65	78
65	80
66	11
66	13
66	17
66	21
66	28
66	32
66	33
66	37
66	44
66	48
66	52
66	62
66	63
66	68
67	23
67	26
67	27
67	46
67	50
67	53
67	55
67	56
67	58
67	70
67	72
67	73
67	76
67	81
68	5
68	9
68	10
68	12
68	14
68	27
68	33
68	47
68	59
68	66
68	69
68	71
68	75
68	77
68	79
69	10
69	12
69	20
69	27
69	33
69	40
69	45
69	47
69	50
69	59
69	68
69	71
69	75
69	77
69	79
70	6
70	7
70	23
70	41
70	43
70	46
70	50
70	53
70	54
70	55
70	58
70	64
70	67
70	72
70	73
70	81
71	5
71	9
71	10
71	16
71	20
71	27
71	40
71	45
71	59
71	68
71	69
71	73
71	75
71	76
71	77
71	79
72	6
72	7
72	18
72	23
72	43
72	46
72	50
72	53
72	54
72	55
72	56
72	58
72	67
72	70
72	76
72	81
73	6
73	7
73	23
73	41
73	46
73	50
73	54
73	55
73	56
73	58
73	67
73	70
73	71
73	76
73	80
73	81
74	1
74	4
74	8
74	15
74	26
74	29
74	30
74	34
74	35
74	51
74	57
74	61
74	64
74	65
74	78
74	79
74	80
75	3
75	10
75	14
75	16
75	20
75	27
75	33
75	38
75	40
75	45
75	47
75	59
75	68
75	69
75	71
75	77
75	79
76	6
76	25
76	41
76	43
76	46
76	50
76	53
76	54
76	55
76	56
76	58
76	62
76	67
76	71
76	72
76	73
76	81
77	5
77	9
77	12
77	14
77	16
77	20
77	27
77	33
77	36
77	40
77	45
77	51
77	59
77	68
77	69
77	71
77	75
77	79
78	3
78	8
78	19
78	24
78	26
78	29
78	30
78	34
78	35
78	51
78	54
78	57
78	60
78	61
78	64
78	65
78	74
78	80
79	9
79	10
79	12
79	14
79	16
79	20
79	33
79	40
79	45
79	47
79	58
79	59
79	68
79	69
79	71
79	74
79	75
79	77
80	1
80	3
80	8
80	15
80	24
80	26
80	29
80	30
80	34
80	35
80	51
80	57
80	60
80	61
80	64
80	65
80	73
80	74
80	78
81	6
81	7
81	23
81	24
81	25
81	35
81	41
81	43
81	46
81	50
81	53
81	54
81	55
81	56
81	58
81	67
81	70
81	72
81	73
81	76
