1	42
1	47
1	75
1	78
1	79
1	81
2	14
2	23
2	27
2	35
2	41
2	43
3	4
3	11
3	29
3	52
3	55
3	76
4	3
4	19
4	41
4	56
4	67
4	81
5	55
5	67
5	75
5	76
5	77
5	81
6	29
6	38
6	53
6	70
6	71
6	78
7	8
7	17
7	19
7	24
7	28
7	38
8	7
8	12
8	17
8	19
8	24
8	28
9	40
9	60
9	64
9	70
9	71
9	80
10	62
10	63
10	65
10	68
10	69
10	80
11	3
11	31
11	46
11	75
11	79
11	81
12	8
12	17
12	19
12	24
12	28
12	40
13	50
13	53
13	54
13	64
13	70
13	71
14	2
14	18
14	23
14	27
14	33
14	35
14	41
15	20
15	30
15	31
15	32
15	36
15	37
15	48
16	20
16	30
16	31
16	32
16	36
16	37
16	48
17	7
17	8
17	12
17	19
17	24
17	28
17	46
18	14
18	27
18	33
18	35
18	41
18	43
18	62
19	4
19	7
19	8
19	12
19	17
19	24
19	28
20	15
20	16
20	30
20	32
20	36
20	37
20	48
21	51
21	59
21	62
21	63
21	68
21	72
21	80
22	40
22	50
22	53
22	54
22	70
22	71
22	78
23	2
23	14
23	27
23	33
23	35
23	41
23	43
24	7
24	8
24	12
24	17
24	19
24	28
24	74
25	26
25	34
25	45
25	69
25	72
25	74
25	80
26	25
26	43
26	59
26	61
26	69
26	74
26	80
27	2
27	14
27	18
27	23
27	33
27	41
27	43
28	7
28	8
28	12
28	17
28	19
28	24
28	53
29	3
29	6
29	50
29	53
29	60
29	64
29	70
29	71
30	15
30	16
30	20
30	31
30	32
30	36
30	37
30	48
31	11
31	15
31	16
31	30
31	32
31	36
31	37
31	48
32	15
32	16
32	20
32	30
32	31
32	36
32	48
32	59
33	14
33	18
33	23
33	27
33	35
33	41
33	43
33	52
34	25
34	59
34	63
34	68
34	72
34	73
34	74
34	80
35	2
35	14
35	18
35	23
35	33
35	41
35	43
35	81
36	15
36	16
36	20
36	30
36	31
36	32
36	37
36	48
37	15
37	16
37	20
37	30
37	31
37	36
37	48
37	73
38	6
38	7
38	40
38	50
38	54
38	60
38	64
38	70
39	44
39	49
39	52
39	56
39	63
39	77
39	78
39	79
40	9
40	12
40	22
40	38
40	54
40	60
40	64
40	70
40	71
41	2
41	4
41	14
41	18
41	23
41	27
41	33
41	35
41	43
42	1
42	56
42	58
42	75
42	76
42	77
42	78
42	79
42	81
43	2
43	18
43	23
43	26
43	27
43	33
43	35
43	41
43	67
44	39
44	46
44	49
44	58
44	66
44	67
44	70
44	76
44	81
45	25
45	51
45	55
45	61
45	63
45	65
45	68
45	73
45	80
46	11
46	17
46	44
46	56
46	66
46	67
46	77
46	79
46	81
47	1
47	51
47	61
47	62
47	65
47	69
47	73
47	74
47	80
48	15
48	16
48	20
48	30
48	31
48	32
48	36
48	37
48	77
49	39
49	44
49	51
49	52
49	55
49	56
49	75
49	78
49	79
49	81
50	13
50	22
50	29
50	38
50	54
50	60
50	64
50	70
50	71
50	74
51	21
51	45
51	47
51	49
51	65
51	68
51	69
51	72
51	73
51	80
52	3
52	33
52	39
52	49
52	57
52	75
52	77
52	78
52	79
52	81
53	6
53	13
53	22
53	28
53	29
53	54
53	60
53	64
53	70
53	71
54	13
54	22
54	38
54	40
54	50
54	53
54	57
54	60
54	70
54	71
55	3
55	5
55	45
55	49
55	66
55	67
55	75
55	76
55	77
55	79
56	4
56	39
56	42
56	46
56	49
56	58
56	76
56	77
56	78
56	80
57	52
57	54
57	66
57	67
57	75
57	76
57	77
57	78
57	79
57	81
58	42
58	44
58	56
58	61
58	66
58	67
58	75
58	78
58	79
58	81
59	21
59	26
59	32
59	34
59	61
59	65
59	68
59	72
59	73
59	74
60	9
60	29
60	38
60	40
60	50
60	53
60	54
60	64
60	71
60	81
61	26
61	45
61	47
61	58
61	59
61	63
61	65
61	68
61	69
61	72
61	80
62	10
62	18
62	21
62	47
62	63
62	68
62	69
62	73
62	74
62	76
62	80
63	10
63	21
63	34
63	39
63	45
63	61
63	62
63	72
63	73
63	74
63	80
64	9
64	13
64	29
64	38
64	40
64	50
64	53
64	60
64	66
64	70
64	71
65	10
65	45
65	47
65	51
65	59
65	61
65	68
65	69
65	73
65	74
65	75
66	44
66	46
66	55
66	57
66	58
66	64
66	67
66	75
66	76
66	78
66	79
66	81
67	4
67	5
67	43
67	44
67	46
67	55
67	57
67	58
67	66
67	77
67	78
67	79
67	81
68	10
68	21
68	34
68	45
68	51
68	59
68	61
68	62
68	65
68	72
68	73
68	74
68	79
69	10
69	25
69	26
69	47
69	51
69	61
69	62
69	65
69	72
69	73
69	74
69	76
69	80
70	6
70	9
70	13
70	22
70	29
70	38
70	40
70	44
70	50
70	53
70	54
70	64
70	71
71	6
71	9
71	13
71	22
71	29
71	40
71	50
71	53
71	54
71	60
71	64
71	70
71	75
72	21
72	25
72	34
72	51
72	59
72	61
72	63
72	68
72	69
72	73
72	74
72	77
72	80
73	34
73	37
73	45
73	47
73	51
73	59
73	62
73	63
73	65
73	68
73	69
73	72
73	80
74	24
74	25
74	26
74	34
74	47
74	50
74	59
74	62
74	63
74	65
74	68
74	69
74	72
74	80
75	1
75	5
75	11
75	42
75	49
75	52
75	55
75	57
75	58
75	65
75	66
75	71
75	76
75	77
75	81
76	3
76	5
76	42
76	44
76	55
76	56
76	57
76	62
76	66
76	69
76	75
76	77
76	78
76	79
76	81
77	5
77	39
77	42
77	46
77	48
77	52
77	55
77	56
77	57
77	67
77	72
77	75
77	76
77	78
77	79
77	81
78	1
78	6
78	22
78	39
78	42
78	49
78	52
78	56
78	57
78	58
78	66
78	67
78	76
78	77
78	79
78	81
79	1
79	11
79	39
79	42
79	46
79	49
79	52
79	55
79	57
79	58
79	66
79	67
79	68
79	76
79	77
79	78
79	81
80	9
80	10
80	21
80	25
80	26
80	34
80	45
80	47
80	51
80	56
80	61
80	62
80	63
80	69
80	72
80	73
80	74
81	1
81	4
81	5
81	11
81	35
81	42
81	44
81	46
81	49
81	52
81	57
81	58
81	60
81	66
81	67
81	75
81	76
81	77
81	78
81	79
