1	21
1	55
1	61
1	62
1	79
1	81
2	27
2	51
2	54
2	65
2	66
2	78
3	15
3	42
3	66
3	71
3	73
3	77
4	22
4	29
4	38
4	73
4	77
4	79
5	8
5	40
5	42
5	71
5	73
5	74
6	24
6	52
6	53
6	67
6	68
6	72
7	47
7	66
7	73
7	76
7	78
7	80
8	5
8	16
8	44
8	49
8	68
8	69
9	17
9	25
9	54
9	77
9	80
9	81
10	30
10	47
10	49
10	64
10	78
10	80
11	37
11	48
11	63
11	67
11	73
11	77
12	20
12	21
12	52
12	68
12	71
12	75
13	21
13	49
13	63
13	67
13	68
13	72
14	16
14	56
14	57
14	64
14	73
14	76
15	3
15	36
15	40
15	77
15	78
15	80
16	8
16	14
16	43
16	52
16	68
16	69
16	72
17	9
17	62
17	63
17	68
17	70
17	75
17	81
18	39
18	48
18	59
18	60
18	66
18	76
18	81
19	27
19	55
19	71
19	72
19	75
19	79
19	81
20	12
20	29
20	37
20	47
20	73
20	74
20	76
21	1
21	12
21	13
21	60
21	66
21	73
21	76
22	4
22	26
22	46
22	75
22	78
22	79
22	81
23	42
23	47
23	60
23	68
23	77
23	79
23	81
24	6
24	34
24	46
24	48
24	56
24	74
24	75
25	9
25	45
25	63
25	65
25	72
25	79
25	81
26	22
26	47
26	52
26	58
26	69
26	78
26	80
27	2
27	19
27	47
27	57
27	68
27	78
27	80
28	29
28	32
28	38
28	67
28	72
28	75
28	77
28	80
29	4
29	20
29	28
29	36
29	50
29	56
29	67
29	72
30	10
30	43
30	53
30	56
30	62
30	66
30	78
30	81
31	53
31	55
31	57
31	58
31	74
31	78
31	80
31	81
32	28
32	46
32	49
32	56
32	61
32	70
32	75
32	76
33	41
33	63
33	64
33	65
33	70
33	71
33	77
33	80
33	81
34	24
34	43
34	48
34	49
34	61
34	67
34	69
34	72
34	76
35	59
35	61
35	62
35	63
35	67
35	68
35	70
35	71
35	77
36	15
36	29
36	40
36	57
36	58
36	67
36	73
36	76
36	80
37	11
37	20
37	44
37	53
37	61
37	64
37	70
37	71
37	74
38	4
38	28
38	40
38	50
38	57
38	65
38	73
38	75
38	79
39	18
39	43
39	55
39	56
39	59
39	62
39	65
39	78
39	79
40	5
40	15
40	36
40	38
40	43
40	64
40	65
40	69
40	70
40	79
41	33
41	54
41	56
41	63
41	69
41	70
41	71
41	74
41	75
41	80
42	3
42	5
42	23
42	48
42	62
42	63
42	70
42	74
42	77
42	81
43	16
43	30
43	34
43	39
43	40
43	51
43	74
43	75
43	78
43	79
44	8
44	37
44	46
44	50
44	51
44	52
44	58
44	64
44	68
44	75
45	25
45	50
45	58
45	61
45	67
45	72
45	75
45	76
45	79
45	81
46	22
46	24
46	32
46	44
46	56
46	64
46	67
46	71
46	72
46	77
47	7
47	10
47	20
47	23
47	26
47	27
47	57
47	59
47	64
47	78
47	81
48	11
48	18
48	24
48	34
48	42
48	54
48	59
48	60
48	70
48	71
48	78
49	8
49	10
49	13
49	32
49	34
49	54
49	56
49	65
49	66
49	67
49	72
50	29
50	38
50	44
50	45
50	51
50	52
50	53
50	55
50	59
50	63
50	76
51	2
51	43
51	44
51	50
51	53
51	61
51	65
51	66
51	79
51	80
51	81
52	6
52	12
52	16
52	26
52	44
52	50
52	55
52	63
52	71
52	78
52	81
53	6
53	30
53	31
53	37
53	50
53	51
53	62
53	64
53	67
53	74
53	77
53	79
54	2
54	9
54	41
54	48
54	49
54	57
54	59
54	63
54	66
54	71
54	74
54	77
55	1
55	19
55	31
55	39
55	50
55	52
55	59
55	60
55	61
55	68
55	69
55	81
56	14
56	24
56	29
56	30
56	32
56	39
56	41
56	46
56	49
56	67
56	72
56	73
56	74
57	14
57	27
57	31
57	36
57	38
57	47
57	54
57	58
57	71
57	75
57	76
57	78
57	80
58	26
58	31
58	36
58	44
58	45
58	57
58	65
58	71
58	73
58	76
58	78
58	80
58	81
59	18
59	35
59	39
59	47
59	48
59	50
59	54
59	55
59	60
59	63
59	65
59	70
59	71
59	77
60	18
60	21
60	23
60	48
60	55
60	59
60	62
60	64
60	66
60	68
60	69
60	73
60	78
60	80
61	1
61	32
61	34
61	35
61	37
61	45
61	51
61	55
61	62
61	69
61	73
61	74
61	76
61	80
62	1
62	17
62	30
62	35
62	39
62	42
62	53
62	60
62	61
62	67
62	68
62	73
62	76
62	78
62	79
63	11
63	13
63	17
63	25
63	33
63	35
63	41
63	42
63	50
63	52
63	54
63	59
63	68
63	70
63	72
63	80
64	10
64	14
64	33
64	37
64	40
64	44
64	46
64	47
64	53
64	60
64	69
64	70
64	74
64	76
64	77
64	79
65	2
65	25
65	33
65	38
65	39
65	40
65	49
65	51
65	58
65	59
65	66
65	67
65	69
65	71
65	74
65	76
65	79
66	2
66	3
66	7
66	18
66	21
66	30
66	49
66	51
66	54
66	60
66	65
66	69
66	70
66	72
66	73
66	75
66	81
67	6
67	11
67	13
67	28
67	29
67	34
67	35
67	36
67	45
67	46
67	49
67	53
67	56
67	62
67	65
67	69
67	72
68	6
68	8
68	12
68	13
68	16
68	17
68	23
68	27
68	35
68	44
68	55
68	60
68	62
68	63
68	74
68	79
68	81
69	8
69	16
69	26
69	34
69	40
69	41
69	55
69	60
69	61
69	64
69	65
69	66
69	67
69	72
69	73
69	74
69	76
69	80
70	17
70	32
70	33
70	35
70	37
70	40
70	41
70	42
70	48
70	59
70	63
70	64
70	66
70	71
70	74
70	76
70	77
70	81
71	3
71	5
71	12
71	19
71	33
71	35
71	37
71	41
71	46
71	48
71	52
71	54
71	57
71	58
71	59
71	65
71	70
71	77
72	6
72	13
72	16
72	19
72	25
72	28
72	29
72	34
72	45
72	46
72	49
72	56
72	63
72	66
72	67
72	69
72	75
72	81
73	3
73	4
73	5
73	7
73	11
73	14
73	20
73	21
73	36
73	38
73	56
73	58
73	60
73	61
73	62
73	66
73	69
73	77
74	5
74	20
74	24
74	31
74	37
74	41
74	42
74	43
74	53
74	54
74	56
74	61
74	64
74	65
74	68
74	69
74	70
74	79
75	12
75	17
75	19
75	22
75	24
75	28
75	32
75	38
75	41
75	43
75	44
75	45
75	57
75	66
75	72
75	78
75	79
75	81
76	7
76	14
76	18
76	20
76	21
76	32
76	34
76	36
76	45
76	50
76	57
76	58
76	61
76	62
76	64
76	65
76	69
76	70
76	80
77	3
77	4
77	9
77	11
77	15
77	23
77	28
77	33
77	35
77	42
77	46
77	53
77	54
77	59
77	64
77	70
77	71
77	73
77	79
78	2
78	7
78	10
78	15
78	22
78	26
78	27
78	30
78	31
78	39
78	43
78	47
78	48
78	52
78	57
78	58
78	60
78	62
78	75
78	80
79	1
79	4
79	19
79	22
79	23
79	25
79	38
79	39
79	40
79	43
79	45
79	51
79	53
79	62
79	64
79	65
79	68
79	74
79	75
79	77
80	7
80	9
80	10
80	15
80	26
80	27
80	28
80	31
80	33
80	36
80	41
80	51
80	57
80	58
80	60
80	61
80	63
80	69
80	76
80	78
81	1
81	9
81	17
81	18
81	19
81	22
81	23
81	25
81	30
81	31
81	33
81	42
81	45
81	47
81	51
81	52
81	55
81	58
81	66
81	68
81	70
81	72
81	75
