1	22
1	44
1	49
1	50
1	51
1	53
2	23
2	57
2	72
2	73
2	75
2	80
3	28
3	50
3	51
3	56
3	58
3	79
4	38
4	48
4	57
4	68
4	77
4	80
5	45
5	63
5	66
5	79
5	80
5	81
6	13
6	49
6	56
6	58
6	78
6	80
7	53
7	64
7	67
7	73
7	77
7	81
8	42
8	46
8	71
8	74
8	76
8	80
9	15
9	40
9	61
9	62
9	64
9	68
10	44
10	47
10	50
10	51
10	54
10	76
11	24
11	58
11	69
11	70
11	71
11	72
12	39
12	43
12	55
12	61
12	62
12	76
13	6
13	51
13	63
13	67
13	70
13	77
14	23
14	33
14	43
14	61
14	62
14	79
15	9
15	20
15	38
15	48
15	57
15	65
16	34
16	42
16	56
16	58
16	60
16	77
17	18
17	63
17	68
17	69
17	70
17	72
17	74
18	17
18	25
18	65
18	72
18	73
18	79
18	80
19	35
19	36
19	37
19	54
19	59
19	60
19	81
20	15
20	35
20	44
20	54
20	59
20	67
20	78
21	33
21	53
21	54
21	59
21	65
21	77
21	79
22	1
22	51
22	53
22	74
22	76
22	77
22	78
23	2
23	14
23	36
23	43
23	57
23	74
23	77
24	11
24	49
24	56
24	58
24	64
24	71
24	72
25	18
25	33
25	60
25	64
25	69
25	70
25	72
26	29
26	41
26	64
26	69
26	71
26	74
26	75
26	76
27	41
27	57
27	64
27	66
27	69
27	70
27	72
27	73
28	3
28	41
28	44
28	48
28	50
28	51
28	73
28	77
29	26
29	36
29	44
29	65
29	72
29	73
29	75
29	79
30	36
30	38
30	42
30	48
30	57
30	62
30	79
30	81
31	45
31	50
31	62
31	66
31	67
31	75
31	79
31	80
32	37
32	41
32	42
32	49
32	56
32	58
32	68
32	80
33	14
33	21
33	25
33	34
33	40
33	62
33	77
33	80
34	16
34	33
34	39
34	59
34	61
34	62
34	63
34	68
35	19
35	20
35	37
35	53
35	59
35	62
35	70
35	75
35	76
36	19
36	23
36	29
36	30
36	44
36	48
36	57
36	58
36	71
37	19
37	32
37	35
37	53
37	54
37	56
37	59
37	73
37	81
38	4
38	15
38	30
38	42
38	48
38	57
38	65
38	69
38	80
39	12
39	34
39	40
39	51
39	52
39	61
39	62
39	70
39	71
40	9
40	33
40	39
40	41
40	51
40	61
40	62
40	74
40	75
41	26
41	27
41	28
41	32
41	40
41	60
41	68
41	71
41	78
41	80
42	8
42	16
42	30
42	32
42	38
42	49
42	56
42	58
42	69
42	75
43	12
43	14
43	23
43	46
43	55
43	64
43	69
43	70
43	72
43	78
44	1
44	10
44	20
44	28
44	29
44	36
44	50
44	51
44	70
44	73
45	5
45	31
45	50
45	57
45	63
45	65
45	68
45	77
45	78
45	81
46	8
46	43
46	48
46	51
46	63
46	64
46	69
46	70
46	72
46	77
47	10
47	51
47	55
47	65
47	69
47	73
47	74
47	75
47	76
47	79
47	80
48	4
48	15
48	28
48	30
48	36
48	38
48	46
48	52
48	57
48	63
48	71
49	1
49	6
49	24
49	32
49	42
49	52
49	56
49	58
49	60
49	65
49	71
49	76
50	1
50	3
50	10
50	28
50	31
50	44
50	45
50	51
50	60
50	66
50	78
50	79
51	1
51	3
51	10
51	13
51	22
51	28
51	39
51	40
51	44
51	46
51	47
51	50
51	77
52	39
52	48
52	49
52	55
52	59
52	61
52	67
52	68
52	69
52	71
52	76
52	77
52	81
53	1
53	7
53	21
53	22
53	35
53	37
53	54
53	59
53	60
53	65
53	67
53	70
53	79
54	10
54	19
54	20
54	21
54	37
54	53
54	55
54	56
54	59
54	67
54	74
54	77
54	78
55	12
55	43
55	47
55	52
55	54
55	58
55	61
55	64
55	66
55	73
55	75
55	79
55	80
56	3
56	6
56	16
56	24
56	32
56	37
56	42
56	49
56	54
56	58
56	63
56	79
56	80
57	2
57	4
57	15
57	23
57	27
57	30
57	36
57	38
57	45
57	48
57	70
57	72
57	75
57	81
58	3
58	6
58	11
58	16
58	24
58	32
58	36
58	42
58	49
58	55
58	56
58	76
58	78
58	81
59	19
59	20
59	21
59	34
59	35
59	37
59	52
59	53
59	54
59	62
59	74
59	76
59	79
59	81
60	16
60	19
60	25
60	41
60	49
60	50
60	53
60	67
60	68
60	70
60	74
60	76
60	78
60	81
61	9
61	12
61	14
61	34
61	39
61	40
61	52
61	55
61	62
61	66
61	68
61	70
61	75
61	78
62	9
62	12
62	14
62	30
62	31
62	33
62	34
62	35
62	39
62	40
62	59
62	61
62	66
62	67
62	81
63	5
63	13
63	17
63	34
63	45
63	46
63	48
63	56
63	65
63	67
63	74
63	76
63	78
63	80
63	81
64	7
64	9
64	24
64	25
64	26
64	27
64	43
64	46
64	55
64	69
64	70
64	72
64	73
64	75
64	76
65	15
65	18
65	21
65	29
65	38
65	45
65	47
65	49
65	53
65	63
65	66
65	71
65	73
65	75
65	79
65	80
66	5
66	27
66	31
66	50
66	55
66	61
66	62
66	65
66	67
66	71
66	73
66	75
66	77
66	78
66	79
66	80
67	7
67	13
67	20
67	31
67	52
67	53
67	54
67	60
67	62
67	63
67	66
67	68
67	72
67	74
67	79
67	80
67	81
68	4
68	9
68	17
68	32
68	34
68	41
68	45
68	52
68	60
68	61
68	67
68	73
68	74
68	77
68	78
68	79
68	81
69	11
69	17
69	25
69	26
69	27
69	38
69	42
69	43
69	46
69	47
69	52
69	64
69	70
69	72
69	74
69	75
69	76
69	78
70	11
70	13
70	17
70	25
70	27
70	35
70	39
70	43
70	44
70	46
70	53
70	57
70	60
70	61
70	64
70	69
70	72
70	74
71	8
71	11
71	24
71	26
71	36
71	39
71	41
71	48
71	49
71	52
71	65
71	66
71	74
71	76
71	77
71	78
71	80
71	81
72	2
72	11
72	17
72	18
72	24
72	25
72	27
72	29
72	43
72	46
72	57
72	64
72	67
72	69
72	70
72	75
72	78
72	81
73	2
73	7
73	18
73	27
73	28
73	29
73	37
73	44
73	47
73	55
73	64
73	65
73	66
73	68
73	75
73	76
73	77
73	79
73	80
74	8
74	17
74	22
74	23
74	26
74	40
74	47
74	54
74	59
74	60
74	63
74	67
74	68
74	69
74	70
74	71
74	78
74	79
74	81
75	2
75	26
75	29
75	31
75	35
75	40
75	42
75	47
75	55
75	57
75	61
75	64
75	65
75	66
75	69
75	72
75	73
75	79
75	80
75	81
76	8
76	10
76	12
76	22
76	26
76	35
76	47
76	49
76	52
76	58
76	59
76	60
76	63
76	64
76	69
76	71
76	73
76	77
76	78
76	81
77	4
77	7
77	13
77	16
77	21
77	22
77	23
77	28
77	33
77	45
77	46
77	51
77	52
77	54
77	66
77	68
77	71
77	73
77	76
77	78
77	81
78	6
78	20
78	22
78	41
78	43
78	45
78	50
78	54
78	58
78	60
78	61
78	63
78	66
78	68
78	69
78	71
78	72
78	74
78	76
78	77
78	80
78	81
79	3
79	5
79	14
79	18
79	21
79	29
79	30
79	31
79	47
79	50
79	53
79	55
79	56
79	59
79	65
79	66
79	67
79	68
79	73
79	74
79	75
79	80
79	81
80	2
80	4
80	5
80	6
80	8
80	18
80	31
80	32
80	33
80	38
80	41
80	47
80	55
80	56
80	63
80	65
80	66
80	67
80	71
80	73
80	75
80	78
80	79
81	5
81	7
81	19
81	30
81	37
81	45
81	52
81	57
81	58
81	59
81	60
81	62
81	63
81	67
81	68
81	71
81	72
81	74
81	75
81	76
81	77
81	78
81	79
