1	44
1	60
1	64
1	74
1	75
1	80
2	52
2	63
2	67
2	74
2	75
2	77
3	15
3	64
3	78
3	79
3	80
3	81
4	26
4	58
4	61
4	64
4	71
4	81
5	22
5	51
5	53
5	61
5	68
5	78
6	57
6	60
6	72
6	76
6	77
6	79
7	17
7	18
7	25
7	28
7	31
7	80
8	26
8	47
8	59
8	72
8	75
8	79
9	26
9	62
9	66
9	70
9	78
9	80
10	13
10	22
10	46
10	65
10	75
10	80
11	32
11	41
11	64
11	68
11	71
11	78
12	33
12	43
12	49
12	50
12	62
12	78
13	10
13	29
13	39
13	50
13	51
13	73
14	27
14	54
14	61
14	65
14	72
14	79
15	3
15	52
15	68
15	75
15	80
15	81
16	50
16	58
16	61
16	64
16	67
16	76
17	7
17	47
17	60
17	67
17	73
17	77
18	7
18	23
18	58
18	74
18	76
18	80
19	30
19	41
19	60
19	66
19	79
19	80
20	47
20	57
20	65
20	70
20	73
20	74
20	78
21	41
21	42
21	60
21	71
21	74
21	75
21	78
22	5
22	10
22	48
22	64
22	65
22	67
22	78
23	18
23	49
23	59
23	61
23	72
23	75
23	78
24	50
24	58
24	59
24	66
24	72
24	76
24	77
25	7
25	36
25	46
25	67
25	79
25	80
25	81
26	4
26	8
26	9
26	61
26	75
26	76
26	77
27	14
27	39
27	40
27	43
27	55
27	57
27	74
28	7
28	45
28	55
28	69
28	70
28	75
28	80
29	13
29	34
29	51
29	67
29	68
29	71
29	72
30	19
30	33
30	35
30	52
30	70
30	79
30	81
31	7
31	32
31	49
31	53
31	60
31	73
31	78
32	11
32	31
32	45
32	52
32	53
32	67
32	76
33	12
33	30
33	40
33	46
33	49
33	66
33	73
34	29
34	57
34	63
34	66
34	70
34	77
34	79
34	81
35	30
35	50
35	51
35	62
35	63
35	77
35	78
35	81
36	25
36	37
36	39
36	42
36	43
36	54
36	55
36	71
37	36
37	39
37	43
37	48
37	55
37	59
37	74
37	75
38	48
38	50
38	59
38	65
38	72
38	73
38	79
38	81
39	13
39	27
39	36
39	37
39	55
39	58
39	67
39	74
40	27
40	33
40	42
40	43
40	59
40	61
40	62
40	81
41	11
41	19
41	21
41	42
41	45
41	62
41	77
41	81
42	21
42	36
42	40
42	41
42	61
42	62
42	67
42	76
42	81
43	12
43	27
43	36
43	37
43	40
43	54
43	55
43	73
43	79
44	1
44	60
44	63
44	68
44	69
44	70
44	73
44	77
44	80
45	28
45	32
45	41
45	53
45	59
45	62
45	77
45	80
45	81
46	10
46	25
46	33
46	48
46	54
46	74
46	78
46	80
46	81
47	8
47	17
47	20
47	48
47	52
47	67
47	69
47	79
47	81
48	22
48	37
48	38
48	46
48	47
48	52
48	64
48	69
48	81
49	12
49	23
49	31
49	33
49	57
49	63
49	71
49	77
49	78
50	12
50	13
50	16
50	24
50	35
50	38
50	51
50	64
50	70
50	79
51	5
51	13
51	29
51	35
51	50
51	59
51	60
51	65
51	80
51	81
52	2
52	15
52	30
52	32
52	47
52	48
52	53
52	63
52	65
52	80
53	5
53	31
53	32
53	45
53	52
53	57
53	69
53	77
53	80
53	81
54	14
54	36
54	43
54	46
54	56
54	64
54	70
54	78
54	79
54	81
55	27
55	28
55	36
55	37
55	39
55	43
55	60
55	63
55	67
55	81
56	54
56	59
56	61
56	62
56	63
56	68
56	69
56	73
56	74
56	75
56	80
57	6
57	20
57	27
57	34
57	49
57	53
57	58
57	59
57	66
57	72
57	76
58	4
58	16
58	18
58	24
58	39
58	57
58	60
58	61
58	69
58	70
58	71
58	76
59	8
59	23
59	24
59	37
59	38
59	40
59	45
59	51
59	56
59	57
59	72
59	76
60	1
60	6
60	17
60	19
60	21
60	31
60	44
60	51
60	55
60	58
60	64
60	70
61	4
61	5
61	14
61	16
61	23
61	26
61	40
61	42
61	56
61	58
61	66
61	72
61	76
62	9
62	12
62	35
62	40
62	41
62	42
62	45
62	56
62	66
62	67
62	71
62	73
62	76
62	81
63	2
63	34
63	35
63	44
63	49
63	52
63	55
63	56
63	64
63	68
63	72
63	74
63	75
63	80
64	1
64	3
64	4
64	11
64	16
64	22
64	48
64	50
64	54
64	60
64	63
64	68
64	73
64	77
65	10
65	14
65	20
65	22
65	38
65	51
65	52
65	66
65	72
65	73
65	76
65	77
65	79
65	81
66	9
66	19
66	24
66	33
66	34
66	57
66	61
66	62
66	65
66	71
66	73
66	77
66	79
66	81
67	2
67	16
67	17
67	22
67	25
67	29
67	32
67	39
67	42
67	47
67	55
67	62
67	71
67	79
68	5
68	11
68	15
68	29
68	44
68	56
68	63
68	64
68	69
68	70
68	71
68	74
68	80
68	81
69	28
69	44
69	47
69	48
69	53
69	56
69	58
69	68
69	70
69	74
69	75
69	76
69	79
69	80
70	9
70	20
70	28
70	30
70	34
70	44
70	50
70	54
70	58
70	60
70	68
70	69
70	71
70	75
70	79
71	4
71	11
71	21
71	29
71	36
71	49
71	58
71	62
71	66
71	67
71	68
71	70
71	76
71	77
71	79
72	6
72	8
72	14
72	23
72	24
72	29
72	38
72	57
72	59
72	61
72	63
72	65
72	73
72	76
72	77
72	78
72	79
73	13
73	17
73	20
73	31
73	33
73	38
73	43
73	44
73	56
73	62
73	64
73	65
73	66
73	72
73	75
73	77
73	78
74	1
74	2
74	18
74	20
74	21
74	27
74	37
74	39
74	46
74	56
74	63
74	68
74	69
74	75
74	78
74	79
74	80
75	1
75	2
75	8
75	10
75	15
75	21
75	23
75	26
75	28
75	37
75	56
75	63
75	69
75	70
75	73
75	74
75	79
75	80
76	6
76	16
76	18
76	24
76	26
76	32
76	42
76	57
76	58
76	59
76	61
76	62
76	65
76	69
76	71
76	72
76	78
76	81
77	2
77	6
77	17
77	24
77	26
77	34
77	35
77	41
77	44
77	45
77	49
77	53
77	64
77	65
77	66
77	71
77	72
77	73
77	78
78	3
78	5
78	9
78	11
78	12
78	20
78	21
78	22
78	23
78	31
78	35
78	46
78	49
78	54
78	72
78	73
78	74
78	76
78	77
78	80
78	81
79	3
79	6
79	8
79	14
79	19
79	25
79	30
79	34
79	38
79	43
79	47
79	50
79	54
79	65
79	66
79	67
79	69
79	70
79	71
79	72
79	74
79	75
80	1
80	3
80	7
80	9
80	10
80	15
80	18
80	19
80	25
80	28
80	44
80	45
80	46
80	51
80	52
80	53
80	56
80	63
80	68
80	69
80	74
80	75
80	78
81	3
81	4
81	15
81	25
81	30
81	34
81	35
81	38
81	40
81	41
81	42
81	45
81	46
81	47
81	48
81	51
81	53
81	54
81	55
81	62
81	65
81	66
81	68
81	76
81	78
