1	11
1	44
1	74
1	75
1	76
1	78
2	15
2	32
2	51
2	56
2	60
2	76
3	17
3	26
3	48
3	58
3	63
3	77
4	19
4	25
4	27
4	38
4	57
4	74
5	25
5	31
5	56
5	63
5	68
5	76
6	18
6	46
6	59
6	63
6	71
6	77
7	8
7	16
7	17
7	34
7	43
7	47
8	7
8	29
8	68
8	71
8	80
8	81
9	36
9	49
9	55
9	64
9	68
9	81
10	19
10	40
10	56
10	63
10	68
10	80
11	1
11	45
11	60
11	68
11	73
11	77
12	20
12	29
12	43
12	50
12	58
12	80
13	32
13	42
13	50
13	54
13	57
13	68
14	52
14	56
14	68
14	74
14	76
14	78
15	2
15	64
15	74
15	75
15	76
15	80
16	7
16	34
16	52
16	54
16	62
16	72
16	80
17	3
17	7
17	26
17	47
17	62
17	66
17	81
18	6
18	46
18	52
18	65
18	74
18	80
18	81
19	4
19	10
19	26
19	48
19	57
19	71
19	77
20	12
20	33
20	39
20	55
20	59
20	72
20	79
21	27
21	28
21	34
21	35
21	39
21	40
21	46
22	45
22	50
22	56
22	66
22	69
22	71
22	73
23	25
23	45
23	53
23	64
23	69
23	70
23	71
24	30
24	64
24	73
24	74
24	75
24	78
24	80
25	4
25	5
25	23
25	33
25	42
25	61
25	74
26	3
26	17
26	19
26	62
26	64
26	67
26	76
27	4
27	21
27	48
27	53
27	65
27	67
27	81
28	21
28	31
28	40
28	46
28	49
28	76
28	78
29	8
29	12
29	50
29	61
29	74
29	75
29	80
30	24
30	55
30	60
30	61
30	67
30	72
30	77
30	80
31	5
31	28
31	43
31	48
31	67
31	74
31	76
31	80
32	2
32	13
32	62
32	63
32	73
32	74
32	77
32	78
33	20
33	25
33	41
33	55
33	56
33	60
33	78
33	79
34	7
34	16
34	21
34	42
34	59
34	65
34	71
34	75
35	21
35	38
35	41
35	42
35	53
35	57
35	58
35	79
36	9
36	42
36	47
36	62
36	71
36	75
36	79
36	81
37	44
37	45
37	54
37	68
37	73
37	75
37	77
37	81
38	4
38	35
38	44
38	45
38	51
38	57
38	67
38	79
39	20
39	21
39	47
39	51
39	62
39	64
39	66
39	71
39	78
40	10
40	21
40	28
40	54
40	62
40	69
40	70
40	71
40	81
41	33
41	35
41	52
41	54
41	68
41	72
41	73
41	75
41	76
42	13
42	25
42	34
42	35
42	36
42	49
42	62
42	77
42	79
43	7
43	12
43	31
43	66
43	69
43	70
43	75
43	76
43	81
44	1
44	37
44	38
44	45
44	46
44	63
44	66
44	70
44	78
45	11
45	22
45	23
45	37
45	38
45	44
45	61
45	64
45	77
46	6
46	18
46	21
46	28
46	44
46	53
46	63
46	74
46	78
46	81
47	7
47	17
47	36
47	39
47	51
47	52
47	59
47	70
47	71
47	76
48	3
48	19
48	27
48	31
48	54
48	59
48	61
48	66
48	77
48	79
49	9
49	28
49	42
49	51
49	54
49	59
49	65
49	67
49	71
49	81
50	12
50	13
50	22
50	29
50	57
50	59
50	61
50	64
50	69
50	73
51	2
51	38
51	39
51	47
51	49
51	58
51	59
51	71
51	72
51	80
52	14
52	16
52	18
52	41
52	47
52	57
52	65
52	66
52	68
52	74
53	23
53	27
53	35
53	46
53	61
53	66
53	69
53	70
53	74
53	78
54	13
54	16
54	37
54	40
54	41
54	48
54	49
54	69
54	72
54	73
55	9
55	20
55	30
55	33
55	58
55	59
55	61
55	65
55	73
55	75
56	2
56	5
56	10
56	14
56	22
56	33
56	60
56	68
56	77
56	78
56	81
57	4
57	13
57	19
57	35
57	38
57	50
57	52
57	66
57	70
57	76
57	80
58	3
58	12
58	35
58	51
58	55
58	65
58	66
58	73
58	74
58	75
58	81
59	6
59	20
59	34
59	47
59	48
59	49
59	50
59	51
59	55
59	62
59	69
59	71
60	2
60	11
60	30
60	33
60	56
60	66
60	67
60	73
60	75
60	77
60	78
60	79
61	25
61	29
61	30
61	45
61	48
61	50
61	53
61	55
61	69
61	73
61	78
61	81
62	16
62	17
62	26
62	32
62	36
62	39
62	40
62	42
62	59
62	71
62	77
62	79
63	3
63	5
63	6
63	10
63	32
63	44
63	46
63	67
63	70
63	76
63	78
63	79
63	80
63	81
64	9
64	15
64	23
64	24
64	26
64	39
64	45
64	50
64	66
64	70
64	78
64	79
64	80
64	81
65	18
65	27
65	34
65	49
65	52
65	55
65	58
65	66
65	69
65	70
65	72
65	73
65	75
65	76
65	77
66	17
66	22
66	39
66	43
66	44
66	48
66	52
66	53
66	57
66	58
66	60
66	64
66	65
66	79
66	81
67	26
67	27
67	30
67	31
67	38
67	49
67	60
67	63
67	70
67	71
67	72
67	78
67	79
67	80
67	81
68	5
68	8
68	9
68	10
68	11
68	13
68	14
68	37
68	41
68	52
68	56
68	69
68	70
68	75
68	76
68	78
69	22
69	23
69	40
69	43
69	50
69	53
69	54
69	59
69	61
69	65
69	68
69	72
69	73
69	74
69	75
69	79
70	23
70	40
70	43
70	44
70	47
70	53
70	57
70	63
70	64
70	65
70	67
70	68
70	72
70	73
70	79
70	80
70	81
71	6
71	8
71	19
71	22
71	23
71	34
71	36
71	39
71	40
71	47
71	49
71	51
71	59
71	62
71	67
71	72
71	81
72	16
72	20
72	30
72	41
72	51
72	54
72	65
72	67
72	69
72	70
72	71
72	75
72	76
72	77
72	79
72	80
72	81
73	11
73	22
73	24
73	32
73	37
73	41
73	50
73	54
73	55
73	58
73	60
73	61
73	65
73	69
73	70
73	74
73	76
73	77
74	1
74	4
74	14
74	15
74	18
74	24
74	25
74	29
74	31
74	32
74	46
74	52
74	53
74	58
74	69
74	73
74	75
74	76
74	79
75	1
75	15
75	24
75	29
75	34
75	36
75	37
75	41
75	43
75	55
75	58
75	60
75	65
75	68
75	69
75	72
75	74
75	77
75	80
76	1
76	2
76	5
76	14
76	15
76	26
76	28
76	31
76	41
76	43
76	47
76	57
76	63
76	65
76	68
76	72
76	73
76	74
76	78
76	80
77	3
77	6
77	11
77	19
77	30
77	32
77	37
77	42
77	45
77	48
77	56
77	60
77	62
77	65
77	72
77	73
77	75
77	78
77	79
77	80
78	1
78	14
78	24
78	28
78	32
78	33
78	39
78	44
78	46
78	53
78	56
78	60
78	61
78	63
78	64
78	67
78	68
78	76
78	77
78	79
78	80
79	20
79	33
79	35
79	36
79	38
79	42
79	48
79	60
79	62
79	63
79	64
79	66
79	67
79	69
79	70
79	72
79	74
79	77
79	78
79	80
79	81
80	8
80	10
80	12
80	15
80	16
80	18
80	24
80	29
80	30
80	31
80	51
80	57
80	63
80	64
80	67
80	70
80	72
80	75
80	76
80	77
80	78
80	79
81	8
81	9
81	17
81	18
81	27
81	36
81	37
81	40
81	43
81	46
81	49
81	56
81	58
81	61
81	63
81	64
81	66
81	67
81	70
81	71
81	72
81	79
