1	48
1	53
1	66
1	75
1	77
1	78
2	32
2	48
2	72
2	73
2	77
2	80
3	43
3	52
3	58
3	74
3	78
3	80
4	22
4	38
4	63
4	69
4	80
4	81
5	21
5	33
5	38
5	59
5	64
5	74
6	15
6	18
6	46
6	57
6	58
6	76
7	17
7	19
7	27
7	44
7	62
7	79
8	38
8	41
8	59
8	64
8	69
8	72
9	23
9	47
9	59
9	64
9	65
9	71
10	11
10	27
10	29
10	71
10	75
10	77
11	10
11	17
11	18
11	75
11	77
11	80
12	43
12	58
12	75
12	77
12	79
12	80
13	32
13	34
13	42
13	46
13	78
13	79
14	31
14	61
14	65
14	70
14	74
14	81
15	6
15	43
15	45
15	74
15	78
15	80
16	28
16	29
16	40
16	56
16	79
16	81
17	7
17	11
17	26
17	57
17	74
17	75
17	80
18	6
18	11
18	30
18	37
18	68
18	73
18	76
19	7
19	28
19	48
19	56
19	69
19	75
19	77
20	40
20	42
20	43
20	75
20	77
20	80
20	81
21	5
21	48
21	52
21	53
21	63
21	65
21	81
22	4
22	33
22	50
22	51
22	61
22	67
22	75
23	9
23	58
23	64
23	73
23	76
23	78
23	80
24	31
24	41
24	45
24	51
24	56
24	74
24	79
25	41
25	44
25	50
25	52
25	55
25	61
25	81
26	17
26	29
26	46
26	60
26	64
26	66
26	70
26	76
27	7
27	10
27	28
27	62
27	69
27	73
27	76
27	81
28	16
28	19
28	27
28	31
28	46
28	49
28	72
28	79
29	10
29	16
29	26
29	60
29	68
29	73
29	75
29	76
30	18
30	37
30	50
30	54
30	61
30	67
30	75
30	78
31	14
31	24
31	28
31	35
31	46
31	56
31	73
31	81
32	2
32	13
32	39
32	49
32	58
32	72
32	76
32	79
33	5
33	22
33	51
33	54
33	61
33	63
33	67
33	71
34	13
34	36
34	38
34	44
34	46
34	68
34	76
34	78
35	31
35	41
35	42
35	43
35	47
35	56
35	79
35	80
36	34
36	37
36	51
36	60
36	63
36	65
36	74
36	76
37	18
37	30
37	36
37	53
37	54
37	57
37	68
37	76
38	4
38	5
38	8
38	34
38	41
38	67
38	70
38	71
38	78
39	32
39	42
39	45
39	51
39	52
39	60
39	66
39	79
39	80
40	16
40	20
40	48
40	50
40	64
40	65
40	75
40	77
40	81
41	8
41	24
41	25
41	35
41	38
41	45
41	63
41	69
41	78
42	13
42	20
42	35
42	39
42	44
42	49
42	70
42	79
42	81
43	3
43	12
43	15
43	20
43	35
43	44
43	60
43	75
43	77
44	7
44	25
44	34
44	42
44	43
44	52
44	62
44	76
44	81
45	15
45	24
45	39
45	41
45	58
45	65
45	67
45	71
45	77
45	81
46	6
46	13
46	26
46	28
46	31
46	34
46	54
46	67
46	76
46	80
47	9
47	35
47	53
47	59
47	63
47	64
47	68
47	76
47	78
47	81
48	1
48	2
48	19
48	21
48	40
48	67
48	75
48	76
48	77
48	80
49	28
49	32
49	42
49	51
49	58
49	65
49	71
49	78
49	79
49	81
50	22
50	25
50	30
50	40
50	54
50	57
50	61
50	67
50	68
50	81
51	22
51	24
51	33
51	36
51	39
51	49
51	56
51	73
51	76
51	79
52	3
52	21
52	25
52	39
52	44
52	58
52	70
52	75
52	79
52	81
53	1
53	21
53	37
53	47
53	59
53	63
53	64
53	66
53	72
53	78
54	30
54	33
54	37
54	46
54	50
54	61
54	62
54	67
54	68
54	80
55	25
55	68
55	72
55	73
55	74
55	76
55	77
55	78
55	79
55	80
56	16
56	19
56	24
56	31
56	35
56	51
56	63
56	72
56	75
56	77
56	79
57	6
57	17
57	37
57	50
57	59
57	62
57	66
57	72
57	73
57	78
57	80
58	3
58	6
58	12
58	23
58	32
58	45
58	49
58	52
58	65
58	70
58	71
59	5
59	8
59	9
59	47
59	53
59	57
59	63
59	64
59	69
59	79
59	80
60	26
60	29
60	36
60	39
60	43
60	68
60	74
60	76
60	79
60	80
60	81
61	14
61	22
61	25
61	30
61	33
61	50
61	54
61	67
61	71
61	75
61	79
62	7
62	27
62	44
62	54
62	57
62	68
62	71
62	73
62	74
62	78
62	81
63	4
63	21
63	33
63	36
63	41
63	47
63	53
63	56
63	59
63	64
63	69
64	5
64	8
64	9
64	23
64	26
64	40
64	47
64	53
64	59
64	63
64	77
64	78
65	9
65	14
65	21
65	36
65	40
65	45
65	49
65	58
65	70
65	71
65	74
65	81
66	1
66	26
66	39
66	53
66	57
66	68
66	70
66	72
66	73
66	74
66	78
66	80
67	22
67	30
67	33
67	38
67	45
67	46
67	48
67	50
67	54
67	61
67	69
67	77
67	79
68	18
68	29
68	34
68	37
68	47
68	50
68	54
68	55
68	60
68	62
68	66
68	70
68	76
69	4
69	8
69	19
69	27
69	41
69	59
69	63
69	67
69	70
69	71
69	73
69	75
69	77
69	81
70	14
70	26
70	38
70	42
70	52
70	58
70	65
70	66
70	68
70	69
70	72
70	73
70	74
70	81
71	9
71	10
71	33
71	38
71	45
71	49
71	58
71	61
71	62
71	65
71	69
71	74
71	76
71	81
72	2
72	8
72	28
72	32
72	53
72	55
72	56
72	57
72	66
72	70
72	73
72	74
72	77
72	78
72	80
72	81
73	2
73	18
73	23
73	27
73	29
73	31
73	51
73	55
73	57
73	62
73	66
73	69
73	70
73	72
73	74
73	78
73	80
74	3
74	5
74	14
74	15
74	17
74	24
74	36
74	55
74	60
74	62
74	65
74	66
74	70
74	71
74	72
74	73
74	78
74	80
75	1
75	10
75	11
75	12
75	17
75	19
75	20
75	22
75	29
75	30
75	40
75	43
75	48
75	52
75	56
75	61
75	69
75	77
75	79
76	6
76	18
76	23
76	26
76	27
76	29
76	32
76	34
76	36
76	37
76	44
76	46
76	47
76	48
76	51
76	55
76	60
76	68
76	71
76	81
77	1
77	2
77	10
77	11
77	12
77	19
77	20
77	40
77	43
77	45
77	48
77	55
77	56
77	64
77	67
77	69
77	72
77	75
77	79
77	81
78	1
78	3
78	13
78	15
78	23
78	30
78	34
78	38
78	41
78	47
78	49
78	53
78	55
78	57
78	62
78	64
78	66
78	72
78	73
78	74
78	80
79	7
79	12
79	13
79	16
79	24
79	28
79	32
79	35
79	39
79	42
79	49
79	51
79	52
79	55
79	56
79	59
79	60
79	61
79	67
79	75
79	77
79	80
80	2
80	3
80	4
80	11
80	12
80	15
80	17
80	20
80	23
80	35
80	39
80	46
80	48
80	54
80	55
80	57
80	59
80	60
80	66
80	72
80	73
80	74
80	78
80	79
81	4
81	14
81	16
81	20
81	21
81	25
81	27
81	31
81	40
81	42
81	44
81	45
81	47
81	49
81	50
81	52
81	60
81	62
81	65
81	69
81	70
81	71
81	72
81	76
81	77
