1	30
1	36
1	52
1	53
1	76
1	80
2	29
2	32
2	44
2	45
2	48
2	76
3	6
3	11
3	41
3	43
3	48
3	62
4	33
4	57
4	58
4	59
4	65
4	75
5	20
5	44
5	50
5	58
5	74
5	81
6	3
6	54
6	56
6	66
6	77
6	81
7	47
7	53
7	65
7	73
7	77
7	80
8	48
8	52
8	54
8	66
8	70
8	75
9	12
9	66
9	68
9	69
9	73
9	76
10	53
10	65
10	67
10	68
10	75
10	76
11	3
11	24
11	60
11	62
11	77
11	79
12	9
12	54
12	60
12	75
12	76
12	79
13	28
13	32
13	40
13	58
13	66
13	80
14	18
14	62
14	66
14	72
14	78
14	81
15	52
15	54
15	59
15	62
15	67
15	75
16	17
16	41
16	48
16	66
16	79
16	81
17	16
17	21
17	25
17	51
17	55
17	58
17	71
18	14
18	26
18	27
18	29
18	60
18	79
18	80
19	24
19	44
19	45
19	50
19	56
19	62
19	69
20	5
20	45
20	50
20	51
20	57
20	66
20	81
21	17
21	34
21	35
21	49
21	51
21	68
21	79
22	29
22	38
22	41
22	72
22	77
22	79
22	80
23	27
23	30
23	34
23	55
23	64
23	79
23	81
24	11
24	19
24	38
24	65
24	67
24	75
24	78
25	17
25	26
25	34
25	35
25	41
25	44
25	51
25	73
26	18
26	25
26	27
26	34
26	35
26	51
26	64
26	78
27	18
27	23
27	26
27	42
27	70
27	73
27	76
27	77
28	13
28	36
28	48
28	54
28	57
28	59
28	66
28	68
29	2
29	18
29	22
29	56
29	61
29	69
29	72
29	73
30	1
30	23
30	39
30	43
30	59
30	74
30	75
30	80
31	36
31	43
31	51
31	63
31	71
31	72
31	77
31	81
32	2
32	13
32	44
32	45
32	47
32	50
32	64
32	81
33	4
33	46
33	47
33	61
33	65
33	72
33	76
33	79
34	21
34	23
34	25
34	26
34	35
34	45
34	51
34	77
34	81
35	21
35	25
35	26
35	34
35	43
35	51
35	63
35	72
35	81
36	1
36	28
36	31
36	41
36	42
36	48
36	66
36	70
36	80
37	45
37	53
37	57
37	58
37	59
37	69
37	72
37	73
37	75
38	22
38	24
38	42
38	50
38	56
38	68
38	72
38	73
38	74
38	77
39	30
39	45
39	46
39	61
39	65
39	66
39	67
39	73
39	75
39	80
40	13
40	52
40	66
40	67
40	71
40	72
40	73
40	76
40	79
40	80
41	3
41	16
41	22
41	25
41	36
41	54
41	61
41	66
41	73
41	78
42	27
42	36
42	38
42	49
42	50
42	71
42	74
42	76
42	78
42	81
43	3
43	30
43	31
43	35
43	45
43	63
43	64
43	67
43	74
43	78
43	81
44	2
44	5
44	19
44	25
44	32
44	48
44	50
44	54
44	56
44	73
44	80
45	2
45	19
45	20
45	32
45	34
45	37
45	39
45	43
45	50
45	76
45	79
46	33
46	39
46	49
46	51
46	58
46	59
46	61
46	65
46	67
46	72
46	75
47	7
47	32
47	33
47	58
47	63
47	64
47	70
47	74
47	75
47	77
47	80
48	2
48	3
48	8
48	16
48	28
48	36
48	44
48	54
48	66
48	77
48	81
49	21
49	42
49	46
49	57
49	62
49	71
49	74
49	75
49	78
49	80
49	81
50	5
50	19
50	20
50	32
50	38
50	42
50	44
50	45
50	53
50	71
50	76
50	77
51	17
51	20
51	21
51	25
51	26
51	31
51	34
51	35
51	46
51	52
51	76
51	80
52	1
52	8
52	15
52	40
52	51
52	61
52	63
52	75
52	76
52	77
52	78
52	80
53	1
53	7
53	10
53	37
53	50
53	56
53	64
53	68
53	69
53	71
53	72
53	73
54	6
54	8
54	12
54	15
54	28
54	41
54	44
54	48
54	63
54	66
54	72
54	80
54	81
55	17
55	23
55	60
55	63
55	66
55	69
55	71
55	73
55	74
55	76
55	78
55	80
55	81
56	6
56	19
56	29
56	38
56	44
56	53
56	57
56	67
56	68
56	70
56	71
56	72
56	73
57	4
57	20
57	28
57	37
57	49
57	56
57	60
57	68
57	69
57	72
57	73
57	74
57	75
58	4
58	5
58	13
58	17
58	37
58	46
58	47
58	60
58	63
58	70
58	76
58	77
58	79
59	4
59	15
59	28
59	30
59	37
59	46
59	65
59	67
59	74
59	75
59	78
59	79
59	81
60	11
60	12
60	18
60	55
60	57
60	58
60	62
60	64
60	65
60	70
60	71
60	77
60	78
60	80
61	29
61	33
61	39
61	41
61	46
61	52
61	63
61	67
61	69
61	70
61	76
61	77
61	79
61	80
62	3
62	11
62	14
62	15
62	19
62	49
62	60
62	64
62	67
62	71
62	74
62	75
62	78
62	81
63	31
63	35
63	43
63	47
63	52
63	54
63	55
63	58
63	61
63	64
63	70
63	71
63	74
63	78
63	81
64	23
64	26
64	32
64	43
64	47
64	53
64	60
64	62
64	63
64	65
64	67
64	72
64	74
64	78
64	81
65	4
65	7
65	10
65	24
65	33
65	39
65	46
65	59
65	60
65	64
65	67
65	69
65	70
65	75
65	80
66	6
66	8
66	9
66	13
66	14
66	16
66	20
66	28
66	36
66	39
66	40
66	41
66	48
66	54
66	55
66	70
67	10
67	15
67	24
67	39
67	40
67	43
67	46
67	56
67	59
67	61
67	62
67	64
67	65
67	68
67	69
67	75
68	9
68	10
68	21
68	28
68	38
68	53
68	56
68	57
68	67
68	69
68	70
68	71
68	72
68	73
68	77
68	79
68	80
69	9
69	19
69	29
69	37
69	53
69	55
69	57
69	61
69	65
69	67
69	68
69	70
69	72
69	73
69	77
69	78
69	79
70	8
70	27
70	36
70	47
70	56
70	58
70	60
70	61
70	63
70	65
70	66
70	68
70	69
70	74
70	76
70	77
70	79
70	80
71	17
71	31
71	40
71	42
71	49
71	50
71	53
71	55
71	56
71	60
71	62
71	63
71	68
71	74
71	78
71	79
71	80
71	81
72	14
72	22
72	29
72	31
72	33
72	35
72	37
72	38
72	40
72	46
72	53
72	54
72	56
72	57
72	64
72	68
72	69
72	73
73	7
73	9
73	25
73	27
73	29
73	37
73	38
73	39
73	40
73	41
73	44
73	53
73	55
73	56
73	57
73	68
73	69
73	72
73	74
73	79
74	5
74	30
74	38
74	42
74	43
74	47
74	49
74	55
74	57
74	59
74	62
74	63
74	64
74	70
74	71
74	73
74	75
74	76
74	78
74	81
75	4
75	8
75	10
75	12
75	15
75	24
75	30
75	37
75	39
75	46
75	47
75	49
75	52
75	57
75	59
75	62
75	65
75	67
75	74
75	77
75	79
76	1
76	2
76	9
76	10
76	12
76	27
76	33
76	40
76	42
76	45
76	50
76	51
76	52
76	55
76	58
76	61
76	70
76	74
76	78
76	79
76	80
77	6
77	7
77	11
77	22
77	27
77	31
77	34
77	38
77	47
77	48
77	50
77	52
77	58
77	60
77	61
77	68
77	69
77	70
77	75
77	78
77	79
78	14
78	24
78	26
78	41
78	42
78	43
78	49
78	52
78	55
78	59
78	60
78	62
78	63
78	64
78	69
78	71
78	74
78	76
78	77
78	79
78	81
79	11
79	12
79	16
79	18
79	21
79	22
79	23
79	33
79	40
79	45
79	58
79	59
79	61
79	68
79	69
79	70
79	71
79	73
79	75
79	76
79	77
79	78
79	81
80	1
80	7
80	13
80	18
80	22
80	30
80	36
80	39
80	40
80	44
80	47
80	49
80	51
80	52
80	54
80	55
80	60
80	61
80	65
80	68
80	70
80	71
80	76
80	81
81	5
81	6
81	14
81	16
81	20
81	23
81	31
81	32
81	34
81	35
81	42
81	43
81	48
81	49
81	54
81	55
81	59
81	62
81	63
81	64
81	71
81	74
81	78
81	79
81	80
