1	45
1	52
1	63
1	64
1	73
1	79
2	24
2	56
2	58
2	60
2	78
2	81
3	38
3	62
3	72
3	73
3	77
3	79
4	17
4	24
4	52
4	63
4	75
4	81
5	37
5	55
5	70
5	74
5	80
5	81
6	30
6	39
6	46
6	49
6	59
6	81
7	29
7	40
7	55
7	65
7	74
7	80
8	15
8	40
8	68
8	78
8	79
8	81
9	52
9	57
9	60
9	63
9	76
9	78
10	26
10	35
10	61
10	64
10	71
10	76
11	16
11	44
11	50
11	65
11	76
11	77
12	25
12	42
12	51
12	59
12	61
12	67
13	21
13	48
13	57
13	61
13	71
13	77
14	19
14	34
14	37
14	62
14	66
14	69
15	8
15	56
15	58
15	62
15	69
15	78
16	11
16	39
16	41
16	66
16	71
16	79
17	4
17	28
17	56
17	67
17	68
17	81
18	20
18	24
18	28
18	43
18	54
18	55
18	72
19	14
19	64
19	67
19	68
19	72
19	76
19	79
20	18
20	31
20	34
20	36
20	58
20	60
20	79
21	13
21	28
21	40
21	43
21	61
21	62
21	79
22	50
22	53
22	67
22	70
22	71
22	73
22	80
23	27
23	44
23	57
23	68
23	73
23	77
23	80
24	2
24	4
24	18
24	45
24	65
24	75
24	80
25	12
25	35
25	45
25	51
25	54
25	59
25	81
26	10
26	47
26	48
26	54
26	56
26	68
26	81
27	23
27	31
27	41
27	66
27	72
27	76
27	79
28	17
28	18
28	21
28	29
28	40
28	60
28	81
29	7
29	28
29	43
29	53
29	55
29	77
29	80
30	6
30	42
30	43
30	51
30	54
30	62
30	72
30	75
31	20
31	27
31	32
31	46
31	58
31	75
31	78
31	81
32	31
32	39
32	42
32	48
32	55
32	67
32	78
32	81
33	38
33	47
33	68
33	69
33	74
33	76
33	78
33	81
34	14
34	20
34	52
34	62
34	63
34	68
34	78
34	79
35	10
35	25
35	39
35	46
35	69
35	72
35	73
35	78
36	20
36	51
36	56
36	61
36	67
36	71
36	76
36	80
37	5
37	14
37	52
37	60
37	71
37	75
37	78
37	81
38	3
38	33
38	43
38	44
38	51
38	75
38	77
38	80
39	6
39	16
39	32
39	35
39	57
39	60
39	61
39	69
40	7
40	8
40	21
40	28
40	45
40	55
40	72
40	74
41	16
41	27
41	47
41	48
41	53
41	63
41	71
41	72
41	79
42	12
42	30
42	32
42	47
42	49
42	54
42	59
42	64
42	68
43	18
43	21
43	29
43	30
43	38
43	55
43	65
43	69
43	71
44	11
44	23
44	38
44	52
44	65
44	68
44	78
44	80
44	81
45	1
45	24
45	25
45	40
45	58
45	65
45	73
45	75
45	77
46	6
46	31
46	35
46	50
46	56
46	57
46	61
46	67
46	78
47	26
47	33
47	41
47	42
47	49
47	57
47	75
47	76
47	80
48	13
48	26
48	32
48	41
48	53
48	67
48	68
48	75
48	81
49	6
49	42
49	47
49	51
49	54
49	59
49	66
49	71
49	78
49	80
50	11
50	22
50	46
50	56
50	57
50	65
50	66
50	67
50	69
50	80
51	12
51	25
51	30
51	36
51	38
51	49
51	54
51	58
51	65
51	70
52	1
52	4
52	9
52	34
52	37
52	44
52	63
52	66
52	68
52	73
52	74
53	22
53	29
53	41
53	48
53	63
53	64
53	67
53	73
53	76
53	77
53	80
54	18
54	25
54	26
54	30
54	42
54	49
54	51
54	59
54	69
54	76
54	77
55	5
55	7
55	18
55	29
55	32
55	40
55	43
55	60
55	74
55	77
55	80
56	2
56	15
56	17
56	26
56	36
56	46
56	50
56	58
56	59
56	71
56	74
56	78
57	9
57	13
57	23
57	39
57	46
57	47
57	50
57	58
57	63
57	70
57	71
57	77
58	2
58	15
58	20
58	31
58	45
58	51
58	56
58	57
58	67
58	69
58	71
58	72
58	76
59	6
59	12
59	25
59	42
59	49
59	54
59	56
59	66
59	67
59	75
59	76
59	77
59	81
60	2
60	9
60	20
60	28
60	37
60	39
60	55
60	63
60	68
60	73
60	78
60	79
60	81
61	10
61	12
61	13
61	21
61	36
61	39
61	46
61	62
61	67
61	69
61	70
61	79
61	80
62	3
62	14
62	15
62	21
62	30
62	34
62	61
62	63
62	64
62	66
62	70
62	72
62	74
62	79
63	1
63	4
63	9
63	34
63	41
63	52
63	53
63	57
63	60
63	62
63	64
63	66
63	72
63	79
64	1
64	10
64	19
64	42
64	53
64	62
64	63
64	66
64	68
64	72
64	73
64	75
64	79
64	80
65	7
65	11
65	24
65	43
65	44
65	45
65	50
65	51
65	69
65	70
65	73
65	74
65	77
65	78
66	14
66	16
66	27
66	49
66	50
66	52
66	59
66	62
66	63
66	64
66	70
66	72
66	73
66	75
66	79
67	12
67	17
67	19
67	22
67	32
67	36
67	46
67	48
67	50
67	53
67	58
67	59
67	61
67	69
67	71
68	8
68	17
68	19
68	23
68	26
68	33
68	34
68	42
68	44
68	48
68	52
68	60
68	64
68	73
68	74
69	14
69	15
69	33
69	35
69	39
69	43
69	50
69	54
69	58
69	61
69	65
69	67
69	70
69	71
69	80
69	81
70	5
70	22
70	51
70	57
70	61
70	62
70	65
70	66
70	69
70	71
70	73
70	74
70	75
70	76
70	80
70	81
71	10
71	13
71	16
71	22
71	36
71	37
71	41
71	43
71	49
71	56
71	57
71	58
71	67
71	69
71	70
71	77
72	3
72	18
72	19
72	27
72	30
72	35
72	40
72	41
72	58
72	62
72	63
72	64
72	66
72	74
72	78
72	79
72	80
72	81
73	1
73	3
73	22
73	23
73	35
73	45
73	52
73	53
73	60
73	64
73	65
73	66
73	68
73	70
73	74
73	76
73	80
73	81
74	5
74	7
74	33
74	40
74	52
74	55
74	56
74	62
74	65
74	68
74	70
74	72
74	73
74	75
74	76
74	77
74	79
74	80
75	4
75	24
75	30
75	31
75	37
75	38
75	45
75	47
75	48
75	59
75	64
75	66
75	70
75	74
75	76
75	77
75	80
75	81
76	9
76	10
76	11
76	19
76	27
76	33
76	36
76	47
76	53
76	54
76	58
76	59
76	70
76	73
76	74
76	75
76	77
76	79
77	3
77	11
77	13
77	23
77	29
77	38
77	45
77	53
77	54
77	55
77	57
77	59
77	65
77	71
77	74
77	75
77	76
77	79
77	81
78	2
78	8
78	9
78	15
78	31
78	32
78	33
78	34
78	35
78	37
78	44
78	46
78	49
78	56
78	60
78	65
78	72
78	79
78	81
79	1
79	3
79	8
79	16
79	19
79	20
79	21
79	27
79	34
79	41
79	60
79	61
79	62
79	63
79	64
79	66
79	72
79	74
79	76
79	77
79	78
80	5
80	7
80	22
80	23
80	24
80	29
80	36
80	38
80	44
80	47
80	49
80	50
80	53
80	55
80	61
80	64
80	69
80	70
80	72
80	73
80	74
80	75
81	2
81	4
81	5
81	6
81	8
81	17
81	25
81	26
81	28
81	31
81	32
81	33
81	37
81	44
81	48
81	59
81	60
81	69
81	70
81	72
81	73
81	75
81	77
81	78
