1	6
1	27
1	48
1	50
1	58
1	69
2	8
2	9
2	64
2	65
2	77
2	79
3	15
3	50
3	59
3	64
3	69
3	76
4	60
4	62
4	64
4	65
4	71
4	81
5	6
5	42
5	46
5	61
5	77
5	79
6	1
6	5
6	58
6	63
6	75
6	81
7	16
7	18
7	45
7	66
7	72
7	75
8	2
8	14
8	74
8	75
8	77
8	81
9	2
9	63
9	73
9	74
9	78
9	81
10	46
10	64
10	65
10	70
10	77
10	78
11	36
11	65
11	70
11	74
11	78
11	80
12	26
12	57
12	66
12	67
12	73
12	79
13	24
13	26
13	30
13	39
13	44
13	79
14	8
14	36
14	54
14	66
14	73
14	76
14	80
15	3
15	36
15	37
15	51
15	73
15	75
15	80
16	7
16	17
16	44
16	54
16	72
16	73
16	80
17	16
17	19
17	24
17	26
17	30
17	44
17	55
18	7
18	25
18	50
18	57
18	74
18	77
18	81
19	17
19	24
19	30
19	48
19	49
19	52
19	74
20	21
20	27
20	29
20	45
20	47
20	63
20	70
21	20
21	48
21	49
21	66
21	77
21	78
21	79
22	49
22	60
22	63
22	76
22	77
22	80
22	81
23	31
23	34
23	40
23	62
23	69
23	72
23	75
24	13
24	17
24	19
24	30
24	46
24	78
24	79
25	18
25	32
25	41
25	49
25	53
25	77
25	78
26	12
26	13
26	17
26	30
26	68
26	69
26	80
27	1
27	20
27	28
27	68
27	70
27	79
27	80
28	27
28	38
28	43
28	59
28	66
28	68
28	70
29	20
29	38
29	52
29	61
29	69
29	72
29	79
30	13
30	17
30	19
30	24
30	26
30	60
30	78
31	23
31	41
31	50
31	66
31	67
31	76
31	79
32	25
32	43
32	56
32	70
32	76
32	79
32	80
33	34
33	35
33	42
33	57
33	75
33	77
33	81
34	23
34	33
34	38
34	47
34	71
34	72
34	80
34	81
35	33
35	52
35	62
35	66
35	69
35	72
35	78
35	79
36	11
36	14
36	15
36	37
36	48
36	50
36	52
36	58
37	15
37	36
37	48
37	50
37	58
37	60
37	63
37	74
38	28
38	29
38	34
38	71
38	74
38	75
38	76
38	81
39	13
39	51
39	63
39	65
39	68
39	74
39	76
39	78
40	23
40	45
40	47
40	53
40	66
40	67
40	77
40	79
41	25
41	31
41	60
41	64
41	67
41	74
41	75
41	78
42	5
42	33
42	51
42	59
42	71
42	73
42	75
42	81
43	28
43	32
43	45
43	53
43	71
43	72
43	73
43	80
43	81
44	13
44	16
44	17
44	67
44	69
44	71
44	74
44	78
44	80
45	7
45	20
45	40
45	43
45	56
45	64
45	78
45	80
45	81
46	5
46	10
46	24
46	62
46	65
46	67
46	75
46	77
46	79
47	20
47	34
47	40
47	53
47	57
47	64
47	68
47	70
47	76
48	1
48	19
48	21
48	36
48	37
48	50
48	52
48	58
48	73
49	19
49	21
49	22
49	25
49	63
49	68
49	71
49	75
49	79
49	81
50	1
50	3
50	18
50	31
50	36
50	37
50	48
50	58
50	61
50	81
51	15
51	39
51	42
51	61
51	71
51	72
51	73
51	76
51	78
51	81
52	19
52	29
52	35
52	36
52	48
52	54
52	66
52	69
52	72
52	73
53	25
53	40
53	43
53	47
53	55
53	57
53	59
53	62
53	70
53	81
54	14
54	16
54	52
54	56
54	61
54	69
54	72
54	74
54	76
54	80
55	17
55	53
55	57
55	59
55	67
55	68
55	70
55	72
55	75
55	76
56	32
56	45
56	54
56	61
56	62
56	69
56	70
56	71
56	72
56	76
57	12
57	18
57	33
57	47
57	53
57	55
57	68
57	70
57	77
57	78
58	1
58	6
58	36
58	37
58	48
58	50
58	60
58	61
58	63
58	71
59	3
59	28
59	42
59	53
59	55
59	68
59	70
59	73
59	74
59	75
59	81
60	4
60	22
60	30
60	37
60	41
60	58
60	62
60	69
60	71
60	75
60	81
61	5
61	29
61	50
61	51
61	54
61	56
61	58
61	62
61	66
61	68
61	69
61	72
62	4
62	23
62	35
62	46
62	53
62	56
62	60
62	61
62	65
62	69
62	72
62	79
63	6
63	9
63	20
63	22
63	37
63	39
63	49
63	58
63	71
63	73
63	75
63	78
63	81
64	2
64	3
64	4
64	10
64	41
64	45
64	47
64	68
64	74
64	76
64	78
64	80
64	81
65	2
65	4
65	10
65	11
65	39
65	46
65	62
65	66
65	67
65	74
65	76
65	77
65	78
65	79
66	7
66	12
66	14
66	21
66	28
66	31
66	35
66	40
66	52
66	61
66	65
66	77
66	79
66	80
67	12
67	31
67	40
67	41
67	44
67	46
67	55
67	65
67	70
67	71
67	72
67	77
67	79
67	81
68	26
68	27
68	28
68	39
68	47
68	49
68	55
68	57
68	59
68	61
68	64
68	69
68	70
68	73
68	76
69	1
69	3
69	23
69	26
69	29
69	35
69	44
69	52
69	54
69	56
69	60
69	61
69	62
69	68
69	72
69	78
69	80
70	10
70	11
70	20
70	27
70	28
70	32
70	47
70	53
70	55
70	56
70	57
70	59
70	67
70	68
70	75
70	77
70	78
71	4
71	34
71	38
71	42
71	43
71	44
71	49
71	51
71	56
71	58
71	60
71	63
71	67
71	73
71	74
71	75
71	80
71	81
72	7
72	16
72	23
72	29
72	34
72	35
72	43
72	51
72	52
72	54
72	55
72	56
72	61
72	62
72	67
72	69
72	73
72	80
72	81
73	9
73	12
73	14
73	15
73	16
73	42
73	43
73	48
73	51
73	52
73	59
73	63
73	68
73	71
73	72
73	74
73	76
73	77
73	78
73	80
74	8
74	9
74	11
74	18
74	19
74	37
74	38
74	39
74	41
74	44
74	54
74	59
74	64
74	65
74	71
74	73
74	75
74	76
74	77
74	80
75	6
75	7
75	8
75	15
75	23
75	33
75	38
75	41
75	42
75	46
75	49
75	55
75	59
75	60
75	63
75	70
75	71
75	74
75	79
75	81
76	3
76	14
76	22
76	31
76	32
76	38
76	39
76	47
76	51
76	54
76	55
76	56
76	64
76	65
76	68
76	73
76	74
76	78
76	79
76	80
77	2
77	5
77	8
77	10
77	18
77	21
77	22
77	25
77	33
77	40
77	46
77	57
77	65
77	66
77	67
77	70
77	73
77	74
77	78
77	79
77	80
78	9
78	10
78	11
78	21
78	24
78	25
78	30
78	35
78	39
78	41
78	44
78	45
78	51
78	57
78	63
78	64
78	65
78	69
78	70
78	73
78	76
78	77
79	2
79	5
79	12
79	13
79	21
79	24
79	27
79	29
79	31
79	32
79	35
79	40
79	46
79	49
79	62
79	65
79	66
79	67
79	75
79	76
79	77
79	80
79	81
80	11
80	14
80	15
80	16
80	22
80	26
80	27
80	32
80	34
80	43
80	44
80	45
80	54
80	64
80	66
80	69
80	71
80	72
80	73
80	74
80	76
80	77
80	79
81	4
81	6
81	8
81	9
81	18
81	22
81	33
81	34
81	38
81	42
81	43
81	45
81	49
81	50
81	51
81	53
81	59
81	60
81	63
81	64
81	67
81	71
81	72
81	75
81	79
