1	50
1	58
1	67
1	76
1	79
1	81
2	11
2	37
2	67
2	76
2	77
2	78
3	33
3	38
3	43
3	74
3	75
3	81
4	11
4	12
4	28
4	49
4	52
4	60
5	20
5	28
5	31
5	49
5	55
5	79
6	43
6	48
6	69
6	70
6	74
6	76
7	43
7	56
7	65
7	70
7	73
7	81
8	32
8	49
8	56
8	63
8	77
8	81
9	10
9	14
9	57
9	63
9	67
9	69
10	9
10	20
10	45
10	67
10	80
10	81
11	2
11	4
11	28
11	49
11	58
11	59
12	4
12	32
12	44
12	66
12	68
12	77
13	28
13	39
13	50
13	52
13	67
13	69
14	9
14	29
14	61
14	62
14	74
14	75
15	16
15	24
15	27
15	31
15	34
15	44
16	15
16	34
16	51
16	58
16	60
16	64
16	81
17	23
17	27
17	37
17	41
17	44
17	57
17	72
18	41
18	49
18	71
18	72
18	74
18	76
18	78
19	49
19	66
19	67
19	69
19	78
19	79
19	81
20	5
20	10
20	33
20	39
20	49
20	65
20	80
21	48
21	70
21	72
21	73
21	76
21	78
21	80
22	27
22	37
22	38
22	60
22	69
22	80
22	81
23	17
23	27
23	37
23	52
23	54
23	64
23	73
24	15
24	27
24	40
24	50
24	76
24	77
24	78
25	32
25	47
25	72
25	73
25	74
25	80
25	81
26	41
26	43
26	59
26	61
26	65
26	67
26	78
26	81
27	15
27	17
27	22
27	23
27	24
27	44
27	62
27	74
28	4
28	5
28	11
28	13
28	33
28	61
28	68
28	71
29	14
29	30
29	35
29	42
29	66
29	68
29	69
29	77
30	29
30	45
30	61
30	66
30	68
30	75
30	77
30	81
31	5
31	15
31	37
31	44
31	55
31	71
31	78
31	80
32	8
32	12
32	25
32	48
32	61
32	73
32	76
32	79
33	3
33	20
33	28
33	43
33	49
33	59
33	62
33	78
34	15
34	16
34	59
34	61
34	73
34	74
34	78
34	80
35	29
35	46
35	51
35	59
35	65
35	66
35	70
35	72
35	80
36	41
36	42
36	45
36	65
36	66
36	71
36	77
36	78
36	79
37	2
37	17
37	22
37	23
37	31
37	38
37	44
37	46
37	50
38	3
38	22
38	37
38	56
38	63
38	66
38	71
38	73
38	77
39	13
39	20
39	44
39	45
39	56
39	58
39	68
39	77
39	81
40	24
40	53
40	64
40	69
40	73
40	76
40	79
40	80
40	81
41	17
41	18
41	26
41	36
41	55
41	61
41	65
41	70
41	74
41	77
42	29
42	36
42	43
42	49
42	51
42	60
42	67
42	71
42	78
42	79
43	3
43	6
43	7
43	26
43	33
43	42
43	50
43	67
43	69
43	73
44	12
44	15
44	17
44	27
44	31
44	37
44	39
44	54
44	71
44	76
45	10
45	30
45	36
45	39
45	46
45	51
45	58
45	63
45	69
45	77
45	80
46	35
46	37
46	45
46	50
46	52
46	61
46	64
46	72
46	77
46	80
46	81
47	25
47	50
47	52
47	55
47	57
47	65
47	69
47	73
47	74
47	75
47	80
48	6
48	21
48	32
48	59
48	61
48	63
48	73
48	74
48	76
48	79
48	81
49	4
49	5
49	8
49	11
49	18
49	19
49	20
49	33
49	42
49	69
49	75
50	1
50	13
50	24
50	37
50	43
50	46
50	47
50	60
50	66
50	75
50	77
50	80
51	16
51	35
51	42
51	45
51	53
51	62
51	64
51	65
51	69
51	72
51	75
51	79
52	4
52	13
52	23
52	46
52	47
52	53
52	54
52	58
52	65
52	72
52	78
52	80
52	81
53	40
53	51
53	52
53	56
53	57
53	64
53	70
53	71
53	74
53	75
53	76
53	79
53	80
54	23
54	44
54	52
54	60
54	66
54	68
54	69
54	70
54	72
54	73
54	74
54	79
54	81
55	5
55	31
55	41
55	47
55	59
55	61
55	62
55	65
55	69
55	70
55	73
55	74
55	77
56	7
56	8
56	38
56	39
56	53
56	57
56	58
56	60
56	63
56	64
56	66
56	68
56	80
57	9
57	17
57	47
57	53
57	56
57	64
57	67
57	71
57	72
57	75
57	76
57	78
57	79
58	1
58	11
58	16
58	39
58	45
58	52
58	56
58	62
58	63
58	66
58	68
58	75
58	76
58	77
59	11
59	26
59	33
59	34
59	35
59	48
59	55
59	60
59	65
59	68
59	72
59	73
59	74
59	79
60	4
60	16
60	22
60	42
60	50
60	54
60	56
60	59
60	63
60	67
60	69
60	74
60	75
60	80
60	81
61	14
61	26
61	28
61	30
61	32
61	34
61	41
61	46
61	48
61	55
61	65
61	73
61	74
61	78
61	80
62	14
62	27
62	33
62	51
62	55
62	58
62	67
62	69
62	70
62	72
62	75
62	76
62	78
62	80
62	81
63	8
63	9
63	38
63	45
63	48
63	56
63	58
63	60
63	66
63	68
63	70
63	71
63	72
63	77
63	81
64	16
64	23
64	40
64	46
64	51
64	53
64	56
64	57
64	69
64	70
64	71
64	76
64	77
64	78
64	79
65	7
65	20
65	26
65	35
65	36
65	41
65	47
65	51
65	52
65	55
65	59
65	61
65	73
65	74
65	77
65	79
66	12
66	19
66	29
66	30
66	35
66	36
66	38
66	50
66	54
66	56
66	58
66	63
66	68
66	72
66	74
66	77
66	78
67	1
67	2
67	9
67	10
67	13
67	19
67	26
67	42
67	43
67	57
67	60
67	62
67	71
67	77
67	78
67	79
67	80
68	12
68	28
68	29
68	30
68	39
68	54
68	56
68	58
68	59
68	63
68	66
68	70
68	71
68	76
68	77
68	79
68	81
69	6
69	9
69	13
69	19
69	22
69	29
69	40
69	43
69	45
69	47
69	49
69	51
69	54
69	55
69	60
69	62
69	64
69	78
70	6
70	7
70	21
70	35
70	41
70	53
70	54
70	55
70	62
70	63
70	64
70	68
70	72
70	75
70	76
70	77
70	78
70	80
71	18
71	28
71	31
71	36
71	38
71	42
71	44
71	53
71	57
71	63
71	64
71	67
71	68
71	72
71	75
71	76
71	78
71	79
71	80
72	17
72	18
72	21
72	25
72	35
72	46
72	51
72	52
72	54
72	57
72	59
72	62
72	63
72	66
72	70
72	71
72	73
72	75
72	76
73	7
73	21
73	23
73	25
73	32
73	34
73	38
73	40
73	43
73	47
73	48
73	54
73	55
73	59
73	61
73	65
73	72
73	74
73	79
74	3
74	6
74	14
74	18
74	25
74	27
74	34
74	41
74	47
74	48
74	53
74	54
74	55
74	59
74	60
74	61
74	65
74	66
74	73
74	75
74	78
75	3
75	14
75	30
75	47
75	49
75	50
75	51
75	53
75	57
75	58
75	60
75	62
75	70
75	71
75	72
75	74
75	76
75	77
75	79
75	80
75	81
76	1
76	2
76	6
76	18
76	21
76	24
76	32
76	40
76	44
76	48
76	53
76	57
76	58
76	62
76	64
76	68
76	70
76	71
76	72
76	75
76	78
76	79
76	81
77	2
77	8
77	12
77	24
77	29
77	30
77	36
77	38
77	39
77	41
77	45
77	46
77	50
77	55
77	58
77	63
77	64
77	65
77	66
77	67
77	68
77	70
77	75
78	2
78	18
78	19
78	21
78	24
78	26
78	31
78	33
78	34
78	36
78	42
78	52
78	57
78	61
78	62
78	64
78	66
78	67
78	69
78	70
78	71
78	74
78	76
78	79
79	1
79	5
79	19
79	32
79	36
79	40
79	42
79	48
79	51
79	53
79	54
79	57
79	59
79	64
79	65
79	67
79	68
79	71
79	73
79	75
79	76
79	78
79	80
79	81
80	10
80	20
80	21
80	22
80	25
80	31
80	34
80	35
80	40
80	45
80	46
80	47
80	50
80	52
80	53
80	56
80	60
80	61
80	62
80	67
80	70
80	71
80	75
80	79
80	81
81	1
81	3
81	7
81	8
81	10
81	16
81	19
81	22
81	25
81	26
81	30
81	39
81	40
81	46
81	48
81	52
81	54
81	60
81	62
81	63
81	68
81	75
81	76
81	79
81	80
