1	10
1	18
1	19
1	20
1	46
1	51
2	27
2	69
2	71
2	76
2	77
2	81
3	46
3	49
3	68
3	69
3	70
3	80
4	19
4	21
4	65
4	74
4	77
4	78
5	23
5	34
5	52
5	63
5	68
5	78
6	50
6	55
6	62
6	70
6	79
6	80
7	11
7	13
7	57
7	58
7	59
7	61
8	25
8	30
8	59
8	66
8	67
8	72
9	22
9	25
9	52
9	75
9	79
9	80
10	1
10	52
10	63
10	66
10	73
10	76
11	7
11	12
11	26
11	41
11	44
11	45
11	64
12	11
12	26
12	28
12	41
12	50
12	72
12	73
13	7
13	17
13	50
13	57
13	58
13	68
13	80
14	45
14	47
14	69
14	72
14	75
14	79
14	80
15	48
15	64
15	65
15	75
15	77
15	78
15	79
16	40
16	51
16	53
16	60
16	71
16	79
16	81
17	13
17	33
17	43
17	51
17	71
17	76
17	81
18	1
18	39
18	56
18	60
18	69
18	74
18	78
19	1
19	4
19	28
19	50
19	57
19	58
19	63
20	1
20	36
20	41
20	44
20	55
20	74
20	79
21	4
21	26
21	31
21	36
21	44
21	72
21	75
22	9
22	34
22	62
22	70
22	76
22	78
22	81
23	5
23	29
23	35
23	40
23	43
23	68
23	72
24	41
24	47
24	59
24	69
24	72
24	73
24	77
25	8
25	9
25	37
25	46
25	49
25	77
25	78
26	11
26	12
26	21
26	30
26	41
26	71
26	81
27	2
27	35
27	42
27	60
27	68
27	76
27	79
27	81
28	12
28	19
28	45
28	50
28	57
28	58
28	76
28	78
29	23
29	47
29	58
29	66
29	67
29	68
29	74
29	81
30	8
30	26
30	67
30	73
30	77
30	79
30	80
30	81
31	21
31	48
31	55
31	62
31	71
31	76
31	77
31	81
32	51
32	52
32	54
32	63
32	67
32	71
32	74
32	81
33	17
33	38
33	40
33	47
33	62
33	73
33	75
33	81
34	5
34	22
34	36
34	59
34	60
34	61
34	64
34	71
35	23
35	27
35	37
35	49
35	62
35	70
35	76
35	81
36	20
36	21
36	34
36	39
36	41
36	44
36	47
36	80
37	25
37	35
37	53
37	57
37	59
37	67
37	72
37	81
38	33
38	48
38	49
38	52
38	68
38	75
38	77
38	79
38	80
39	18
39	36
39	49
39	59
39	61
39	64
39	67
39	74
39	78
40	16
40	23
40	33
40	46
40	53
40	55
40	57
40	76
40	81
41	11
41	12
41	20
41	24
41	26
41	36
41	44
41	74
41	80
42	27
42	55
42	63
42	68
42	73
42	74
42	75
42	77
42	80
43	17
43	23
43	47
43	54
43	55
43	62
43	66
43	67
43	76
43	81
44	11
44	20
44	21
44	36
44	41
44	62
44	65
44	69
44	70
44	80
45	11
45	14
45	28
45	50
45	53
45	59
45	69
45	71
45	75
45	80
46	1
46	3
46	25
46	40
46	51
46	56
46	61
46	67
46	68
46	74
47	14
47	24
47	29
47	33
47	36
47	43
47	49
47	60
47	61
47	78
48	15
48	31
48	38
48	64
48	65
48	66
48	68
48	76
48	78
48	79
49	3
49	25
49	35
49	38
49	39
49	47
49	55
49	57
49	58
49	61
49	69
50	6
50	12
50	13
50	19
50	28
50	45
50	57
50	58
50	59
50	62
50	77
51	1
51	16
51	17
51	32
51	46
51	66
51	71
51	72
51	77
51	80
51	81
52	5
52	9
52	10
52	32
52	38
52	53
52	59
52	63
52	65
52	71
52	77
53	16
53	37
53	40
53	45
53	52
53	57
53	60
53	63
53	67
53	79
53	81
54	32
54	43
54	58
54	64
54	72
54	73
54	75
54	77
54	78
54	79
54	80
55	6
55	20
55	31
55	40
55	42
55	43
55	49
55	59
55	62
55	76
55	81
56	18
56	46
56	60
56	64
56	65
56	67
56	72
56	74
56	75
56	76
56	78
56	81
57	7
57	13
57	19
57	28
57	37
57	40
57	49
57	50
57	53
57	58
57	62
57	72
58	7
58	13
58	19
58	28
58	29
58	49
58	50
58	54
58	57
58	64
58	75
58	76
59	7
59	8
59	24
59	34
59	37
59	39
59	45
59	50
59	52
59	55
59	68
59	72
59	76
60	16
60	18
60	27
60	34
60	47
60	53
60	56
60	64
60	69
60	72
60	79
60	80
60	81
61	7
61	34
61	39
61	46
61	47
61	49
61	63
61	69
61	71
61	75
61	76
61	77
61	79
62	6
62	22
62	31
62	33
62	35
62	43
62	44
62	50
62	55
62	57
62	69
62	76
62	78
62	81
63	5
63	10
63	19
63	32
63	42
63	52
63	53
63	61
63	64
63	65
63	70
63	71
63	72
63	73
64	11
64	15
64	34
64	39
64	48
64	54
64	56
64	58
64	60
64	63
64	65
64	68
64	74
64	78
64	81
65	4
65	15
65	44
65	48
65	52
65	56
65	63
65	64
65	67
65	68
65	72
65	75
65	76
65	78
65	79
66	8
66	10
66	29
66	43
66	48
66	51
66	70
66	73
66	74
66	75
66	76
66	77
66	79
66	80
67	8
67	29
67	30
67	32
67	37
67	39
67	43
67	46
67	53
67	56
67	65
67	68
67	70
67	73
67	74
67	78
68	3
68	5
68	13
68	23
68	27
68	29
68	38
68	42
68	46
68	48
68	59
68	64
68	65
68	67
68	71
68	73
68	74
69	2
69	3
69	14
69	18
69	24
69	44
69	45
69	49
69	60
69	61
69	62
69	71
69	72
69	73
69	75
69	78
69	79
69	80
70	3
70	6
70	22
70	35
70	44
70	63
70	66
70	67
70	73
70	74
70	75
70	76
70	77
70	78
70	79
70	80
71	2
71	16
71	17
71	26
71	31
71	32
71	34
71	45
71	51
71	52
71	61
71	63
71	68
71	69
71	72
71	74
71	77
71	78
71	79
72	8
72	12
72	14
72	21
72	23
72	24
72	37
72	51
72	54
72	56
72	57
72	59
72	60
72	63
72	65
72	69
72	71
72	74
72	80
73	10
73	12
73	24
73	30
73	33
73	42
73	54
73	63
73	66
73	67
73	68
73	69
73	70
73	74
73	75
73	77
73	79
73	80
73	81
74	4
74	18
74	20
74	29
74	32
74	39
74	41
74	42
74	46
74	56
74	64
74	66
74	67
74	68
74	70
74	71
74	72
74	73
74	78
75	9
75	14
75	15
75	21
75	33
75	38
75	42
75	45
75	54
75	56
75	58
75	61
75	65
75	66
75	69
75	70
75	73
75	77
75	79
75	80
76	2
76	10
76	17
76	22
76	27
76	28
76	31
76	35
76	40
76	43
76	48
76	55
76	56
76	58
76	59
76	61
76	62
76	65
76	66
76	70
76	81
77	2
77	4
77	15
77	24
77	25
77	30
77	31
77	38
77	42
77	50
77	51
77	52
77	54
77	61
77	66
77	70
77	71
77	73
77	75
77	79
77	80
78	4
78	5
78	15
78	18
78	22
78	25
78	28
78	39
78	47
78	48
78	54
78	56
78	62
78	64
78	65
78	67
78	69
78	70
78	71
78	74
78	80
78	81
79	6
79	9
79	14
79	15
79	16
79	20
79	27
79	30
79	38
79	48
79	53
79	54
79	60
79	61
79	65
79	66
79	69
79	70
79	71
79	73
79	75
79	77
79	80
80	3
80	6
80	9
80	13
80	14
80	30
80	36
80	38
80	41
80	42
80	44
80	45
80	51
80	54
80	60
80	66
80	69
80	70
80	72
80	73
80	75
80	77
80	78
80	79
81	2
81	16
81	17
81	22
81	26
81	27
81	29
81	30
81	31
81	32
81	33
81	35
81	37
81	40
81	43
81	51
81	53
81	55
81	56
81	60
81	62
81	64
81	73
81	76
81	78
