1	39
1	41
1	43
1	48
1	70
1	78
2	6
2	15
2	45
2	68
2	70
2	81
3	16
3	37
3	51
3	58
3	75
3	81
4	27
4	52
4	64
4	66
4	76
4	80
5	42
5	49
5	63
5	67
5	75
5	79
6	2
6	12
6	49
6	65
6	69
6	74
7	26
7	46
7	68
7	69
7	80
7	81
8	12
8	47
8	64
8	69
8	72
8	73
9	36
9	53
9	60
9	63
9	66
9	73
10	40
10	57
10	60
10	62
10	78
10	81
11	52
11	54
11	58
11	79
11	80
11	81
12	6
12	8
12	17
12	55
12	71
12	78
13	50
13	59
13	63
13	66
13	67
13	71
14	21
14	23
14	25
14	33
14	76
14	80
15	2
15	19
15	21
15	67
15	76
15	81
16	3
16	31
16	53
16	60
16	72
16	77
17	12
17	22
17	61
17	64
17	66
17	77
18	29
18	56
18	74
18	75
18	79
18	81
19	15
19	21
19	47
19	71
19	74
19	79
20	28
20	54
20	58
20	60
20	66
20	68
20	76
21	14
21	15
21	19
21	46
21	77
21	80
21	81
22	17
22	23
22	26
22	31
22	61
22	65
22	73
23	14
23	22
23	29
23	31
23	43
23	60
23	80
24	46
24	47
24	58
24	67
24	72
24	77
24	81
25	14
25	48
25	53
25	57
25	61
25	70
25	73
26	7
26	22
26	31
26	52
26	76
26	79
26	80
27	4
27	28
27	33
27	47
27	50
27	65
27	71
28	20
28	27
28	46
28	56
28	62
28	70
28	73
28	77
29	18
29	23
29	36
29	68
29	72
29	76
29	77
29	80
30	31
30	34
30	46
30	54
30	61
30	64
30	68
30	69
31	16
31	22
31	23
31	26
31	30
31	33
31	40
31	65
32	35
32	38
32	53
32	62
32	65
32	69
32	70
32	74
33	14
33	27
33	31
33	58
33	59
33	63
33	74
33	77
34	30
34	37
34	40
34	51
34	66
34	67
34	75
34	79
35	32
35	38
35	45
35	48
35	52
35	66
35	70
35	72
35	79
36	9
36	29
36	48
36	53
36	55
36	59
36	63
36	71
36	78
37	3
37	34
37	47
37	50
37	51
37	60
37	74
37	79
37	80
38	32
38	35
38	45
38	57
38	70
38	71
38	76
38	78
38	80
39	1
39	46
39	49
39	55
39	57
39	62
39	71
39	72
39	78
40	10
40	31
40	34
40	43
40	55
40	63
40	64
40	68
40	79
41	1
41	43
41	46
41	57
41	58
41	67
41	75
41	77
41	79
42	5
42	43
42	57
42	62
42	63
42	69
42	73
42	78
42	79
43	1
43	23
43	40
43	41
43	42
43	68
43	71
43	78
43	80
44	47
44	48
44	57
44	67
44	70
44	74
44	78
44	79
44	81
45	2
45	35
45	38
45	48
45	50
45	53
45	59
45	62
45	70
46	7
46	21
46	24
46	28
46	30
46	39
46	41
46	64
46	65
46	81
47	8
47	19
47	24
47	27
47	37
47	44
47	54
47	57
47	71
47	75
48	1
48	25
48	35
48	36
48	44
48	45
48	53
48	70
48	75
48	79
49	5
49	6
49	39
49	50
49	61
49	64
49	72
49	79
49	80
49	81
50	13
50	27
50	37
50	45
50	49
50	59
50	60
50	63
50	67
50	73
51	3
51	34
51	37
51	58
51	64
51	68
51	71
51	72
51	77
51	81
52	4
52	11
52	26
52	35
52	66
52	68
52	72
52	73
52	76
52	78
52	80
53	9
53	16
53	25
53	32
53	36
53	45
53	48
53	55
53	59
53	70
53	81
54	11
54	20
54	30
54	47
54	65
54	68
54	73
54	74
54	76
54	77
54	80
55	12
55	36
55	39
55	40
55	53
55	56
55	62
55	63
55	71
55	73
55	75
56	18
56	28
56	55
56	59
56	60
56	64
56	66
56	67
56	71
56	73
56	77
56	78
57	10
57	25
57	38
57	39
57	41
57	42
57	44
57	47
57	74
57	75
57	78
57	79
58	3
58	11
58	20
58	24
58	33
58	41
58	51
58	61
58	72
58	75
58	78
58	81
59	13
59	33
59	36
59	45
59	50
59	53
59	56
59	60
59	65
59	68
59	76
59	81
60	9
60	10
60	16
60	20
60	23
60	37
60	50
60	56
60	59
60	63
60	77
60	80
61	17
61	22
61	25
61	30
61	49
61	58
61	69
61	70
61	72
61	73
61	80
61	81
62	10
62	28
62	32
62	39
62	42
62	45
62	55
62	64
62	71
62	76
62	78
62	80
63	5
63	9
63	13
63	33
63	36
63	40
63	42
63	50
63	55
63	60
63	71
63	77
63	78
64	4
64	8
64	17
64	30
64	40
64	46
64	49
64	51
64	56
64	62
64	69
64	80
64	81
65	6
65	22
65	27
65	31
65	32
65	46
65	54
65	59
65	66
65	73
65	77
65	79
65	81
66	4
66	9
66	13
66	17
66	20
66	34
66	35
66	52
66	56
66	65
66	73
66	75
66	76
66	77
67	5
67	13
67	15
67	24
67	34
67	41
67	44
67	50
67	56
67	74
67	75
67	76
67	78
67	79
68	2
68	7
68	20
68	29
68	30
68	40
68	43
68	51
68	52
68	54
68	59
68	72
68	76
68	80
69	6
69	7
69	8
69	30
69	32
69	42
69	61
69	64
69	72
69	74
69	75
69	76
69	78
69	80
69	81
70	1
70	2
70	25
70	28
70	32
70	35
70	38
70	44
70	45
70	48
70	53
70	61
70	74
70	75
70	79
71	12
71	13
71	19
71	27
71	36
71	38
71	39
71	43
71	47
71	51
71	55
71	56
71	62
71	63
71	74
71	78
72	8
72	16
72	24
72	29
72	35
72	39
72	49
72	51
72	52
72	58
72	61
72	68
72	69
72	75
72	78
72	81
73	8
73	9
73	22
73	25
73	28
73	42
73	50
73	52
73	54
73	55
73	56
73	61
73	65
73	66
73	77
73	81
74	6
74	18
74	19
74	32
74	33
74	37
74	44
74	54
74	57
74	67
74	69
74	70
74	71
74	75
74	77
74	79
74	80
75	3
75	5
75	18
75	34
75	41
75	47
75	48
75	55
75	57
75	58
75	66
75	67
75	69
75	70
75	72
75	74
75	79
75	81
76	4
76	14
76	15
76	20
76	26
76	29
76	38
76	52
76	54
76	59
76	62
76	66
76	67
76	68
76	69
76	79
76	80
76	81
77	16
77	17
77	21
77	24
77	28
77	29
77	33
77	41
77	51
77	54
77	56
77	60
77	63
77	65
77	66
77	73
77	74
77	80
78	1
78	10
78	12
78	36
78	38
78	39
78	42
78	43
78	44
78	52
78	56
78	57
78	58
78	62
78	63
78	67
78	69
78	71
78	72
79	5
79	11
79	18
79	19
79	26
79	34
79	35
79	37
79	40
79	41
79	42
79	44
79	48
79	49
79	57
79	65
79	67
79	70
79	74
79	75
79	76
80	4
80	7
80	11
80	14
80	21
80	23
80	26
80	29
80	37
80	38
80	43
80	49
80	52
80	54
80	60
80	61
80	62
80	64
80	68
80	69
80	74
80	76
80	77
81	2
81	3
81	7
81	10
81	11
81	15
81	18
81	21
81	24
81	44
81	46
81	49
81	51
81	53
81	58
81	59
81	61
81	64
81	65
81	69
81	72
81	73
81	75
81	76
