1	52
1	63
1	67
1	71
1	73
1	75
2	41
2	53
2	56
2	65
2	78
2	79
3	15
3	43
3	47
3	60
3	63
3	70
4	9
4	42
4	44
4	45
4	52
4	77
5	29
5	31
5	42
5	61
5	67
5	71
6	42
6	58
6	72
6	79
6	80
6	81
7	14
7	31
7	59
7	67
7	71
7	76
8	24
8	47
8	66
8	69
8	79
8	81
9	4
9	32
9	35
9	38
9	49
9	78
10	51
10	54
10	63
10	69
10	76
10	80
11	18
11	39
11	49
11	59
11	73
11	76
12	29
12	36
12	58
12	72
12	78
12	81
13	39
13	41
13	56
13	60
13	76
13	79
14	7
14	39
14	44
14	46
14	51
14	76
15	3
15	23
15	25
15	43
15	54
15	61
15	74
16	17
16	18
16	24
16	30
16	46
16	55
16	71
17	16
17	43
17	53
17	66
17	76
17	79
17	80
18	11
18	16
18	54
18	71
18	74
18	78
18	81
19	35
19	48
19	53
19	54
19	63
19	64
19	70
20	31
20	42
20	70
20	72
20	74
20	80
20	81
21	35
21	58
21	59
21	64
21	68
21	72
21	78
22	30
22	46
22	48
22	55
22	65
22	74
22	79
22	80
23	15
23	30
23	65
23	66
23	69
23	71
23	76
23	79
24	8
24	16
24	25
24	57
24	61
24	73
24	75
24	77
25	15
25	24
25	34
25	40
25	45
25	46
25	67
25	75
26	28
26	33
26	39
26	48
26	50
26	65
26	75
26	77
27	28
27	39
27	42
27	47
27	50
27	56
27	60
27	78
28	26
28	27
28	32
28	44
28	46
28	54
28	57
28	78
29	5
29	12
29	39
29	64
29	67
29	70
29	75
29	78
30	16
30	22
30	23
30	35
30	37
30	50
30	70
30	71
31	5
31	7
31	20
31	37
31	48
31	49
31	59
31	63
31	76
32	9
32	28
32	43
32	58
32	61
32	65
32	67
32	68
32	75
33	26
33	43
33	45
33	48
33	55
33	56
33	65
33	80
33	81
34	25
34	39
34	40
34	53
34	55
34	62
34	63
34	72
34	75
35	9
35	19
35	21
35	30
35	45
35	61
35	62
35	68
35	77
36	12
36	41
36	42
36	52
36	60
36	63
36	71
36	77
36	79
37	30
37	31
37	38
37	45
37	52
37	62
37	64
37	70
37	75
38	9
38	37
38	51
38	56
38	63
38	70
38	78
38	79
38	81
39	11
39	13
39	14
39	26
39	27
39	29
39	34
39	68
39	77
40	25
40	34
40	51
40	59
40	60
40	61
40	62
40	68
40	74
40	77
41	2
41	13
41	36
41	44
41	51
41	71
41	75
41	76
41	79
41	81
42	4
42	5
42	6
42	20
42	27
42	36
42	46
42	69
42	72
42	77
43	3
43	15
43	17
43	32
43	33
43	45
43	47
43	72
43	80
43	81
44	4
44	14
44	28
44	41
44	47
44	51
44	65
44	66
44	69
44	79
45	4
45	25
45	33
45	35
45	37
45	43
45	57
45	68
45	73
45	75
46	14
46	16
46	22
46	25
46	28
46	42
46	48
46	54
46	72
46	74
46	80
47	3
47	8
47	27
47	43
47	44
47	50
47	55
47	57
47	65
47	74
47	81
48	19
48	22
48	26
48	31
48	33
48	46
48	49
48	52
48	53
48	55
48	60
49	9
49	11
49	31
49	48
49	52
49	53
49	54
49	59
49	66
49	71
49	79
50	26
50	27
50	30
50	47
50	52
50	61
50	65
50	72
50	74
50	78
50	80
50	81
51	10
51	14
51	38
51	40
51	41
51	44
51	52
51	69
51	75
51	76
51	77
51	79
52	1
52	4
52	36
52	37
52	48
52	49
52	50
52	51
52	56
52	62
52	63
52	77
53	2
53	17
53	19
53	34
53	48
53	49
53	56
53	64
53	69
53	70
53	74
53	78
54	10
54	15
54	18
54	19
54	28
54	46
54	49
54	57
54	60
54	62
54	72
54	76
55	16
55	22
55	33
55	34
55	47
55	48
55	57
55	70
55	72
55	74
55	76
55	80
55	81
56	2
56	13
56	27
56	33
56	38
56	52
56	53
56	57
56	62
56	64
56	70
56	73
56	78
57	24
57	28
57	45
57	47
57	54
57	55
57	56
57	58
57	67
57	73
57	75
57	80
57	81
58	6
58	12
58	21
58	32
58	57
58	59
58	61
58	67
58	70
58	73
58	74
58	75
58	81
59	7
59	11
59	21
59	31
59	40
59	49
59	58
59	64
59	68
59	71
59	73
59	78
59	80
60	3
60	13
60	27
60	36
60	40
60	48
60	54
60	62
60	64
60	69
60	73
60	78
60	81
61	5
61	15
61	24
61	32
61	35
61	40
61	50
61	58
61	65
61	66
61	68
61	73
61	75
62	34
62	35
62	37
62	40
62	52
62	54
62	56
62	60
62	63
62	64
62	66
62	71
62	77
62	80
63	1
63	3
63	10
63	19
63	31
63	34
63	36
63	38
63	52
63	62
63	67
63	69
63	77
63	79
64	19
64	21
64	29
64	37
64	53
64	56
64	59
64	60
64	62
64	71
64	73
64	78
64	79
64	81
65	2
65	22
65	23
65	26
65	32
65	33
65	44
65	47
65	50
65	61
65	74
65	77
65	80
65	81
66	8
66	17
66	23
66	44
66	49
66	61
66	62
66	69
66	71
66	73
66	76
66	77
66	79
66	80
67	1
67	5
67	7
67	25
67	29
67	32
67	57
67	58
67	63
67	68
67	72
67	73
67	75
67	78
68	21
68	32
68	35
68	39
68	40
68	45
68	59
68	61
68	67
68	71
68	73
68	74
68	78
68	80
69	8
69	10
69	23
69	42
69	44
69	51
69	53
69	60
69	63
69	66
69	70
69	73
69	76
69	77
69	79
70	3
70	19
70	20
70	29
70	30
70	37
70	38
70	53
70	55
70	56
70	58
70	69
70	71
70	72
70	73
70	78
71	1
71	5
71	7
71	16
71	18
71	23
71	30
71	36
71	41
71	49
71	59
71	62
71	64
71	66
71	68
71	70
71	79
72	6
72	12
72	20
72	21
72	34
72	42
72	43
72	46
72	50
72	54
72	55
72	67
72	70
72	74
72	76
72	77
72	80
72	81
73	1
73	11
73	24
73	45
73	56
73	57
73	58
73	59
73	60
73	61
73	64
73	66
73	67
73	68
73	69
73	70
73	75
73	76
74	15
74	18
74	20
74	22
74	40
74	46
74	47
74	50
74	53
74	55
74	58
74	65
74	68
74	72
74	75
74	76
74	80
74	81
75	1
75	24
75	25
75	26
75	29
75	32
75	34
75	37
75	41
75	45
75	51
75	57
75	58
75	61
75	67
75	73
75	74
75	77
75	81
76	7
76	10
76	11
76	13
76	14
76	17
76	23
76	31
76	41
76	51
76	54
76	55
76	66
76	69
76	72
76	73
76	74
76	79
76	81
77	4
77	24
77	26
77	35
77	36
77	39
77	40
77	42
77	51
77	52
77	62
77	63
77	65
77	66
77	69
77	72
77	75
77	78
77	80
78	2
78	9
78	12
78	18
78	21
78	27
78	28
78	29
78	38
78	50
78	53
78	56
78	59
78	60
78	64
78	67
78	68
78	70
78	77
78	80
79	2
79	6
79	8
79	13
79	17
79	22
79	23
79	36
79	38
79	41
79	44
79	49
79	51
79	63
79	64
79	66
79	69
79	71
79	76
79	81
80	6
80	10
80	17
80	20
80	22
80	33
80	43
80	46
80	50
80	55
80	57
80	59
80	62
80	65
80	66
80	68
80	72
80	74
80	77
80	78
80	81
81	6
81	8
81	12
81	18
81	20
81	33
81	38
81	41
81	43
81	47
81	50
81	55
81	57
81	58
81	60
81	64
81	65
81	72
81	74
81	75
81	76
81	79
81	80
