1	55
1	61
1	74
1	75
1	77
1	80
2	14
2	32
2	46
2	69
2	77
2	81
3	35
3	40
3	45
3	51
3	73
3	81
4	30
4	35
4	47
4	58
4	75
4	77
5	9
5	49
5	67
5	71
5	74
5	81
6	51
6	52
6	59
6	61
6	63
6	79
7	27
7	37
7	48
7	58
7	67
7	80
8	54
8	63
8	69
8	75
8	77
8	78
9	5
9	19
9	24
9	28
9	42
9	46
10	31
10	36
10	45
10	59
10	60
10	80
11	37
11	46
11	52
11	58
11	76
11	79
12	15
12	34
12	60
12	64
12	68
12	76
13	38
13	44
13	47
13	52
13	72
13	79
14	2
14	26
14	27
14	47
14	56
14	75
15	12
15	16
15	24
15	67
15	79
15	81
16	15
16	33
16	49
16	62
16	63
16	70
17	33
17	39
17	49
17	54
17	64
17	78
17	79
18	22
18	32
18	57
18	73
18	76
18	78
18	80
19	9
19	23
19	30
19	34
19	54
19	76
19	81
20	29
20	34
20	42
20	54
20	58
20	70
20	78
21	33
21	42
21	50
21	59
21	62
21	70
21	77
22	18
22	23
22	48
22	61
22	66
22	72
22	79
23	19
23	22
23	25
23	40
23	49
23	77
23	79
24	9
24	15
24	28
24	51
24	64
24	66
24	79
25	23
25	30
25	44
25	51
25	53
25	70
25	77
26	14
26	44
26	67
26	71
26	74
26	76
26	80
27	7
27	14
27	39
27	43
27	46
27	73
27	76
28	9
28	24
28	38
28	39
28	42
28	44
28	52
29	20
29	45
29	58
29	62
29	71
29	73
29	74
30	4
30	19
30	25
30	56
30	62
30	67
30	71
30	74
31	10
31	32
31	40
31	59
31	60
31	68
31	71
31	76
32	2
32	18
32	31
32	33
32	35
32	45
32	60
32	77
33	16
33	17
33	21
33	32
33	36
33	50
33	53
33	79
34	12
34	19
34	20
34	59
34	65
34	66
34	72
34	79
35	3
35	4
35	32
35	40
35	60
35	63
35	75
35	79
36	10
36	33
36	42
36	43
36	50
36	72
36	79
36	80
37	7
37	11
37	43
37	58
37	59
37	63
37	69
37	78
37	81
38	13
38	28
38	39
38	44
38	45
38	52
38	68
38	71
38	80
39	17
39	27
39	28
39	38
39	44
39	52
39	69
39	80
39	81
40	3
40	23
40	31
40	35
40	45
40	60
40	65
40	69
40	71
41	51
41	52
41	57
41	60
41	71
41	72
41	78
41	80
41	81
42	9
42	20
42	21
42	28
42	36
42	69
42	70
42	78
42	81
43	27
43	36
43	37
43	44
43	45
43	52
43	56
43	73
43	76
43	77
44	13
44	25
44	26
44	28
44	38
44	39
44	43
44	52
44	63
44	76
45	3
45	10
45	29
45	32
45	38
45	40
45	43
45	60
45	67
45	77
46	2
46	9
46	11
46	27
46	49
46	50
46	55
46	61
46	79
46	80
47	4
47	13
47	14
47	53
47	55
47	58
47	65
47	69
47	79
47	80
48	7
48	22
48	54
48	58
48	59
48	64
48	65
48	66
48	67
48	72
48	78
49	5
49	16
49	17
49	23
49	46
49	64
49	65
49	66
49	72
49	79
49	81
50	21
50	33
50	36
50	46
50	54
50	55
50	56
50	58
50	66
50	70
50	81
51	3
51	6
51	24
51	25
51	41
51	55
51	57
51	69
51	75
51	76
51	77
52	6
52	11
52	13
52	28
52	38
52	39
52	41
52	43
52	44
52	69
52	78
53	25
53	33
53	47
53	57
53	62
53	64
53	68
53	69
53	70
53	72
53	75
53	77
54	8
54	17
54	19
54	20
54	48
54	50
54	67
54	72
54	76
54	78
54	79
54	80
55	1
55	46
55	47
55	50
55	51
55	57
55	64
55	70
55	72
55	75
55	77
55	81
56	14
56	30
56	43
56	50
56	61
56	62
56	67
56	71
56	72
56	74
56	78
57	18
57	41
57	51
57	53
57	55
57	60
57	63
57	68
57	69
57	73
57	75
57	77
58	4
58	7
58	11
58	20
58	29
58	37
58	47
58	48
58	50
58	61
58	73
58	79
59	6
59	10
59	21
59	31
59	34
59	37
59	48
59	63
59	64
59	69
59	77
59	80
59	81
60	10
60	12
60	31
60	32
60	35
60	40
60	41
60	45
60	57
60	63
60	73
60	76
60	81
61	1
61	6
61	22
61	46
61	56
61	58
61	66
61	72
61	75
61	76
61	78
61	80
61	81
62	16
62	21
62	29
62	30
62	53
62	56
62	65
62	67
62	71
62	74
62	78
62	80
63	6
63	8
63	16
63	35
63	37
63	44
63	57
63	59
63	60
63	66
63	70
63	72
63	73
63	81
64	12
64	17
64	24
64	48
64	49
64	53
64	55
64	59
64	65
64	66
64	68
64	78
64	80
64	81
65	34
65	40
65	47
65	48
65	49
65	62
65	64
65	70
65	73
65	76
65	77
65	78
65	80
65	81
66	22
66	24
66	34
66	48
66	49
66	50
66	61
66	63
66	64
66	68
66	70
66	74
66	76
66	79
67	5
67	7
67	15
67	26
67	30
67	45
67	48
67	54
67	56
67	62
67	71
67	74
67	77
67	78
67	80
68	12
68	31
68	38
68	53
68	57
68	64
68	66
68	70
68	72
68	73
68	74
68	75
68	76
68	78
68	79
68	81
69	2
69	8
69	37
69	39
69	40
69	42
69	47
69	51
69	52
69	53
69	57
69	59
69	71
69	75
69	76
69	77
70	16
70	20
70	21
70	25
70	42
70	50
70	53
70	55
70	63
70	65
70	66
70	68
70	78
70	79
70	80
70	81
71	5
71	26
71	29
71	30
71	31
71	38
71	40
71	41
71	56
71	62
71	67
71	69
71	74
71	75
71	79
71	80
72	13
72	22
72	34
72	36
72	41
72	48
72	49
72	53
72	54
72	55
72	56
72	61
72	63
72	68
72	73
72	76
72	80
73	3
73	18
73	27
73	29
73	43
73	57
73	58
73	60
73	63
73	65
73	68
73	72
73	74
73	75
73	77
73	79
73	81
74	1
74	5
74	26
74	29
74	30
74	56
74	62
74	66
74	67
74	68
74	71
74	73
74	75
74	77
74	78
74	79
74	80
75	1
75	4
75	8
75	14
75	35
75	51
75	53
75	55
75	57
75	61
75	68
75	69
75	71
75	73
75	74
75	76
75	77
75	78
75	79
75	81
76	11
76	12
76	18
76	19
76	26
76	27
76	31
76	43
76	44
76	51
76	54
76	60
76	61
76	65
76	66
76	68
76	69
76	72
76	75
76	78
76	80
76	81
77	1
77	2
77	4
77	8
77	21
77	23
77	25
77	32
77	43
77	45
77	51
77	53
77	55
77	57
77	59
77	65
77	67
77	69
77	73
77	74
77	75
77	81
78	8
78	17
78	18
78	20
78	37
78	41
78	42
78	48
78	52
78	54
78	56
78	61
78	62
78	64
78	65
78	67
78	68
78	70
78	74
78	75
78	76
78	79
78	80
79	6
79	11
79	13
79	15
79	17
79	22
79	23
79	24
79	33
79	34
79	35
79	36
79	46
79	47
79	49
79	54
79	58
79	66
79	68
79	70
79	71
79	73
79	74
79	75
79	78
80	1
80	7
80	10
80	18
80	26
80	36
80	38
80	39
80	41
80	46
80	47
80	54
80	59
80	61
80	62
80	64
80	65
80	67
80	70
80	71
80	72
80	74
80	76
80	78
80	81
81	2
81	3
81	5
81	15
81	19
81	37
81	39
81	41
81	42
81	49
81	50
81	55
81	59
81	60
81	61
81	63
81	64
81	65
81	68
81	70
81	73
81	75
81	76
81	77
81	80
