1	24
1	32
1	35
1	69
1	74
1	80
2	54
2	61
2	64
2	70
2	71
2	79
3	9
3	56
3	63
3	72
3	74
3	80
4	31
4	38
4	39
4	72
4	74
4	80
5	13
5	59
5	61
5	62
5	68
5	78
6	56
6	60
6	61
6	73
6	79
6	81
7	14
7	29
7	51
7	63
7	75
7	76
8	39
8	43
8	55
8	69
8	78
8	81
9	3
9	16
9	42
9	57
9	59
9	70
10	34
10	37
10	44
10	46
10	61
10	75
11	45
11	51
11	72
11	74
11	78
11	80
12	23
12	32
12	39
12	62
12	77
12	80
12	81
13	5
13	33
13	44
13	58
13	64
13	67
13	79
14	7
14	20
14	28
14	34
14	47
14	54
14	73
15	55
15	58
15	59
15	60
15	70
15	72
15	77
16	9
16	23
16	40
16	55
16	60
16	68
16	70
17	48
17	68
17	69
17	71
17	74
17	78
17	81
18	36
18	53
18	57
18	59
18	60
18	64
18	70
19	27
19	41
19	44
19	45
19	68
19	74
19	75
20	14
20	22
20	46
20	70
20	73
20	77
20	81
21	27
21	51
21	65
21	72
21	73
21	80
21	81
22	20
22	43
22	46
22	55
22	69
22	73
22	77
22	81
23	12
23	16
23	27
23	46
23	60
23	63
23	75
23	76
24	1
24	32
24	43
24	46
24	47
24	68
24	71
24	73
25	26
25	28
25	46
25	47
25	48
25	56
25	70
25	73
26	25
26	38
26	49
26	55
26	64
26	69
26	71
26	80
27	19
27	21
27	23
27	42
27	70
27	72
27	75
27	76
27	81
28	14
28	25
28	43
28	44
28	47
28	67
28	73
28	75
28	76
29	7
29	34
29	41
29	45
29	49
29	52
29	54
29	66
29	73
30	36
30	39
30	64
30	65
30	66
30	73
30	75
30	76
30	78
31	4
31	50
31	55
31	59
31	60
31	61
31	67
31	70
31	79
32	1
32	12
32	24
32	36
32	37
32	58
32	77
32	79
32	81
33	13
33	38
33	54
33	64
33	69
33	74
33	77
33	78
33	81
34	10
34	14
34	29
34	66
34	71
34	76
34	77
34	78
34	81
35	1
35	41
35	54
35	59
35	64
35	65
35	72
35	74
35	75
35	80
36	18
36	30
36	32
36	48
36	51
36	60
36	62
36	65
36	79
36	81
37	10
37	32
37	45
37	46
37	50
37	55
37	62
37	64
37	68
37	76
38	4
38	26
38	33
38	54
38	56
38	60
38	66
38	76
38	77
38	79
39	4
39	8
39	12
39	30
39	40
39	41
39	53
39	69
39	71
39	74
39	76
40	16
40	39
40	52
40	57
40	65
40	66
40	71
40	72
40	74
40	79
40	80
41	19
41	29
41	35
41	39
41	49
41	50
41	64
41	69
41	73
41	78
41	79
42	9
42	27
42	45
42	50
42	63
42	67
42	75
42	76
42	78
42	80
42	81
43	8
43	22
43	24
43	28
43	46
43	47
43	63
43	64
43	66
43	72
43	73
44	10
44	13
44	19
44	28
44	51
44	62
44	68
44	70
44	75
44	76
44	78
45	11
45	19
45	29
45	37
45	42
45	49
45	62
45	63
45	76
45	77
45	81
46	10
46	20
46	22
46	23
46	24
46	25
46	37
46	43
46	59
46	71
46	73
47	14
47	24
47	25
47	28
47	43
47	53
47	60
47	61
47	63
47	73
47	76
47	80
48	17
48	25
48	36
48	49
48	51
48	56
48	57
48	65
48	66
48	67
48	77
48	81
49	26
49	29
49	41
49	45
49	48
49	53
49	66
49	68
49	76
49	77
49	78
49	81
50	31
50	37
50	41
50	42
50	62
50	63
50	66
50	68
50	74
50	75
50	76
50	79
51	7
51	11
51	21
51	36
51	44
51	48
51	56
51	67
51	73
51	77
51	78
51	81
52	29
52	40
52	54
52	56
52	57
52	58
52	65
52	73
52	74
52	75
52	79
52	80
53	18
53	39
53	47
53	49
53	54
53	58
53	61
53	67
53	77
53	79
53	80
53	81
54	2
54	14
54	29
54	33
54	35
54	38
54	52
54	53
54	57
54	67
54	77
54	79
55	8
55	15
55	16
55	22
55	26
55	31
55	37
55	58
55	59
55	60
55	70
55	74
55	78
56	3
56	6
56	25
56	38
56	48
56	51
56	52
56	58
56	65
56	67
56	76
56	78
56	79
57	9
57	18
57	40
57	48
57	52
57	54
57	61
57	65
57	72
57	74
57	75
57	77
57	80
58	13
58	15
58	32
58	52
58	53
58	55
58	56
58	62
58	68
58	69
58	79
58	80
58	81
59	5
59	9
59	15
59	18
59	31
59	35
59	46
59	55
59	60
59	65
59	70
59	75
59	76
59	79
60	6
60	15
60	16
60	18
60	23
60	31
60	36
60	38
60	47
60	55
60	59
60	67
60	70
60	71
61	2
61	5
61	6
61	10
61	31
61	47
61	53
61	57
61	64
61	66
61	68
61	69
61	71
61	72
62	5
62	12
62	36
62	37
62	44
62	45
62	50
62	58
62	63
62	71
62	74
62	75
62	76
62	79
63	3
63	7
63	23
63	42
63	43
63	45
63	47
63	50
63	62
63	72
63	73
63	75
63	77
63	78
64	2
64	13
64	18
64	26
64	30
64	33
64	35
64	37
64	41
64	43
64	61
64	66
64	69
64	71
64	77
64	78
65	21
65	30
65	35
65	36
65	40
65	48
65	52
65	56
65	57
65	59
65	67
65	71
65	72
65	74
65	75
65	80
66	29
66	30
66	34
66	38
66	40
66	43
66	48
66	49
66	50
66	61
66	64
66	67
66	68
66	70
66	78
66	80
67	13
67	28
67	31
67	42
67	48
67	51
67	53
67	54
67	56
67	60
67	65
67	66
67	69
67	72
67	77
67	81
68	5
68	16
68	17
68	19
68	24
68	37
68	44
68	49
68	50
68	58
68	61
68	66
68	69
68	70
68	71
68	74
68	78
69	1
69	8
69	17
69	22
69	26
69	33
69	39
69	41
69	58
69	61
69	64
69	67
69	68
69	74
69	77
69	78
69	80
70	2
70	9
70	15
70	16
70	18
70	20
70	25
70	27
70	31
70	44
70	55
70	59
70	60
70	66
70	68
70	71
70	79
71	2
71	17
71	24
71	26
71	34
71	39
71	40
71	46
71	60
71	61
71	62
71	64
71	65
71	68
71	70
71	72
71	75
71	78
72	3
72	4
72	11
72	15
72	21
72	27
72	35
72	40
72	43
72	57
72	61
72	63
72	65
72	67
72	71
72	73
72	74
72	78
72	80
73	6
73	14
73	20
73	21
73	22
73	24
73	25
73	28
73	29
73	30
73	41
73	43
73	46
73	47
73	51
73	52
73	63
73	72
73	76
74	1
74	3
74	4
74	11
74	17
74	19
74	33
74	35
74	39
74	40
74	50
74	52
74	55
74	57
74	62
74	65
74	68
74	69
74	72
74	79
74	80
75	7
75	10
75	19
75	23
75	27
75	28
75	30
75	35
75	42
75	44
75	50
75	52
75	57
75	59
75	62
75	63
75	65
75	71
75	76
75	77
75	79
75	80
76	7
76	23
76	27
76	28
76	30
76	34
76	37
76	38
76	39
76	42
76	44
76	45
76	47
76	49
76	50
76	56
76	59
76	62
76	73
76	75
76	80
76	81
77	12
77	15
77	20
77	22
77	32
77	33
77	34
77	38
77	45
77	48
77	49
77	51
77	53
77	54
77	57
77	63
77	64
77	67
77	69
77	75
77	78
77	79
77	81
78	5
78	8
78	11
78	17
78	30
78	33
78	34
78	41
78	42
78	44
78	49
78	51
78	55
78	56
78	63
78	64
78	66
78	68
78	69
78	71
78	72
78	77
78	79
79	2
79	6
79	13
79	31
79	32
79	36
79	38
79	40
79	41
79	50
79	52
79	53
79	54
79	56
79	58
79	59
79	62
79	70
79	74
79	75
79	77
79	78
79	81
80	1
80	3
80	4
80	11
80	12
80	21
80	26
80	35
80	40
80	42
80	47
80	52
80	53
80	57
80	58
80	65
80	66
80	69
80	72
80	74
80	75
80	76
80	81
81	6
81	8
81	12
81	17
81	20
81	21
81	22
81	27
81	32
81	33
81	34
81	36
81	42
81	45
81	48
81	49
81	51
81	53
81	58
81	67
81	76
81	77
81	79
81	80
