1	19
1	26
1	30
1	42
1	59
1	69
2	34
2	55
2	62
2	71
2	72
2	81
3	7
3	16
3	64
3	69
3	73
3	76
4	38
4	56
4	69
4	71
4	73
4	75
5	35
5	52
5	70
5	77
5	79
5	80
6	31
6	36
6	52
6	56
6	66
6	76
7	3
7	14
7	20
7	39
7	53
7	62
8	18
8	35
8	38
8	75
8	76
8	81
9	33
9	42
9	51
9	59
9	68
9	80
10	49
10	62
10	73
10	75
10	78
10	80
11	30
11	32
11	70
11	74
11	79
11	80
12	24
12	50
12	57
12	68
12	79
12	80
13	46
13	66
13	72
13	77
13	79
13	80
14	7
14	61
14	72
14	74
14	78
14	81
15	38
15	57
15	61
15	64
15	71
15	74
15	81
16	3
16	19
16	43
16	73
16	77
16	79
16	80
17	22
17	36
17	56
17	58
17	63
17	66
17	74
18	8
18	35
18	43
18	45
18	56
18	58
18	66
19	1
19	16
19	51
19	63
19	74
19	77
19	81
20	7
20	37
20	59
20	65
20	71
20	74
20	78
21	46
21	61
21	65
21	75
21	77
21	79
21	80
22	17
22	49
22	60
22	76
22	78
22	79
22	80
23	37
23	43
23	58
23	66
23	67
23	69
23	73
24	12
24	54
24	57
24	67
24	68
24	71
24	76
25	33
25	41
25	48
25	59
25	60
25	71
25	73
26	1
26	30
26	31
26	48
26	53
26	68
26	79
27	36
27	45
27	51
27	64
27	69
27	75
27	76
28	47
28	52
28	53
28	55
28	58
28	70
28	75
29	47
29	65
29	72
29	73
29	78
29	80
29	81
30	1
30	11
30	26
30	38
30	39
30	57
30	64
30	81
31	6
31	26
31	67
31	69
31	73
31	75
31	76
31	78
32	11
32	45
32	54
32	60
32	61
32	63
32	74
32	81
33	9
33	25
33	34
33	40
33	42
33	59
33	67
33	80
34	2
34	33
34	41
34	42
34	59
34	61
34	79
34	80
35	5
35	8
35	18
35	63
35	74
35	75
35	78
35	81
36	6
36	17
36	27
36	58
36	62
36	66
36	71
36	81
37	20
37	23
37	39
37	63
37	70
37	77
37	79
37	80
38	4
38	8
38	15
38	30
38	66
38	70
38	74
38	78
39	7
39	30
39	37
39	40
39	52
39	59
39	64
39	72
39	81
40	33
40	39
40	43
40	44
40	54
40	62
40	69
40	72
40	77
41	25
41	34
41	42
41	47
41	54
41	59
41	61
41	74
41	78
42	1
42	9
42	33
42	34
42	41
42	48
42	59
42	75
42	79
43	16
43	18
43	23
43	40
43	56
43	57
43	58
43	60
43	64
44	40
44	49
44	60
44	63
44	64
44	68
44	69
44	76
44	80
45	18
45	27
45	32
45	51
45	57
45	66
45	69
45	70
45	76
46	13
46	21
46	50
46	51
46	57
46	74
46	77
46	79
46	81
47	28
47	29
47	41
47	50
47	53
47	54
47	62
47	72
47	73
48	25
48	26
48	42
48	63
48	67
48	71
48	73
48	75
48	78
48	79
49	10
49	22
49	44
49	58
49	59
49	60
49	75
49	77
49	79
49	80
50	12
50	46
50	47
50	51
50	55
50	57
50	61
50	63
50	78
50	81
51	9
51	19
51	27
51	45
51	46
51	50
51	62
51	63
51	78
51	81
52	5
52	6
52	28
52	39
52	54
52	55
52	64
52	66
52	72
52	78
53	7
53	26
53	28
53	47
53	59
53	61
53	62
53	65
53	72
53	75
54	24
54	32
54	40
54	41
54	47
54	52
54	55
54	56
54	62
54	65
55	2
55	28
55	50
55	52
55	54
55	58
55	65
55	66
55	72
55	77
55	80
56	4
56	6
56	17
56	18
56	43
56	54
56	58
56	66
56	74
56	77
56	81
57	12
57	15
57	24
57	30
57	43
57	45
57	46
57	50
57	64
57	70
57	76
58	17
58	18
58	23
58	28
58	36
58	43
58	49
58	55
58	56
58	71
58	76
59	1
59	9
59	20
59	25
59	33
59	34
59	39
59	41
59	42
59	49
59	53
59	80
60	22
60	25
60	32
60	43
60	44
60	49
60	68
60	70
60	77
60	79
60	80
60	81
61	14
61	15
61	21
61	32
61	34
61	41
61	50
61	53
61	63
61	74
61	76
61	79
61	81
62	2
62	7
62	10
62	36
62	40
62	47
62	51
62	53
62	54
62	67
62	72
62	80
62	81
63	17
63	19
63	32
63	35
63	37
63	44
63	48
63	50
63	51
63	61
63	70
63	77
63	81
64	3
64	15
64	27
64	30
64	39
64	43
64	44
64	52
64	57
64	68
64	70
64	76
64	81
65	20
65	21
65	29
65	53
65	54
65	55
65	66
65	67
65	68
65	71
65	72
65	73
65	75
65	78
66	6
66	13
66	17
66	18
66	23
66	36
66	38
66	45
66	52
66	55
66	56
66	65
66	69
66	78
67	23
67	24
67	31
67	33
67	48
67	62
67	65
67	69
67	71
67	73
67	75
67	78
67	79
67	81
68	9
68	12
68	24
68	26
68	44
68	60
68	64
68	65
68	69
68	70
68	72
68	76
68	77
68	79
69	1
69	3
69	4
69	23
69	27
69	31
69	40
69	44
69	45
69	66
69	67
69	68
69	74
69	76
69	80
70	5
70	11
70	28
70	37
70	38
70	45
70	57
70	60
70	63
70	64
70	68
70	74
70	77
70	79
70	80
71	2
71	4
71	15
71	20
71	24
71	25
71	36
71	48
71	58
71	65
71	67
71	72
71	73
71	74
71	75
71	78
72	2
72	13
72	14
72	29
72	39
72	40
72	47
72	52
72	53
72	55
72	62
72	65
72	68
72	71
72	75
72	77
73	3
73	4
73	10
73	16
73	23
73	25
73	29
73	31
73	47
73	48
73	65
73	67
73	71
73	76
73	77
73	78
73	79
74	11
74	14
74	15
74	17
74	19
74	20
74	32
74	35
74	38
74	41
74	46
74	56
74	61
74	69
74	70
74	71
74	81
75	4
75	8
75	10
75	21
75	27
75	28
75	31
75	35
75	42
75	48
75	49
75	53
75	65
75	67
75	71
75	72
75	78
75	81
76	3
76	6
76	8
76	22
76	24
76	27
76	31
76	44
76	45
76	57
76	58
76	61
76	64
76	68
76	69
76	73
76	77
76	79
77	5
77	13
77	16
77	19
77	21
77	37
77	40
77	46
77	49
77	55
77	56
77	60
77	63
77	68
77	70
77	72
77	73
77	76
77	79
77	80
78	10
78	14
78	20
78	22
78	29
78	31
78	35
78	38
78	41
78	48
78	50
78	51
78	52
78	65
78	66
78	67
78	71
78	73
78	75
78	80
79	5
79	11
79	12
79	13
79	16
79	21
79	22
79	26
79	34
79	37
79	42
79	46
79	48
79	49
79	60
79	61
79	67
79	68
79	70
79	73
79	76
79	77
79	80
79	81
80	5
80	9
80	10
80	11
80	12
80	13
80	16
80	21
80	22
80	29
80	33
80	34
80	37
80	44
80	49
80	55
80	59
80	60
80	62
80	69
80	70
80	77
80	78
80	79
81	2
81	8
81	14
81	15
81	19
81	29
81	30
81	32
81	35
81	36
81	39
81	46
81	50
81	51
81	56
81	60
81	61
81	62
81	63
81	64
81	67
81	74
81	75
81	79
