1	23
1	32
1	41
1	44
1	72
1	77
2	21
2	51
2	57
2	58
2	75
2	76
3	6
3	12
3	19
3	22
3	57
3	74
4	62
4	73
4	74
4	78
4	79
4	81
5	16
5	44
5	53
5	60
5	75
5	78
6	3
6	25
6	37
6	38
6	48
6	69
7	31
7	48
7	59
7	65
7	70
7	81
8	16
8	17
8	23
8	34
8	43
8	50
9	23
9	30
9	35
9	46
9	69
9	75
10	24
10	35
10	48
10	65
10	66
10	69
11	18
11	22
11	39
11	59
11	69
11	73
12	3
12	58
12	62
12	68
12	76
12	81
13	45
13	52
13	55
13	71
13	78
13	80
14	51
14	52
14	63
14	76
14	77
14	78
15	52
15	54
15	65
15	67
15	68
15	77
16	5
16	8
16	55
16	71
16	73
16	78
17	8
17	25
17	27
17	50
17	56
17	72
18	11
18	56
18	58
18	70
18	76
18	79
19	3
19	50
19	61
19	65
19	74
19	78
19	81
20	21
20	25
20	28
20	49
20	73
20	77
20	79
21	2
21	20
21	31
21	38
21	47
21	66
21	76
22	3
22	11
22	45
22	57
22	63
22	76
22	79
23	1
23	8
23	9
23	28
23	29
23	50
23	64
24	10
24	42
24	51
24	59
24	60
24	63
24	72
25	6
25	17
25	20
25	36
25	51
25	79
25	80
26	31
26	46
26	53
26	74
26	77
26	80
26	81
27	17
27	29
27	32
27	40
27	57
27	61
27	80
28	20
28	23
28	41
28	47
28	54
28	62
28	70
29	23
29	27
29	44
29	50
29	58
29	62
29	70
30	9
30	39
30	52
30	55
30	70
30	75
30	77
31	7
31	21
31	26
31	40
31	47
31	60
31	72
32	1
32	27
32	44
32	55
32	61
32	75
32	77
33	42
33	61
33	64
33	68
33	73
33	75
33	78
34	8
34	49
34	53
34	60
34	68
34	79
34	81
35	9
35	10
35	53
35	63
35	65
35	74
35	77
36	25
36	40
36	41
36	58
36	59
36	73
36	75
36	79
37	6
37	59
37	66
37	67
37	72
37	76
37	80
37	81
38	6
38	21
38	46
38	53
38	62
38	68
38	79
38	81
39	11
39	30
39	56
39	67
39	74
39	76
39	79
39	81
40	27
40	31
40	36
40	43
40	70
40	71
40	73
40	80
41	1
41	28
41	36
41	58
41	62
41	63
41	65
41	81
42	24
42	33
42	52
42	67
42	68
42	75
42	77
42	78
42	80
43	8
43	40
43	45
43	65
43	66
43	70
43	74
43	75
43	76
44	1
44	5
44	29
44	32
44	45
44	50
44	53
44	58
44	62
45	13
45	22
45	43
45	44
45	62
45	64
45	65
45	76
45	77
46	9
46	26
46	38
46	56
46	71
46	73
46	74
46	79
46	81
47	21
47	28
47	31
47	49
47	53
47	55
47	59
47	65
47	72
48	6
48	7
48	10
48	50
48	68
48	74
48	79
48	80
48	81
49	20
49	34
49	47
49	59
49	63
49	65
49	66
49	67
49	69
49	72
50	8
50	17
50	19
50	23
50	29
50	44
50	48
50	60
50	62
50	74
51	2
51	14
51	24
51	25
51	60
51	64
51	71
51	72
51	78
51	80
52	13
52	14
52	15
52	30
52	42
52	61
52	63
52	64
52	71
52	76
52	78
53	5
53	26
53	34
53	35
53	38
53	44
53	47
53	66
53	67
53	73
53	75
54	15
54	28
54	55
54	56
54	57
54	64
54	71
54	75
54	77
54	78
54	80
55	13
55	16
55	30
55	32
55	47
55	54
55	64
55	66
55	67
55	73
55	77
55	80
56	17
56	18
56	39
56	46
56	54
56	64
56	67
56	68
56	74
56	75
56	79
56	81
57	2
57	3
57	22
57	27
57	54
57	58
57	63
57	66
57	69
57	72
57	73
57	77
58	2
58	12
58	18
58	29
58	36
58	41
58	44
58	57
58	68
58	70
58	74
58	76
58	78
59	7
59	11
59	24
59	36
59	37
59	47
59	49
59	63
59	66
59	72
59	75
59	78
59	79
60	5
60	24
60	31
60	34
60	50
60	51
60	61
60	64
60	69
60	71
60	77
60	78
60	79
61	19
61	27
61	32
61	33
61	52
61	60
61	63
61	64
61	71
61	77
61	78
61	80
61	81
62	4
62	12
62	28
62	29
62	38
62	41
62	44
62	45
62	50
62	65
62	69
62	70
62	76
63	14
63	22
63	24
63	35
63	41
63	49
63	52
63	57
63	59
63	61
63	69
63	72
63	73
63	77
64	23
64	33
64	45
64	51
64	52
64	54
64	55
64	56
64	60
64	61
64	71
64	77
64	78
64	80
65	7
65	10
65	15
65	19
65	35
65	41
65	43
65	45
65	47
65	49
65	62
65	75
65	76
65	80
66	10
66	21
66	37
66	43
66	49
66	53
66	55
66	57
66	59
66	69
66	71
66	72
66	73
66	74
66	80
67	15
67	37
67	39
67	42
67	49
67	53
67	55
67	56
67	69
67	73
67	74
67	75
67	76
67	80
67	81
68	12
68	15
68	33
68	34
68	38
68	42
68	48
68	56
68	58
68	69
68	72
68	73
68	74
68	79
68	81
69	6
69	9
69	10
69	11
69	49
69	57
69	60
69	62
69	63
69	66
69	67
69	68
69	70
69	72
69	76
69	79
70	7
70	18
70	28
70	29
70	30
70	40
70	43
70	58
70	62
70	69
70	71
70	75
70	76
70	78
70	79
70	80
71	13
71	16
71	40
71	46
71	51
71	52
71	54
71	60
71	61
71	64
71	66
71	70
71	72
71	77
71	78
71	79
72	1
72	17
72	24
72	31
72	37
72	47
72	49
72	51
72	57
72	59
72	63
72	66
72	68
72	69
72	71
72	76
72	81
73	4
73	11
73	16
73	20
73	33
73	36
73	40
73	46
73	53
73	55
73	57
73	63
73	66
73	67
73	68
73	75
73	80
74	3
74	4
74	19
74	26
74	35
74	39
74	43
74	46
74	48
74	50
74	56
74	58
74	66
74	67
74	68
74	78
74	79
74	81
75	2
75	5
75	9
75	30
75	32
75	33
75	36
75	42
75	43
75	53
75	54
75	56
75	59
75	65
75	67
75	70
75	73
75	77
75	80
75	81
76	2
76	12
76	14
76	18
76	21
76	22
76	37
76	39
76	43
76	45
76	52
76	58
76	62
76	65
76	67
76	69
76	70
76	72
76	78
76	79
76	81
77	1
77	14
77	15
77	20
77	26
77	30
77	32
77	35
77	42
77	45
77	54
77	55
77	57
77	60
77	61
77	63
77	64
77	71
77	75
77	78
77	80
78	4
78	5
78	13
78	14
78	16
78	19
78	33
78	42
78	51
78	52
78	54
78	58
78	59
78	60
78	61
78	64
78	70
78	71
78	74
78	76
78	77
79	4
79	18
79	20
79	22
79	25
79	34
79	36
79	38
79	39
79	46
79	48
79	56
79	59
79	60
79	68
79	69
79	70
79	71
79	74
79	76
79	81
80	13
80	25
80	26
80	27
80	37
80	40
80	42
80	48
80	51
80	54
80	55
80	61
80	64
80	65
80	66
80	67
80	70
80	73
80	75
80	77
80	81
81	4
81	7
81	12
81	19
81	26
81	34
81	37
81	38
81	39
81	41
81	46
81	48
81	56
81	61
81	67
81	68
81	72
81	74
81	75
81	76
81	79
81	80
