1	3
1	9
1	13
1	35
1	48
1	76
2	17
2	31
2	37
2	47
2	73
2	79
3	1
3	27
3	45
3	49
3	54
3	72
4	6
4	33
4	40
4	59
4	74
4	81
5	55
5	64
5	65
5	68
5	70
5	81
6	4
6	36
6	61
6	74
6	75
6	80
7	30
7	49
7	51
7	64
7	70
7	78
8	13
8	21
8	32
8	33
8	48
8	52
9	1
9	10
9	48
9	57
9	67
9	78
10	9
10	32
10	37
10	48
10	68
10	77
11	36
11	39
11	71
11	76
11	78
11	79
12	44
12	50
12	61
12	73
12	77
12	79
13	1
13	8
13	30
13	32
13	47
13	48
14	20
14	53
14	72
14	73
14	75
14	79
15	45
15	46
15	48
15	49
15	54
15	80
16	28
16	60
16	61
16	73
16	77
16	79
17	2
17	27
17	35
17	38
17	70
17	71
18	28
18	34
18	45
18	54
18	63
18	79
19	22
19	28
19	30
19	49
19	54
19	81
20	14
20	55
20	60
20	63
20	76
20	77
20	81
21	8
21	51
21	52
21	55
21	71
21	78
21	81
22	19
22	24
22	51
22	65
22	68
22	72
22	81
23	27
23	42
23	47
23	48
23	53
23	69
23	78
24	22
24	46
24	47
24	55
24	57
24	62
24	69
25	34
25	36
25	54
25	62
25	69
25	71
25	75
26	54
26	58
26	59
26	65
26	67
26	74
26	80
27	3
27	17
27	23
27	35
27	59
27	62
27	69
28	16
28	18
28	19
28	45
28	54
28	55
28	62
28	64
29	48
29	52
29	65
29	73
29	75
29	76
29	77
29	79
30	7
30	13
30	19
30	43
30	50
30	54
30	75
30	80
31	2
31	34
31	42
31	56
31	68
31	70
31	79
31	81
32	8
32	10
32	13
32	39
32	48
32	56
32	70
32	77
33	4
33	8
33	39
33	53
33	56
33	61
33	78
33	79
34	18
34	25
34	31
34	39
34	61
34	63
34	69
34	73
34	79
35	1
35	17
35	27
35	62
35	63
35	67
35	75
35	80
35	81
36	6
36	11
36	25
36	42
36	51
36	59
36	62
36	69
36	80
37	2
37	10
37	52
37	54
37	56
37	60
37	68
37	73
37	81
38	17
38	42
38	55
38	57
38	58
38	71
38	74
38	76
38	78
39	11
39	32
39	33
39	34
39	64
39	66
39	70
39	73
39	78
40	4
40	41
40	62
40	64
40	69
40	71
40	72
40	78
40	81
41	40
41	43
41	44
41	57
41	65
41	77
41	78
41	80
41	81
42	23
42	31
42	36
42	38
42	44
42	47
42	62
42	69
42	76
42	77
43	30
43	41
43	46
43	51
43	55
43	58
43	66
43	74
43	79
43	80
44	12
44	41
44	42
44	51
44	56
44	64
44	69
44	70
44	71
44	78
45	3
45	15
45	18
45	28
45	49
45	54
45	63
45	67
45	69
45	72
45	79
46	15
46	24
46	43
46	50
46	53
46	56
46	61
46	73
46	74
46	79
46	80
47	2
47	13
47	23
47	24
47	42
47	55
47	57
47	62
47	69
47	70
47	77
48	1
48	8
48	9
48	10
48	13
48	15
48	23
48	29
48	32
48	56
48	60
49	3
49	7
49	15
49	19
49	45
49	54
49	62
49	65
49	66
49	75
49	79
50	12
50	30
50	46
50	61
50	66
50	67
50	72
50	74
50	75
50	78
50	80
50	81
51	7
51	21
51	22
51	36
51	43
51	44
51	52
51	64
51	65
51	71
51	78
51	81
52	8
52	21
52	29
52	37
52	51
52	59
52	65
52	66
52	68
52	72
52	74
52	76
52	80
53	14
53	23
53	33
53	46
53	54
53	56
53	61
53	72
53	73
53	74
53	76
53	79
53	81
54	3
54	15
54	18
54	19
54	25
54	26
54	28
54	30
54	37
54	45
54	49
54	53
54	58
55	5
55	20
55	21
55	24
55	28
55	38
55	43
55	47
55	64
55	70
55	71
55	78
55	80
55	81
56	31
56	32
56	33
56	37
56	44
56	46
56	48
56	53
56	61
56	67
56	73
56	75
56	76
56	79
57	9
57	24
57	38
57	41
57	47
57	59
57	60
57	64
57	66
57	71
57	72
57	76
57	77
57	81
58	26
58	38
58	43
58	54
58	63
58	64
58	66
58	71
58	73
58	74
58	75
58	76
58	79
58	80
59	4
59	26
59	27
59	36
59	52
59	57
59	60
59	63
59	64
59	65
59	67
59	68
59	72
59	77
59	80
60	16
60	20
60	37
60	48
60	57
60	59
60	62
60	67
60	72
60	75
60	76
60	77
60	79
60	80
60	81
61	6
61	12
61	16
61	33
61	34
61	46
61	50
61	53
61	56
61	65
61	70
61	73
61	74
61	79
61	81
62	24
62	25
62	27
62	28
62	35
62	36
62	40
62	42
62	47
62	49
62	60
62	65
62	68
62	69
62	79
63	18
63	20
63	34
63	35
63	45
63	58
63	59
63	65
63	66
63	67
63	71
63	74
63	75
63	76
63	80
64	5
64	7
64	28
64	39
64	40
64	44
64	51
64	55
64	57
64	58
64	59
64	67
64	70
64	78
64	79
65	5
65	22
65	26
65	29
65	41
65	49
65	51
65	52
65	59
65	61
65	62
65	63
65	73
65	76
65	77
65	81
66	39
66	43
66	49
66	50
66	52
66	57
66	58
66	63
66	67
66	68
66	69
66	71
66	74
66	75
66	76
66	80
67	9
67	26
67	35
67	45
67	50
67	56
67	59
67	60
67	63
67	64
67	66
67	73
67	74
67	75
67	77
67	80
68	5
68	10
68	22
68	31
68	37
68	52
68	59
68	62
68	66
68	71
68	72
68	75
68	76
68	77
68	80
68	81
69	23
69	24
69	25
69	27
69	34
69	36
69	40
69	42
69	44
69	45
69	47
69	62
69	66
69	71
69	72
69	73
69	77
70	5
70	7
70	17
70	31
70	32
70	39
70	44
70	47
70	55
70	61
70	64
70	71
70	73
70	75
70	76
70	77
70	78
70	81
71	11
71	17
71	21
71	25
71	38
71	40
71	44
71	51
71	55
71	57
71	58
71	63
71	66
71	68
71	69
71	70
71	78
71	80
72	3
72	14
72	22
72	40
72	45
72	50
72	52
72	53
72	57
72	59
72	60
72	68
72	69
72	74
72	76
72	77
72	78
72	80
72	81
73	2
73	12
73	14
73	16
73	29
73	34
73	37
73	39
73	46
73	53
73	56
73	58
73	61
73	65
73	67
73	69
73	70
73	74
73	78
73	79
74	4
74	6
74	26
74	38
74	43
74	46
74	50
74	52
74	53
74	58
74	61
74	63
74	66
74	67
74	72
74	73
74	75
74	77
74	78
74	80
75	6
75	14
75	25
75	29
75	30
75	35
75	49
75	50
75	56
75	58
75	60
75	63
75	66
75	67
75	68
75	70
75	74
75	76
75	78
75	80
76	1
76	11
76	20
76	29
76	38
76	42
76	52
76	53
76	56
76	57
76	58
76	60
76	63
76	65
76	66
76	68
76	70
76	72
76	75
76	77
76	81
77	10
77	12
77	16
77	20
77	29
77	32
77	41
77	42
77	47
77	57
77	59
77	60
77	65
77	67
77	68
77	69
77	70
77	72
77	74
77	76
77	81
78	7
78	9
78	11
78	21
78	23
78	33
78	38
78	39
78	40
78	41
78	44
78	50
78	51
78	55
78	64
78	70
78	71
78	72
78	73
78	74
78	75
78	80
79	2
79	11
79	12
79	14
79	16
79	18
79	29
79	31
79	33
79	34
79	43
79	45
79	46
79	49
79	53
79	56
79	58
79	60
79	61
79	62
79	64
79	73
79	81
80	6
80	15
80	26
80	30
80	35
80	36
80	41
80	43
80	46
80	50
80	52
80	55
80	58
80	59
80	60
80	63
80	66
80	67
80	68
80	71
80	72
80	74
80	75
80	78
81	4
81	5
81	19
81	20
81	21
81	22
81	31
81	35
81	37
81	40
81	41
81	50
81	51
81	53
81	55
81	57
81	60
81	61
81	65
81	68
81	70
81	72
81	76
81	77
81	79
