1	16
1	37
1	40
1	66
1	68
1	71
2	20
2	39
2	58
2	71
2	72
2	76
3	6
3	16
3	30
3	41
3	49
3	70
4	10
4	34
4	57
4	76
4	78
4	80
5	47
5	55
5	72
5	73
5	75
5	79
6	3
6	73
6	78
6	79
6	80
6	81
7	33
7	47
7	62
7	66
7	68
7	71
8	59
8	63
8	64
8	73
8	79
8	80
9	39
9	44
9	60
9	68
9	75
9	79
10	4
10	11
10	40
10	65
10	74
10	76
11	10
11	21
11	41
11	65
11	72
11	81
12	17
12	45
12	52
12	57
12	76
12	80
13	28
13	33
13	58
13	71
13	77
13	78
14	64
14	66
14	69
14	70
14	74
14	77
15	32
15	51
15	54
15	74
15	79
15	80
16	1
16	3
16	58
16	64
16	68
16	69
17	12
17	34
17	56
17	64
17	77
17	79
17	81
18	21
18	32
18	49
18	70
18	73
18	74
18	81
19	21
19	22
19	62
19	69
19	70
19	76
19	81
20	2
20	47
20	58
20	63
20	68
20	71
20	73
21	11
21	18
21	19
21	22
21	27
21	72
21	75
22	19
22	21
22	52
22	56
22	59
22	80
22	81
23	31
23	40
23	46
23	57
23	68
23	76
23	78
24	30
24	43
24	65
24	75
24	79
24	80
24	81
25	56
25	57
25	65
25	67
25	72
25	76
25	81
26	27
26	30
26	41
26	47
26	70
26	78
26	79
27	21
27	26
27	38
27	67
27	69
27	76
27	77
27	81
28	13
28	34
28	48
28	50
28	57
28	76
28	79
28	81
29	38
29	54
29	65
29	66
29	74
29	75
29	80
29	81
30	3
30	24
30	26
30	41
30	44
30	55
30	69
30	74
31	23
31	35
31	46
31	48
31	59
31	76
31	77
31	78
32	15
32	18
32	50
32	71
32	77
32	78
32	79
32	81
33	7
33	13
33	37
33	43
33	56
33	63
33	68
33	71
34	4
34	17
34	28
34	51
34	56
34	59
34	61
34	72
35	31
35	50
35	52
35	64
35	67
35	75
35	76
35	78
36	51
36	53
36	59
36	60
36	65
36	67
36	72
36	73
37	1
37	33
37	51
37	57
37	59
37	65
37	72
37	76
38	27
38	29
38	48
38	52
38	60
38	62
38	69
38	70
39	2
39	9
39	62
39	66
39	71
39	74
39	75
39	79
39	80
40	1
40	10
40	23
40	48
40	50
40	52
40	71
40	75
40	79
41	3
41	11
41	26
41	30
41	47
41	54
41	70
41	75
41	77
42	48
42	55
42	65
42	68
42	73
42	74
42	77
42	78
42	81
43	24
43	33
43	47
43	53
43	65
43	66
43	75
43	77
43	78
44	9
44	30
44	58
44	60
44	61
44	62
44	69
44	70
44	73
44	76
45	12
45	49
45	53
45	55
45	73
45	74
45	75
45	76
45	79
45	81
46	23
46	31
46	52
46	67
46	73
46	74
46	75
46	77
46	78
46	81
47	5
47	7
47	20
47	26
47	41
47	43
47	77
47	78
47	79
47	81
48	28
48	31
48	38
48	40
48	42
48	49
48	53
48	57
48	69
48	76
49	3
49	18
49	45
49	48
49	61
49	74
49	77
49	79
49	80
49	81
50	28
50	32
50	35
50	40
50	52
50	63
50	72
50	76
50	78
50	79
51	15
51	34
51	36
51	37
51	55
51	56
51	61
51	62
51	65
51	72
51	74
52	12
52	22
52	35
52	38
52	40
52	46
52	50
52	60
52	76
52	77
52	81
53	36
53	43
53	45
53	48
53	54
53	56
53	66
53	71
53	73
53	77
53	78
54	15
54	29
54	41
54	53
54	60
54	62
54	64
54	69
54	70
54	73
54	79
55	5
55	30
55	42
55	45
55	51
55	61
55	63
55	65
55	73
55	74
55	76
55	80
56	17
56	22
56	25
56	33
56	34
56	51
56	53
56	59
56	64
56	66
56	72
56	75
57	4
57	12
57	23
57	25
57	28
57	37
57	48
57	66
57	72
57	76
57	77
57	78
58	2
58	13
58	16
58	20
58	44
58	64
58	68
58	71
58	74
58	75
58	77
58	80
59	8
59	22
59	31
59	34
59	36
59	37
59	56
59	62
59	65
59	72
59	75
59	77
60	9
60	36
60	38
60	44
60	52
60	54
60	62
60	68
60	69
60	70
60	75
60	78
61	34
61	44
61	49
61	51
61	55
61	63
61	69
61	71
61	74
61	75
61	78
61	80
62	7
62	19
62	38
62	39
62	44
62	51
62	54
62	59
62	60
62	69
62	73
62	79
62	80
63	8
63	20
63	33
63	50
63	55
63	61
63	66
63	67
63	72
63	75
63	78
63	79
63	80
64	8
64	14
64	16
64	17
64	35
64	54
64	56
64	58
64	66
64	67
64	73
64	75
64	78
64	81
65	10
65	11
65	24
65	25
65	29
65	36
65	37
65	42
65	43
65	51
65	55
65	59
65	71
65	72
66	1
66	7
66	14
66	29
66	39
66	43
66	53
66	56
66	57
66	63
66	64
66	67
66	77
66	81
67	25
67	27
67	35
67	36
67	46
67	63
67	64
67	66
67	69
67	71
67	73
67	77
67	78
67	80
67	81
68	1
68	7
68	9
68	16
68	20
68	23
68	33
68	42
68	58
68	60
68	70
68	71
68	72
68	76
68	80
69	14
69	16
69	19
69	27
69	30
69	38
69	44
69	48
69	54
69	60
69	61
69	62
69	67
69	70
69	80
69	81
70	3
70	14
70	18
70	19
70	26
70	38
70	41
70	44
70	54
70	60
70	68
70	69
70	72
70	74
70	77
70	79
71	1
71	2
71	7
71	13
71	20
71	32
71	33
71	39
71	40
71	53
71	58
71	61
71	65
71	67
71	68
71	80
72	2
72	5
72	11
72	21
72	25
72	34
72	36
72	37
72	50
72	51
72	56
72	57
72	59
72	63
72	65
72	68
72	70
72	78
72	79
73	5
73	6
73	8
73	18
73	20
73	36
73	42
73	44
73	45
73	46
73	53
73	54
73	55
73	62
73	64
73	67
73	76
73	77
73	78
73	81
74	10
74	14
74	15
74	18
74	29
74	30
74	39
74	42
74	45
74	46
74	49
74	51
74	55
74	58
74	61
74	70
74	75
74	77
74	79
74	80
74	81
75	5
75	9
75	21
75	24
75	29
75	35
75	39
75	40
75	41
75	43
75	45
75	46
75	56
75	58
75	59
75	60
75	61
75	63
75	64
75	74
75	79
75	80
76	2
76	4
76	10
76	12
76	19
76	23
76	25
76	27
76	28
76	31
76	35
76	37
76	44
76	45
76	48
76	50
76	52
76	55
76	57
76	68
76	73
76	80
77	13
77	14
77	17
77	27
77	31
77	32
77	41
77	42
77	43
77	46
77	47
77	49
77	52
77	53
77	57
77	58
77	59
77	66
77	67
77	70
77	73
77	74
77	80
78	4
78	6
78	13
78	23
78	26
78	31
78	32
78	35
78	42
78	43
78	46
78	47
78	50
78	53
78	57
78	60
78	61
78	63
78	64
78	67
78	72
78	73
78	81
79	5
79	6
79	8
79	9
79	15
79	17
79	24
79	26
79	28
79	32
79	39
79	40
79	45
79	47
79	49
79	50
79	54
79	62
79	63
79	70
79	72
79	74
79	75
79	80
80	4
80	6
80	8
80	12
80	15
80	22
80	24
80	29
80	39
80	49
80	55
80	58
80	61
80	62
80	63
80	67
80	68
80	69
80	71
80	74
80	75
80	76
80	77
80	79
81	6
81	11
81	17
81	18
81	19
81	22
81	24
81	25
81	27
81	28
81	29
81	32
81	42
81	45
81	46
81	47
81	49
81	52
81	64
81	66
81	67
81	69
81	73
81	74
81	78
