1	42
1	45
1	56
1	61
1	63
1	78
2	27
2	60
2	70
2	76
2	77
2	78
3	13
3	44
3	49
3	51
3	65
3	75
4	7
4	18
4	35
4	68
4	78
4	80
5	16
5	23
5	50
5	52
5	64
5	73
6	26
6	53
6	68
6	73
6	78
6	79
7	4
7	46
7	61
7	67
7	68
7	73
8	30
8	37
8	42
8	67
8	71
8	79
9	11
9	41
9	66
9	68
9	75
9	80
10	32
10	38
10	55
10	75
10	78
10	81
11	9
11	19
11	58
11	61
11	73
11	81
12	20
12	60
12	73
12	75
12	76
12	79
13	3
13	34
13	36
13	39
13	62
13	79
14	17
14	54
14	63
14	69
14	73
14	77
15	35
15	40
15	51
15	58
15	62
15	71
15	73
16	5
16	28
16	38
16	53
16	62
16	70
16	76
17	14
17	67
17	71
17	72
17	73
17	75
17	80
18	4
18	33
18	51
18	54
18	64
18	74
18	77
19	11
19	37
19	61
19	67
19	69
19	70
19	81
20	12
20	38
20	44
20	61
20	72
20	76
20	78
21	24
21	28
21	62
21	71
21	77
21	79
21	81
22	30
22	56
22	59
22	60
22	68
22	75
22	78
23	5
23	56
23	72
23	74
23	75
23	77
23	79
24	21
24	43
24	52
24	53
24	69
24	73
24	77
25	38
25	46
25	65
25	70
25	72
25	79
25	81
26	6
26	29
26	40
26	69
26	73
26	76
26	77
27	2
27	29
27	39
27	40
27	74
27	77
27	81
28	16
28	21
28	47
28	72
28	73
28	74
28	79
28	81
29	26
29	27
29	39
29	65
29	66
29	71
29	73
29	79
30	8
30	22
30	49
30	59
30	61
30	68
30	73
30	81
31	54
31	57
31	62
31	64
31	66
31	68
31	78
31	80
32	10
32	42
32	56
32	65
32	69
32	72
32	77
32	79
33	18
33	52
33	56
33	65
33	73
33	74
33	79
33	80
34	13
34	57
34	58
34	59
34	70
34	71
34	78
34	80
35	4
35	15
35	42
35	44
35	45
35	60
35	68
35	72
36	13
36	38
36	47
36	50
36	56
36	63
36	74
36	75
36	79
37	8
37	19
37	39
37	49
37	54
37	56
37	58
37	67
37	70
38	10
38	16
38	20
38	25
38	36
38	43
38	51
38	57
38	77
39	13
39	27
39	29
39	37
39	48
39	70
39	77
39	79
39	81
40	15
40	26
40	27
40	46
40	56
40	58
40	68
40	69
40	74
41	9
41	49
41	52
41	62
41	66
41	67
41	75
41	77
41	79
41	81
42	1
42	8
42	32
42	35
42	48
42	50
42	69
42	71
42	77
42	81
43	24
43	38
43	52
43	57
43	58
43	59
43	60
43	65
43	69
43	76
44	3
44	20
44	35
44	49
44	62
44	66
44	70
44	73
44	74
44	78
45	1
45	35
45	49
45	57
45	58
45	67
45	68
45	69
45	71
45	81
46	7
46	25
46	40
46	54
46	59
46	63
46	69
46	75
46	76
46	80
47	28
47	36
47	48
47	55
47	60
47	61
47	65
47	66
47	69
47	72
47	76
48	39
48	42
48	47
48	53
48	58
48	65
48	66
48	71
48	72
48	79
48	81
49	3
49	30
49	37
49	41
49	44
49	45
49	55
49	56
49	59
49	62
49	80
50	5
50	36
50	42
50	52
50	53
50	54
50	60
50	63
50	64
50	69
50	71
50	75
51	3
51	15
51	18
51	38
51	56
51	65
51	72
51	74
51	75
51	77
51	79
51	80
52	5
52	24
52	33
52	41
52	43
52	50
52	60
52	67
52	69
52	72
52	74
52	76
52	79
53	6
53	16
53	24
53	48
53	50
53	54
53	57
53	61
53	66
53	74
53	78
53	80
53	81
54	14
54	18
54	31
54	37
54	46
54	50
54	53
54	55
54	63
54	75
54	76
54	78
54	79
54	80
55	10
55	47
55	49
55	54
55	59
55	60
55	63
55	64
55	70
55	71
55	72
55	76
55	77
55	78
55	80
56	1
56	22
56	23
56	32
56	33
56	36
56	37
56	40
56	49
56	51
56	58
56	65
56	67
56	68
56	76
57	31
57	34
57	38
57	43
57	45
57	53
57	63
57	64
57	66
57	70
57	71
57	74
57	78
57	80
57	81
58	11
58	15
58	34
58	37
58	40
58	43
58	45
58	48
58	56
58	61
58	62
58	64
58	66
58	67
58	78
59	22
59	30
59	34
59	43
59	46
59	49
59	55
59	61
59	62
59	63
59	65
59	72
59	75
59	76
59	79
59	80
60	2
60	12
60	22
60	35
60	43
60	47
60	50
60	52
60	55
60	65
60	68
60	69
60	72
60	75
60	77
60	79
61	1
61	7
61	11
61	19
61	20
61	30
61	47
61	53
61	58
61	59
61	62
61	64
61	67
61	68
61	74
61	75
61	76
62	13
62	15
62	16
62	21
62	31
62	41
62	44
62	49
62	58
62	59
62	61
62	64
62	66
62	70
62	76
62	78
62	80
63	1
63	14
63	36
63	46
63	50
63	54
63	55
63	57
63	59
63	67
63	70
63	72
63	75
63	76
63	77
63	78
63	80
64	5
64	18
64	31
64	50
64	55
64	57
64	58
64	61
64	62
64	66
64	71
64	73
64	75
64	77
64	78
64	80
64	81
65	3
65	25
65	29
65	32
65	33
65	43
65	47
65	48
65	51
65	56
65	59
65	60
65	67
65	69
65	74
65	75
65	79
66	9
66	29
66	31
66	41
66	44
66	47
66	48
66	53
66	57
66	58
66	62
66	64
66	71
66	72
66	74
66	76
66	81
67	7
67	8
67	17
67	19
67	37
67	41
67	45
67	52
67	56
67	58
67	61
67	63
67	65
67	68
67	70
67	71
67	73
67	74
67	80
68	4
68	6
68	7
68	9
68	22
68	30
68	31
68	35
68	40
68	45
68	56
68	60
68	61
68	67
68	71
68	73
68	77
68	78
68	81
69	14
69	19
69	24
69	26
69	32
69	40
69	42
69	43
69	45
69	46
69	47
69	50
69	52
69	60
69	65
69	72
69	76
69	77
69	80
69	81
70	2
70	16
70	19
70	25
70	34
70	37
70	39
70	44
70	55
70	57
70	62
70	63
70	67
70	71
70	72
70	74
70	76
70	78
70	79
70	80
71	8
71	15
71	17
71	21
71	29
71	34
71	42
71	45
71	48
71	50
71	55
71	57
71	64
71	66
71	67
71	68
71	70
71	74
71	75
71	77
71	78
72	17
72	20
72	23
72	25
72	28
72	32
72	35
72	47
72	48
72	51
72	52
72	55
72	59
72	60
72	63
72	66
72	69
72	70
72	73
72	74
72	79
72	81
73	5
73	6
73	7
73	11
73	12
73	14
73	15
73	17
73	24
73	26
73	28
73	29
73	30
73	33
73	44
73	64
73	67
73	68
73	72
73	74
73	76
73	80
74	18
74	23
74	27
74	28
74	33
74	36
74	40
74	44
74	51
74	52
74	53
74	57
74	61
74	65
74	66
74	67
74	70
74	71
74	72
74	73
74	75
74	77
74	81
75	3
75	9
75	10
75	12
75	17
75	22
75	23
75	36
75	41
75	46
75	50
75	51
75	54
75	59
75	60
75	61
75	63
75	64
75	65
75	71
75	74
75	77
75	80
75	81
76	2
76	12
76	16
76	20
76	26
76	43
76	46
76	47
76	52
76	54
76	55
76	56
76	59
76	61
76	62
76	63
76	66
76	69
76	70
76	73
76	78
76	79
76	80
76	81
77	2
77	14
77	18
77	21
77	23
77	24
77	26
77	27
77	32
77	38
77	39
77	41
77	42
77	51
77	55
77	60
77	63
77	64
77	68
77	69
77	71
77	74
77	75
77	79
78	1
78	2
78	4
78	6
78	10
78	20
78	22
78	31
78	34
78	44
78	53
78	54
78	55
78	57
78	58
78	62
78	63
78	64
78	68
78	70
78	71
78	76
78	80
78	81
79	6
79	8
79	12
79	13
79	21
79	23
79	25
79	28
79	29
79	32
79	33
79	36
79	39
79	41
79	48
79	51
79	52
79	54
79	59
79	60
79	65
79	70
79	72
79	76
79	77
80	4
80	9
80	17
80	31
80	33
80	34
80	46
80	49
80	51
80	53
80	54
80	55
80	57
80	59
80	62
80	63
80	64
80	67
80	69
80	70
80	73
80	75
80	76
80	78
80	81
81	10
81	11
81	19
81	21
81	25
81	27
81	28
81	30
81	39
81	41
81	42
81	45
81	48
81	53
81	57
81	64
81	66
81	68
81	69
81	72
81	74
81	75
81	76
81	78
81	80
