1	40
1	46
1	50
1	53
1	61
1	67
2	25
2	36
2	54
2	61
2	73
2	77
3	5
3	45
3	56
3	69
3	74
3	80
4	13
4	23
4	75
4	78
4	80
4	81
5	3
5	46
5	50
5	53
5	68
5	81
6	7
6	12
6	20
6	35
6	65
6	69
7	6
7	10
7	12
7	27
7	55
7	75
8	10
8	20
8	27
8	30
8	64
8	80
9	30
9	59
9	66
9	68
9	77
9	79
10	7
10	8
10	20
10	46
10	58
10	74
11	23
11	31
11	51
11	77
11	79
11	81
12	6
12	7
12	27
12	70
12	80
12	81
13	4
13	22
13	37
13	46
13	50
13	73
14	54
14	59
14	66
14	68
14	78
14	80
15	17
15	52
15	61
15	63
15	70
15	79
15	81
16	26
16	40
16	51
16	64
16	66
16	68
16	77
17	15
17	34
17	60
17	67
17	70
17	73
17	77
18	31
18	39
18	54
18	60
18	61
18	70
18	80
19	27
19	37
19	64
19	65
19	75
19	76
19	79
20	6
20	8
20	10
20	27
20	50
20	73
20	74
21	46
21	54
21	61
21	65
21	71
21	77
21	79
22	13
22	24
22	34
22	46
22	60
22	78
22	80
23	4
23	11
23	51
23	65
23	70
23	78
23	81
24	22
24	29
24	34
24	50
24	53
24	64
24	72
25	2
25	39
25	67
25	75
25	76
25	78
25	79
26	16
26	40
26	62
26	74
26	75
26	78
26	80
27	7
27	8
27	12
27	19
27	20
27	76
27	79
28	44
28	54
28	58
28	67
28	75
28	78
28	81
29	24
29	36
29	66
29	68
29	69
29	77
29	78
30	8
30	9
30	31
30	47
30	60
30	63
30	80
31	11
31	18
31	30
31	40
31	48
31	49
31	62
32	37
32	51
32	64
32	71
32	72
32	76
32	78
33	47
33	54
33	56
33	75
33	76
33	77
33	78
33	79
34	17
34	22
34	24
34	42
34	50
34	53
34	65
34	73
35	6
35	43
35	57
35	62
35	64
35	78
35	79
35	80
36	2
36	29
36	51
36	59
36	62
36	68
36	69
36	76
37	13
37	19
37	32
37	47
37	61
37	68
37	71
37	77
38	44
38	45
38	48
38	60
38	72
38	74
38	75
38	76
39	18
39	25
39	43
39	59
39	63
39	70
39	73
39	80
40	1
40	16
40	26
40	31
40	51
40	66
40	68
40	77
41	65
41	67
41	72
41	75
41	76
41	77
41	78
41	80
42	34
42	57
42	60
42	65
42	66
42	71
42	78
42	80
43	35
43	39
43	45
43	48
43	72
43	74
43	75
43	76
43	78
44	28
44	38
44	55
44	56
44	63
44	66
44	71
44	76
44	81
45	3
45	38
45	43
45	50
45	57
45	63
45	71
45	73
45	80
46	1
46	5
46	10
46	13
46	21
46	22
46	53
46	55
46	76
47	30
47	33
47	37
47	62
47	65
47	70
47	72
47	73
47	77
47	81
48	31
48	38
48	43
48	53
48	57
48	60
48	62
48	63
48	73
48	77
49	31
49	69
49	72
49	74
49	75
49	76
49	78
49	79
49	80
49	81
50	1
50	5
50	13
50	20
50	24
50	34
50	45
50	53
50	59
50	63
50	75
51	11
51	16
51	23
51	32
51	36
51	40
51	59
51	66
51	68
51	69
51	81
52	15
52	53
52	55
52	59
52	61
52	62
52	72
52	74
52	75
52	76
52	78
53	1
53	5
53	24
53	34
53	46
53	48
53	50
53	52
53	56
53	64
53	75
53	81
54	2
54	14
54	18
54	21
54	28
54	33
54	58
54	59
54	62
54	64
54	71
54	79
55	7
55	44
55	46
55	52
55	58
55	60
55	65
55	73
55	74
55	75
55	77
55	81
56	3
56	33
56	44
56	53
56	63
56	66
56	70
56	72
56	73
56	79
56	80
56	81
57	35
57	42
57	45
57	48
57	61
57	64
57	67
57	72
57	77
57	78
57	79
57	81
58	10
58	28
58	54
58	55
58	66
58	67
58	71
58	73
58	74
58	76
58	77
58	81
59	9
59	14
59	36
59	39
59	50
59	51
59	52
59	54
59	62
59	63
59	66
59	68
59	75
60	17
60	18
60	22
60	30
60	38
60	42
60	48
60	55
60	65
60	68
60	71
60	76
60	78
60	81
61	1
61	2
61	15
61	18
61	21
61	37
61	52
61	57
61	66
61	68
61	70
61	74
61	77
61	79
62	26
62	31
62	35
62	36
62	47
62	48
62	52
62	54
62	59
62	63
62	64
62	70
62	72
62	73
63	15
63	30
63	39
63	44
63	45
63	48
63	50
63	56
63	59
63	62
63	64
63	74
63	77
63	79
63	81
64	8
64	16
64	19
64	24
64	32
64	35
64	53
64	54
64	57
64	62
64	63
64	65
64	73
64	77
64	79
65	6
65	19
65	21
65	23
65	34
65	41
65	42
65	47
65	55
65	60
65	64
65	66
65	67
65	71
65	80
66	9
66	14
66	16
66	29
66	40
66	42
66	44
66	51
66	56
66	58
66	59
66	61
66	65
66	68
66	73
66	74
67	1
67	17
67	25
67	28
67	41
67	57
67	58
67	65
67	68
67	69
67	70
67	73
67	75
67	79
67	80
67	81
68	5
68	9
68	14
68	16
68	29
68	36
68	37
68	40
68	51
68	59
68	60
68	61
68	66
68	67
68	72
68	74
68	76
69	3
69	6
69	29
69	36
69	49
69	51
69	67
69	71
69	72
69	73
69	74
69	75
69	76
69	78
69	81
70	12
70	15
70	17
70	18
70	23
70	39
70	47
70	56
70	61
70	62
70	67
70	71
70	72
70	73
70	75
70	77
70	79
70	80
70	81
71	21
71	32
71	37
71	42
71	44
71	45
71	54
71	58
71	60
71	65
71	69
71	70
71	72
71	73
71	74
71	76
71	77
71	79
71	80
71	81
72	24
72	32
72	38
72	41
72	43
72	47
72	49
72	52
72	56
72	57
72	62
72	68
72	69
72	70
72	71
72	74
72	75
72	76
72	77
72	78
72	80
73	2
73	13
73	17
73	20
73	34
73	39
73	45
73	47
73	48
73	55
73	56
73	58
73	62
73	64
73	66
73	67
73	69
73	70
73	71
73	79
73	81
74	3
74	10
74	20
74	26
74	38
74	43
74	49
74	52
74	55
74	58
74	61
74	63
74	66
74	68
74	69
74	71
74	72
74	75
74	76
74	78
74	80
75	4
75	7
75	19
75	25
75	26
75	28
75	33
75	38
75	41
75	43
75	49
75	50
75	52
75	53
75	55
75	59
75	67
75	69
75	70
75	72
75	74
75	76
75	78
76	19
76	25
76	27
76	32
76	33
76	36
76	38
76	41
76	43
76	44
76	46
76	49
76	52
76	58
76	60
76	68
76	69
76	71
76	72
76	74
76	75
76	78
76	79
77	2
77	9
77	11
77	16
77	17
77	21
77	29
77	33
77	37
77	40
77	41
77	47
77	48
77	55
77	57
77	58
77	61
77	63
77	64
77	70
77	71
77	72
77	79
78	4
78	14
78	22
78	23
78	25
78	26
78	28
78	29
78	32
78	33
78	35
78	41
78	42
78	43
78	49
78	52
78	57
78	60
78	69
78	72
78	74
78	75
78	76
79	9
79	11
79	15
79	19
79	21
79	25
79	27
79	33
79	35
79	49
79	54
79	56
79	57
79	61
79	63
79	64
79	67
79	70
79	71
79	73
79	76
79	77
79	80
79	81
80	3
80	4
80	8
80	12
80	14
80	18
80	22
80	26
80	30
80	35
80	39
80	41
80	42
80	45
80	49
80	56
80	65
80	67
80	70
80	71
80	72
80	74
80	79
80	81
81	4
81	5
81	11
81	12
81	15
81	23
81	28
81	44
81	47
81	49
81	51
81	53
81	55
81	56
81	57
81	58
81	60
81	63
81	67
81	69
81	70
81	71
81	73
81	79
81	80
