1	23
1	32
1	53
1	54
1	57
1	78
2	20
2	38
2	54
2	73
2	78
2	80
3	15
3	21
3	45
3	47
3	50
3	62
4	31
4	54
4	71
4	73
4	80
4	81
5	9
5	56
5	75
5	76
5	79
5	81
6	24
6	36
6	41
6	49
6	57
6	60
7	12
7	55
7	58
7	62
7	67
7	80
8	24
8	46
8	52
8	72
8	74
8	77
9	5
9	25
9	44
9	62
9	67
9	78
10	14
10	29
10	44
10	53
10	68
10	69
11	56
11	60
11	69
11	70
11	76
11	77
12	7
12	67
12	71
12	73
12	80
12	81
13	48
13	60
13	62
13	72
13	76
13	79
14	10
14	40
14	62
14	72
14	80
14	81
15	3
15	43
15	47
15	51
15	73
15	79
16	22
16	53
16	57
16	58
16	67
16	73
17	18
17	20
17	40
17	43
17	68
17	77
18	17
18	34
18	44
18	48
18	58
18	61
19	23
19	30
19	42
19	55
19	77
19	79
20	2
20	17
20	58
20	60
20	69
20	75
20	80
21	3
21	28
21	31
21	47
21	50
21	66
21	71
22	16
22	47
22	49
22	54
22	57
22	79
22	80
23	1
23	19
23	63
23	64
23	68
23	80
23	81
24	6
24	8
24	55
24	67
24	70
24	77
24	78
25	9
25	28
25	51
25	63
25	64
25	65
25	74
26	35
26	39
26	46
26	64
26	71
26	76
26	79
27	30
27	41
27	49
27	52
27	60
27	66
27	73
28	21
28	25
28	31
28	50
28	60
28	71
28	79
29	10
29	61
29	62
29	66
29	73
29	77
29	81
30	19
30	27
30	33
30	70
30	71
30	80
30	81
31	4
31	21
31	28
31	32
31	47
31	50
31	60
32	1
32	31
32	46
32	62
32	71
32	76
32	77
33	30
33	40
33	45
33	59
33	60
33	74
33	75
34	18
34	36
34	43
34	52
34	59
34	72
34	75
34	79
35	26
35	53
35	58
35	68
35	74
35	75
35	76
35	80
36	6
36	34
36	49
36	53
36	54
36	63
36	77
36	81
37	38
37	40
37	42
37	61
37	65
37	72
37	80
37	81
38	2
38	37
38	52
38	65
38	67
38	69
38	77
38	78
39	26
39	43
39	51
39	52
39	58
39	60
39	61
39	75
40	14
40	17
40	33
40	37
40	48
40	65
40	78
40	79
41	6
41	27
41	55
41	59
41	66
41	72
41	73
41	77
42	19
42	37
42	43
42	48
42	68
42	70
42	76
42	77
43	15
43	17
43	34
43	39
43	42
43	46
43	62
43	63
44	9
44	10
44	18
44	50
44	55
44	67
44	68
44	78
44	79
45	3
45	33
45	58
45	64
45	65
45	72
45	76
45	80
45	81
46	8
46	26
46	32
46	43
46	68
46	73
46	74
46	77
46	78
47	3
47	15
47	21
47	22
47	31
47	49
47	50
47	55
47	74
48	13
48	18
48	40
48	42
48	61
48	66
48	74
48	75
48	78
49	6
49	22
49	27
49	36
49	47
49	52
49	53
49	54
49	56
49	68
50	3
50	21
50	28
50	31
50	44
50	47
50	69
50	78
50	79
50	81
51	15
51	25
51	39
51	54
51	63
51	71
51	73
51	74
51	80
51	81
52	8
52	27
52	34
52	38
52	39
52	49
52	63
52	65
52	70
52	72
53	1
53	10
53	16
53	35
53	36
53	49
53	57
53	59
53	66
53	73
54	1
54	2
54	4
54	22
54	36
54	49
54	51
54	57
54	70
54	80
55	7
55	19
55	24
55	41
55	44
55	47
55	66
55	67
55	73
55	75
55	77
56	5
56	11
56	49
56	58
56	59
56	62
56	65
56	72
56	75
56	76
56	77
57	1
57	6
57	16
57	22
57	53
57	54
57	58
57	69
57	76
57	78
57	81
58	7
58	16
58	18
58	20
58	35
58	39
58	45
58	56
58	57
58	62
58	75
58	76
59	33
59	34
59	41
59	53
59	56
59	61
59	64
59	71
59	72
59	77
59	78
59	79
60	6
60	11
60	13
60	20
60	27
60	28
60	31
60	33
60	39
60	74
60	75
60	76
61	18
61	29
61	37
61	39
61	48
61	59
61	68
61	69
61	70
61	73
61	76
61	81
62	3
62	7
62	9
62	13
62	14
62	29
62	32
62	43
62	56
62	58
62	63
62	67
63	23
63	25
63	36
63	43
63	51
63	52
63	62
63	64
63	74
63	78
63	79
63	80
64	23
64	25
64	26
64	45
64	59
64	63
64	65
64	67
64	71
64	72
64	75
64	80
64	81
65	25
65	37
65	38
65	40
65	45
65	52
65	56
65	64
65	66
65	72
65	78
65	80
65	81
66	21
66	27
66	29
66	41
66	48
66	53
66	55
66	65
66	70
66	74
66	76
66	77
66	79
67	7
67	9
67	12
67	16
67	24
67	38
67	44
67	55
67	62
67	64
67	76
67	79
67	80
68	10
68	17
68	23
68	35
68	42
68	44
68	46
68	49
68	61
68	70
68	75
68	77
68	78
69	10
69	11
69	20
69	38
69	50
69	57
69	61
69	70
69	71
69	73
69	74
69	78
69	79
69	80
70	11
70	24
70	30
70	42
70	52
70	54
70	61
70	66
70	68
70	69
70	74
70	76
70	78
70	79
71	4
71	12
71	21
71	26
71	28
71	30
71	32
71	51
71	59
71	64
71	69
71	72
71	74
71	80
71	81
72	8
72	13
72	14
72	34
72	37
72	41
72	45
72	52
72	56
72	59
72	64
72	65
72	71
72	80
72	81
73	2
73	4
73	12
73	15
73	16
73	27
73	29
73	41
73	46
73	51
73	53
73	55
73	61
73	69
73	79
73	81
74	8
74	25
74	33
74	35
74	46
74	47
74	48
74	51
74	60
74	63
74	66
74	69
74	70
74	71
74	75
74	78
74	81
75	5
75	20
75	33
75	34
75	35
75	39
75	48
75	55
75	56
75	58
75	60
75	64
75	68
75	74
75	76
75	77
75	81
76	5
76	11
76	13
76	26
76	32
76	35
76	42
76	45
76	56
76	57
76	58
76	60
76	61
76	66
76	67
76	70
76	75
76	77
76	80
77	8
77	11
77	17
77	19
77	24
77	29
77	32
77	36
77	38
77	41
77	42
77	46
77	55
77	56
77	59
77	66
77	68
77	75
77	76
77	80
78	1
78	2
78	9
78	24
78	38
78	40
78	44
78	46
78	48
78	50
78	57
78	59
78	63
78	65
78	68
78	69
78	70
78	74
78	79
78	81
79	5
79	13
79	15
79	19
79	22
79	26
79	28
79	34
79	40
79	44
79	50
79	59
79	63
79	66
79	67
79	69
79	70
79	73
79	78
79	81
80	2
80	4
80	7
80	12
80	14
80	20
80	22
80	23
80	30
80	35
80	37
80	45
80	51
80	54
80	63
80	64
80	65
80	67
80	69
80	71
80	72
80	76
80	77
80	81
81	4
81	5
81	12
81	14
81	23
81	29
81	30
81	36
81	37
81	45
81	50
81	51
81	57
81	61
81	64
81	65
81	71
81	72
81	73
81	74
81	75
81	78
81	79
81	80
