1	13
1	42
1	54
1	62
1	65
1	78
2	10
2	42
2	48
2	67
2	70
2	81
3	13
3	54
3	68
3	70
3	71
3	80
4	14
4	52
4	58
4	67
4	71
4	78
5	12
5	19
5	61
5	64
5	68
5	80
6	36
6	43
6	52
6	55
6	71
6	74
7	35
7	60
7	62
7	68
7	76
7	79
8	36
8	45
8	52
8	59
8	67
8	71
9	52
9	53
9	54
9	65
9	74
9	77
10	2
10	30
10	58
10	68
10	69
10	80
11	19
11	57
11	61
11	63
11	72
11	81
12	5
12	26
12	55
12	69
12	72
12	75
13	1
13	3
13	17
13	24
13	74
13	80
14	4
14	38
14	42
14	74
14	75
14	76
15	31
15	50
15	55
15	65
15	73
15	76
16	40
16	48
16	59
16	61
16	68
16	80
17	13
17	47
17	66
17	73
17	79
17	81
18	22
18	29
18	45
18	55
18	64
18	71
18	77
19	5
19	11
19	32
19	34
19	56
19	72
19	80
20	37
20	42
20	61
20	70
20	74
20	75
20	77
21	59
21	61
21	66
21	72
21	74
21	76
21	78
22	18
22	36
22	60
22	70
22	73
22	75
22	77
23	31
23	52
23	54
23	56
23	67
23	74
23	77
24	13
24	30
24	48
24	57
24	76
24	80
24	81
25	35
25	49
25	56
25	61
25	63
25	69
25	73
26	12
26	65
26	73
26	76
26	77
26	79
26	80
27	39
27	51
27	52
27	59
27	71
27	73
27	75
28	47
28	57
28	66
28	75
28	76
28	78
28	79
29	18
29	39
29	43
29	64
29	67
29	71
29	79
30	10
30	24
30	48
30	65
30	68
30	76
30	77
30	80
31	15
31	23
31	46
31	47
31	63
31	66
31	69
31	80
32	19
32	36
32	44
32	68
32	72
32	75
32	77
32	80
33	42
33	48
33	53
33	59
33	61
33	76
33	79
33	80
34	19
34	37
34	39
34	44
34	48
34	57
34	80
34	81
35	7
35	25
35	47
35	60
35	71
35	72
35	75
35	76
35	81
36	6
36	8
36	22
36	32
36	58
36	70
36	78
36	79
36	81
37	20
37	34
37	44
37	58
37	66
37	68
37	78
37	79
37	80
38	14
38	48
38	58
38	59
38	60
38	62
38	70
38	71
38	76
39	27
39	29
39	34
39	46
39	59
39	65
39	67
39	71
39	80
40	16
40	43
40	47
40	65
40	68
40	70
40	72
40	79
40	80
40	81
41	44
41	45
41	47
41	62
41	69
41	73
41	74
41	75
41	79
41	81
42	1
42	2
42	14
42	20
42	33
42	51
42	57
42	59
42	72
42	78
43	6
43	29
43	40
43	49
43	56
43	59
43	67
43	68
43	71
43	81
44	32
44	34
44	37
44	41
44	46
44	56
44	62
44	68
44	73
44	79
44	80
45	8
45	18
45	41
45	49
45	52
45	58
45	61
45	65
45	70
45	76
45	79
46	31
46	39
46	44
46	50
46	51
46	55
46	66
46	72
46	73
46	78
46	79
47	17
47	28
47	31
47	35
47	40
47	41
47	53
47	56
47	64
47	75
47	78
48	2
48	16
48	24
48	30
48	33
48	34
48	38
48	50
48	52
48	61
48	63
48	75
49	25
49	43
49	45
49	54
49	56
49	64
49	66
49	69
49	70
49	72
49	73
49	77
50	15
50	46
50	48
50	53
50	56
50	60
50	62
50	67
50	69
50	72
50	75
50	78
51	27
51	42
51	46
51	53
51	65
51	66
51	67
51	70
51	72
51	74
51	75
51	77
52	4
52	6
52	8
52	9
52	23
52	27
52	45
52	48
52	64
52	67
52	71
52	78
53	9
53	33
53	47
53	50
53	51
53	57
53	62
53	64
53	74
53	75
53	78
53	80
54	1
54	3
54	9
54	23
54	49
54	65
54	69
54	72
54	73
54	77
54	79
54	80
55	6
55	12
55	15
55	18
55	46
55	60
55	63
55	64
55	66
55	69
55	75
55	76
55	77
56	19
56	23
56	25
56	43
56	44
56	47
56	49
56	50
56	60
56	63
56	67
56	72
56	74
57	11
57	24
57	28
57	34
57	42
57	53
57	58
57	63
57	74
57	77
57	78
57	79
57	80
58	4
58	10
58	36
58	37
58	38
58	45
58	57
58	61
58	63
58	72
58	75
58	79
58	81
59	8
59	16
59	21
59	27
59	33
59	38
59	39
59	42
59	43
59	63
59	67
59	71
59	76
60	7
60	22
60	35
60	38
60	50
60	55
60	56
60	64
60	65
60	69
60	73
60	77
60	78
60	81
61	5
61	11
61	16
61	20
61	21
61	25
61	33
61	45
61	48
61	58
61	69
61	71
61	75
61	81
62	1
62	7
62	38
62	41
62	44
62	50
62	53
62	63
62	66
62	73
62	74
62	78
62	79
62	81
63	11
63	25
63	31
63	48
63	55
63	56
63	57
63	58
63	59
63	62
63	70
63	74
63	77
63	78
64	5
64	18
64	29
64	47
64	49
64	52
64	53
64	55
64	60
64	65
64	70
64	71
64	73
64	77
64	79
65	1
65	9
65	15
65	26
65	30
65	39
65	40
65	45
65	51
65	54
65	60
65	64
65	68
65	73
65	77
66	17
66	21
66	28
66	31
66	37
66	46
66	49
66	51
66	55
66	62
66	69
66	70
66	72
66	74
66	78
67	2
67	4
67	8
67	23
67	29
67	39
67	43
67	50
67	51
67	52
67	56
67	59
67	71
67	75
67	76
68	3
68	5
68	7
68	10
68	16
68	30
68	32
68	37
68	40
68	43
68	44
68	65
68	71
68	74
68	75
68	80
69	10
69	12
69	25
69	31
69	41
69	49
69	50
69	54
69	55
69	60
69	61
69	66
69	73
69	76
69	77
69	78
70	2
70	3
70	20
70	22
70	36
70	38
70	40
70	45
70	49
70	51
70	63
70	64
70	66
70	73
70	75
70	76
70	78
70	79
70	81
71	3
71	4
71	6
71	8
71	18
71	27
71	29
71	35
71	38
71	39
71	43
71	52
71	59
71	61
71	64
71	67
71	68
71	74
71	76
71	81
72	11
72	12
72	19
72	21
72	32
72	35
72	40
72	42
72	46
72	49
72	50
72	51
72	54
72	56
72	58
72	66
72	73
72	74
72	78
72	81
73	15
73	17
73	22
73	25
73	26
73	27
73	41
73	44
73	46
73	49
73	54
73	60
73	62
73	64
73	65
73	69
73	70
73	72
73	74
73	77
73	79
74	6
74	9
74	13
74	14
74	20
74	21
74	23
74	41
74	51
74	53
74	56
74	57
74	62
74	63
74	66
74	68
74	71
74	72
74	73
74	75
74	78
74	80
74	81
75	12
75	14
75	20
75	22
75	27
75	28
75	32
75	35
75	41
75	47
75	48
75	50
75	51
75	53
75	55
75	58
75	61
75	67
75	68
75	70
75	74
75	76
75	81
76	7
76	14
76	15
76	21
76	24
76	26
76	28
76	30
76	33
76	35
76	38
76	45
76	55
76	59
76	67
76	69
76	70
76	71
76	75
76	77
76	78
76	79
76	81
77	9
77	18
77	20
77	22
77	23
77	26
77	30
77	32
77	49
77	51
77	54
77	55
77	57
77	60
77	63
77	64
77	65
77	69
77	73
77	76
77	78
77	79
77	81
78	1
78	4
78	21
78	28
78	36
78	37
78	42
78	46
78	47
78	50
78	52
78	53
78	57
78	60
78	62
78	63
78	66
78	69
78	70
78	72
78	74
78	76
78	77
78	81
79	7
79	17
79	26
79	28
79	29
79	33
79	36
79	37
79	40
79	41
79	44
79	45
79	46
79	54
79	57
79	58
79	62
79	64
79	70
79	73
79	76
79	77
79	80
79	81
80	3
80	5
80	10
80	13
80	16
80	19
80	24
80	26
80	30
80	31
80	32
80	33
80	34
80	37
80	39
80	40
80	44
80	53
80	54
80	57
80	68
80	74
80	79
80	81
81	2
81	11
81	17
81	24
81	34
81	35
81	36
81	40
81	41
81	43
81	58
81	60
81	61
81	62
81	70
81	71
81	72
81	74
81	75
81	76
81	77
81	78
81	79
81	80
