1	18
1	40
1	57
1	68
1	72
1	73
2	50
2	66
2	70
2	72
2	74
2	77
3	9
3	13
3	34
3	60
3	69
3	72
4	21
4	65
4	68
4	76
4	77
4	81
5	24
5	59
5	76
5	77
5	80
5	81
6	36
6	61
6	63
6	70
6	77
6	80
7	35
7	52
7	61
7	70
7	79
7	81
8	48
8	66
8	68
8	71
8	76
8	81
9	3
9	31
9	36
9	37
9	66
9	78
10	11
10	67
10	68
10	71
10	73
10	75
11	10
11	17
11	43
11	65
11	70
11	78
12	16
12	31
12	60
12	64
12	66
12	69
13	3
13	21
13	27
13	36
13	57
13	59
14	49
14	60
14	62
14	64
14	69
14	71
15	21
15	44
15	55
15	57
15	60
15	70
16	12
16	49
16	50
16	61
16	64
16	69
17	11
17	23
17	41
17	71
17	77
17	81
18	1
18	52
18	66
18	72
18	75
18	80
19	24
19	50
19	53
19	54
19	76
19	77
19	78
20	42
20	61
20	62
20	66
20	75
20	78
20	79
21	4
21	13
21	15
21	24
21	55
21	73
21	74
22	27
22	52
22	54
22	57
22	59
22	63
22	64
23	17
23	61
23	63
23	68
23	77
23	78
23	81
24	5
24	19
24	21
24	25
24	74
24	76
24	79
25	24
25	32
25	37
25	47
25	64
25	69
25	70
26	28
26	54
26	65
26	66
26	70
26	79
26	80
27	13
27	22
27	39
27	46
27	63
27	65
27	72
28	26
28	33
28	34
28	39
28	55
28	57
28	59
29	48
29	56
29	65
29	66
29	78
29	80
29	81
30	62
30	64
30	65
30	66
30	76
30	79
30	80
31	9
31	12
31	32
31	45
31	61
31	63
31	70
31	73
32	25
32	31
32	42
32	54
32	61
32	64
32	69
32	80
33	28
33	55
33	66
33	67
33	75
33	76
33	79
33	80
34	3
34	28
34	54
34	57
34	59
34	62
34	65
34	78
35	7
35	43
35	45
35	62
35	69
35	79
35	80
35	81
36	6
36	9
36	13
36	41
36	47
36	63
36	71
36	74
36	79
37	9
37	25
37	42
37	45
37	64
37	66
37	68
37	69
37	72
38	41
38	49
38	50
38	70
38	71
38	73
38	76
38	77
38	81
39	27
39	28
39	54
39	56
39	57
39	59
39	62
39	68
39	74
40	1
40	43
40	48
40	56
40	59
40	75
40	77
40	79
40	80
41	17
41	36
41	38
41	47
41	50
41	53
41	65
41	73
41	80
42	20
42	32
42	37
42	43
42	49
42	52
42	69
42	74
42	81
43	11
43	35
43	40
43	42
43	63
43	64
43	75
43	79
43	80
44	15
44	51
44	55
44	61
44	63
44	68
44	69
44	70
44	75
44	76
45	31
45	35
45	37
45	52
45	55
45	62
45	63
45	70
45	72
45	79
46	27
46	50
46	56
46	65
46	67
46	71
46	73
46	76
46	77
46	81
47	25
47	36
47	41
47	53
47	56
47	60
47	63
47	72
47	74
47	79
48	8
48	29
48	40
48	51
48	61
48	62
48	65
48	73
48	78
48	79
49	14
49	16
49	38
49	42
49	64
49	69
49	70
49	75
49	76
49	78
50	2
50	16
50	19
50	38
50	41
50	46
50	58
50	60
50	72
50	80
50	81
51	44
51	48
51	56
51	60
51	65
51	68
51	69
51	73
51	74
51	79
51	81
52	7
52	18
52	22
52	42
52	45
52	55
52	63
52	70
52	73
52	74
52	79
53	19
53	41
53	47
53	66
53	67
53	71
53	76
53	77
53	78
53	80
53	81
54	19
54	22
54	26
54	32
54	34
54	39
54	57
54	59
54	61
54	73
54	79
55	15
55	21
55	28
55	33
55	44
55	45
55	52
55	61
55	63
55	69
55	72
55	76
55	81
56	29
56	39
56	40
56	46
56	47
56	51
56	62
56	66
56	68
56	75
56	79
56	80
56	81
57	1
57	13
57	15
57	22
57	28
57	34
57	39
57	54
57	59
57	67
57	73
57	78
57	81
58	50
58	59
58	62
58	67
58	71
58	73
58	75
58	76
58	77
58	78
58	81
59	5
59	13
59	22
59	28
59	34
59	39
59	40
59	54
59	57
59	58
59	74
59	77
59	80
60	3
60	12
60	14
60	15
60	47
60	50
60	51
60	71
60	72
60	74
60	75
60	78
60	79
61	6
61	7
61	16
61	20
61	23
61	31
61	32
61	44
61	48
61	54
61	55
61	63
61	70
61	71
61	74
62	14
62	20
62	30
62	34
62	35
62	39
62	45
62	48
62	56
62	58
62	71
62	73
62	75
62	79
62	80
63	6
63	22
63	23
63	27
63	31
63	36
63	43
63	44
63	45
63	47
63	52
63	55
63	61
63	64
63	67
63	70
64	12
64	14
64	16
64	22
64	25
64	30
64	32
64	37
64	43
64	49
64	63
64	65
64	69
64	71
64	72
64	74
65	4
65	11
65	26
65	27
65	29
65	30
65	34
65	41
65	46
65	48
65	51
65	64
65	68
65	70
65	74
65	78
66	2
66	8
66	9
66	12
66	18
66	20
66	26
66	29
66	30
66	33
66	37
66	53
66	56
66	73
66	75
66	80
67	10
67	33
67	46
67	53
67	57
67	58
67	63
67	69
67	71
67	72
67	74
67	75
67	76
67	77
67	81
68	1
68	4
68	8
68	10
68	23
68	37
68	39
68	44
68	51
68	56
68	65
68	72
68	73
68	76
68	78
68	79
68	80
69	3
69	12
69	14
69	16
69	25
69	32
69	35
69	37
69	42
69	44
69	49
69	51
69	55
69	64
69	67
69	70
69	71
69	78
70	2
70	6
70	7
70	11
70	15
70	25
70	26
70	31
70	38
70	44
70	45
70	49
70	52
70	61
70	63
70	65
70	69
70	74
71	8
71	10
71	14
71	17
71	36
71	38
71	46
71	53
71	58
71	60
71	61
71	62
71	64
71	67
71	69
71	76
71	77
71	78
71	81
72	1
72	2
72	3
72	18
72	27
72	37
72	45
72	47
72	50
72	55
72	60
72	64
72	67
72	68
72	73
72	74
72	75
72	77
72	78
72	80
73	1
73	10
73	21
73	31
73	38
73	41
73	46
73	48
73	51
73	52
73	54
73	57
73	58
73	62
73	66
73	68
73	72
73	74
73	76
73	78
74	2
74	21
74	24
74	36
74	39
74	42
74	47
74	51
74	52
74	59
74	60
74	61
74	64
74	65
74	67
74	70
74	72
74	73
74	77
74	78
74	80
75	10
75	18
75	20
75	33
75	40
75	43
75	44
75	49
75	56
75	58
75	60
75	62
75	66
75	67
75	72
75	76
75	77
75	78
75	79
75	80
75	81
76	4
76	5
76	8
76	19
76	24
76	30
76	33
76	38
76	44
76	46
76	49
76	53
76	55
76	58
76	67
76	68
76	71
76	73
76	75
76	77
76	78
76	81
77	2
77	4
77	5
77	6
77	17
77	19
77	23
77	38
77	40
77	46
77	53
77	58
77	59
77	67
77	71
77	72
77	74
77	75
77	76
77	79
77	80
77	81
78	9
78	11
78	19
78	20
78	23
78	29
78	34
78	48
78	49
78	53
78	57
78	58
78	60
78	65
78	68
78	69
78	71
78	72
78	73
78	74
78	75
78	76
78	81
79	7
79	20
79	24
79	26
79	30
79	33
79	35
79	36
79	40
79	43
79	45
79	47
79	48
79	51
79	52
79	54
79	56
79	60
79	62
79	68
79	75
79	77
79	80
80	5
80	6
80	18
80	26
80	29
80	30
80	32
80	33
80	35
80	40
80	41
80	43
80	50
80	53
80	56
80	59
80	62
80	66
80	68
80	72
80	74
80	75
80	77
80	79
81	4
81	5
81	7
81	8
81	17
81	23
81	29
81	35
81	38
81	42
81	46
81	50
81	51
81	53
81	55
81	56
81	57
81	58
81	67
81	71
81	75
81	76
81	77
81	78
