1	11
1	18
1	33
1	34
1	70
1	78
2	3
2	9
2	34
2	40
2	44
2	67
3	2
3	22
3	23
3	54
3	64
3	67
4	10
4	17
4	62
4	64
4	77
4	79
5	8
5	19
5	53
5	69
5	72
5	78
6	8
6	31
6	39
6	48
6	61
6	65
7	39
7	60
7	61
7	65
7	75
7	79
8	5
8	6
8	21
8	68
8	77
8	80
9	2
9	30
9	50
9	75
9	79
9	81
10	4
10	47
10	53
10	73
10	74
10	77
11	1
11	27
11	32
11	66
11	72
11	76
12	23
12	31
12	58
12	76
12	77
12	79
13	23
13	30
13	56
13	65
13	71
13	80
14	43
14	53
14	54
14	63
14	70
14	76
15	26
15	45
15	56
15	71
15	73
15	76
16	35
16	40
16	57
16	61
16	62
16	65
16	72
17	4
17	28
17	34
17	43
17	48
17	74
17	77
18	1
18	21
18	40
18	59
18	68
18	77
18	80
19	5
19	23
19	37
19	47
19	48
19	74
19	81
20	52
20	55
20	68
20	71
20	76
20	78
20	80
21	8
21	18
21	61
21	69
21	70
21	71
21	80
22	3
22	38
22	55
22	61
22	73
22	75
22	79
23	3
23	12
23	13
23	19
23	45
23	55
23	59
24	37
24	50
24	55
24	73
24	75
24	77
24	81
25	27
25	39
25	47
25	48
25	51
25	68
25	77
26	15
26	39
26	65
26	71
26	74
26	75
26	76
27	11
27	25
27	38
27	58
27	73
27	79
27	81
28	17
28	45
28	55
28	59
28	70
28	73
28	80
29	39
29	44
29	49
29	58
29	62
29	74
29	76
30	9
30	13
30	37
30	68
30	71
30	72
30	78
30	80
31	6
31	12
31	34
31	66
31	72
31	76
31	78
31	80
32	11
32	33
32	41
32	45
32	49
32	56
32	76
32	79
33	1
33	32
33	36
33	50
33	54
33	67
33	71
33	77
33	81
34	1
34	2
34	17
34	31
34	42
34	51
34	63
34	64
34	74
35	16
35	39
35	40
35	56
35	57
35	63
35	64
35	65
35	80
36	33
36	44
36	49
36	50
36	54
36	66
36	67
36	78
36	80
37	19
37	24
37	30
37	49
37	58
37	62
37	64
37	75
37	79
38	22
38	27
38	42
38	43
38	45
38	55
38	60
38	71
38	80
39	6
39	7
39	25
39	26
39	29
39	35
39	40
39	61
39	68
40	2
40	16
40	18
40	35
40	39
40	53
40	61
40	65
40	81
41	32
41	51
41	64
41	66
41	70
41	74
41	75
41	76
41	81
42	34
42	38
42	53
42	63
42	70
42	73
42	74
42	76
42	78
42	81
43	14
43	17
43	38
43	48
43	51
43	70
43	71
43	77
43	78
43	80
44	2
44	29
44	36
44	46
44	50
44	54
44	63
44	67
44	68
44	69
45	15
45	23
45	28
45	32
45	38
45	68
45	71
45	72
45	78
45	80
46	44
46	47
46	52
46	54
46	57
46	59
46	69
46	78
46	79
46	81
47	10
47	19
47	25
47	46
47	59
47	61
47	70
47	73
47	75
47	78
48	6
48	17
48	19
48	25
48	43
48	53
48	58
48	72
48	75
48	77
49	29
49	32
49	36
49	37
49	59
49	63
49	70
49	73
49	74
49	76
50	9
50	24
50	33
50	36
50	44
50	54
50	67
50	76
50	79
50	81
51	25
51	34
51	41
51	43
51	58
51	63
51	72
51	73
51	77
51	78
52	20
52	46
52	59
52	65
52	72
52	73
52	75
52	79
52	80
52	81
53	5
53	10
53	14
53	40
53	42
53	48
53	64
53	67
53	71
53	74
53	81
54	3
54	14
54	33
54	36
54	44
54	46
54	50
54	65
54	67
54	74
54	81
55	20
55	22
55	23
55	24
55	28
55	38
55	57
55	65
55	71
55	74
55	80
56	13
56	15
56	32
56	35
56	60
56	63
56	64
56	70
56	76
56	78
56	79
57	16
57	35
57	46
57	55
57	60
57	63
57	69
57	73
57	74
57	75
57	79
57	81
58	12
58	27
58	29
58	37
58	48
58	51
58	62
58	63
58	65
58	69
58	75
58	81
59	18
59	23
59	28
59	46
59	47
59	49
59	52
59	60
59	66
59	72
59	75
59	77
60	7
60	38
60	56
60	57
60	59
60	66
60	70
60	72
60	77
60	78
60	80
60	81
61	6
61	7
61	16
61	21
61	22
61	39
61	40
61	47
61	65
61	71
61	75
61	80
62	4
62	16
62	29
62	37
62	58
62	63
62	69
62	73
62	75
62	76
62	79
62	81
63	14
63	34
63	35
63	42
63	44
63	49
63	51
63	56
63	57
63	58
63	62
63	64
63	80
64	3
64	4
64	34
64	35
64	37
64	41
64	53
64	56
64	63
64	66
64	72
64	76
64	78
65	6
65	7
65	13
65	16
65	26
65	35
65	40
65	52
65	54
65	55
65	58
65	61
65	79
66	11
66	31
66	36
66	41
66	59
66	60
66	64
66	69
66	70
66	74
66	76
66	77
66	78
66	79
67	2
67	3
67	33
67	36
67	44
67	50
67	53
67	54
67	69
67	72
67	74
67	77
67	78
67	81
68	8
68	18
68	20
68	25
68	30
68	39
68	44
68	45
68	71
68	75
68	76
68	77
68	78
68	80
69	5
69	21
69	44
69	46
69	57
69	58
69	62
69	66
69	67
69	73
69	74
69	76
69	79
69	81
70	1
70	14
70	21
70	28
70	41
70	42
70	43
70	47
70	49
70	56
70	60
70	66
70	72
70	77
70	78
70	81
71	13
71	15
71	20
71	21
71	26
71	30
71	33
71	38
71	43
71	45
71	53
71	55
71	61
71	68
71	72
71	75
71	80
72	5
72	11
72	16
72	30
72	31
72	45
72	48
72	51
72	52
72	59
72	60
72	64
72	67
72	70
72	71
72	77
72	78
72	79
72	81
73	10
73	15
73	22
73	24
73	27
73	28
73	42
73	47
73	49
73	51
73	52
73	57
73	62
73	69
73	75
73	76
73	79
73	80
73	81
74	10
74	17
74	19
74	26
74	29
74	34
74	41
74	42
74	49
74	53
74	54
74	55
74	57
74	66
74	67
74	69
74	75
74	76
74	77
74	80
75	7
75	9
75	22
75	24
75	26
75	37
75	41
75	47
75	48
75	52
75	57
75	58
75	59
75	61
75	62
75	68
75	71
75	73
75	74
75	78
75	79
75	81
76	11
76	12
76	14
76	15
76	20
76	26
76	29
76	31
76	32
76	41
76	42
76	49
76	50
76	56
76	62
76	64
76	66
76	68
76	69
76	73
76	74
76	79
77	4
77	8
77	10
77	12
77	17
77	18
77	24
77	25
77	33
77	43
77	48
77	51
77	59
77	60
77	66
77	67
77	68
77	70
77	72
77	74
77	78
77	79
78	1
78	5
78	20
78	30
78	31
78	36
78	42
78	43
78	45
78	46
78	47
78	51
78	56
78	60
78	64
78	66
78	67
78	68
78	70
78	72
78	75
78	77
78	80
79	4
79	7
79	9
79	12
79	22
79	27
79	32
79	37
79	46
79	50
79	52
79	56
79	57
79	62
79	65
79	66
79	69
79	72
79	73
79	75
79	76
79	77
79	80
79	81
80	8
80	13
80	18
80	20
80	21
80	28
80	30
80	31
80	35
80	36
80	38
80	43
80	45
80	52
80	55
80	60
80	61
80	63
80	68
80	71
80	73
80	74
80	78
80	79
81	9
81	19
81	24
81	27
81	33
81	40
81	41
81	42
81	46
81	50
81	52
81	53
81	54
81	57
81	58
81	60
81	62
81	67
81	69
81	70
81	72
81	73
81	75
81	79
