1	2
1	21
1	53
1	57
1	71
1	75
2	1
2	53
2	67
2	77
2	78
2	79
3	46
3	47
3	57
3	65
3	68
3	72
4	30
4	31
4	55
4	62
4	67
4	81
5	36
5	37
5	48
5	56
5	66
5	68
6	51
6	62
6	73
6	76
6	79
6	80
7	21
7	38
7	43
7	60
7	63
7	65
8	39
8	48
8	52
8	53
8	59
8	64
9	11
9	54
9	65
9	70
9	73
9	74
10	24
10	34
10	61
10	68
10	73
10	80
11	9
11	40
11	45
11	49
11	67
11	71
11	76
12	22
12	25
12	41
12	49
12	53
12	59
12	72
13	22
13	39
13	41
13	59
13	63
13	65
13	70
14	36
14	45
14	60
14	65
14	67
14	78
14	80
15	23
15	38
15	66
15	71
15	74
15	75
15	76
16	23
16	24
16	31
16	50
16	55
16	67
16	75
17	32
17	45
17	47
17	59
17	60
17	65
17	75
18	42
18	47
18	48
18	70
18	74
18	76
18	79
19	21
19	44
19	47
19	57
19	67
19	72
19	81
20	30
20	62
20	63
20	76
20	77
20	78
20	80
21	1
21	7
21	19
21	47
21	51
21	52
21	77
21	80
22	12
22	13
22	28
22	42
22	53
22	59
22	74
22	75
23	15
23	16
23	32
23	59
23	64
23	67
23	72
23	73
24	10
24	16
24	31
24	37
24	42
24	55
24	77
24	79
25	12
25	28
25	69
25	70
25	75
25	78
25	79
25	81
26	53
26	54
26	62
26	66
26	69
26	75
26	76
26	78
27	40
27	49
27	52
27	55
27	58
27	62
27	64
27	69
27	80
28	22
28	25
28	39
28	51
28	54
28	67
28	72
28	77
28	80
29	49
29	50
29	68
29	73
29	74
29	76
29	78
29	79
29	81
30	4
30	20
30	31
30	33
30	41
30	42
30	55
30	70
30	80
31	4
31	16
31	24
31	30
31	33
31	35
31	59
31	61
31	79
32	17
32	23
32	58
32	63
32	66
32	74
32	77
32	78
32	81
33	30
33	31
33	37
33	42
33	55
33	67
33	73
33	78
33	79
34	10
34	37
34	41
34	56
34	68
34	69
34	75
34	78
34	80
35	31
35	36
35	38
35	45
35	48
35	55
35	60
35	65
35	69
36	5
36	14
36	35
36	38
36	54
36	60
36	65
36	69
36	79
36	80
37	5
37	24
37	33
37	34
37	46
37	61
37	62
37	68
37	71
37	74
38	7
38	15
38	35
38	36
38	46
38	52
38	56
38	60
38	65
38	73
39	8
39	13
39	28
39	41
39	50
39	51
39	53
39	59
39	69
39	77
40	11
40	27
40	44
40	46
40	47
40	56
40	61
40	68
40	79
40	81
41	12
41	13
41	30
41	34
41	39
41	43
41	53
41	59
41	63
41	70
42	18
42	22
42	24
42	30
42	33
42	55
42	58
42	62
42	70
42	78
43	7
43	41
43	44
43	49
43	61
43	66
43	69
43	75
43	76
43	81
44	19
44	40
44	43
44	46
44	58
44	70
44	72
44	75
44	79
44	81
45	11
45	14
45	17
45	35
45	60
45	64
45	65
45	73
45	74
45	76
46	3
46	37
46	38
46	40
46	44
46	56
46	61
46	65
46	77
46	79
47	3
47	17
47	18
47	19
47	21
47	40
47	56
47	61
47	66
47	68
48	5
48	8
48	18
48	35
48	55
48	63
48	72
48	73
48	74
48	78
48	81
49	11
49	12
49	27
49	29
49	43
49	50
49	53
49	54
49	69
49	71
49	76
50	16
50	29
50	39
50	49
50	51
50	57
50	69
50	71
50	75
50	76
50	78
51	6
51	21
51	28
51	39
51	50
51	57
51	64
51	72
51	77
51	78
51	80
51	81
52	8
52	21
52	27
52	38
52	58
52	62
52	63
52	66
52	68
52	74
52	77
52	78
53	1
53	2
53	8
53	12
53	22
53	26
53	39
53	41
53	49
53	59
53	70
53	80
54	9
54	26
54	28
54	36
54	49
54	58
54	63
54	64
54	71
54	74
54	77
54	80
55	4
55	16
55	24
55	27
55	30
55	33
55	35
55	42
55	48
55	70
55	71
55	79
56	5
56	34
56	38
56	40
56	46
56	47
56	60
56	61
56	63
56	68
56	71
56	75
56	79
57	1
57	3
57	19
57	50
57	51
57	66
57	69
57	70
57	71
57	72
57	75
57	76
57	80
58	27
58	32
58	42
58	44
58	52
58	54
58	62
58	64
58	65
58	68
58	72
58	77
58	80
58	81
59	8
59	12
59	13
59	17
59	22
59	23
59	31
59	39
59	41
59	53
59	67
59	71
59	73
59	81
60	7
60	14
60	17
60	35
60	36
60	38
60	45
60	56
60	64
60	65
60	71
60	73
60	74
60	81
61	10
61	31
61	37
61	40
61	43
61	46
61	47
61	56
61	68
61	75
61	76
61	79
61	80
61	81
62	4
62	6
62	20
62	26
62	27
62	37
62	42
62	52
62	58
62	63
62	76
62	77
62	78
62	80
62	81
63	7
63	13
63	20
63	32
63	41
63	48
63	52
63	54
63	56
63	62
63	64
63	75
63	77
63	78
63	80
64	8
64	23
64	27
64	45
64	51
64	54
64	58
64	60
64	63
64	67
64	68
64	71
64	77
64	80
64	81
65	3
65	7
65	9
65	13
65	14
65	17
65	35
65	36
65	38
65	45
65	46
65	58
65	60
65	66
65	80
65	81
66	5
66	15
66	26
66	32
66	43
66	47
66	52
66	57
66	65
66	68
66	69
66	71
66	74
66	75
66	76
66	80
67	2
67	4
67	11
67	14
67	16
67	19
67	23
67	28
67	33
67	59
67	64
67	68
67	72
67	73
67	78
67	79
67	81
68	3
68	5
68	10
68	29
68	34
68	37
68	40
68	47
68	52
68	56
68	58
68	61
68	64
68	66
68	67
68	69
68	72
69	25
69	26
69	27
69	34
69	35
69	36
69	39
69	43
69	49
69	50
69	57
69	66
69	68
69	70
69	71
69	72
69	75
69	76
70	9
70	13
70	18
70	25
70	30
70	41
70	42
70	44
70	53
70	55
70	57
70	69
70	72
70	73
70	77
70	78
70	79
70	81
71	1
71	11
71	15
71	37
71	49
71	50
71	54
71	55
71	56
71	57
71	59
71	60
71	64
71	66
71	69
71	72
71	73
71	75
71	76
72	3
72	12
72	19
72	23
72	28
72	44
72	48
72	51
72	57
72	58
72	67
72	68
72	69
72	70
72	71
72	74
72	75
72	78
72	81
73	6
73	9
73	10
73	23
73	29
73	33
73	38
73	45
73	48
73	59
73	60
73	67
73	70
73	71
73	74
73	77
73	78
73	79
73	81
74	9
74	15
74	18
74	22
74	29
74	32
74	37
74	45
74	48
74	52
74	54
74	60
74	66
74	72
74	73
74	76
74	77
74	78
74	79
74	81
75	1
75	15
75	16
75	17
75	22
75	25
75	26
75	34
75	43
75	44
75	50
75	56
75	57
75	61
75	63
75	66
75	69
75	71
75	72
75	76
75	79
76	6
76	11
76	15
76	18
76	20
76	26
76	29
76	43
76	45
76	49
76	50
76	57
76	61
76	62
76	66
76	69
76	71
76	74
76	75
76	77
76	79
77	2
77	20
77	21
77	24
77	28
77	32
77	39
77	46
77	51
77	52
77	54
77	58
77	62
77	63
77	64
77	70
77	73
77	74
77	76
77	78
77	80
78	2
78	14
78	20
78	25
78	26
78	29
78	32
78	33
78	34
78	42
78	48
78	50
78	51
78	52
78	62
78	63
78	67
78	70
78	72
78	73
78	74
78	77
78	79
79	2
79	6
79	18
79	24
79	25
79	29
79	31
79	33
79	36
79	40
79	44
79	46
79	55
79	56
79	61
79	67
79	70
79	73
79	74
79	75
79	76
79	78
79	81
80	6
80	10
80	14
80	20
80	21
80	27
80	28
80	30
80	34
80	36
80	51
80	53
80	54
80	57
80	58
80	61
80	62
80	63
80	64
80	65
80	66
80	77
80	81
81	4
81	19
81	25
81	29
81	32
81	40
81	43
81	44
81	48
81	51
81	58
81	59
81	60
81	61
81	62
81	64
81	65
81	67
81	70
81	72
81	73
81	74
81	79
81	80
