1	2
1	68
1	69
1	75
1	76
1	78
2	1
2	17
2	26
2	53
2	63
2	77
3	45
3	49
3	72
3	73
3	74
3	75
4	44
4	55
4	56
4	71
4	74
4	75
5	7
5	27
5	61
5	74
5	78
5	81
6	7
6	54
6	58
6	59
6	67
6	68
7	5
7	6
7	20
7	32
7	52
7	61
8	18
8	27
8	35
8	65
8	72
8	73
9	12
9	33
9	64
9	71
9	75
9	77
10	18
10	60
10	61
10	67
10	68
10	77
11	25
11	26
11	62
11	63
11	69
11	80
12	9
12	17
12	58
12	64
12	76
12	78
13	36
13	45
13	50
13	73
13	74
13	75
14	56
14	68
14	70
14	79
14	80
14	81
15	22
15	37
15	40
15	64
15	70
15	79
16	56
16	72
16	73
16	75
16	76
16	79
17	2
17	12
17	42
17	67
17	76
17	77
18	8
18	10
18	55
18	62
18	63
18	72
18	77
19	29
19	52
19	57
19	59
19	64
19	73
19	80
20	7
20	46
20	58
20	69
20	71
20	75
20	80
21	33
21	53
21	64
21	67
21	69
21	76
21	80
22	15
22	23
22	27
22	66
22	76
22	79
22	80
23	22
23	28
23	55
23	60
23	70
23	78
23	81
24	31
24	34
24	53
24	63
24	65
24	66
24	79
25	11
25	42
25	43
25	52
25	55
25	64
25	79
26	2
26	11
26	34
26	48
26	71
26	73
26	74
27	5
27	8
27	22
27	34
27	47
27	57
27	73
27	79
28	23
28	33
28	51
28	59
28	67
28	75
28	76
28	81
29	19
29	44
29	65
29	72
29	74
29	78
29	79
29	81
30	37
30	49
30	57
30	68
30	69
30	70
30	74
30	76
31	24
31	51
31	62
31	66
31	68
31	70
31	76
31	79
32	7
32	34
32	49
32	55
32	67
32	69
32	75
32	80
33	9
33	21
33	28
33	39
33	57
33	69
33	73
33	80
34	24
34	26
34	27
34	32
34	54
34	64
34	71
34	80
35	8
35	44
35	46
35	52
35	69
35	77
35	79
35	80
36	13
36	42
36	43
36	60
36	69
36	72
36	74
36	81
37	15
37	30
37	38
37	63
37	65
37	74
37	77
37	78
37	81
38	37
38	39
38	42
38	65
38	67
38	78
38	79
38	80
38	81
39	33
39	38
39	43
39	51
39	68
39	69
39	76
39	79
39	80
40	15
40	43
40	50
40	55
40	59
40	62
40	75
40	78
40	80
41	50
41	52
41	60
41	61
41	64
41	71
41	73
41	75
41	80
42	17
42	25
42	36
42	38
42	45
42	54
42	59
42	62
42	78
42	81
43	25
43	36
43	39
43	40
43	47
43	53
43	66
43	70
43	78
43	79
44	4
44	29
44	35
44	47
44	51
44	57
44	64
44	66
44	72
44	80
45	3
45	13
45	42
45	47
45	48
45	56
45	58
45	63
45	71
45	77
45	80
46	20
46	35
46	51
46	55
46	56
46	64
46	65
46	67
46	68
46	73
46	76
47	27
47	43
47	44
47	45
47	49
47	56
47	69
47	70
47	73
47	79
47	81
48	26
48	45
48	49
48	54
48	58
48	59
48	62
48	73
48	77
48	78
48	81
49	3
49	30
49	32
49	47
49	48
49	58
49	62
49	63
49	71
49	74
49	77
50	13
50	40
50	41
50	59
50	63
50	66
50	71
50	72
50	74
50	75
50	76
51	28
51	31
51	39
51	44
51	46
51	52
51	57
51	61
51	71
51	76
51	79
52	7
52	19
52	25
52	35
52	41
52	51
52	57
52	67
52	76
52	79
52	80
53	2
53	21
53	24
53	43
53	56
53	66
53	70
53	73
53	74
53	76
53	79
54	6
54	34
54	42
54	48
54	60
54	65
54	68
54	73
54	74
54	78
54	80
54	81
55	4
55	18
55	23
55	25
55	32
55	40
55	46
55	57
55	66
55	68
55	78
55	80
56	4
56	14
56	16
56	45
56	46
56	47
56	53
56	59
56	66
56	70
56	74
56	79
57	19
57	27
57	30
57	33
57	44
57	51
57	52
57	55
57	61
57	62
57	67
57	81
58	6
58	12
58	20
58	45
58	48
58	49
58	60
58	62
58	68
58	71
58	75
58	77
58	81
59	6
59	19
59	28
59	40
59	42
59	48
59	50
59	56
59	69
59	70
59	72
59	75
59	80
60	10
60	23
60	36
60	41
60	54
60	58
60	61
60	72
60	74
60	75
60	78
60	79
60	81
61	5
61	7
61	10
61	41
61	51
61	57
61	60
61	65
61	68
61	69
61	71
61	72
61	81
62	11
62	18
62	31
62	40
62	42
62	48
62	49
62	57
62	58
62	63
62	65
62	71
62	72
62	77
63	2
63	11
63	18
63	24
63	37
63	45
63	49
63	50
63	62
63	71
63	75
63	77
63	79
63	80
64	9
64	12
64	15
64	19
64	21
64	25
64	34
64	41
64	44
64	46
64	67
64	72
64	78
64	81
65	8
65	24
65	29
65	37
65	38
65	46
65	54
65	61
65	62
65	69
65	72
65	74
65	78
65	81
66	22
66	24
66	31
66	43
66	44
66	50
66	53
66	55
66	56
66	73
66	76
66	77
66	78
66	79
66	81
67	6
67	10
67	17
67	21
67	28
67	32
67	38
67	46
67	52
67	57
67	64
67	70
67	75
67	76
67	77
68	1
68	6
68	10
68	14
68	30
68	31
68	39
68	46
68	54
68	55
68	58
68	61
68	69
68	76
68	77
68	81
69	1
69	11
69	20
69	21
69	30
69	32
69	33
69	35
69	36
69	39
69	47
69	59
69	61
69	65
69	68
69	76
70	14
70	15
70	23
70	30
70	31
70	43
70	47
70	53
70	56
70	59
70	67
70	72
70	73
70	75
70	79
70	81
71	4
71	9
71	20
71	26
71	34
71	41
71	45
71	49
71	50
71	51
71	58
71	61
71	62
71	63
71	75
71	76
71	77
72	3
72	8
72	16
72	18
72	29
72	36
72	44
72	50
72	59
72	60
72	61
72	62
72	64
72	65
72	70
72	73
72	74
72	80
73	3
73	8
73	13
73	16
73	19
73	26
73	27
73	33
73	41
73	46
73	47
73	48
73	53
73	54
73	66
73	70
73	72
73	78
73	79
74	3
74	4
74	5
74	13
74	26
74	29
74	30
74	36
74	37
74	49
74	50
74	53
74	54
74	56
74	60
74	65
74	72
74	78
74	81
75	1
75	3
75	4
75	9
75	13
75	16
75	20
75	28
75	32
75	40
75	41
75	50
75	58
75	59
75	60
75	63
75	67
75	70
75	71
75	77
76	1
76	12
76	16
76	17
76	21
76	22
76	28
76	30
76	31
76	39
76	46
76	50
76	51
76	52
76	53
76	66
76	67
76	68
76	69
76	71
76	80
77	2
77	9
77	10
77	17
77	18
77	35
77	37
77	45
77	48
77	49
77	58
77	62
77	63
77	66
77	67
77	68
77	71
77	75
77	78
77	80
77	81
78	1
78	5
78	12
78	23
78	29
78	37
78	38
78	40
78	42
78	43
78	48
78	54
78	55
78	60
78	64
78	65
78	66
78	73
78	74
78	77
78	81
79	14
79	15
79	16
79	22
79	24
79	25
79	27
79	29
79	31
79	35
79	38
79	39
79	43
79	47
79	51
79	52
79	53
79	56
79	60
79	63
79	66
79	70
79	73
80	11
80	14
80	19
80	20
80	21
80	22
80	32
80	33
80	34
80	35
80	38
80	39
80	40
80	41
80	44
80	45
80	52
80	54
80	55
80	59
80	63
80	72
80	76
80	77
81	5
81	14
81	23
81	28
81	29
81	36
81	37
81	38
81	42
81	47
81	48
81	54
81	57
81	58
81	60
81	61
81	64
81	65
81	66
81	68
81	70
81	74
81	77
81	78
