1	11
1	35
1	62
1	73
1	78
1	79
2	16
2	26
2	53
2	65
2	67
2	76
3	25
3	31
3	34
3	35
3	49
3	65
4	28
4	31
4	39
4	54
4	63
4	71
5	14
5	32
5	49
5	50
5	69
5	79
6	39
6	42
6	44
6	58
6	71
6	74
7	16
7	56
7	62
7	75
7	77
7	81
8	26
8	53
8	57
8	66
8	75
8	80
9	21
9	66
9	73
9	78
9	79
9	81
10	49
10	66
10	70
10	74
10	80
10	81
11	1
11	46
11	58
11	60
11	65
11	79
12	41
12	44
12	62
12	72
12	76
12	79
13	17
13	24
13	50
13	69
13	79
13	81
14	5
14	22
14	29
14	74
14	77
14	81
15	16
15	72
15	73
15	74
15	78
15	79
16	2
16	7
16	15
16	30
16	62
16	67
16	76
17	13
17	34
17	59
17	68
17	69
17	73
17	79
18	43
18	52
18	70
18	74
18	75
18	80
18	81
19	32
19	44
19	45
19	46
19	53
19	55
19	57
20	27
20	34
20	57
20	58
20	60
20	67
20	73
21	9
21	27
21	29
21	43
21	51
21	53
21	62
22	14
22	54
22	71
22	73
22	77
22	78
22	79
23	33
23	69
23	71
23	75
23	77
23	80
23	81
24	13
24	26
24	48
24	54
24	66
24	73
24	78
24	79
25	3
25	53
25	68
25	74
25	75
25	77
25	80
25	81
26	2
26	8
26	24
26	38
26	43
26	47
26	66
26	76
27	20
27	21
27	33
27	60
27	61
27	64
27	65
27	77
28	4
28	31
28	32
28	39
28	75
28	77
28	80
28	81
29	14
29	21
29	39
29	50
29	60
29	62
29	64
29	69
30	16
30	43
30	45
30	46
30	54
30	58
30	61
30	64
31	3
31	4
31	28
31	38
31	43
31	70
31	72
31	81
32	5
32	19
32	28
32	51
32	62
32	63
32	64
32	73
33	23
33	27
33	34
33	47
33	60
33	61
33	64
33	68
33	73
34	3
34	17
34	20
34	33
34	46
34	50
34	61
34	64
34	71
35	1
35	3
35	48
35	56
35	57
35	66
35	68
35	69
35	79
36	54
36	60
36	65
36	74
36	75
36	77
36	78
36	80
36	81
37	47
37	52
37	54
37	73
37	74
37	75
37	77
37	78
37	79
38	26
38	31
38	45
38	50
38	63
38	67
38	72
38	76
38	78
39	4
39	6
39	28
39	29
39	48
39	59
39	65
39	71
39	76
40	41
40	49
40	52
40	65
40	70
40	71
40	74
40	75
40	77
41	12
41	40
41	45
41	63
41	64
41	67
41	72
41	76
41	78
42	6
42	46
42	47
42	48
42	63
42	66
42	67
42	72
42	73
42	76
43	18
43	21
43	26
43	30
43	31
43	44
43	53
43	55
43	59
43	70
44	6
44	12
44	19
44	43
44	52
44	55
44	57
44	65
44	70
44	72
45	19
45	30
45	38
45	41
45	51
45	74
45	75
45	77
45	80
45	81
46	11
46	19
46	30
46	34
46	42
46	58
46	64
46	77
46	78
46	80
47	26
47	33
47	37
47	42
47	58
47	63
47	69
47	72
47	75
47	76
48	24
48	35
48	39
48	42
48	52
48	57
48	73
48	78
48	79
48	80
49	3
49	5
49	10
49	40
49	55
49	60
49	65
49	70
49	71
49	74
49	79
50	5
50	13
50	29
50	34
50	38
50	56
50	61
50	66
50	68
50	72
50	80
51	21
51	32
51	45
51	55
51	56
51	62
51	64
51	66
51	67
51	78
51	81
52	18
52	37
52	40
52	44
52	48
52	54
52	64
52	73
52	76
52	78
52	79
53	2
53	8
53	19
53	21
53	25
53	43
53	54
53	62
53	68
53	69
53	72
53	76
54	4
54	22
54	24
54	30
54	36
54	37
54	52
54	53
54	59
54	78
54	79
54	80
55	19
55	43
55	44
55	49
55	51
55	59
55	63
55	70
55	71
55	72
55	74
55	76
56	7
56	35
56	50
56	51
56	57
56	60
56	61
56	65
56	66
56	68
56	71
56	73
57	8
57	19
57	20
57	35
57	44
57	48
57	56
57	66
57	68
57	72
57	76
57	80
58	6
58	11
58	20
58	30
58	46
58	47
58	60
58	61
58	64
58	67
58	68
58	79
58	81
59	17
59	39
59	43
59	54
59	55
59	61
59	65
59	68
59	70
59	71
59	72
59	74
59	78
60	11
60	20
60	27
60	29
60	33
60	36
60	49
60	56
60	58
60	61
60	66
60	70
60	78
61	27
61	30
61	33
61	34
61	50
61	56
61	58
61	59
61	60
61	64
61	67
61	73
61	75
62	1
62	7
62	12
62	16
62	21
62	29
62	32
62	51
62	53
62	66
62	68
62	74
62	75
62	76
63	4
63	32
63	38
63	41
63	42
63	47
63	55
63	67
63	72
63	76
63	77
63	78
63	80
63	81
64	27
64	29
64	30
64	32
64	33
64	34
64	41
64	46
64	51
64	52
64	58
64	61
64	68
64	77
65	2
65	3
65	11
65	27
65	36
65	39
65	40
65	44
65	49
65	56
65	59
65	66
65	70
65	71
65	81
66	8
66	9
66	10
66	24
66	26
66	35
66	42
66	50
66	51
66	56
66	57
66	60
66	62
66	65
66	67
66	69
67	2
67	16
67	20
67	38
67	41
67	42
67	51
67	58
67	61
67	63
67	66
67	70
67	72
67	76
67	77
67	78
68	17
68	25
68	33
68	35
68	50
68	53
68	56
68	57
68	58
68	59
68	62
68	64
68	69
68	70
68	71
68	79
69	5
69	13
69	17
69	23
69	29
69	35
69	47
69	53
69	66
69	68
69	70
69	71
69	75
69	77
69	80
69	81
70	10
70	18
70	31
70	40
70	43
70	44
70	49
70	55
70	59
70	60
70	65
70	67
70	68
70	69
70	78
70	80
71	4
71	6
71	22
71	23
71	34
71	39
71	40
71	49
71	55
71	56
71	59
71	65
71	68
71	69
71	75
71	81
72	12
72	15
72	31
72	38
72	41
72	42
72	44
72	47
72	50
72	53
72	55
72	57
72	59
72	63
72	67
72	76
72	81
73	1
73	9
73	15
73	17
73	20
73	22
73	24
73	32
73	33
73	37
73	42
73	48
73	52
73	56
73	61
73	75
73	78
73	79
73	81
74	6
74	10
74	14
74	15
74	18
74	25
74	36
74	37
74	40
74	45
74	49
74	55
74	59
74	62
74	75
74	76
74	77
74	78
74	80
74	81
75	7
75	8
75	18
75	23
75	25
75	28
75	36
75	37
75	40
75	45
75	47
75	61
75	62
75	69
75	71
75	73
75	74
75	76
75	77
75	80
75	81
76	2
76	12
76	16
76	26
76	38
76	39
76	41
76	42
76	47
76	52
76	53
76	55
76	57
76	62
76	63
76	67
76	72
76	74
76	75
76	80
76	81
77	7
77	14
77	22
77	23
77	25
77	27
77	28
77	36
77	37
77	40
77	45
77	46
77	63
77	64
77	67
77	69
77	74
77	75
77	79
77	80
77	81
78	1
78	9
78	15
78	22
78	24
78	36
78	37
78	38
78	41
78	46
78	48
78	51
78	52
78	54
78	59
78	60
78	63
78	67
78	70
78	73
78	74
78	79
79	1
79	5
79	9
79	11
79	12
79	13
79	15
79	17
79	22
79	24
79	35
79	37
79	48
79	49
79	52
79	54
79	58
79	68
79	73
79	77
79	78
79	80
80	8
80	10
80	18
80	23
80	25
80	28
80	36
80	45
80	46
80	48
80	50
80	54
80	57
80	63
80	69
80	70
80	74
80	75
80	76
80	77
80	79
80	81
81	7
81	9
81	10
81	13
81	14
81	18
81	23
81	25
81	28
81	31
81	36
81	45
81	51
81	58
81	63
81	65
81	69
81	71
81	72
81	73
81	74
81	75
81	76
81	77
81	80
