1	3
1	7
1	26
1	43
1	70
1	74
2	23
2	55
2	59
2	60
2	75
2	79
3	1
3	24
3	53
3	61
3	67
3	77
4	21
4	23
4	24
4	40
4	69
4	72
5	25
5	31
5	53
5	61
5	73
5	81
6	31
6	41
6	65
6	66
6	69
6	81
7	1
7	13
7	37
7	40
7	74
7	81
8	27
8	52
8	55
8	65
8	66
8	70
9	18
9	22
9	39
9	51
9	63
9	68
10	40
10	50
10	52
10	65
10	70
10	77
11	38
11	46
11	58
11	66
11	77
11	79
12	45
12	56
12	70
12	71
12	74
12	79
13	7
13	46
13	61
13	72
13	78
13	81
14	28
14	50
14	55
14	67
14	79
14	81
15	18
15	42
15	58
15	73
15	77
15	80
16	18
16	31
16	38
16	62
16	75
16	79
17	21
17	56
17	58
17	75
17	76
17	79
18	9
18	15
18	16
18	64
18	68
18	80
19	20
19	33
19	57
19	71
19	73
19	75
19	78
20	19
20	43
20	60
20	63
20	69
20	76
20	77
21	4
21	17
21	29
21	49
21	54
21	56
21	72
22	9
22	40
22	57
22	62
22	71
22	77
22	80
23	2
23	4
23	26
23	60
23	67
23	68
23	81
24	3
24	4
24	57
24	62
24	67
24	70
24	80
25	5
25	34
25	36
25	37
25	68
25	73
25	76
26	1
26	23
26	42
26	49
26	54
26	69
26	72
27	8
27	41
27	43
27	46
27	67
27	74
27	80
28	14
28	40
28	49
28	64
28	71
28	74
28	81
29	21
29	30
29	51
29	59
29	60
29	61
29	67
29	81
30	29
30	32
30	52
30	59
30	67
30	69
30	72
30	81
31	5
31	6
31	16
31	39
31	41
31	45
31	69
31	70
32	30
32	45
32	47
32	65
32	66
32	72
32	75
32	78
33	19
33	48
33	63
33	68
33	72
33	75
33	76
33	77
34	25
34	57
34	68
34	71
34	72
34	74
34	76
34	80
35	48
35	55
35	62
35	69
35	74
35	78
35	79
35	80
36	25
36	41
36	56
36	66
36	69
36	71
36	73
36	78
37	7
37	25
37	55
37	62
37	68
37	75
37	77
37	79
38	11
38	16
38	40
38	43
38	60
38	61
38	74
38	81
39	9
39	31
39	56
39	63
39	73
39	74
39	76
39	78
40	4
40	7
40	10
40	22
40	28
40	38
40	44
40	61
40	81
41	6
41	27
41	31
41	36
41	45
41	47
41	50
41	54
41	70
42	15
42	26
42	47
42	51
42	68
42	69
42	73
42	77
42	78
42	81
43	1
43	20
43	27
43	38
43	51
43	58
43	64
43	76
43	80
43	81
44	40
44	48
44	54
44	56
44	59
44	62
44	65
44	75
44	77
44	79
45	12
45	31
45	32
45	41
45	48
45	52
45	72
45	76
45	77
45	79
46	11
46	13
46	27
46	56
46	68
46	73
46	75
46	76
46	78
46	80
47	32
47	41
47	42
47	51
47	52
47	65
47	69
47	72
47	78
47	80
48	33
48	35
48	44
48	45
48	63
48	65
48	68
48	75
48	79
48	81
49	21
49	26
49	28
49	51
49	54
49	60
49	73
49	76
49	77
49	78
50	10
50	14
50	41
50	65
50	70
50	71
50	73
50	75
50	78
50	80
51	9
51	29
51	42
51	43
51	47
51	49
51	71
51	74
51	77
51	78
52	8
52	10
52	30
52	45
52	47
52	54
52	69
52	70
52	73
52	80
53	3
53	5
53	54
53	58
53	60
53	67
53	73
53	77
53	78
53	80
53	81
54	21
54	26
54	41
54	44
54	49
54	52
54	53
54	61
54	67
54	72
54	76
55	2
55	8
55	14
55	35
55	37
55	57
55	63
55	64
55	69
55	75
55	79
56	12
56	17
56	21
56	36
56	39
56	44
56	46
56	63
56	72
56	75
56	79
57	19
57	22
57	24
57	34
57	55
57	59
57	71
57	74
57	75
57	77
57	78
57	79
58	11
58	15
58	17
58	43
58	53
58	59
58	64
58	66
58	73
58	74
58	80
58	81
59	2
59	29
59	30
59	44
59	57
59	58
59	63
59	64
59	66
59	70
59	71
59	74
60	2
60	20
60	23
60	29
60	38
60	49
60	53
60	67
60	70
60	74
60	80
60	81
61	3
61	5
61	13
61	29
61	38
61	40
61	54
61	69
61	71
61	73
61	76
61	79
61	81
62	16
62	22
62	24
62	35
62	37
62	44
62	63
62	68
62	69
62	70
62	75
62	79
62	81
63	9
63	20
63	33
63	39
63	48
63	55
63	56
63	59
63	62
63	71
63	75
63	79
63	81
64	18
64	28
64	43
64	55
64	58
64	59
64	65
64	69
64	71
64	72
64	74
64	79
64	81
65	6
65	8
65	10
65	32
65	44
65	47
65	48
65	50
65	64
65	66
65	67
65	70
65	71
66	6
66	8
66	11
66	32
66	36
66	58
66	59
66	65
66	68
66	73
66	76
66	77
66	78
67	3
67	14
67	23
67	24
67	27
67	29
67	30
67	53
67	54
67	60
67	65
67	72
67	81
68	9
68	18
68	23
68	25
68	33
68	34
68	37
68	42
68	46
68	48
68	62
68	66
68	75
68	76
68	77
68	80
69	4
69	6
69	20
69	26
69	30
69	31
69	35
69	36
69	42
69	47
69	52
69	55
69	61
69	62
69	64
69	72
69	76
70	1
70	8
70	10
70	12
70	24
70	31
70	41
70	50
70	52
70	59
70	60
70	62
70	65
70	72
70	74
70	76
70	79
70	80
71	12
71	19
71	22
71	28
71	34
71	36
71	50
71	51
71	57
71	59
71	61
71	63
71	64
71	65
71	76
71	77
71	79
71	80
72	4
72	13
72	21
72	26
72	30
72	32
72	33
72	34
72	45
72	47
72	54
72	56
72	64
72	67
72	69
72	70
72	74
72	78
72	80
73	5
73	15
73	19
73	25
73	36
73	39
73	42
73	46
73	49
73	50
73	52
73	53
73	58
73	61
73	66
73	74
73	77
73	78
73	80
73	81
74	1
74	7
74	12
74	27
74	28
74	34
74	35
74	38
74	39
74	51
74	57
74	58
74	59
74	60
74	64
74	70
74	72
74	73
74	79
74	80
75	2
75	16
75	17
75	19
75	32
75	33
75	37
75	44
75	46
75	48
75	50
75	55
75	56
75	57
75	62
75	63
75	68
75	76
75	78
75	79
76	17
76	20
76	25
76	33
76	34
76	39
76	43
76	45
76	46
76	49
76	54
76	61
76	66
76	68
76	69
76	70
76	71
76	75
76	77
76	78
76	81
77	3
77	10
77	11
77	15
77	20
77	22
77	33
77	37
77	42
77	44
77	45
77	49
77	51
77	53
77	57
77	66
77	68
77	71
77	73
77	76
77	78
77	80
78	13
78	19
78	32
78	35
78	36
78	39
78	42
78	46
78	47
78	49
78	50
78	51
78	53
78	57
78	66
78	72
78	73
78	75
78	76
78	77
78	79
78	80
79	2
79	11
79	12
79	14
79	16
79	17
79	35
79	37
79	44
79	45
79	48
79	55
79	56
79	57
79	61
79	62
79	63
79	64
79	70
79	71
79	74
79	75
79	78
79	80
80	15
80	18
80	22
80	24
80	27
80	34
80	35
80	43
80	46
80	47
80	50
80	52
80	53
80	58
80	60
80	68
80	70
80	71
80	72
80	73
80	74
80	77
80	78
80	79
80	81
81	5
81	6
81	7
81	13
81	14
81	23
81	28
81	29
81	30
81	38
81	40
81	42
81	43
81	48
81	53
81	58
81	60
81	61
81	62
81	63
81	64
81	67
81	73
81	76
81	80
