1	55
1	60
1	73
1	74
1	78
1	81
2	25
2	46
2	65
2	66
2	79
2	81
3	14
3	23
3	51
3	57
3	58
3	74
4	22
4	41
4	45
4	53
4	67
4	68
5	40
5	41
5	63
5	68
5	72
5	80
6	32
6	39
6	51
6	57
6	58
6	80
7	30
7	36
7	40
7	42
7	55
7	78
8	11
8	40
8	42
8	71
8	77
8	78
9	17
9	46
9	49
9	64
9	74
9	81
10	26
10	58
10	62
10	66
10	76
10	79
11	8
11	20
11	24
11	42
11	62
11	71
11	77
12	37
12	39
12	41
12	50
12	51
12	63
12	67
13	26
13	38
13	51
13	57
13	58
13	66
13	68
14	3
14	45
14	48
14	56
14	61
14	78
14	80
15	25
15	50
15	53
15	55
15	57
15	65
15	67
16	24
16	28
16	38
16	51
16	53
16	58
16	79
17	9
17	22
17	25
17	27
17	45
17	69
17	80
18	29
18	44
18	50
18	53
18	55
18	67
18	72
19	41
19	50
19	53
19	61
19	64
19	66
19	67
20	11
20	28
20	30
20	40
20	42
20	70
20	73
21	28
21	47
21	57
21	66
21	67
21	73
21	74
22	4
22	17
22	57
22	68
22	73
22	74
22	77
22	81
23	3
23	27
23	50
23	55
23	57
23	70
23	71
23	74
24	11
24	16
24	38
24	47
24	51
24	57
24	58
24	60
25	2
25	15
25	17
25	31
25	39
25	56
25	68
25	73
26	10
26	13
26	34
26	35
26	45
26	68
26	69
26	77
27	17
27	23
27	43
27	59
27	60
27	61
27	71
27	75
28	16
28	20
28	21
28	53
28	55
28	65
28	66
28	77
29	18
29	39
29	58
29	69
29	72
29	75
29	78
29	79
30	7
30	20
30	37
30	40
30	42
30	54
30	60
30	76
31	25
31	34
31	37
31	48
31	52
31	54
31	66
31	77
32	6
32	51
32	63
32	68
32	70
32	78
32	80
32	81
33	48
33	53
33	62
33	65
33	69
33	70
33	72
33	76
33	79
34	26
34	31
34	43
34	56
34	67
34	69
34	70
34	78
34	81
35	26
35	49
35	63
35	66
35	68
35	69
35	76
35	78
35	80
36	7
36	38
36	49
36	55
36	64
36	75
36	76
36	78
36	79
37	12
37	30
37	31
37	43
37	45
37	54
37	59
37	60
37	70
37	71
38	13
38	16
38	24
38	36
38	54
38	57
38	58
38	65
38	71
38	75
38	76
39	6
39	12
39	25
39	29
39	46
39	49
39	63
39	67
39	68
39	78
39	80
40	5
40	7
40	8
40	20
40	30
40	42
40	61
40	75
40	76
40	80
40	81
41	4
41	5
41	12
41	19
41	50
41	53
41	62
41	63
41	67
41	69
41	74
42	7
42	8
42	11
42	20
42	30
42	40
42	45
42	52
42	70
42	71
42	79
42	80
43	27
43	34
43	37
43	44
43	56
43	58
43	62
43	63
43	68
43	72
43	78
43	80
44	18
44	43
44	45
44	56
44	63
44	64
44	69
44	72
44	75
44	76
44	79
44	81
45	4
45	14
45	17
45	26
45	37
45	42
45	44
45	57
45	58
45	63
45	78
45	80
45	81
46	2
46	9
46	39
46	48
46	59
46	62
46	64
46	65
46	72
46	75
46	76
46	78
46	79
47	21
47	24
47	48
47	51
47	54
47	55
47	59
47	60
47	61
47	65
47	70
47	75
47	79
48	14
48	31
48	33
48	46
48	47
48	62
48	66
48	73
48	74
48	75
48	76
48	77
48	81
49	9
49	35
49	36
49	39
49	52
49	57
49	62
49	72
49	73
49	74
49	77
49	79
49	81
50	12
50	15
50	18
50	19
50	23
50	41
50	53
50	63
50	65
50	67
50	70
50	72
50	73
50	77
51	3
51	6
51	12
51	13
51	16
51	24
51	32
51	47
51	57
51	58
51	59
51	74
51	75
51	81
52	31
52	42
52	49
52	54
52	65
52	66
52	67
52	71
52	72
52	73
52	77
52	78
52	79
52	81
53	4
53	15
53	16
53	18
53	19
53	28
53	33
53	41
53	50
53	60
53	67
53	68
53	75
53	81
54	30
54	31
54	37
54	38
54	47
54	52
54	55
54	59
54	61
54	62
54	66
54	70
54	71
54	76
55	1
55	7
55	15
55	18
55	23
55	28
55	36
55	47
55	54
55	56
55	60
55	61
55	70
55	71
55	73
56	14
56	25
56	34
56	43
56	44
56	55
56	57
56	58
56	61
56	63
56	69
56	74
56	76
56	78
56	80
57	3
57	6
57	13
57	15
57	21
57	22
57	23
57	24
57	38
57	45
57	49
57	51
57	56
57	58
57	79
58	3
58	6
58	10
58	13
58	16
58	24
58	29
58	38
58	43
58	45
58	51
58	56
58	57
58	71
58	76
58	77
59	27
59	37
59	46
59	47
59	51
59	54
59	60
59	61
59	64
59	66
59	68
59	69
59	70
59	71
59	72
59	81
60	1
60	24
60	27
60	30
60	37
60	47
60	53
60	55
60	59
60	61
60	64
60	70
60	71
60	75
60	78
60	80
61	14
61	19
61	27
61	40
61	47
61	54
61	55
61	56
61	59
61	60
61	67
61	70
61	71
61	73
61	77
61	81
62	10
62	11
62	33
62	41
62	43
62	46
62	48
62	49
62	54
62	63
62	64
62	69
62	72
62	75
62	76
62	79
62	80
63	5
63	12
63	32
63	35
63	39
63	41
63	43
63	44
63	45
63	50
63	56
63	62
63	64
63	71
63	78
63	79
63	80
64	9
64	19
64	36
64	44
64	46
64	59
64	60
64	62
64	63
64	69
64	72
64	73
64	74
64	75
64	76
64	79
64	80
65	2
65	15
65	28
65	33
65	38
65	46
65	47
65	50
65	52
65	66
65	67
65	71
65	73
65	74
65	77
65	80
65	81
66	2
66	10
66	13
66	19
66	21
66	28
66	31
66	35
66	48
66	52
66	54
66	59
66	65
66	68
66	72
66	77
66	81
67	4
67	12
67	15
67	18
67	19
67	21
67	34
67	39
67	41
67	50
67	52
67	53
67	61
67	65
67	73
67	77
67	78
68	4
68	5
68	13
68	22
68	25
68	26
68	32
68	35
68	39
68	43
68	53
68	59
68	66
68	69
68	72
68	74
68	78
68	80
69	17
69	26
69	29
69	33
69	34
69	35
69	41
69	44
69	56
69	59
69	62
69	64
69	68
69	72
69	75
69	76
69	79
69	81
70	20
70	23
70	32
70	33
70	34
70	37
70	42
70	47
70	50
70	54
70	55
70	59
70	60
70	61
70	71
70	76
70	79
70	80
70	81
71	8
71	11
71	23
71	27
71	37
71	38
71	42
71	52
71	54
71	55
71	58
71	59
71	60
71	61
71	63
71	65
71	70
71	74
71	75
72	5
72	18
72	29
72	33
72	43
72	44
72	46
72	49
72	50
72	52
72	59
72	62
72	64
72	66
72	68
72	69
72	75
72	76
72	79
72	81
73	1
73	20
73	21
73	22
73	25
73	48
73	49
73	50
73	52
73	55
73	61
73	64
73	65
73	67
73	74
73	75
73	77
73	79
73	80
73	81
74	1
74	3
74	9
74	21
74	22
74	23
74	41
74	48
74	49
74	51
74	56
74	64
74	65
74	68
74	71
74	73
74	77
74	78
74	80
74	81
75	27
75	29
75	36
75	38
75	40
75	44
75	46
75	47
75	48
75	51
75	53
75	60
75	62
75	64
75	69
75	71
75	72
75	73
75	76
75	77
75	79
76	10
76	30
76	33
76	35
76	36
76	38
76	40
76	44
76	46
76	48
76	54
76	56
76	58
76	62
76	64
76	69
76	70
76	72
76	75
76	78
76	79
76	80
77	8
77	11
77	22
77	26
77	28
77	31
77	48
77	49
77	50
77	52
77	58
77	61
77	65
77	66
77	67
77	73
77	74
77	75
77	78
77	79
77	80
77	81
78	1
78	7
78	8
78	14
78	29
78	32
78	34
78	35
78	36
78	39
78	43
78	45
78	46
78	52
78	56
78	60
78	63
78	67
78	68
78	74
78	76
78	77
78	80
79	2
79	10
79	16
79	29
79	33
79	36
79	42
79	44
79	46
79	47
79	49
79	52
79	57
79	62
79	63
79	64
79	69
79	70
79	72
79	73
79	75
79	76
79	77
79	81
80	5
80	6
80	14
80	17
80	32
80	35
80	39
80	40
80	42
80	43
80	45
80	56
80	60
80	62
80	63
80	64
80	65
80	68
80	70
80	73
80	74
80	76
80	77
80	78
81	1
81	2
81	9
81	22
81	32
81	34
81	40
81	44
81	45
81	48
81	49
81	51
81	52
81	53
81	59
81	61
81	65
81	66
81	69
81	70
81	72
81	73
81	74
81	77
81	79
