1	14
1	18
1	55
1	71
1	73
1	78
2	25
2	26
2	32
2	59
2	76
2	80
3	42
3	71
3	74
3	75
3	77
3	81
4	19
4	57
4	62
4	74
4	78
4	79
5	33
5	44
5	46
5	50
5	60
5	70
6	16
6	47
6	51
6	57
6	64
6	77
7	8
7	51
7	53
7	56
7	57
7	69
8	7
8	50
8	52
8	71
8	78
8	80
9	35
9	48
9	67
9	70
9	74
9	77
10	40
10	43
10	65
10	73
10	77
10	80
11	36
11	56
11	57
11	66
11	67
11	80
12	36
12	38
12	42
12	60
12	69
12	78
13	18
13	22
13	34
13	76
13	80
13	81
14	1
14	34
14	60
14	72
14	75
14	81
15	33
15	45
15	58
15	59
15	73
15	81
16	6
16	35
16	37
16	46
16	74
16	81
17	38
17	48
17	60
17	65
17	69
17	81
18	1
18	13
18	21
18	35
18	36
18	53
18	78
19	4
19	26
19	59
19	64
19	79
19	80
19	81
20	33
20	44
20	61
20	63
20	67
20	69
20	72
21	18
21	43
21	62
21	63
21	72
21	76
21	79
22	13
22	52
22	68
22	69
22	73
22	76
22	79
23	34
23	35
23	48
23	54
23	65
23	71
23	81
24	63
24	67
24	71
24	75
24	76
24	77
24	78
25	2
25	41
25	48
25	56
25	62
25	68
25	70
26	2
26	19
26	55
26	73
26	74
26	78
26	80
27	58
27	61
27	66
27	71
27	72
27	77
27	79
28	30
28	34
28	57
28	67
28	72
28	73
28	80
29	42
29	53
29	54
29	61
29	72
29	78
29	81
30	28
30	38
30	43
30	59
30	69
30	70
30	72
31	52
31	58
31	69
31	70
31	74
31	75
31	79
32	2
32	62
32	65
32	67
32	68
32	72
32	74
33	5
33	15
33	20
33	41
33	57
33	69
33	79
34	13
34	14
34	23
34	28
34	42
34	64
34	74
35	9
35	16
35	18
35	23
35	62
35	68
35	70
35	75
36	11
36	12
36	18
36	47
36	51
36	56
36	73
36	77
37	16
37	41
37	55
37	62
37	66
37	71
37	73
37	79
38	12
38	17
38	30
38	53
38	54
38	55
38	66
38	67
39	40
39	45
39	57
39	64
39	68
39	71
39	76
39	79
40	10
40	39
40	49
40	54
40	60
40	74
40	77
40	78
41	25
41	33
41	37
41	59
41	65
41	77
41	78
41	80
42	3
42	12
42	29
42	34
42	53
42	70
42	75
42	76
43	10
43	21
43	30
43	54
43	55
43	59
43	60
43	64
43	65
44	5
44	20
44	52
44	69
44	70
44	72
44	76
44	77
44	81
45	15
45	39
45	54
45	56
45	58
45	66
45	71
45	73
45	79
46	5
46	16
46	52
46	56
46	59
46	66
46	69
46	78
46	81
47	6
47	36
47	52
47	56
47	57
47	68
47	75
47	79
47	81
48	9
48	17
48	23
48	25
48	49
48	54
48	57
48	64
48	65
48	79
49	40
49	48
49	57
49	60
49	65
49	67
49	74
49	75
49	78
49	79
50	5
50	8
50	52
50	58
50	68
50	71
50	73
50	74
50	76
50	78
50	81
51	6
51	7
51	36
51	56
51	57
51	59
51	62
51	72
51	76
51	77
51	79
52	8
52	22
52	31
52	44
52	46
52	47
52	50
52	55
52	61
52	66
52	73
53	7
53	18
53	29
53	38
53	42
53	67
53	69
53	70
53	71
53	76
53	80
54	23
54	29
54	38
54	40
54	43
54	45
54	48
54	55
54	60
54	61
54	65
54	80
55	1
55	26
55	37
55	38
55	43
55	52
55	54
55	58
55	66
55	68
55	71
55	73
55	78
56	7
56	11
56	25
56	36
56	45
56	46
56	47
56	51
56	57
56	62
56	68
56	75
56	77
57	4
57	6
57	7
57	11
57	28
57	33
57	39
57	47
57	48
57	49
57	51
57	56
57	77
58	15
58	27
58	31
58	45
58	50
58	55
58	62
58	67
58	70
58	71
58	72
58	73
58	76
59	2
59	15
59	19
59	30
59	41
59	43
59	46
59	51
59	70
59	74
59	76
59	77
59	81
60	5
60	12
60	14
60	17
60	40
60	43
60	49
60	54
60	63
60	65
60	66
60	75
60	76
61	20
61	27
61	29
61	52
61	54
61	63
61	65
61	69
61	71
61	76
61	77
61	78
61	80
62	4
62	21
62	25
62	32
62	35
62	37
62	51
62	56
62	58
62	63
62	69
62	72
62	74
62	75
63	20
63	21
63	24
63	60
63	61
63	62
63	64
63	67
63	70
63	74
63	76
63	77
63	80
63	81
64	6
64	19
64	34
64	39
64	43
64	48
64	63
64	67
64	68
64	75
64	76
64	77
64	79
64	80
65	10
65	17
65	23
65	32
65	41
65	43
65	48
65	49
65	54
65	60
65	61
65	69
65	72
65	75
65	80
66	11
66	27
66	37
66	38
66	45
66	46
66	52
66	55
66	60
66	68
66	71
66	73
66	79
66	80
66	81
67	9
67	11
67	20
67	24
67	28
67	32
67	38
67	49
67	53
67	58
67	63
67	64
67	73
67	79
67	80
67	81
68	22
68	25
68	32
68	35
68	39
68	47
68	50
68	55
68	56
68	64
68	66
68	72
68	73
68	74
68	75
68	78
68	79
68	81
69	7
69	12
69	17
69	20
69	22
69	30
69	31
69	33
69	44
69	46
69	53
69	61
69	62
69	65
69	70
69	74
69	77
69	78
69	80
70	5
70	9
70	25
70	30
70	31
70	35
70	42
70	44
70	53
70	58
70	59
70	63
70	69
70	72
70	75
70	76
70	77
70	79
70	81
71	1
71	3
71	8
71	23
71	24
71	27
71	37
71	39
71	45
71	50
71	53
71	55
71	58
71	61
71	66
71	72
71	73
71	74
71	77
72	14
72	20
72	21
72	27
72	28
72	29
72	30
72	32
72	44
72	51
72	58
72	62
72	65
72	68
72	70
72	71
72	73
72	75
72	76
72	78
73	1
73	10
73	15
73	22
73	26
73	28
73	36
73	37
73	45
73	50
73	52
73	55
73	58
73	66
73	67
73	68
73	71
73	72
73	79
73	81
74	3
74	4
74	9
74	16
74	26
74	31
74	32
74	34
74	40
74	49
74	50
74	59
74	62
74	63
74	68
74	69
74	71
74	75
74	77
74	78
74	81
75	3
75	14
75	24
75	31
75	35
75	42
75	47
75	49
75	56
75	60
75	62
75	64
75	65
75	68
75	70
75	72
75	74
75	76
75	78
75	79
75	80
76	2
76	13
76	21
76	22
76	24
76	39
76	42
76	44
76	50
76	51
76	53
76	58
76	59
76	60
76	61
76	63
76	64
76	70
76	72
76	75
76	79
76	80
77	3
77	6
77	9
77	10
77	24
77	27
77	36
77	40
77	41
77	44
77	51
77	56
77	57
77	59
77	61
77	63
77	64
77	69
77	70
77	71
77	74
77	80
77	81
78	1
78	4
78	8
78	12
78	18
78	24
78	26
78	29
78	40
78	41
78	46
78	49
78	50
78	55
78	61
78	68
78	69
78	72
78	74
78	75
78	79
78	80
78	81
79	4
79	19
79	21
79	22
79	27
79	31
79	33
79	37
79	39
79	45
79	47
79	48
79	49
79	51
79	64
79	66
79	67
79	68
79	70
79	73
79	75
79	76
79	78
79	80
80	2
80	8
80	10
80	11
80	13
80	19
80	26
80	28
80	41
80	53
80	54
80	61
80	63
80	64
80	65
80	66
80	67
80	69
80	75
80	76
80	77
80	78
80	79
80	81
81	3
81	13
81	14
81	15
81	16
81	17
81	19
81	23
81	29
81	44
81	46
81	47
81	50
81	59
81	63
81	66
81	67
81	68
81	70
81	73
81	74
81	77
81	78
81	80
