1	35
1	52
1	53
1	54
1	76
1	77
2	22
2	23
2	41
2	62
2	78
2	81
3	8
3	22
3	57
3	60
3	79
3	81
4	39
4	67
4	75
4	76
4	79
4	80
5	13
5	26
5	57
5	73
5	78
5	79
6	49
6	52
6	53
6	61
6	77
6	78
7	31
7	46
7	49
7	53
7	72
7	75
8	3
8	38
8	47
8	51
8	74
8	77
9	32
9	36
9	63
9	68
9	74
9	77
10	16
10	24
10	49
10	65
10	72
10	80
11	18
11	25
11	49
11	55
11	76
11	81
12	30
12	46
12	52
12	56
12	72
12	79
13	5
13	39
13	40
13	62
13	70
13	72
14	23
14	44
14	48
14	55
14	62
14	72
15	17
15	46
15	65
15	72
15	74
15	81
16	10
16	45
16	63
16	69
16	76
16	78
17	15
17	48
17	50
17	58
17	67
17	76
17	81
18	11
18	22
18	29
18	54
18	57
18	74
18	77
19	30
19	39
19	59
19	60
19	62
19	70
19	76
20	27
20	59
20	62
20	70
20	73
20	79
20	81
21	37
21	44
21	50
21	51
21	58
21	62
21	64
22	2
22	3
22	18
22	42
22	43
22	60
22	62
23	2
23	14
23	41
23	43
23	44
23	51
23	66
24	10
24	30
24	46
24	55
24	63
24	69
24	72
25	11
25	52
25	54
25	67
25	73
25	78
25	80
26	5
26	33
26	41
26	59
26	63
26	70
26	73
27	20
27	33
27	42
27	49
27	59
27	70
27	80
28	41
28	44
28	50
28	58
28	75
28	79
28	81
29	18
29	61
29	75
29	77
29	79
29	80
29	81
30	12
30	19
30	24
30	60
30	65
30	67
30	77
30	81
31	7
31	35
31	52
31	53
31	56
31	65
31	70
31	81
32	9
32	37
32	38
32	41
32	45
32	59
32	62
32	70
33	26
33	27
33	34
33	45
33	68
33	70
33	73
33	78
34	33
34	37
34	41
34	53
34	73
34	78
34	79
34	80
35	1
35	31
35	49
35	52
35	69
35	72
35	75
35	80
36	9
36	43
36	48
36	73
36	76
36	78
36	79
36	80
37	21
37	32
37	34
37	41
37	47
37	50
37	58
37	78
38	8
38	32
38	48
38	53
38	75
38	78
38	79
38	80
39	4
39	13
39	19
39	40
39	43
39	65
39	69
39	72
39	76
40	13
40	39
40	57
40	58
40	61
40	62
40	65
40	68
40	72
41	2
41	23
41	26
41	28
41	32
41	34
41	37
41	50
41	58
42	22
42	27
42	51
42	58
42	64
42	67
42	71
42	74
42	77
43	22
43	23
43	36
43	39
43	64
43	71
43	75
43	76
43	81
44	14
44	21
44	23
44	28
44	50
44	58
44	59
44	67
44	74
45	16
45	32
45	33
45	54
45	62
45	64
45	69
45	70
45	71
46	7
46	12
46	15
46	24
46	65
46	69
46	72
46	76
46	77
47	8
47	37
47	52
47	69
47	71
47	72
47	76
47	80
47	81
48	14
48	17
48	36
48	38
48	56
48	63
48	67
48	73
48	81
49	6
49	7
49	10
49	11
49	27
49	35
49	52
49	53
49	55
49	67
50	17
50	21
50	28
50	37
50	41
50	44
50	58
50	64
50	68
50	70
50	72
51	8
51	21
51	23
51	42
51	60
51	63
51	64
51	68
51	71
51	74
51	77
52	1
52	6
52	12
52	25
52	31
52	35
52	47
52	49
52	60
52	61
52	66
53	1
53	6
53	7
53	31
53	34
53	38
53	49
53	66
53	73
53	74
53	76
54	1
54	18
54	25
54	45
54	57
54	63
54	68
54	74
54	77
54	78
54	79
55	11
55	14
55	24
55	49
55	63
55	65
55	67
55	68
55	69
55	71
55	78
55	79
56	12
56	31
56	48
56	66
56	68
56	69
56	73
56	75
56	77
56	78
56	79
56	80
57	3
57	5
57	18
57	40
57	54
57	60
57	64
57	65
57	68
57	73
57	74
57	77
58	17
58	21
58	28
58	37
58	40
58	41
58	42
58	44
58	50
58	70
58	73
58	80
59	19
59	20
59	26
59	27
59	32
59	44
59	62
59	64
59	66
59	70
59	74
59	79
60	3
60	19
60	22
60	30
60	51
60	52
60	57
60	69
60	70
60	71
60	76
60	80
60	81
61	6
61	29
61	40
61	52
61	63
61	67
61	69
61	70
61	71
61	74
61	76
61	79
61	81
62	2
62	13
62	14
62	19
62	20
62	21
62	22
62	32
62	40
62	45
62	59
62	70
62	77
63	9
63	16
63	24
63	26
63	48
63	51
63	54
63	55
63	61
63	69
63	71
63	78
63	81
64	21
64	42
64	43
64	45
64	50
64	51
64	57
64	59
64	68
64	74
64	77
64	78
64	81
65	10
65	15
65	30
65	31
65	39
65	40
65	46
65	55
65	57
65	72
65	73
65	75
65	80
66	23
66	52
66	53
66	56
66	59
66	69
66	71
66	73
66	75
66	77
66	78
66	79
66	80
67	4
67	17
67	25
67	30
67	42
67	44
67	48
67	49
67	55
67	61
67	69
67	73
67	76
67	81
68	9
68	33
68	40
68	50
68	51
68	54
68	55
68	56
68	57
68	64
68	71
68	72
68	74
68	77
68	80
69	16
69	24
69	35
69	39
69	45
69	46
69	47
69	55
69	56
69	60
69	61
69	63
69	66
69	67
69	71
69	74
70	13
70	19
70	20
70	26
70	27
70	31
70	32
70	33
70	45
70	50
70	58
70	59
70	60
70	61
70	62
70	79
70	80
70	81
71	42
71	43
71	45
71	47
71	51
71	55
71	60
71	61
71	63
71	66
71	68
71	69
71	74
71	75
71	76
71	77
71	78
71	81
72	7
72	10
72	12
72	13
72	14
72	15
72	24
72	35
72	39
72	40
72	46
72	47
72	50
72	65
72	68
72	75
72	76
72	80
73	5
73	20
73	25
73	26
73	33
73	34
73	36
73	48
73	53
73	56
73	57
73	58
73	65
73	66
73	67
73	75
73	78
73	79
73	80
73	81
74	8
74	9
74	15
74	18
74	42
74	44
74	51
74	53
74	54
74	57
74	59
74	61
74	64
74	68
74	69
74	71
74	75
74	77
74	78
74	79
75	4
75	7
75	28
75	29
75	35
75	38
75	43
75	56
75	65
75	66
75	71
75	72
75	73
75	74
75	76
75	78
75	79
75	80
75	81
76	1
76	4
76	11
76	16
76	17
76	19
76	36
76	39
76	43
76	46
76	47
76	53
76	60
76	61
76	67
76	71
76	72
76	75
76	79
76	81
77	1
77	6
77	8
77	9
77	18
77	29
77	30
77	42
77	46
77	51
77	54
77	56
77	57
77	62
77	64
77	66
77	68
77	71
77	74
77	80
78	2
78	5
78	6
78	16
78	25
78	33
78	34
78	36
78	37
78	38
78	54
78	55
78	56
78	63
78	64
78	66
78	71
78	73
78	74
78	75
78	79
78	80
78	81
79	3
79	4
79	5
79	12
79	20
79	28
79	29
79	34
79	36
79	38
79	54
79	55
79	56
79	59
79	61
79	66
79	70
79	73
79	74
79	75
79	76
79	78
79	80
80	4
80	10
80	25
80	27
80	29
80	34
80	35
80	36
80	38
80	47
80	56
80	58
80	60
80	65
80	66
80	68
80	70
80	72
80	73
80	75
80	77
80	78
80	79
80	81
81	2
81	3
81	11
81	15
81	17
81	20
81	28
81	29
81	30
81	31
81	43
81	47
81	48
81	60
81	61
81	63
81	64
81	67
81	70
81	71
81	73
81	75
81	76
81	78
81	80
