1	21
1	66
1	69
1	73
1	79
1	81
2	25
2	26
2	37
2	52
2	63
2	75
3	20
3	29
3	32
3	36
3	48
3	56
4	8
4	17
4	34
4	39
4	71
4	81
5	11
5	49
5	67
5	71
5	73
5	79
6	11
6	25
6	48
6	56
6	77
6	81
7	43
7	45
7	48
7	70
7	73
7	81
8	4
8	15
8	42
8	63
8	66
8	79
9	22
9	35
9	59
9	77
9	78
9	79
10	55
10	69
10	76
10	78
10	80
10	81
11	5
11	6
11	34
11	39
11	44
11	54
12	19
12	36
12	39
12	44
12	48
12	69
13	22
13	38
13	39
13	47
13	73
13	79
14	20
14	37
14	70
14	73
14	78
14	81
15	8
15	42
15	51
15	65
15	72
15	77
16	42
16	59
16	62
16	69
16	74
16	77
17	4
17	57
17	63
17	76
17	78
17	81
18	21
18	35
18	44
18	70
18	80
18	81
19	12
19	29
19	48
19	49
19	51
19	77
20	3
20	14
20	23
20	60
20	68
20	69
20	75
21	1
21	18
21	25
21	42
21	54
21	61
21	65
22	9
22	13
22	58
22	70
22	73
22	74
22	81
23	20
23	33
23	57
23	58
23	75
23	79
23	81
24	26
24	30
24	37
24	52
24	55
24	67
24	79
25	2
25	6
25	21
25	56
25	57
25	61
25	77
26	2
26	24
26	30
26	52
26	65
26	72
26	74
27	63
27	66
27	68
27	69
27	73
27	76
27	77
27	79
28	31
28	44
28	60
28	71
28	72
28	74
28	80
28	81
29	3
29	19
29	36
29	48
29	53
29	58
29	76
29	79
30	24
30	26
30	34
30	37
30	47
30	52
30	65
30	67
31	28
31	40
31	53
31	59
31	67
31	70
31	75
31	79
32	3
32	35
32	53
32	54
32	66
32	70
32	74
32	81
33	23
33	38
33	49
33	51
33	52
33	66
33	70
33	77
34	4
34	11
34	30
34	45
34	61
34	65
34	78
34	81
35	9
35	18
35	32
35	40
35	60
35	71
35	75
35	80
36	3
36	12
36	29
36	38
36	46
36	48
36	51
36	79
37	2
37	14
37	24
37	30
37	52
37	53
37	62
37	76
38	13
38	33
38	36
38	51
38	54
38	58
38	65
38	74
38	81
39	4
39	11
39	12
39	13
39	50
39	59
39	65
39	68
39	77
40	31
40	35
40	42
40	55
40	64
40	75
40	77
40	78
40	80
41	53
41	55
41	59
41	61
41	68
41	73
41	76
41	78
41	79
42	8
42	15
42	16
42	21
42	40
42	55
42	62
42	73
42	79
43	7
43	51
43	54
43	59
43	69
43	72
43	75
43	78
43	80
44	11
44	12
44	18
44	28
44	60
44	63
44	72
44	76
44	80
45	7
45	34
45	46
45	48
45	58
45	60
45	62
45	66
45	67
46	36
46	45
46	61
46	66
46	69
46	71
46	73
46	75
46	81
47	13
47	30
47	59
47	61
47	62
47	68
47	71
47	73
47	79
48	3
48	6
48	7
48	12
48	19
48	29
48	36
48	45
48	64
49	5
49	19
49	33
49	52
49	64
49	65
49	72
49	75
49	76
49	80
50	39
50	51
50	56
50	57
50	66
50	67
50	70
50	71
50	74
50	77
51	15
51	19
51	33
51	36
51	38
51	43
51	50
51	60
51	61
51	75
52	2
52	24
52	26
52	30
52	33
52	37
52	49
52	60
52	71
52	80
53	29
53	31
53	32
53	37
53	41
53	56
53	66
53	67
53	69
53	74
53	80
54	11
54	21
54	32
54	38
54	43
54	72
54	73
54	75
54	76
54	78
54	80
55	10
55	24
55	40
55	41
55	42
55	57
55	58
55	62
55	63
55	66
55	68
55	79
56	3
56	6
56	25
56	50
56	53
56	67
56	69
56	71
56	75
56	78
56	79
56	81
57	17
57	23
57	25
57	50
57	55
57	64
57	65
57	67
57	69
57	74
57	75
57	77
58	22
58	23
58	29
58	38
58	45
58	55
58	59
58	61
58	74
58	75
58	76
58	77
58	81
59	9
59	16
59	31
59	39
59	41
59	43
59	47
59	58
59	60
59	63
59	65
59	71
59	74
60	20
60	28
60	35
60	44
60	45
60	51
60	52
60	59
60	67
60	69
60	71
60	74
60	78
60	80
61	21
61	25
61	34
61	41
61	46
61	47
61	51
61	58
61	64
61	65
61	68
61	74
61	77
61	78
62	16
62	37
62	42
62	45
62	47
62	55
62	64
62	66
62	68
62	73
62	74
62	78
62	79
62	80
63	2
63	8
63	17
63	27
63	44
63	55
63	59
63	67
63	72
63	75
63	76
63	77
63	78
63	80
64	40
64	48
64	49
64	57
64	61
64	62
64	71
64	72
64	73
64	75
64	76
64	77
64	78
64	80
65	15
65	21
65	26
65	30
65	34
65	38
65	39
65	49
65	57
65	59
65	61
65	71
65	76
65	78
65	81
66	1
66	8
66	27
66	32
66	33
66	45
66	46
66	50
66	53
66	55
66	62
66	68
66	70
66	73
66	76
66	79
67	5
67	24
67	30
67	31
67	45
67	50
67	53
67	56
67	57
67	60
67	63
67	69
67	70
67	72
67	75
67	80
68	20
68	27
68	39
68	41
68	47
68	55
68	61
68	62
68	66
68	70
68	73
68	74
68	77
68	78
68	79
68	80
69	1
69	10
69	12
69	16
69	20
69	27
69	43
69	46
69	53
69	56
69	57
69	60
69	67
69	71
69	72
69	73
69	81
70	7
70	14
70	18
70	22
70	31
70	32
70	33
70	50
70	66
70	67
70	68
70	71
70	74
70	77
70	78
70	80
70	81
71	4
71	5
71	28
71	35
71	46
71	47
71	50
71	52
71	56
71	59
71	60
71	64
71	65
71	69
71	70
71	72
71	77
71	80
72	15
72	26
72	28
72	43
72	44
72	49
72	54
72	63
72	64
72	67
72	69
72	71
72	75
72	76
72	77
72	78
72	79
72	80
72	81
73	1
73	5
73	7
73	13
73	14
73	22
73	27
73	41
73	42
73	46
73	47
73	54
73	62
73	64
73	66
73	68
73	69
73	79
73	81
74	16
74	22
74	26
74	28
74	32
74	38
74	50
74	53
74	57
74	58
74	59
74	60
74	61
74	62
74	68
74	70
74	76
74	77
74	79
75	2
75	20
75	23
75	31
75	35
75	40
75	43
75	46
75	49
75	51
75	54
75	56
75	57
75	58
75	63
75	64
75	67
75	72
75	76
75	78
75	80
76	10
76	17
76	27
76	29
76	37
76	41
76	44
76	49
76	54
76	58
76	63
76	64
76	65
76	66
76	72
76	74
76	75
76	77
76	78
76	80
76	81
77	6
77	9
77	15
77	16
77	19
77	25
77	27
77	33
77	39
77	40
77	50
77	57
77	58
77	61
77	63
77	64
77	68
77	70
77	71
77	72
77	74
77	76
78	9
78	10
78	14
78	17
78	34
78	40
78	41
78	43
78	54
78	56
78	60
78	61
78	62
78	63
78	64
78	65
78	68
78	70
78	72
78	75
78	76
78	80
79	1
79	5
79	8
79	9
79	13
79	23
79	24
79	27
79	29
79	31
79	36
79	41
79	42
79	47
79	55
79	56
79	62
79	66
79	68
79	72
79	73
79	74
79	81
80	10
80	18
80	28
80	35
80	40
80	43
80	44
80	49
80	52
80	53
80	54
80	60
80	62
80	63
80	64
80	67
80	68
80	70
80	71
80	72
80	75
80	76
80	78
81	1
81	4
81	6
81	7
81	10
81	14
81	17
81	18
81	22
81	23
81	28
81	32
81	34
81	38
81	46
81	56
81	58
81	65
81	69
81	70
81	72
81	73
81	76
81	79
