1	33
1	44
1	52
1	68
1	74
1	80
2	40
2	59
2	63
2	69
2	76
2	81
3	12
3	44
3	66
3	71
3	73
3	81
4	31
4	37
4	66
4	67
4	69
4	70
5	33
5	57
5	63
5	65
5	66
5	77
6	12
6	40
6	51
6	55
6	76
6	77
7	17
7	62
7	64
7	75
7	76
7	80
8	13
8	39
8	49
8	62
8	71
8	76
9	56
9	57
9	64
9	67
9	71
9	81
10	47
10	52
10	70
10	72
10	75
10	78
11	36
11	39
11	52
11	55
11	59
11	77
12	3
12	6
12	25
12	45
12	63
12	80
13	8
13	16
13	51
13	52
13	58
13	68
13	73
14	40
14	51
14	56
14	59
14	65
14	73
14	77
15	41
15	53
15	66
15	70
15	72
15	76
15	77
16	13
16	62
16	64
16	72
16	74
16	75
16	76
17	7
17	33
17	50
17	55
17	74
17	77
17	79
18	26
18	70
18	75
18	78
18	79
18	80
18	81
19	21
19	54
19	55
19	64
19	65
19	77
19	81
20	39
20	40
20	49
20	67
20	72
20	77
20	81
21	19
21	27
21	32
21	34
21	38
21	57
21	73
22	48
22	50
22	51
22	55
22	74
22	77
22	79
23	31
23	34
23	35
23	55
23	67
23	72
23	76
24	25
24	29
24	33
24	62
24	78
24	79
24	81
25	12
25	24
25	28
25	46
25	66
25	73
25	76
25	80
26	18
26	54
26	59
26	61
26	64
26	65
26	69
26	81
27	21
27	28
27	38
27	47
27	48
27	63
27	66
27	79
28	25
28	27
28	34
28	38
28	39
28	48
28	68
28	72
29	24
29	30
29	32
29	42
29	68
29	74
29	76
29	79
30	29
30	39
30	46
30	61
30	73
30	75
30	78
30	79
31	4
31	23
31	50
31	54
31	73
31	75
31	78
31	79
32	21
32	29
32	35
32	67
32	73
32	75
32	78
32	79
33	1
33	5
33	17
33	24
33	65
33	71
33	78
33	80
34	21
34	23
34	28
34	38
34	44
34	48
34	70
34	71
34	75
35	23
35	32
35	54
35	56
35	58
35	64
35	67
35	71
35	81
36	11
36	37
36	41
36	46
36	50
36	58
36	65
36	77
36	80
37	4
37	36
37	38
37	62
37	66
37	69
37	70
37	75
37	81
38	21
38	27
38	28
38	34
38	37
38	40
38	48
38	58
38	63
38	78
39	8
39	11
39	20
39	28
39	30
39	49
39	56
39	60
39	69
39	72
40	2
40	6
40	14
40	20
40	38
40	56
40	61
40	69
40	71
40	81
41	15
41	36
41	56
41	57
41	59
41	62
41	63
41	74
41	78
41	79
42	29
42	47
42	55
42	66
42	67
42	74
42	75
42	76
42	80
42	81
43	48
43	59
43	63
43	67
43	72
43	73
43	75
43	78
43	79
43	80
44	1
44	3
44	34
44	53
44	64
44	65
44	69
44	70
44	78
44	81
45	12
45	53
45	59
45	60
45	65
45	70
45	73
45	74
45	75
45	78
45	79
46	25
46	30
46	36
46	53
46	61
46	64
46	66
46	71
46	74
46	78
46	81
47	10
47	27
47	42
47	51
47	52
47	58
47	60
47	63
47	67
47	72
47	77
48	22
48	27
48	28
48	34
48	38
48	43
48	52
48	58
48	66
48	77
48	78
49	8
49	20
49	39
49	54
49	56
49	58
49	60
49	61
49	63
49	68
49	76
50	17
50	22
50	31
50	36
50	51
50	53
50	59
50	64
50	65
50	73
50	77
51	6
51	13
51	14
51	22
51	47
51	50
51	55
51	61
51	65
51	74
51	79
51	81
52	1
52	10
52	11
52	13
52	47
52	48
52	54
52	60
52	64
52	67
52	77
52	80
53	15
53	44
53	45
53	46
53	50
53	61
53	63
53	69
53	71
53	73
53	76
53	81
54	19
54	26
54	31
54	35
54	49
54	52
54	55
54	58
54	60
54	62
54	67
54	71
54	72
54	81
55	6
55	11
55	17
55	19
55	22
55	23
55	42
55	51
55	54
55	61
55	62
55	74
55	77
55	80
56	9
56	14
56	35
56	39
56	40
56	41
56	49
56	59
56	63
56	66
56	68
56	70
56	74
56	76
57	5
57	9
57	21
57	41
57	59
57	65
57	67
57	68
57	73
57	75
57	78
57	79
58	13
58	35
58	36
58	38
58	47
58	48
58	49
58	54
58	60
58	62
58	67
58	70
58	72
58	75
58	80
59	2
59	11
59	14
59	26
59	41
59	43
59	45
59	50
59	56
59	57
59	72
59	73
59	75
59	78
59	79
60	39
60	45
60	47
60	49
60	52
60	54
60	58
60	61
60	62
60	67
60	72
60	75
60	76
60	79
60	80
61	26
61	30
61	40
61	46
61	49
61	51
61	53
61	55
61	60
61	64
61	69
61	71
61	76
61	78
61	79
61	81
62	7
62	8
62	16
62	24
62	37
62	41
62	54
62	55
62	58
62	60
62	63
62	69
62	74
62	75
62	76
62	80
63	2
63	5
63	12
63	27
63	38
63	41
63	43
63	47
63	49
63	53
63	56
63	62
63	66
63	68
63	70
63	80
64	7
64	9
64	16
64	19
64	26
64	35
64	44
64	46
64	50
64	52
64	61
64	69
64	71
64	74
64	80
64	81
65	5
65	14
65	19
65	26
65	33
65	36
65	44
65	45
65	50
65	51
65	57
65	73
65	74
65	77
65	79
65	80
66	3
66	4
66	5
66	15
66	25
66	27
66	37
66	42
66	46
66	48
66	56
66	63
66	67
66	68
66	69
66	80
66	81
67	4
67	9
67	20
67	23
67	32
67	35
67	42
67	43
67	47
67	52
67	54
67	57
67	58
67	60
67	66
67	72
67	73
68	1
68	13
68	28
68	29
68	49
68	56
68	57
68	63
68	66
68	69
68	70
68	73
68	74
68	75
68	76
68	79
68	80
69	2
69	4
69	26
69	37
69	39
69	40
69	44
69	53
69	61
69	62
69	64
69	66
69	68
69	70
69	71
69	78
69	80
69	81
70	4
70	10
70	15
70	18
70	34
70	37
70	44
70	45
70	56
70	58
70	63
70	68
70	69
70	74
70	76
70	77
70	78
70	80
71	3
71	8
71	9
71	33
71	34
71	35
71	40
71	46
71	53
71	54
71	61
71	64
71	69
71	72
71	77
71	78
71	80
71	81
72	10
72	15
72	16
72	20
72	23
72	28
72	39
72	43
72	47
72	54
72	58
72	59
72	60
72	67
72	71
72	74
72	76
72	77
72	81
73	3
73	13
73	14
73	21
73	25
73	30
73	31
73	32
73	43
73	45
73	50
73	53
73	57
73	59
73	65
73	67
73	68
73	75
73	78
73	79
74	1
74	16
74	17
74	22
74	29
74	41
74	42
74	45
74	46
74	51
74	55
74	56
74	62
74	64
74	65
74	68
74	70
74	72
74	76
74	77
74	80
75	7
75	10
75	16
75	18
75	30
75	31
75	32
75	34
75	37
75	42
75	43
75	45
75	57
75	58
75	59
75	60
75	62
75	68
75	73
75	78
75	79
75	81
76	2
76	6
76	7
76	8
76	15
76	16
76	23
76	25
76	29
76	42
76	49
76	53
76	56
76	60
76	61
76	62
76	68
76	70
76	72
76	74
76	77
76	79
77	5
77	6
77	11
77	14
77	15
77	17
77	19
77	20
77	22
77	36
77	47
77	48
77	50
77	52
77	55
77	65
77	70
77	71
77	72
77	74
77	76
77	81
78	10
78	18
78	24
78	30
78	31
78	32
78	33
78	38
78	41
78	43
78	44
78	45
78	46
78	48
78	57
78	59
78	61
78	69
78	70
78	71
78	73
78	75
78	79
79	17
79	18
79	22
79	24
79	27
79	29
79	30
79	31
79	32
79	41
79	43
79	45
79	51
79	57
79	59
79	60
79	61
79	65
79	68
79	73
79	75
79	76
79	78
80	1
80	7
80	12
80	18
80	25
80	33
80	36
80	42
80	43
80	52
80	55
80	58
80	60
80	62
80	63
80	64
80	65
80	66
80	68
80	69
80	70
80	71
80	74
81	2
81	3
81	9
81	18
81	19
81	20
81	24
81	26
81	35
81	37
81	40
81	42
81	44
81	46
81	51
81	53
81	54
81	61
81	64
81	66
81	69
81	71
81	72
81	75
81	77
