1	28
1	40
1	60
1	74
1	79
1	81
2	23
2	40
2	47
2	50
2	64
2	79
3	29
3	49
3	65
3	73
3	74
3	76
4	5
4	26
4	44
4	68
4	70
4	77
5	4
5	44
5	59
5	66
5	68
5	72
6	45
6	61
6	65
6	67
6	74
6	78
7	16
7	60
7	64
7	69
7	71
7	74
8	20
8	61
8	75
8	78
8	80
8	81
9	32
9	33
9	50
9	51
9	63
9	64
10	14
10	33
10	40
10	63
10	70
10	79
11	39
11	46
11	51
11	64
11	72
11	76
12	14
12	52
12	56
12	61
12	62
12	63
13	19
13	31
13	73
13	76
13	77
13	81
14	10
14	12
14	18
14	38
14	51
14	79
15	28
15	41
15	68
15	71
15	73
15	77
16	7
16	38
16	68
16	73
16	80
16	81
17	29
17	47
17	51
17	64
17	73
17	78
18	14
18	28
18	49
18	60
18	69
18	74
18	75
19	13
19	34
19	74
19	77
19	78
19	79
19	80
20	8
20	25
20	58
20	65
20	68
20	74
20	78
21	32
21	46
21	52
21	58
21	61
21	69
21	78
22	44
22	48
22	68
22	72
22	73
22	79
22	81
23	2
23	24
23	27
23	47
23	57
23	68
23	81
24	23
24	35
24	39
24	53
24	70
24	75
24	81
25	20
25	56
25	64
25	66
25	75
25	78
25	79
26	4
26	39
26	55
26	59
26	62
26	75
26	77
27	23
27	30
27	44
27	54
27	68
27	71
27	76
28	1
28	15
28	18
28	49
28	51
28	69
28	74
28	75
29	3
29	17
29	45
29	55
29	59
29	63
29	72
29	77
30	27
30	40
30	46
30	49
30	68
30	69
30	75
30	81
31	13
31	45
31	49
31	68
31	72
31	78
31	79
31	81
32	9
32	21
32	36
32	56
32	61
32	65
32	66
32	75
33	9
33	10
33	48
33	59
33	60
33	63
33	70
33	79
34	19
34	43
34	50
34	53
34	57
34	63
34	70
34	81
35	24
35	38
35	53
35	62
35	63
35	66
35	72
35	79
36	32
36	46
36	52
36	56
36	61
36	67
36	71
36	77
36	79
37	41
37	58
37	65
37	67
37	69
37	70
37	71
37	77
37	78
38	14
38	16
38	35
38	39
38	50
38	53
38	57
38	64
38	70
39	11
39	24
39	26
39	38
39	48
39	63
39	70
39	74
39	76
40	1
40	2
40	10
40	30
40	47
40	64
40	68
40	73
40	80
41	15
41	37
41	46
41	55
41	58
41	63
41	65
41	66
41	77
42	47
42	61
42	72
42	74
42	75
42	76
42	79
42	80
42	81
43	34
43	51
43	53
43	55
43	65
43	69
43	76
43	77
43	78
44	4
44	5
44	22
44	27
44	47
44	50
44	68
44	69
44	78
44	80
45	6
45	29
45	31
45	55
45	58
45	62
45	64
45	68
45	78
45	81
46	11
46	21
46	30
46	36
46	41
46	47
46	52
46	56
46	61
46	78
47	2
47	17
47	23
47	40
47	42
47	44
47	46
47	54
47	68
47	74
48	22
48	33
48	39
48	55
48	57
48	60
48	61
48	68
48	71
48	72
48	74
49	3
49	18
49	28
49	30
49	31
49	59
49	60
49	66
49	69
49	77
49	80
50	2
50	9
50	34
50	38
50	44
50	53
50	59
50	62
50	63
50	70
50	74
50	77
51	9
51	11
51	14
51	17
51	28
51	43
51	65
51	72
51	78
51	79
51	80
51	81
52	12
52	21
52	36
52	46
52	55
52	56
52	61
52	70
52	72
52	76
52	78
52	80
53	24
53	34
53	35
53	38
53	43
53	50
53	56
53	61
53	66
53	67
53	70
53	72
54	27
54	47
54	60
54	64
54	67
54	70
54	71
54	73
54	75
54	76
54	78
54	80
54	81
55	26
55	29
55	41
55	43
55	45
55	48
55	52
55	58
55	59
55	65
55	76
55	77
55	79
56	12
56	25
56	32
56	36
56	46
56	52
56	53
56	57
56	61
56	64
56	69
56	75
56	76
57	23
57	34
57	38
57	48
57	56
57	58
57	60
57	64
57	67
57	71
57	72
57	77
57	78
57	79
58	20
58	21
58	37
58	41
58	45
58	55
58	57
58	59
58	64
58	73
58	74
58	78
58	79
58	81
59	5
59	26
59	29
59	33
59	49
59	50
59	55
59	58
59	63
59	65
59	69
59	70
59	73
59	77
60	1
60	7
60	18
60	33
60	48
60	49
60	54
60	57
60	61
60	65
60	67
60	72
60	74
60	77
60	79
61	6
61	8
61	12
61	21
61	32
61	36
61	42
61	46
61	48
61	52
61	53
61	56
61	60
61	77
61	79
62	12
62	26
62	35
62	45
62	50
62	66
62	67
62	70
62	71
62	73
62	75
62	76
62	78
62	80
62	81
63	9
63	10
63	12
63	29
63	33
63	34
63	35
63	39
63	41
63	50
63	59
63	64
63	67
63	70
63	72
63	74
64	2
64	7
64	9
64	11
64	17
64	25
64	38
64	40
64	45
64	54
64	56
64	57
64	58
64	63
64	79
64	80
65	3
65	6
65	20
65	32
65	37
65	41
65	43
65	51
65	55
65	59
65	60
65	69
65	76
65	77
65	80
65	81
66	5
66	25
66	32
66	35
66	41
66	49
66	53
66	62
66	67
66	71
66	73
66	75
66	76
66	79
66	80
66	81
67	6
67	36
67	37
67	53
67	54
67	57
67	60
67	62
67	63
67	66
67	71
67	73
67	74
67	75
67	76
67	80
67	81
68	4
68	5
68	15
68	16
68	20
68	22
68	23
68	27
68	30
68	31
68	40
68	44
68	45
68	47
68	48
68	73
68	75
69	7
69	18
69	21
69	28
69	30
69	37
69	43
69	44
69	49
69	56
69	59
69	65
69	73
69	77
69	78
69	79
69	80
70	4
70	10
70	24
70	33
70	34
70	37
70	38
70	39
70	50
70	52
70	53
70	54
70	59
70	62
70	63
70	71
70	77
70	80
71	7
71	15
71	27
71	36
71	37
71	48
71	54
71	57
71	62
71	66
71	67
71	70
71	72
71	73
71	75
71	76
71	80
71	81
72	5
72	11
72	22
72	29
72	31
72	35
72	42
72	48
72	51
72	52
72	53
72	57
72	60
72	63
72	71
72	74
72	76
72	78
72	79
72	81
73	3
73	13
73	15
73	16
73	17
73	22
73	40
73	54
73	58
73	59
73	62
73	66
73	67
73	68
73	69
73	71
73	74
73	75
73	76
73	80
73	81
74	1
74	3
74	6
74	7
74	18
74	19
74	20
74	28
74	39
74	42
74	47
74	48
74	50
74	58
74	60
74	63
74	67
74	72
74	73
74	77
74	78
75	8
75	18
75	24
75	25
75	26
75	28
75	30
75	32
75	42
75	54
75	56
75	62
75	66
75	67
75	68
75	71
75	73
75	76
75	77
75	79
75	80
75	81
76	3
76	11
76	13
76	27
76	39
76	42
76	43
76	52
76	54
76	55
76	56
76	62
76	65
76	66
76	67
76	71
76	72
76	73
76	75
76	79
76	80
76	81
77	4
77	13
77	15
77	19
77	26
77	29
77	36
77	37
77	41
77	43
77	49
77	50
77	55
77	57
77	59
77	60
77	61
77	65
77	69
77	70
77	74
77	75
77	80
78	6
78	8
78	17
78	19
78	20
78	21
78	25
78	31
78	37
78	43
78	44
78	45
78	46
78	51
78	52
78	54
78	57
78	58
78	62
78	69
78	72
78	74
78	80
79	1
79	2
79	10
79	14
79	19
79	22
79	25
79	31
79	33
79	35
79	36
79	42
79	51
79	55
79	57
79	58
79	60
79	61
79	64
79	66
79	69
79	72
79	75
79	76
80	8
80	16
80	19
80	40
80	42
80	44
80	49
80	51
80	52
80	54
80	62
80	64
80	65
80	66
80	67
80	69
80	70
80	71
80	73
80	75
80	76
80	77
80	78
80	81
81	1
81	8
81	13
81	16
81	22
81	23
81	24
81	30
81	31
81	34
81	42
81	45
81	51
81	54
81	58
81	62
81	65
81	66
81	67
81	71
81	72
81	73
81	75
81	76
81	80
