1	9
1	55
1	64
1	77
1	78
1	80
2	20
2	38
2	41
2	48
2	57
2	63
3	28
3	33
3	36
3	55
3	59
3	63
4	67
4	68
4	73
4	77
4	79
4	80
5	13
5	27
5	48
5	55
5	63
5	75
6	14
6	27
6	39
6	40
6	46
6	77
7	15
7	54
7	63
7	69
7	70
7	78
8	24
8	49
8	67
8	70
8	72
8	78
9	1
9	30
9	40
9	44
9	46
9	78
10	14
10	35
10	40
10	62
10	79
10	80
11	12
11	18
11	23
11	41
11	51
11	77
12	11
12	19
12	20
12	37
12	53
12	80
13	5
13	69
13	73
13	78
13	79
13	80
14	6
14	10
14	26
14	57
14	61
14	81
15	7
15	54
15	59
15	66
15	74
15	81
16	19
16	21
16	25
16	51
16	58
16	70
17	40
17	56
17	62
17	78
17	79
17	80
18	11
18	23
18	28
18	41
18	65
18	75
18	81
19	12
19	16
19	39
19	41
19	55
19	64
19	80
20	2
20	12
20	28
20	37
20	68
20	72
20	76
21	16
21	50
21	61
21	68
21	71
21	77
21	78
22	25
22	42
22	62
22	64
22	73
22	76
22	81
23	11
23	18
23	28
23	37
23	75
23	76
23	79
24	8
24	65
24	72
24	73
24	74
24	75
24	81
25	16
25	22
25	30
25	45
25	57
25	67
25	72
26	14
26	55
26	59
26	76
26	77
26	78
26	79
26	80
27	5
27	6
27	30
27	35
27	44
27	50
27	55
27	77
28	3
28	18
28	20
28	23
28	37
28	53
28	58
28	77
29	32
29	40
29	48
29	53
29	62
29	69
29	70
29	73
30	9
30	25
30	27
30	31
30	35
30	42
30	61
30	77
31	30
31	43
31	45
31	57
31	65
31	67
31	72
31	79
32	29
32	41
32	49
32	50
32	58
32	67
32	69
32	70
33	3
33	39
33	41
33	43
33	45
33	56
33	63
33	72
33	75
34	41
34	51
34	68
34	71
34	74
34	76
34	77
34	79
34	81
35	10
35	27
35	30
35	44
35	50
35	56
35	61
35	66
35	75
36	3
36	45
36	57
36	60
36	69
36	72
36	76
36	78
36	81
37	12
37	20
37	23
37	28
37	43
37	49
37	74
37	77
37	79
38	2
38	44
38	59
38	67
38	68
38	74
38	75
38	79
38	81
39	6
39	19
39	33
39	43
39	48
39	58
39	63
39	64
39	81
40	6
40	9
40	10
40	17
40	29
40	44
40	61
40	70
40	76
41	2
41	11
41	18
41	19
41	32
41	33
41	34
41	48
41	58
42	22
42	30
42	49
42	55
42	60
42	67
42	72
42	74
42	77
43	31
43	33
43	37
43	39
43	48
43	55
43	59
43	63
43	71
43	73
44	9
44	27
44	35
44	38
44	40
44	52
44	61
44	72
44	76
44	78
45	25
45	31
45	33
45	36
45	49
45	63
45	72
45	75
45	76
45	81
46	6
46	9
46	60
46	64
46	70
46	71
46	77
46	78
46	79
46	80
47	51
47	54
47	59
47	61
47	64
47	68
47	69
47	70
47	73
47	76
48	2
48	5
48	29
48	39
48	41
48	43
48	54
48	71
48	73
48	79
49	8
49	32
49	37
49	42
49	45
49	60
49	67
49	71
49	72
49	79
50	21
50	27
50	32
50	35
50	58
50	62
50	68
50	73
50	75
50	76
50	81
51	11
51	16
51	34
51	47
51	64
51	67
51	69
51	70
51	74
51	80
51	81
52	44
52	57
52	59
52	69
52	70
52	73
52	74
52	75
52	76
52	77
52	81
53	12
53	28
53	29
53	54
53	58
53	62
53	64
53	69
53	70
53	78
53	80
54	7
54	15
54	47
54	48
54	53
54	58
54	61
54	64
54	70
54	73
54	74
55	1
55	3
55	5
55	19
55	26
55	27
55	42
55	43
55	63
55	73
55	74
56	17
56	33
56	35
56	58
56	62
56	66
56	68
56	72
56	73
56	76
56	81
57	2
57	14
57	25
57	31
57	36
57	52
57	60
57	66
57	67
57	72
57	80
58	16
58	28
58	32
58	39
58	41
58	50
58	53
58	54
58	56
58	64
58	69
58	75
59	3
59	15
59	26
59	38
59	43
59	47
59	52
59	73
59	75
59	76
59	77
59	79
60	36
60	42
60	46
60	49
60	57
60	62
60	65
60	67
60	69
60	71
60	72
60	80
61	14
61	21
61	30
61	35
61	40
61	44
61	47
61	54
61	67
61	71
61	78
61	80
62	10
62	17
62	22
62	29
62	50
62	53
62	56
62	60
62	65
62	68
62	70
62	74
62	75
62	76
63	2
63	3
63	5
63	7
63	33
63	39
63	43
63	45
63	55
63	77
63	78
63	79
63	80
63	81
64	1
64	19
64	22
64	39
64	46
64	47
64	51
64	53
64	54
64	58
64	67
64	69
64	70
64	72
64	81
65	18
65	24
65	31
65	60
65	62
65	66
65	71
65	73
65	74
65	76
65	77
65	78
65	79
65	80
66	15
66	35
66	56
66	57
66	65
66	67
66	68
66	71
66	75
66	77
66	78
66	79
66	80
66	81
67	4
67	8
67	25
67	31
67	32
67	38
67	42
67	49
67	51
67	57
67	60
67	61
67	64
67	66
67	72
67	79
67	81
68	4
68	20
68	21
68	34
68	38
68	47
68	50
68	56
68	62
68	66
68	69
68	70
68	71
68	73
68	74
68	75
68	78
68	81
69	7
69	13
69	29
69	32
69	36
69	47
69	51
69	52
69	53
69	58
69	60
69	64
69	68
69	70
69	72
69	74
69	78
69	80
70	7
70	8
70	16
70	29
70	32
70	40
70	46
70	47
70	51
70	52
70	53
70	54
70	62
70	64
70	68
70	69
70	72
70	76
70	81
71	21
71	34
71	43
71	46
71	48
71	49
71	60
71	61
71	65
71	66
71	68
71	74
71	75
71	76
71	77
71	78
71	79
71	80
72	8
72	20
72	24
72	25
72	31
72	33
72	36
72	42
72	44
72	45
72	49
72	56
72	57
72	60
72	64
72	67
72	69
72	70
72	74
72	75
72	77
73	4
73	13
73	22
73	24
73	29
73	43
73	47
73	48
73	50
73	52
73	54
73	55
73	56
73	59
73	65
73	68
73	74
73	75
73	76
73	79
73	81
74	15
74	24
74	34
74	37
74	38
74	42
74	51
74	52
74	54
74	55
74	62
74	65
74	68
74	69
74	71
74	72
74	73
74	75
74	76
74	80
74	81
75	5
75	18
75	23
75	24
75	33
75	35
75	38
75	45
75	50
75	52
75	58
75	59
75	62
75	66
75	68
75	71
75	72
75	73
75	74
75	76
75	80
75	81
76	20
76	22
76	23
76	26
76	34
76	36
76	40
76	44
76	45
76	47
76	50
76	52
76	56
76	59
76	62
76	65
76	70
76	71
76	73
76	74
76	75
76	81
77	1
77	4
77	6
77	11
77	21
77	26
77	27
77	28
77	30
77	34
77	37
77	42
77	46
77	52
77	59
77	63
77	65
77	66
77	71
77	72
77	78
77	79
77	80
78	1
78	7
78	8
78	9
78	13
78	17
78	21
78	26
78	36
78	44
78	46
78	53
78	61
78	63
78	65
78	66
78	68
78	69
78	71
78	77
78	79
78	80
78	81
79	4
79	10
79	13
79	17
79	23
79	26
79	31
79	34
79	37
79	38
79	46
79	48
79	49
79	59
79	63
79	65
79	66
79	67
79	71
79	73
79	77
79	78
79	80
80	1
80	4
80	10
80	12
80	13
80	17
80	19
80	26
80	46
80	51
80	53
80	57
80	60
80	61
80	63
80	65
80	66
80	69
80	71
80	74
80	75
80	77
80	78
80	79
81	14
81	15
81	18
81	22
81	24
81	34
81	36
81	38
81	39
81	45
81	50
81	51
81	52
81	56
81	63
81	64
81	66
81	67
81	68
81	70
81	73
81	74
81	75
81	76
81	78
