1	14
1	23
1	38
1	53
1	59
1	69
2	26
2	50
2	60
2	65
2	69
2	78
3	24
3	66
3	69
3	74
3	80
3	81
4	24
4	25
4	28
4	36
4	41
4	77
5	14
5	27
5	30
5	53
5	67
5	77
6	38
6	55
6	57
6	59
6	69
6	79
7	18
7	27
7	34
7	48
7	58
7	80
8	13
8	37
8	62
8	78
8	79
8	81
9	11
9	17
9	26
9	37
9	40
9	55
10	32
10	34
10	49
10	58
10	75
10	80
11	9
11	50
11	55
11	60
11	64
11	65
12	19
12	30
12	46
12	62
12	72
12	81
13	8
13	18
13	50
13	61
13	67
13	78
14	1
14	5
14	35
14	65
14	72
14	74
15	21
15	42
15	48
15	55
15	63
15	78
16	19
16	44
16	48
16	49
16	68
16	73
16	79
17	9
17	47
17	57
17	62
17	63
17	69
17	80
18	7
18	13
18	22
18	24
18	35
18	56
18	71
19	12
19	16
19	31
19	39
19	42
19	55
19	73
20	23
20	27
20	56
20	65
20	75
20	78
20	79
21	15
21	26
21	28
21	50
21	56
21	58
21	78
22	18
22	32
22	42
22	43
22	54
22	63
22	65
23	1
23	20
23	34
23	57
23	60
23	63
23	81
24	3
24	4
24	18
24	53
24	71
24	75
24	79
25	4
25	39
25	49
25	51
25	58
25	68
25	72
26	2
26	9
26	21
26	33
26	41
26	64
26	78
27	5
27	7
27	20
27	44
27	75
27	78
27	80
28	4
28	21
28	48
28	64
28	70
28	72
28	74
29	46
29	61
29	62
29	68
29	73
29	79
29	81
30	5
30	12
30	51
30	68
30	69
30	71
30	74
30	79
31	19
31	56
31	60
31	64
31	69
31	70
31	72
31	79
32	10
32	22
32	35
32	43
32	56
32	57
32	74
32	78
33	26
33	46
33	62
33	68
33	71
33	77
33	78
33	80
34	7
34	10
34	23
34	39
34	42
34	51
34	66
34	67
35	14
35	18
35	32
35	42
35	56
35	63
35	70
35	80
36	4
36	43
36	49
36	51
36	54
36	64
36	70
36	80
37	8
37	9
37	42
37	44
37	45
37	56
37	78
37	80
38	1
38	6
38	39
38	44
38	62
38	70
38	76
38	81
39	19
39	25
39	34
39	38
39	54
39	58
39	66
39	75
39	81
40	9
40	57
40	65
40	68
40	72
40	73
40	74
40	79
40	81
41	4
41	26
41	49
41	62
41	64
41	65
41	72
41	78
41	80
42	15
42	19
42	22
42	34
42	35
42	37
42	43
42	56
42	68
43	22
43	32
43	36
43	42
43	56
43	58
43	59
43	60
43	76
44	16
44	27
44	37
44	38
44	50
44	55
44	73
44	78
44	81
45	37
45	46
45	52
45	53
45	63
45	64
45	69
45	75
45	76
45	79
46	12
46	29
46	33
46	45
46	59
46	70
46	75
46	76
46	79
46	81
47	17
47	49
47	58
47	59
47	63
47	66
47	69
47	77
47	79
47	80
48	7
48	15
48	16
48	28
48	52
48	59
48	73
48	74
48	76
48	81
49	10
49	16
49	25
49	36
49	41
49	47
49	55
49	62
49	69
49	77
49	81
50	2
50	11
50	13
50	21
50	44
50	54
50	66
50	72
50	76
50	77
50	78
51	25
51	30
51	34
51	36
51	58
51	64
51	67
51	74
51	75
51	76
51	79
52	45
52	48
52	53
52	59
52	68
52	73
52	75
52	77
52	79
52	80
52	81
53	1
53	5
53	24
53	45
53	52
53	60
53	70
53	71
53	72
53	73
53	77
54	22
54	36
54	39
54	50
54	57
54	59
54	65
54	67
54	71
54	76
54	77
55	6
55	9
55	11
55	15
55	19
55	44
55	49
55	62
55	74
55	78
55	81
56	18
56	20
56	21
56	31
56	32
56	35
56	37
56	42
56	43
56	61
56	79
56	80
57	6
57	17
57	23
57	32
57	40
57	54
57	63
57	68
57	71
57	72
57	76
57	77
58	7
58	10
58	21
58	25
58	39
58	43
58	47
58	51
58	61
58	65
58	66
58	75
58	80
59	1
59	6
59	43
59	46
59	47
59	48
59	52
59	54
59	64
59	66
59	67
59	70
59	79
60	2
60	11
60	23
60	31
60	43
60	53
60	61
60	70
60	72
60	74
60	76
60	77
60	81
61	13
61	29
61	56
61	58
61	60
61	66
61	70
61	74
61	75
61	76
61	77
61	78
61	81
62	8
62	12
62	17
62	29
62	33
62	38
62	41
62	49
62	55
62	64
62	71
62	72
62	77
62	80
63	15
63	17
63	22
63	23
63	35
63	45
63	47
63	57
63	65
63	67
63	71
63	73
63	80
63	81
64	11
64	26
64	28
64	31
64	36
64	41
64	45
64	51
64	59
64	62
64	66
64	68
64	75
64	77
65	2
65	11
65	14
65	20
65	22
65	40
65	41
65	54
65	58
65	63
65	67
65	74
65	77
65	80
66	3
66	34
66	39
66	47
66	50
66	58
66	59
66	61
66	64
66	68
66	70
66	71
66	76
66	77
67	5
67	13
67	34
67	51
67	54
67	59
67	63
67	65
67	69
67	71
67	75
67	76
67	78
67	80
68	16
68	25
68	29
68	30
68	33
68	40
68	42
68	52
68	57
68	64
68	66
68	69
68	71
68	75
68	81
69	1
69	2
69	3
69	6
69	17
69	30
69	31
69	45
69	47
69	49
69	67
69	68
69	72
69	74
69	80
70	28
70	31
70	35
70	36
70	38
70	46
70	53
70	59
70	60
70	61
70	66
70	76
70	77
70	79
70	81
71	18
71	24
71	30
71	33
71	53
71	54
71	57
71	62
71	63
71	66
71	67
71	68
71	73
71	75
71	77
71	80
72	12
72	14
72	25
72	28
72	31
72	40
72	41
72	50
72	53
72	57
72	60
72	62
72	69
72	73
72	76
72	79
73	16
73	19
73	29
73	40
73	44
73	48
73	52
73	53
73	63
73	71
73	72
73	74
73	76
73	77
73	80
73	81
74	3
74	14
74	28
74	30
74	32
74	40
74	48
74	51
74	55
74	60
74	61
74	65
74	69
74	73
74	79
74	81
75	10
75	20
75	24
75	27
75	39
75	45
75	46
75	51
75	52
75	58
75	61
75	64
75	67
75	68
75	71
75	78
75	79
76	38
76	43
76	45
76	46
76	48
76	50
76	51
76	54
76	57
76	60
76	61
76	66
76	67
76	70
76	72
76	73
76	80
76	81
77	4
77	5
77	33
77	47
77	49
77	50
77	52
77	53
77	54
77	57
77	60
77	61
77	62
77	64
77	65
77	66
77	70
77	71
77	73
78	2
78	8
78	13
78	15
78	20
78	21
78	26
78	27
78	32
78	33
78	37
78	41
78	44
78	50
78	55
78	61
78	67
78	75
78	79
78	81
79	6
79	8
79	16
79	20
79	24
79	29
79	30
79	31
79	40
79	45
79	46
79	47
79	51
79	52
79	56
79	59
79	70
79	72
79	74
79	75
79	78
79	80
80	3
80	7
80	10
80	17
80	27
80	33
80	35
80	36
80	37
80	41
80	47
80	52
80	56
80	58
80	62
80	63
80	65
80	67
80	69
80	71
80	73
80	76
80	79
80	81
81	3
81	8
81	12
81	23
81	29
81	38
81	39
81	40
81	44
81	46
81	48
81	49
81	52
81	55
81	60
81	61
81	63
81	68
81	70
81	73
81	74
81	76
81	78
81	80
