1	25
1	28
1	55
1	67
1	75
1	81
2	21
2	61
2	66
2	72
2	75
2	79
3	6
3	37
3	42
3	44
3	51
3	68
4	49
4	52
4	56
4	58
4	63
4	80
5	25
5	51
5	58
5	68
5	74
5	77
6	3
6	65
6	67
6	68
6	70
6	81
7	35
7	49
7	66
7	67
7	78
7	81
8	26
8	42
8	64
8	74
8	75
8	77
9	11
9	47
9	50
9	55
9	70
9	77
10	16
10	23
10	29
10	69
10	70
10	72
11	9
11	39
11	60
11	71
11	72
11	80
12	27
12	61
12	62
12	71
12	76
12	79
13	18
13	36
13	53
13	55
13	62
13	80
14	27
14	37
14	44
14	52
14	64
14	67
15	52
15	62
15	63
15	66
15	74
15	76
16	10
16	22
16	23
16	36
16	53
16	81
17	25
17	47
17	48
17	52
17	70
17	74
18	13
18	36
18	53
18	54
18	70
18	75
19	57
19	64
19	68
19	76
19	78
19	79
20	34
20	35
20	55
20	64
20	66
20	76
21	2
21	37
21	51
21	71
21	74
21	75
21	77
22	16
22	24
22	36
22	45
22	53
22	73
22	76
23	10
23	16
23	50
23	52
23	63
23	65
23	70
24	22
24	58
24	59
24	68
24	69
24	78
24	80
25	1
25	5
25	17
25	51
25	71
25	73
25	78
26	8
26	56
26	58
26	61
26	65
26	73
26	78
27	12
27	14
27	42
27	43
27	44
27	54
27	71
28	1
28	35
28	69
28	72
28	74
28	79
28	81
29	10
29	38
29	39
29	52
29	57
29	67
29	70
30	56
30	61
30	68
30	69
30	70
30	72
30	77
31	36
31	46
31	52
31	68
31	70
31	79
31	81
32	59
32	66
32	71
32	73
32	76
32	80
32	81
33	45
33	60
33	66
33	70
33	78
33	79
33	80
33	81
34	20
34	38
34	44
34	46
34	67
34	76
34	77
34	81
35	7
35	20
35	28
35	64
35	65
35	73
35	77
35	78
36	13
36	16
36	18
36	22
36	31
36	42
36	46
36	53
37	3
37	14
37	21
37	42
37	43
37	48
37	69
37	73
38	29
38	34
38	59
38	61
38	63
38	65
38	73
38	78
39	11
39	29
39	53
39	55
39	62
39	63
39	74
39	77
40	41
40	47
40	58
40	71
40	72
40	75
40	79
40	80
41	40
41	45
41	54
41	63
41	64
41	73
41	78
41	79
42	3
42	8
42	27
42	36
42	37
42	43
42	65
42	68
43	27
43	37
43	42
43	44
43	69
43	74
43	79
43	81
44	3
44	14
44	27
44	34
44	43
44	77
44	79
44	81
45	22
45	33
45	41
45	47
45	50
45	52
45	59
45	70
46	31
46	34
46	36
46	55
46	69
46	70
46	75
46	76
46	78
47	9
47	17
47	40
47	45
47	48
47	50
47	58
47	70
47	74
48	17
48	37
48	47
48	51
48	57
48	74
48	75
48	76
48	77
49	4
49	7
49	51
49	53
49	60
49	62
49	66
49	75
49	76
49	77
50	9
50	23
50	45
50	47
50	55
50	60
50	62
50	70
50	79
50	81
51	3
51	5
51	21
51	25
51	48
51	49
51	56
51	75
51	76
51	78
51	80
52	4
52	14
52	15
52	17
52	23
52	29
52	31
52	45
52	58
52	70
52	72
53	13
53	16
53	18
53	22
53	36
53	39
53	49
53	56
53	69
53	72
53	74
54	18
54	27
54	41
54	56
54	58
54	61
54	64
54	66
54	67
54	68
54	79
54	81
55	1
55	9
55	13
55	20
55	39
55	46
55	50
55	74
55	75
55	76
55	79
55	81
56	4
56	26
56	30
56	51
56	53
56	54
56	57
56	68
56	69
56	71
56	72
56	80
57	19
57	29
57	48
57	56
57	62
57	63
57	64
57	65
57	66
57	73
57	75
57	78
58	4
58	5
58	24
58	26
58	40
58	47
58	52
58	54
58	63
58	69
58	72
58	77
58	80
59	24
59	32
59	38
59	45
59	63
59	66
59	69
59	70
59	71
59	72
59	74
59	76
59	80
60	11
60	33
60	49
60	50
60	61
60	65
60	66
60	68
60	71
60	75
60	79
60	80
60	81
61	2
61	12
61	26
61	30
61	38
61	54
61	60
61	62
61	67
61	68
61	73
61	76
61	81
62	12
62	13
62	15
62	39
62	49
62	50
62	57
62	61
62	74
62	75
62	76
62	77
62	80
62	81
63	4
63	15
63	23
63	38
63	39
63	41
63	57
63	58
63	59
63	64
63	65
63	73
63	74
63	77
63	78
64	8
64	14
64	19
64	20
64	35
64	41
64	54
64	57
64	63
64	65
64	71
64	72
64	73
64	78
64	80
65	6
65	23
65	26
65	35
65	38
65	42
65	57
65	60
65	63
65	64
65	73
65	75
65	76
65	78
65	79
65	80
66	2
66	7
66	15
66	20
66	32
66	33
66	49
66	54
66	57
66	59
66	60
66	67
66	68
66	78
66	79
66	80
67	1
67	6
67	7
67	14
67	29
67	34
67	54
67	61
67	66
67	69
67	73
67	75
67	77
67	79
67	80
67	81
68	3
68	5
68	6
68	19
68	24
68	30
68	31
68	42
68	54
68	56
68	60
68	61
68	66
68	73
68	79
68	81
69	10
69	24
69	28
69	30
69	37
69	43
69	46
69	53
69	56
69	58
69	59
69	67
69	71
69	72
69	74
69	80
70	6
70	9
70	10
70	17
70	18
70	23
70	29
70	30
70	31
70	33
70	45
70	46
70	47
70	50
70	52
70	59
70	77
71	11
71	12
71	21
71	25
71	27
71	32
71	40
71	56
71	59
71	60
71	64
71	69
71	72
71	73
71	76
71	80
71	81
72	2
72	10
72	11
72	28
72	30
72	40
72	52
72	53
72	56
72	58
72	59
72	64
72	69
72	71
72	73
72	74
72	76
72	77
72	80
73	22
73	25
73	26
73	32
73	35
73	37
73	38
73	41
73	57
73	61
73	63
73	64
73	65
73	67
73	68
73	71
73	72
73	76
73	78
73	81
74	5
74	8
74	15
74	17
74	21
74	28
74	39
74	43
74	47
74	48
74	53
74	55
74	59
74	62
74	63
74	69
74	72
74	75
74	76
74	78
75	1
75	2
75	8
75	18
75	21
75	40
75	46
75	48
75	49
75	51
75	55
75	57
75	60
75	62
75	65
75	67
75	74
75	77
75	79
75	80
75	81
76	12
76	15
76	19
76	20
76	22
76	32
76	34
76	46
76	48
76	49
76	51
76	55
76	59
76	61
76	62
76	65
76	71
76	72
76	73
76	74
76	77
77	5
77	8
77	9
77	21
77	30
77	34
77	35
77	39
77	44
77	48
77	49
77	58
77	62
77	63
77	67
77	70
77	72
77	75
77	76
77	78
77	81
78	7
78	19
78	24
78	25
78	26
78	33
78	35
78	38
78	41
78	46
78	51
78	57
78	63
78	64
78	65
78	66
78	73
78	74
78	77
78	79
78	80
78	81
79	2
79	12
79	19
79	28
79	31
79	33
79	40
79	41
79	43
79	44
79	50
79	54
79	55
79	60
79	65
79	66
79	67
79	68
79	75
79	78
79	80
79	81
80	4
80	11
80	13
80	24
80	32
80	33
80	40
80	51
80	56
80	58
80	59
80	60
80	62
80	64
80	65
80	66
80	67
80	69
80	71
80	72
80	75
80	78
80	79
81	1
81	6
81	7
81	16
81	28
81	31
81	32
81	33
81	34
81	43
81	44
81	50
81	54
81	55
81	60
81	61
81	62
81	67
81	68
81	71
81	73
81	75
81	77
81	78
81	79
