1	3
1	37
1	47
1	59
1	69
1	74
2	25
2	58
2	63
2	64
2	68
2	72
3	1
3	16
3	36
3	42
3	67
3	70
4	13
4	15
4	29
4	42
4	45
4	63
5	21
5	35
5	56
5	66
5	72
5	80
6	20
6	49
6	50
6	61
6	67
6	80
7	24
7	39
7	52
7	63
7	64
7	71
8	9
8	38
8	42
8	53
8	57
8	72
9	8
9	14
9	72
9	73
9	77
9	80
10	40
10	47
10	54
10	73
10	77
10	78
11	14
11	30
11	60
11	71
11	75
11	80
12	50
12	55
12	63
12	68
12	70
12	78
12	79
13	4
13	37
13	63
13	64
13	65
13	75
13	78
14	9
14	11
14	42
14	72
14	74
14	75
14	77
15	4
15	39
15	44
15	56
15	57
15	64
15	72
16	3
16	19
16	25
16	51
16	71
16	77
16	81
17	26
17	31
17	48
17	49
17	54
17	75
17	81
18	34
18	43
18	45
18	53
18	54
18	57
18	79
19	16
19	24
19	40
19	51
19	55
19	69
19	76
20	6
20	26
20	38
20	69
20	70
20	77
20	78
21	5
21	25
21	37
21	46
21	49
21	75
21	76
21	81
22	27
22	39
22	47
22	49
22	62
22	70
22	76
22	81
23	33
23	35
23	46
23	57
23	61
23	68
23	75
23	80
24	7
24	19
24	43
24	47
24	53
24	68
24	69
24	77
25	2
25	16
25	21
25	41
25	59
25	66
25	67
25	80
26	17
26	20
26	42
26	46
26	47
26	73
26	76
26	81
27	22
27	36
27	43
27	46
27	53
27	61
27	65
27	67
28	33
28	50
28	57
28	69
28	73
28	74
28	78
28	79
29	4
29	34
29	38
29	56
29	58
29	59
29	63
29	64
30	11
30	40
30	57
30	63
30	67
30	74
30	75
30	80
31	17
31	32
31	36
31	61
31	69
31	70
31	79
31	81
32	31
32	52
32	54
32	65
32	73
32	76
32	78
32	79
33	23
33	28
33	41
33	55
33	59
33	72
33	78
33	79
33	80
34	18
34	29
34	42
34	51
34	64
34	71
34	76
34	77
34	78
35	5
35	23
35	41
35	63
35	65
35	74
35	75
35	79
35	80
36	3
36	27
36	31
36	52
36	56
36	66
36	70
36	71
36	77
37	1
37	13
37	21
37	40
37	52
37	58
37	64
37	68
37	80
38	8
38	20
38	29
38	57
38	60
38	65
38	71
38	72
38	79
39	7
39	15
39	22
39	51
39	60
39	66
39	76
39	77
39	78
40	10
40	19
40	30
40	37
40	41
40	70
40	72
40	75
40	81
41	25
41	33
41	35
41	40
41	60
41	64
41	67
41	76
41	80
42	3
42	4
42	8
42	14
42	26
42	34
42	64
42	76
42	79
42	81
43	18
43	24
43	27
43	44
43	45
43	51
43	56
43	57
43	71
43	77
44	15
44	43
44	46
44	50
44	61
44	65
44	73
44	77
44	78
44	79
45	4
45	18
45	43
45	48
45	49
45	55
45	67
45	75
45	80
45	81
46	21
46	23
46	26
46	27
46	44
46	53
46	62
46	66
46	74
46	79
47	1
47	10
47	22
47	24
47	26
47	62
47	69
47	70
47	71
47	76
48	17
48	45
48	49
48	51
48	55
48	66
48	67
48	74
48	75
48	76
48	80
49	6
49	17
49	21
49	22
49	45
49	48
49	56
49	61
49	70
49	76
49	77
50	6
50	12
50	28
50	44
50	57
50	60
50	61
50	70
50	71
50	78
50	81
51	16
51	19
51	34
51	39
51	43
51	48
51	54
51	68
51	75
51	80
51	81
52	7
52	32
52	36
52	37
52	56
52	58
52	63
52	64
52	67
52	76
52	77
53	8
53	18
53	24
53	27
53	46
53	60
53	65
53	71
53	73
53	76
53	78
54	10
54	17
54	18
54	32
54	51
54	60
54	62
54	69
54	72
54	77
54	81
55	12
55	19
55	33
55	45
55	48
55	59
55	62
55	64
55	71
55	73
55	75
55	80
56	5
56	15
56	29
56	36
56	43
56	49
56	52
56	62
56	68
56	76
56	77
56	81
57	8
57	15
57	18
57	23
57	28
57	30
57	38
57	43
57	50
57	61
57	77
57	80
58	2
58	29
58	37
58	52
58	62
58	63
58	64
58	65
58	66
58	72
58	76
58	79
59	1
59	25
59	29
59	33
59	55
59	60
59	67
59	69
59	70
59	75
59	76
59	80
60	11
60	38
60	39
60	41
60	50
60	53
60	54
60	59
60	69
60	70
60	71
60	76
61	6
61	23
61	27
61	31
61	44
61	49
61	50
61	57
61	63
61	69
61	70
61	72
61	74
62	22
62	46
62	47
62	54
62	55
62	56
62	58
62	68
62	73
62	74
62	75
62	78
62	79
63	2
63	4
63	7
63	12
63	13
63	29
63	30
63	35
63	52
63	58
63	61
63	67
63	78
63	81
64	2
64	7
64	13
64	15
64	29
64	34
64	37
64	41
64	42
64	52
64	55
64	58
64	78
64	79
65	13
65	27
65	32
65	35
65	38
65	44
65	53
65	58
65	66
65	68
65	74
65	78
65	79
65	81
66	5
66	25
66	36
66	39
66	46
66	48
66	58
66	65
66	68
66	73
66	74
66	77
66	78
66	79
67	3
67	6
67	25
67	27
67	30
67	41
67	45
67	48
67	52
67	59
67	63
67	69
67	71
67	75
68	2
68	12
68	23
68	24
68	37
68	51
68	56
68	62
68	65
68	66
68	73
68	74
68	78
68	79
68	80
69	1
69	19
69	20
69	24
69	28
69	31
69	47
69	54
69	59
69	60
69	61
69	67
69	71
69	73
69	77
69	79
70	3
70	12
70	20
70	22
70	31
70	36
70	40
70	47
70	49
70	50
70	59
70	60
70	61
70	73
70	75
70	81
71	7
71	11
71	16
71	34
71	36
71	38
71	43
71	47
71	50
71	53
71	55
71	60
71	67
71	69
71	77
71	78
72	2
72	5
72	8
72	9
72	14
72	15
72	33
72	38
72	40
72	54
72	58
72	61
72	77
72	78
72	79
72	80
72	81
73	9
73	10
73	26
73	28
73	32
73	44
73	53
73	55
73	62
73	66
73	68
73	69
73	70
73	74
73	78
73	79
73	80
73	81
74	1
74	14
74	28
74	30
74	35
74	46
74	48
74	61
74	62
74	65
74	66
74	68
74	73
74	77
74	78
74	79
74	80
74	81
75	11
75	13
75	14
75	17
75	21
75	23
75	30
75	35
75	40
75	45
75	48
75	51
75	55
75	59
75	62
75	67
75	70
75	80
75	81
76	19
76	21
76	22
76	26
76	32
76	34
76	39
76	41
76	42
76	47
76	48
76	49
76	52
76	53
76	56
76	58
76	59
76	60
76	79
76	81
77	9
77	10
77	14
77	16
77	20
77	24
77	34
77	36
77	39
77	43
77	44
77	49
77	52
77	54
77	56
77	57
77	66
77	69
77	71
77	72
77	74
77	80
77	81
78	10
78	12
78	13
78	20
78	28
78	32
78	33
78	34
78	39
78	44
78	50
78	53
78	62
78	63
78	64
78	65
78	66
78	68
78	71
78	72
78	73
78	74
78	79
78	81
79	12
79	18
79	28
79	31
79	32
79	33
79	35
79	38
79	42
79	44
79	46
79	58
79	62
79	64
79	65
79	66
79	68
79	69
79	72
79	73
79	74
79	76
79	78
79	81
80	5
80	6
80	9
80	11
80	23
80	25
80	30
80	33
80	35
80	37
80	41
80	45
80	48
80	51
80	55
80	57
80	59
80	68
80	72
80	73
80	74
80	75
80	77
80	81
81	16
81	17
81	21
81	22
81	26
81	31
81	40
81	42
81	45
81	50
81	51
81	54
81	56
81	63
81	65
81	70
81	72
81	73
81	74
81	75
81	76
81	77
81	78
81	79
81	80
