1	17
1	19
1	29
1	64
1	73
1	81
2	12
2	30
2	42
2	52
2	53
2	60
3	24
3	51
3	67
3	69
3	73
3	77
4	34
4	51
4	66
4	71
4	72
4	75
5	26
5	31
5	62
5	72
5	79
5	81
6	30
6	38
6	62
6	75
6	79
6	81
7	16
7	31
7	63
7	71
7	72
7	79
8	14
8	54
8	62
8	64
8	73
8	81
9	29
9	61
9	64
9	68
9	69
9	73
10	22
10	45
10	50
10	64
10	69
10	75
10	77
11	33
11	44
11	45
11	48
11	59
11	60
11	75
12	2
12	36
12	39
12	53
12	56
12	60
12	77
13	28
13	29
13	37
13	61
13	68
13	71
13	72
14	8
14	45
14	46
14	48
14	53
14	71
14	78
15	47
15	52
15	67
15	70
15	75
15	76
15	77
16	7
16	32
16	42
16	47
16	58
16	63
16	79
17	1
17	20
17	24
17	59
17	66
17	67
17	69
18	19
18	28
18	37
18	38
18	46
18	71
18	78
19	1
19	18
19	32
19	49
19	63
19	70
19	79
19	81
20	17
20	21
20	25
20	52
20	62
20	66
20	67
20	79
21	20
21	23
21	24
21	50
21	53
21	64
21	67
21	77
22	10
22	34
22	40
22	49
22	54
22	63
22	67
22	72
23	21
23	39
23	47
23	63
23	72
23	74
23	76
23	77
24	3
24	17
24	21
24	42
24	57
24	64
24	70
24	77
25	20
25	33
25	46
25	48
25	62
25	69
25	70
25	71
26	5
26	40
26	41
26	49
26	50
26	59
26	66
26	67
26	77
27	34
27	52
27	68
27	70
27	72
27	74
27	76
27	78
27	80
28	13
28	18
28	33
28	48
28	60
28	63
28	65
28	71
28	80
29	1
29	9
29	13
29	44
29	57
29	58
29	66
29	74
29	79
30	2
30	6
30	32
30	36
30	39
30	42
30	46
30	48
30	53
31	5
31	7
31	38
31	56
31	58
31	63
31	70
31	73
31	81
32	16
32	19
32	30
32	39
32	41
32	74
32	76
32	78
32	80
33	11
33	25
33	28
33	37
33	39
33	48
33	59
33	60
33	71
33	76
34	4
34	22
34	27
34	38
34	45
34	59
34	60
34	72
34	73
34	75
35	38
35	47
35	49
35	57
35	60
35	62
35	64
35	67
35	75
35	80
36	12
36	30
36	39
36	40
36	42
36	53
36	62
36	68
36	71
36	74
37	13
37	18
37	33
37	46
37	58
37	64
37	69
37	71
37	79
37	81
38	6
38	18
38	31
38	34
38	35
38	51
38	63
38	65
38	72
38	75
39	12
39	23
39	30
39	32
39	33
39	36
39	42
39	53
39	58
39	67
40	22
40	26
40	36
40	51
40	54
40	59
40	64
40	74
40	77
40	78
41	26
41	32
41	42
41	66
41	68
41	69
41	70
41	71
41	79
41	81
42	2
42	16
42	24
42	30
42	36
42	39
42	41
42	53
42	60
42	68
43	54
43	57
43	63
43	65
43	66
43	68
43	72
43	76
43	78
43	79
43	80
44	11
44	29
44	54
44	59
44	60
44	63
44	64
44	65
44	72
44	76
44	81
45	10
45	11
45	14
45	34
45	46
45	56
45	68
45	69
45	73
45	79
45	81
46	14
46	18
46	25
46	30
46	37
46	45
46	48
46	53
46	55
46	71
46	80
47	15
47	16
47	23
47	35
47	58
47	61
47	65
47	67
47	75
47	78
47	80
48	11
48	14
48	25
48	28
48	30
48	33
48	46
48	68
48	71
48	72
48	80
49	19
49	22
49	26
49	35
49	50
49	51
49	59
49	60
49	61
49	64
49	65
50	10
50	21
50	26
50	49
50	52
50	59
50	61
50	63
50	65
50	77
50	78
50	81
51	3
51	4
51	38
51	40
51	49
51	59
51	61
51	64
51	70
51	76
51	77
51	79
52	2
52	15
52	20
52	27
52	50
52	54
52	57
52	58
52	60
52	65
52	74
52	79
53	2
53	12
53	14
53	21
53	30
53	36
53	39
53	42
53	46
53	61
53	78
53	80
54	8
54	22
54	40
54	43
54	44
54	52
54	58
54	63
54	66
54	67
54	68
54	76
55	46
55	62
55	63
55	65
55	66
55	72
55	74
55	75
55	76
55	77
55	78
55	80
56	12
56	31
56	45
56	57
56	60
56	62
56	65
56	68
56	69
56	70
56	71
56	79
56	81
57	24
57	29
57	35
57	43
57	52
57	56
57	58
57	64
57	66
57	67
57	70
57	75
57	78
57	81
58	16
58	29
58	31
58	37
58	39
58	47
58	52
58	54
58	57
58	69
58	70
58	75
58	77
58	80
59	11
59	17
59	26
59	33
59	34
59	40
59	44
59	49
59	50
59	51
59	64
59	70
59	74
59	77
59	80
60	2
60	11
60	12
60	28
60	33
60	34
60	35
60	42
60	44
60	49
60	52
60	56
60	66
60	73
60	75
61	9
61	13
61	47
61	49
61	50
61	51
61	53
61	65
61	66
61	72
61	74
61	76
61	78
61	79
61	80
62	5
62	6
62	8
62	20
62	25
62	35
62	36
62	55
62	56
62	64
62	69
62	70
62	73
62	74
62	76
62	79
63	7
63	16
63	19
63	22
63	23
63	28
63	31
63	38
63	43
63	44
63	50
63	54
63	55
63	67
63	73
63	75
63	78
64	1
64	8
64	9
64	10
64	21
64	24
64	35
64	37
64	40
64	44
64	49
64	51
64	57
64	59
64	62
64	67
64	77
65	28
65	38
65	43
65	44
65	47
65	49
65	50
65	52
65	55
65	56
65	61
65	72
65	74
65	75
65	76
65	78
65	80
65	81
66	4
66	17
66	20
66	26
66	29
66	41
66	43
66	54
66	55
66	57
66	60
66	61
66	67
66	69
66	73
66	74
66	75
66	76
67	3
67	15
67	17
67	20
67	21
67	22
67	26
67	35
67	39
67	47
67	54
67	57
67	63
67	64
67	66
67	74
67	78
67	80
68	9
68	13
68	27
68	36
68	41
68	42
68	43
68	45
68	48
68	54
68	56
68	69
68	70
68	73
68	75
68	77
68	79
68	81
69	3
69	9
69	10
69	17
69	25
69	37
69	41
69	45
69	56
69	58
69	62
69	66
69	68
69	70
69	73
69	74
69	75
69	79
69	81
70	15
70	19
70	24
70	25
70	27
70	31
70	41
70	51
70	56
70	57
70	58
70	59
70	62
70	68
70	69
70	73
70	77
70	79
70	81
71	4
71	7
71	13
71	14
71	18
71	25
71	28
71	33
71	36
71	37
71	41
71	46
71	48
71	56
71	72
71	73
71	77
71	78
71	81
72	4
72	5
72	7
72	13
72	22
72	23
72	27
72	34
72	38
72	43
72	44
72	48
72	55
72	61
72	65
72	71
72	74
72	76
72	78
72	80
73	1
73	3
73	8
73	9
73	31
73	34
73	45
73	60
73	62
73	63
73	66
73	68
73	69
73	70
73	71
73	75
73	76
73	79
73	80
73	81
74	23
74	27
74	29
74	32
74	36
74	40
74	52
74	55
74	59
74	61
74	62
74	65
74	66
74	67
74	69
74	72
74	76
74	78
74	80
74	81
75	4
75	6
75	10
75	11
75	15
75	34
75	35
75	38
75	47
75	55
75	57
75	58
75	60
75	63
75	65
75	66
75	68
75	69
75	73
75	78
75	80
76	15
76	23
76	27
76	32
76	33
76	43
76	44
76	51
76	54
76	55
76	61
76	62
76	65
76	66
76	72
76	73
76	74
76	77
76	78
76	79
76	80
77	3
77	10
77	12
77	15
77	21
77	23
77	24
77	26
77	40
77	50
77	51
77	55
77	58
77	59
77	64
77	68
77	70
77	71
77	76
77	78
77	81
78	14
78	18
78	27
78	32
78	40
78	43
78	47
78	50
78	53
78	55
78	57
78	61
78	63
78	65
78	67
78	71
78	72
78	74
78	75
78	76
78	77
78	80
79	5
79	6
79	7
79	16
79	19
79	20
79	29
79	37
79	41
79	43
79	45
79	51
79	52
79	56
79	61
79	62
79	68
79	69
79	70
79	73
79	76
79	80
79	81
80	27
80	28
80	32
80	35
80	43
80	46
80	47
80	48
80	53
80	55
80	58
80	59
80	61
80	65
80	67
80	72
80	73
80	74
80	75
80	76
80	78
80	79
80	81
81	1
81	5
81	6
81	8
81	19
81	31
81	37
81	41
81	44
81	45
81	50
81	56
81	57
81	65
81	68
81	69
81	70
81	71
81	73
81	74
81	77
81	79
81	80
