1	14
1	25
1	40
1	61
1	67
1	77
2	35
2	61
2	64
2	65
2	70
2	74
3	46
3	66
3	67
3	74
3	77
3	79
4	38
4	54
4	71
4	74
4	75
4	76
5	46
5	49
5	52
5	55
5	77
5	79
6	25
6	34
6	62
6	63
6	70
6	77
7	20
7	38
7	53
7	59
7	74
7	81
8	23
8	36
8	54
8	64
8	71
8	76
9	23
9	51
9	71
9	73
9	79
9	81
10	15
10	23
10	27
10	65
10	70
10	73
11	12
11	18
11	33
11	52
11	65
11	70
12	11
12	27
12	40
12	44
12	63
12	77
13	25
13	40
13	53
13	64
13	65
13	71
14	1
14	44
14	61
14	72
14	73
14	81
15	10
15	21
15	47
15	48
15	63
15	70
15	77
16	32
16	47
16	48
16	55
16	57
16	59
16	78
17	38
17	52
17	67
17	68
17	69
17	79
17	80
18	11
18	43
18	55
18	64
18	66
18	70
18	80
19	33
19	39
19	61
19	64
19	68
19	70
19	72
20	7
20	22
20	24
20	34
20	57
20	69
20	78
21	15
21	36
21	50
21	60
21	65
21	66
21	77
22	20
22	42
22	45
22	50
22	66
22	72
22	78
23	8
23	9
23	10
23	24
23	39
23	40
23	50
24	20
24	23
24	40
24	62
24	66
24	78
24	79
25	1
25	6
25	13
25	30
25	39
25	56
25	63
26	41
26	54
26	69
26	71
26	72
26	73
26	80
27	10
27	12
27	38
27	40
27	58
27	68
27	70
28	29
28	59
28	68
28	71
28	73
28	74
28	81
29	28
29	33
29	42
29	46
29	50
29	52
29	81
30	25
30	45
30	49
30	63
30	71
30	78
30	80
31	43
31	45
31	48
31	62
31	66
31	69
31	78
32	16
32	60
32	63
32	69
32	74
32	77
32	79
32	81
33	11
33	19
33	29
33	43
33	55
33	73
33	75
33	78
34	6
34	20
34	36
34	37
34	61
34	62
34	72
34	73
35	2
35	44
35	51
35	62
35	72
35	73
35	78
35	79
36	8
36	21
36	34
36	38
36	63
36	66
36	72
36	78
37	34
37	39
37	47
37	50
37	54
37	56
37	59
37	77
38	4
38	7
38	17
38	27
38	36
38	65
38	67
38	81
39	19
39	23
39	25
39	37
39	71
39	76
39	80
39	81
40	1
40	12
40	13
40	23
40	24
40	27
40	49
40	74
41	26
41	47
41	53
41	74
41	75
41	76
41	79
41	80
42	22
42	29
42	45
42	46
42	48
42	49
42	54
42	57
42	59
43	18
43	31
43	33
43	52
43	55
43	59
43	60
43	64
43	80
44	12
44	14
44	35
44	48
44	68
44	69
44	75
44	77
44	79
45	22
45	30
45	31
45	42
45	66
45	69
45	75
45	76
45	80
46	3
46	5
46	29
46	42
46	52
46	55
46	64
46	72
46	79
47	15
47	16
47	37
47	41
47	54
47	56
47	57
47	62
47	80
48	15
48	16
48	31
48	42
48	44
48	54
48	62
48	72
48	78
49	5
49	30
49	40
49	42
49	54
49	56
49	59
49	72
49	73
50	21
50	22
50	23
50	29
50	37
50	52
50	75
50	76
50	80
50	81
51	9
51	35
51	55
51	62
51	64
51	66
51	72
51	75
51	78
51	79
52	5
52	11
52	17
52	29
52	43
52	46
52	50
52	55
52	59
52	74
52	79
53	7
53	13
53	41
53	54
53	60
53	68
53	73
53	77
53	79
53	80
53	81
54	4
54	8
54	26
54	37
54	42
54	47
54	48
54	49
54	53
54	56
54	57
55	5
55	16
55	18
55	33
55	43
55	46
55	51
55	52
55	67
55	71
55	76
56	25
56	37
56	47
56	49
56	54
56	57
56	59
56	64
56	67
56	75
56	76
56	81
57	16
57	20
57	42
57	47
57	54
57	56
57	58
57	59
57	60
57	71
57	76
57	79
58	27
58	57
58	61
58	67
58	68
58	71
58	73
58	74
58	76
58	77
58	79
58	81
59	7
59	16
59	28
59	37
59	42
59	43
59	49
59	52
59	56
59	57
59	60
59	75
60	21
60	32
60	43
60	53
60	57
60	59
60	65
60	69
60	71
60	76
60	78
60	80
61	1
61	2
61	14
61	19
61	34
61	58
61	63
61	64
61	70
61	74
61	76
61	80
62	6
62	24
62	31
62	34
62	35
62	47
62	48
62	51
62	68
62	69
62	72
62	79
62	80
63	6
63	12
63	15
63	25
63	30
63	32
63	36
63	61
63	64
63	70
63	76
63	79
63	81
64	2
64	8
64	13
64	18
64	19
64	43
64	46
64	51
64	56
64	61
64	63
64	70
64	80
65	2
65	10
65	11
65	13
65	21
65	38
65	60
65	67
65	71
65	75
65	77
65	78
65	80
65	81
66	3
66	18
66	21
66	22
66	24
66	31
66	36
66	45
66	51
66	67
66	72
66	77
66	78
66	80
67	1
67	3
67	17
67	38
67	55
67	56
67	58
67	65
67	66
67	69
67	74
67	75
67	76
67	80
68	17
68	19
68	27
68	28
68	44
68	53
68	58
68	62
68	70
68	73
68	74
68	76
68	77
68	81
69	17
69	20
69	26
69	31
69	32
69	44
69	45
69	60
69	62
69	67
69	75
69	76
69	77
69	78
70	2
70	6
70	10
70	11
70	15
70	18
70	19
70	27
70	61
70	63
70	64
70	68
70	72
70	75
70	76
70	78
70	80
70	81
71	4
71	8
71	9
71	13
71	26
71	28
71	30
71	39
71	55
71	57
71	58
71	60
71	65
71	73
71	75
71	78
71	80
71	81
72	14
72	19
72	22
72	26
72	34
72	35
72	36
72	46
72	48
72	49
72	51
72	62
72	66
72	70
72	75
72	78
72	80
72	81
73	9
73	10
73	14
73	26
73	28
73	33
73	34
73	35
73	49
73	53
73	58
73	68
73	71
73	74
73	75
73	77
73	78
73	79
73	81
74	2
74	3
74	4
74	7
74	28
74	32
74	40
74	41
74	52
74	58
74	61
74	67
74	68
74	73
74	76
74	77
74	79
74	80
74	81
75	4
75	33
75	41
75	44
75	45
75	50
75	51
75	56
75	59
75	65
75	67
75	69
75	70
75	71
75	72
75	73
75	76
75	80
75	81
76	4
76	8
76	39
76	41
76	45
76	50
76	55
76	56
76	57
76	58
76	60
76	61
76	63
76	67
76	68
76	69
76	70
76	74
76	75
76	78
77	1
77	3
77	5
77	6
77	12
77	15
77	21
77	32
77	37
77	44
77	53
77	58
77	65
77	66
77	68
77	69
77	73
77	74
77	79
77	81
78	16
78	20
78	22
78	24
78	30
78	31
78	33
78	35
78	36
78	48
78	51
78	60
78	65
78	66
78	69
78	70
78	71
78	72
78	73
78	76
79	3
79	5
79	9
79	17
79	24
79	32
79	35
79	41
79	44
79	46
79	51
79	52
79	53
79	57
79	58
79	62
79	63
79	73
79	74
79	77
79	81
80	17
80	18
80	26
80	30
80	39
80	41
80	43
80	45
80	47
80	50
80	53
80	60
80	61
80	62
80	64
80	65
80	66
80	67
80	70
80	71
80	72
80	74
80	75
80	81
81	7
81	9
81	14
81	28
81	29
81	32
81	38
81	39
81	50
81	53
81	56
81	58
81	63
81	65
81	68
81	70
81	71
81	72
81	73
81	74
81	75
81	77
81	79
81	80
