1	16
1	58
1	60
1	67
1	73
1	78
2	35
2	38
2	65
2	67
2	72
2	74
3	7
3	14
3	43
3	47
3	60
3	72
4	18
4	40
4	51
4	66
4	67
4	72
5	59
5	60
5	62
5	65
5	66
5	77
6	22
6	26
6	47
6	66
6	73
6	78
7	3
7	41
7	44
7	59
7	72
7	81
8	21
8	23
8	52
8	58
8	67
8	68
9	19
9	39
9	61
9	64
9	71
9	75
10	15
10	54
10	57
10	63
10	64
10	74
11	16
11	52
11	59
11	62
11	70
11	80
12	22
12	42
12	65
12	74
12	76
12	80
13	21
13	38
13	62
13	65
13	69
13	74
14	3
14	26
14	37
14	49
14	63
14	79
15	10
15	27
15	30
15	64
15	69
15	74
16	1
16	11
16	27
16	55
16	68
16	69
17	33
17	39
17	56
17	64
17	65
17	75
18	4
18	34
18	38
18	53
18	56
18	68
19	9
19	29
19	36
19	60
19	65
19	67
19	78
20	43
20	59
20	61
20	64
20	67
20	70
20	75
21	8
21	13
21	50
21	63
21	75
21	79
21	81
22	6
22	12
22	32
22	50
22	60
22	63
22	74
23	8
23	43
23	54
23	56
23	57
23	74
23	79
24	32
24	44
24	46
24	52
24	62
24	66
24	78
25	44
25	60
25	67
25	73
25	74
25	78
25	79
26	6
26	14
26	29
26	60
26	62
26	76
26	78
27	15
27	16
27	34
27	37
27	51
27	65
27	75
28	50
28	55
28	62
28	66
28	67
28	73
28	78
29	19
29	26
29	45
29	46
29	51
29	67
29	75
30	15
30	36
30	45
30	48
30	49
30	74
30	77
31	50
31	64
31	66
31	72
31	77
31	79
31	80
31	81
32	22
32	24
32	55
32	58
32	60
32	65
32	71
32	73
32	76
33	17
33	41
33	42
33	56
33	70
33	75
33	77
33	79
33	80
34	18
34	27
34	39
34	46
34	57
34	59
34	73
34	76
34	78
35	2
35	49
35	61
35	63
35	66
35	71
35	72
35	74
35	76
36	19
36	30
36	64
36	66
36	67
36	69
36	73
36	78
36	81
37	14
37	27
37	49
37	56
37	59
37	60
37	62
37	65
37	68
38	2
38	13
38	18
38	49
38	61
38	71
38	72
38	74
38	76
39	9
39	17
39	34
39	62
39	72
39	75
39	76
39	79
39	80
40	4
40	43
40	47
40	49
40	51
40	55
40	58
40	61
40	73
40	80
41	7
41	33
41	42
41	45
41	47
41	51
41	54
41	61
41	72
41	81
42	12
42	33
42	41
42	45
42	70
42	73
42	78
42	79
42	80
42	81
43	3
43	20
43	23
43	40
43	53
43	56
43	62
43	71
43	72
43	74
44	7
44	24
44	25
44	49
44	58
44	66
44	73
44	74
44	77
44	78
45	29
45	30
45	41
45	42
45	53
45	67
45	68
45	70
45	71
45	74
46	24
46	29
46	34
46	66
46	67
46	68
46	69
46	73
46	78
46	81
47	3
47	6
47	40
47	41
47	56
47	61
47	63
47	64
47	69
47	72
47	77
48	30
48	53
48	59
48	63
48	64
48	69
48	70
48	71
48	79
48	80
48	81
49	14
49	30
49	35
49	37
49	38
49	40
49	44
49	51
49	61
49	67
49	81
50	21
50	22
50	28
50	31
50	53
50	56
50	62
50	63
50	68
50	69
50	73
51	4
51	27
51	29
51	40
51	41
51	49
51	61
51	68
51	71
51	72
51	80
52	8
52	11
52	24
52	56
52	61
52	64
52	65
52	75
52	76
52	77
52	78
53	18
53	43
53	45
53	48
53	50
53	68
53	72
53	74
53	75
53	77
53	78
53	80
54	10
54	23
54	41
54	56
54	58
54	63
54	69
54	71
54	78
54	79
54	80
54	81
55	16
55	28
55	32
55	40
55	60
55	64
55	65
55	70
55	75
55	76
55	79
55	80
55	81
56	17
56	18
56	23
56	33
56	37
56	43
56	47
56	50
56	52
56	54
56	63
56	68
56	70
56	73
57	10
57	23
57	34
57	58
57	65
57	68
57	69
57	70
57	71
57	72
57	76
57	77
57	79
57	81
58	1
58	8
58	32
58	40
58	44
58	54
58	57
58	62
58	64
58	69
58	71
58	77
58	79
58	80
58	81
59	5
59	7
59	11
59	20
59	34
59	37
59	48
59	60
59	61
59	69
59	71
59	73
59	75
59	76
59	80
60	1
60	3
60	5
60	19
60	22
60	25
60	26
60	32
60	37
60	55
60	59
60	64
60	65
60	74
60	76
60	79
61	9
61	20
61	35
61	38
61	40
61	41
61	47
61	49
61	51
61	52
61	59
61	65
61	70
61	72
61	76
61	80
62	5
62	11
62	13
62	24
62	26
62	28
62	37
62	39
62	43
62	50
62	58
62	63
62	68
62	70
62	74
62	79
63	10
63	14
63	21
63	22
63	35
63	47
63	48
63	50
63	54
63	56
63	62
63	68
63	70
63	73
63	74
63	76
63	77
64	9
64	10
64	15
64	17
64	20
64	31
64	36
64	47
64	48
64	52
64	55
64	58
64	60
64	71
64	75
64	76
64	81
65	2
65	5
65	12
65	13
65	17
65	19
65	27
65	32
65	37
65	52
65	55
65	57
65	60
65	61
65	66
65	74
65	76
66	4
66	5
66	6
66	24
66	28
66	31
66	35
66	36
66	44
66	46
66	65
66	67
66	69
66	73
66	76
66	78
66	80
66	81
67	1
67	2
67	4
67	8
67	19
67	20
67	25
67	28
67	29
67	36
67	45
67	46
67	49
67	66
67	70
67	73
67	78
67	79
68	8
68	16
68	18
68	37
68	45
68	46
68	50
68	51
68	53
68	56
68	57
68	62
68	63
68	69
68	74
68	75
68	76
68	80
68	81
69	13
69	15
69	16
69	36
69	46
69	47
69	48
69	50
69	54
69	57
69	58
69	59
69	66
69	68
69	70
69	71
69	77
69	80
69	81
70	11
70	20
70	33
70	42
70	45
70	48
70	55
70	56
70	57
70	61
70	62
70	63
70	67
70	69
70	71
70	74
70	77
70	79
70	80
70	81
71	9
71	32
71	35
71	38
71	43
71	45
71	48
71	51
71	54
71	57
71	58
71	59
71	64
71	69
71	70
71	72
71	77
71	79
71	80
71	81
72	2
72	3
72	4
72	7
72	31
72	35
72	38
72	39
72	41
72	43
72	47
72	51
72	53
72	57
72	61
72	71
72	73
72	75
72	77
72	78
73	1
73	6
73	25
73	28
73	32
73	34
73	36
73	40
73	42
73	44
73	46
73	50
73	56
73	59
73	63
73	66
73	67
73	72
73	77
73	78
73	79
74	2
74	10
74	12
74	13
74	15
74	22
74	23
74	25
74	30
74	35
74	38
74	43
74	44
74	45
74	53
74	60
74	62
74	63
74	65
74	68
74	70
75	9
75	17
75	20
75	21
75	27
75	29
75	33
75	39
75	52
75	53
75	55
75	59
75	64
75	68
75	72
75	76
75	77
75	78
75	79
75	80
75	81
76	12
76	26
76	32
76	34
76	35
76	38
76	39
76	52
76	55
76	57
76	59
76	60
76	61
76	63
76	64
76	65
76	66
76	68
76	75
76	77
76	78
76	81
77	5
77	30
77	31
77	33
77	44
77	47
77	52
77	53
77	57
77	58
77	63
77	69
77	70
77	71
77	72
77	73
77	75
77	76
77	78
77	79
77	80
77	81
78	1
78	6
78	19
78	24
78	25
78	26
78	28
78	34
78	36
78	42
78	44
78	46
78	52
78	53
78	54
78	66
78	67
78	72
78	73
78	75
78	76
78	77
78	81
79	14
79	21
79	23
79	25
79	31
79	33
79	39
79	42
79	48
79	54
79	55
79	57
79	58
79	60
79	62
79	67
79	70
79	71
79	73
79	75
79	77
79	80
79	81
80	11
80	12
80	31
80	33
80	39
80	40
80	42
80	48
80	51
80	53
80	54
80	55
80	58
80	59
80	61
80	66
80	68
80	69
80	70
80	71
80	75
80	77
80	79
80	81
81	7
81	21
81	31
81	36
81	41
81	42
81	46
81	48
81	49
81	54
81	55
81	57
81	58
81	64
81	66
81	68
81	69
81	70
81	71
81	75
81	76
81	77
81	78
81	79
81	80
