1	5
1	12
1	48
1	51
1	60
1	68
2	10
2	25
2	40
2	53
2	59
2	66
3	42
3	43
3	51
3	70
3	72
3	80
4	24
4	50
4	52
4	66
4	74
4	75
5	1
5	6
5	9
5	16
5	47
5	58
6	5
6	19
6	20
6	48
6	58
6	80
7	9
7	35
7	50
7	58
7	72
7	76
8	14
8	59
8	61
8	62
8	64
8	80
9	5
9	7
9	14
9	69
9	71
9	78
10	2
10	16
10	23
10	41
10	49
10	68
11	25
11	73
11	75
11	78
11	79
11	81
12	1
12	16
12	67
12	73
12	78
12	81
13	30
13	38
13	69
13	70
13	72
13	74
14	8
14	9
14	35
14	58
14	67
14	78
15	34
15	59
15	64
15	65
15	66
15	67
16	5
16	10
16	12
16	37
16	60
16	68
17	44
17	57
17	64
17	76
17	80
17	81
18	64
18	73
18	74
18	78
18	79
18	81
19	6
19	31
19	46
19	52
19	63
19	76
20	6
20	35
20	58
20	66
20	70
20	77
21	26
21	37
21	45
21	46
21	77
21	81
22	48
22	54
22	57
22	61
22	63
22	75
22	80
23	10
23	52
23	62
23	65
23	72
23	76
23	79
24	4
24	65
24	71
24	75
24	77
24	78
24	81
25	2
25	11
25	56
25	57
25	58
25	66
25	73
25	74
26	21
26	36
26	49
26	66
26	71
26	72
26	74
26	76
27	41
27	53
27	57
27	61
27	69
27	72
27	76
27	81
28	29
28	37
28	43
28	46
28	52
28	68
28	69
28	71
29	28
29	31
29	46
29	52
29	54
29	58
29	67
29	76
30	13
30	38
30	48
30	49
30	60
30	67
30	68
30	74
31	19
31	29
31	46
31	52
31	54
31	72
31	76
31	80
32	40
32	49
32	52
32	57
32	59
32	67
32	68
32	80
33	48
33	53
33	56
33	63
33	75
33	77
33	78
33	81
34	15
34	61
34	68
34	69
34	70
34	72
34	79
34	81
35	7
35	14
35	20
35	36
35	47
35	54
35	58
35	63
36	26
36	35
36	38
36	41
36	59
36	62
36	67
36	74
36	78
37	16
37	21
37	28
37	44
37	63
37	74
37	78
37	79
37	80
38	13
38	30
38	36
38	41
38	48
38	60
38	62
38	68
38	78
39	45
39	56
39	59
39	61
39	69
39	70
39	72
39	74
39	76
40	2
40	32
40	62
40	65
40	71
40	75
40	78
40	79
40	81
41	10
41	27
41	36
41	38
41	45
41	51
41	60
41	68
41	80
42	3
42	46
42	51
42	54
42	55
42	65
42	73
42	76
42	79
43	3
43	28
43	61
43	64
43	65
43	66
43	69
43	70
43	72
43	77
44	17
44	37
44	52
44	60
44	62
44	65
44	73
44	75
44	78
44	81
45	21
45	39
45	41
45	53
45	58
45	60
45	62
45	70
45	76
45	80
46	19
46	21
46	28
46	29
46	31
46	42
46	52
46	62
46	65
46	78
47	5
47	35
47	55
47	70
47	71
47	74
47	76
47	77
47	79
47	81
48	1
48	6
48	22
48	30
48	33
48	38
48	60
48	66
48	68
48	70
48	73
49	10
49	26
49	30
49	32
49	50
49	57
49	67
49	71
49	74
49	76
49	77
50	4
50	7
50	49
50	55
50	57
50	59
50	60
50	64
50	67
50	74
50	81
51	1
51	3
51	41
51	42
51	55
51	67
51	71
51	77
51	78
51	79
51	80
52	4
52	19
52	23
52	28
52	29
52	31
52	32
52	44
52	46
52	61
52	80
53	2
53	27
53	33
53	45
53	54
53	55
53	68
53	71
53	73
53	74
53	76
53	77
54	22
54	29
54	31
54	35
54	42
54	53
54	69
54	70
54	73
54	77
54	79
54	80
55	42
55	47
55	50
55	51
55	53
55	56
55	57
55	58
55	59
55	64
55	68
55	77
56	25
56	33
56	39
56	55
56	65
56	69
56	73
56	75
56	77
56	78
56	79
56	81
57	17
57	22
57	25
57	27
57	32
57	49
57	50
57	55
57	67
57	74
57	79
57	80
58	5
58	6
58	7
58	14
58	20
58	25
58	29
58	35
58	45
58	55
58	72
58	76
59	2
59	8
59	15
59	32
59	36
59	39
59	50
59	55
59	61
59	66
59	72
59	74
59	80
60	1
60	16
60	30
60	38
60	41
60	44
60	45
60	48
60	50
60	61
60	63
60	66
60	68
61	8
61	22
61	27
61	34
61	39
61	43
61	52
61	59
61	60
61	69
61	70
61	72
61	75
61	80
62	8
62	23
62	36
62	38
62	40
62	44
62	45
62	46
62	63
62	68
62	75
62	76
62	79
62	80
63	19
63	22
63	33
63	35
63	37
63	60
63	62
63	71
63	72
63	73
63	76
63	77
63	79
63	81
64	8
64	15
64	17
64	18
64	43
64	50
64	55
64	71
64	72
64	77
64	78
64	79
64	80
64	81
65	15
65	23
65	24
65	40
65	42
65	43
65	44
65	46
65	56
65	72
65	73
65	75
65	78
65	79
65	81
66	2
66	4
66	15
66	20
66	25
66	26
66	43
66	48
66	59
66	60
66	67
66	71
66	73
66	74
66	75
66	81
67	12
67	14
67	15
67	29
67	30
67	32
67	36
67	49
67	50
67	51
67	57
67	66
67	74
67	77
67	78
67	80
68	1
68	10
68	16
68	28
68	30
68	32
68	34
68	38
68	41
68	48
68	53
68	55
68	60
68	62
68	74
68	79
69	9
69	13
69	27
69	28
69	34
69	39
69	43
69	54
69	56
69	61
69	70
69	72
69	75
69	76
69	78
69	79
69	81
70	3
70	13
70	20
70	34
70	39
70	43
70	45
70	47
70	48
70	54
70	61
70	69
70	72
70	73
70	79
70	80
70	81
71	9
71	24
71	26
71	28
71	40
71	47
71	49
71	51
71	53
71	63
71	64
71	66
71	75
71	76
71	77
71	78
71	79
72	3
72	7
72	13
72	23
72	26
72	27
72	31
72	34
72	39
72	43
72	58
72	59
72	61
72	63
72	64
72	65
72	69
72	70
73	11
73	12
73	18
73	25
73	42
73	44
73	48
73	53
73	54
73	56
73	63
73	65
73	66
73	70
73	75
73	77
73	78
73	79
73	81
74	4
74	13
74	18
74	25
74	26
74	30
74	36
74	37
74	39
74	47
74	49
74	50
74	53
74	57
74	59
74	66
74	67
74	68
74	75
74	77
75	4
75	11
75	22
75	24
75	33
75	40
75	44
75	56
75	61
75	62
75	65
75	66
75	69
75	71
75	73
75	74
75	78
75	79
75	80
75	81
76	7
76	17
76	19
76	23
76	26
76	27
76	29
76	31
76	39
76	42
76	45
76	47
76	49
76	53
76	58
76	62
76	63
76	69
76	71
76	79
76	80
77	20
77	21
77	24
77	33
77	43
77	47
77	49
77	51
77	53
77	54
77	55
77	56
77	63
77	64
77	67
77	71
77	73
77	74
77	78
77	79
77	80
77	81
78	9
78	11
78	12
78	14
78	18
78	24
78	33
78	36
78	37
78	38
78	40
78	44
78	46
78	51
78	56
78	64
78	65
78	67
78	69
78	71
78	73
78	75
78	77
78	81
79	11
79	18
79	23
79	34
79	37
79	40
79	42
79	47
79	51
79	54
79	56
79	57
79	62
79	63
79	64
79	65
79	68
79	69
79	70
79	71
79	73
79	75
79	76
79	77
79	80
80	3
80	6
80	8
80	17
80	22
80	31
80	32
80	37
80	41
80	45
80	51
80	52
80	54
80	57
80	59
80	61
80	62
80	64
80	67
80	70
80	75
80	76
80	77
80	79
80	81
81	11
81	12
81	17
81	18
81	21
81	24
81	27
81	33
81	34
81	40
81	44
81	47
81	50
81	56
81	63
81	64
81	65
81	66
81	69
81	70
81	73
81	75
81	77
81	78
81	80
