1	10
1	40
1	58
1	66
1	71
1	75
2	63
2	66
2	68
2	75
2	76
2	78
3	30
3	44
3	46
3	51
3	54
3	73
4	17
4	21
4	46
4	47
4	61
4	70
5	20
5	47
5	49
5	64
5	68
5	72
6	59
6	67
6	72
6	73
6	76
6	78
7	9
7	12
7	30
7	44
7	76
7	80
8	23
8	31
8	39
8	52
8	69
8	75
9	7
9	11
9	24
9	42
9	76
9	78
10	1
10	22
10	29
10	58
10	66
10	67
11	9
11	54
11	65
11	67
11	75
11	77
12	7
12	36
12	43
12	45
12	78
12	79
13	28
13	60
13	68
13	77
13	78
13	81
14	42
14	46
14	51
14	55
14	68
14	74
15	19
15	35
15	47
15	49
15	57
15	64
15	77
16	29
16	30
16	36
16	50
16	72
16	79
16	81
17	4
17	24
17	35
17	61
17	70
17	79
17	81
18	20
18	51
18	57
18	60
18	64
18	76
18	78
19	15
19	52
19	70
19	75
19	76
19	78
19	80
20	5
20	18
20	45
20	57
20	64
20	71
20	81
21	4
21	38
21	49
21	53
21	70
21	72
21	78
22	10
22	50
22	66
22	74
22	77
22	79
22	80
23	8
23	58
23	60
23	72
23	74
23	77
23	81
24	9
24	17
24	27
24	29
24	34
24	38
24	66
25	36
25	48
25	56
25	57
25	58
25	67
25	71
26	35
26	53
26	55
26	61
26	69
26	80
26	81
27	24
27	34
27	40
27	42
27	66
27	73
27	81
28	13
28	42
28	56
28	58
28	63
28	67
28	72
29	10
29	16
29	24
29	40
29	54
29	66
29	72
29	79
30	3
30	7
30	16
30	35
30	39
30	53
30	55
30	76
31	8
31	32
31	46
31	62
31	73
31	75
31	76
31	78
32	31
32	53
32	58
32	62
32	64
32	67
32	78
32	80
33	38
33	39
33	48
33	59
33	62
33	71
33	73
33	81
34	24
34	27
34	35
34	36
34	40
34	52
34	66
34	68
35	15
35	17
35	26
35	30
35	34
35	37
35	61
35	70
35	81
36	12
36	16
36	25
36	34
36	50
36	62
36	70
36	76
36	80
37	35
37	45
37	62
37	64
37	71
37	73
37	74
37	75
37	78
38	21
38	24
38	33
38	53
38	57
38	61
38	70
38	73
38	79
39	8
39	30
39	33
39	40
39	49
39	67
39	68
39	79
39	80
40	1
40	27
40	29
40	34
40	39
40	43
40	56
40	66
40	77
41	49
41	58
41	64
41	69
41	71
41	73
41	79
41	80
41	81
42	9
42	14
42	27
42	28
42	54
42	56
42	70
42	74
42	80
43	12
43	40
43	44
43	59
43	61
43	75
43	76
43	77
43	78
44	3
44	7
44	43
44	45
44	46
44	59
44	69
44	71
44	78
45	12
45	20
45	37
45	44
45	54
45	59
45	71
45	73
45	74
45	80
46	3
46	4
46	14
46	31
46	44
46	50
46	71
46	75
46	79
46	80
47	4
47	5
47	15
47	52
47	68
47	69
47	74
47	77
47	79
47	81
48	25
48	33
48	60
48	63
48	66
48	70
48	77
48	78
48	79
48	81
49	5
49	15
49	21
49	39
49	41
49	50
49	51
49	57
49	58
49	64
50	16
50	22
50	36
50	46
50	49
50	54
50	57
50	59
50	73
50	74
51	3
51	14
51	18
51	49
51	56
51	57
51	60
51	63
51	64
51	80
52	8
52	19
52	34
52	47
52	59
52	61
52	71
52	75
52	78
52	81
53	21
53	26
53	30
53	32
53	38
53	56
53	61
53	70
53	74
53	76
54	3
54	11
54	29
54	42
54	45
54	50
54	55
54	67
54	73
54	75
54	81
55	14
55	26
55	30
55	54
55	62
55	63
55	65
55	66
55	68
55	79
55	81
56	25
56	28
56	40
56	42
56	51
56	53
56	57
56	60
56	70
56	74
56	77
56	80
57	15
57	18
57	20
57	25
57	38
57	49
57	50
57	51
57	56
57	64
57	65
57	73
58	1
58	10
58	23
58	25
58	28
58	32
58	41
58	49
58	60
58	64
58	72
58	73
58	80
59	6
59	33
59	43
59	44
59	45
59	50
59	52
59	63
59	69
59	75
59	76
59	78
59	79
60	13
60	18
60	23
60	48
60	51
60	56
60	58
60	64
60	65
60	67
60	74
60	80
60	81
61	4
61	17
61	26
61	35
61	38
61	43
61	52
61	53
61	62
61	68
61	70
61	74
61	81
62	31
62	32
62	33
62	36
62	37
62	55
62	61
62	65
62	67
62	76
62	77
62	79
62	80
63	2
63	28
63	48
63	51
63	55
63	59
63	64
63	65
63	68
63	72
63	73
63	77
63	79
63	81
64	5
64	15
64	18
64	20
64	32
64	37
64	41
64	49
64	51
64	57
64	58
64	60
64	63
64	75
65	11
65	55
65	57
65	60
65	62
65	63
65	67
65	69
65	70
65	71
65	73
65	74
65	79
65	80
66	1
66	2
66	10
66	22
66	24
66	27
66	29
66	34
66	40
66	48
66	55
66	74
66	77
66	81
67	6
67	10
67	11
67	25
67	28
67	32
67	39
67	54
67	60
67	62
67	65
67	68
67	76
67	79
67	81
68	2
68	5
68	13
68	14
68	34
68	39
68	47
68	55
68	61
68	63
68	67
68	69
68	75
68	77
68	80
69	8
69	26
69	41
69	44
69	47
69	59
69	65
69	68
69	70
69	72
69	73
69	74
69	76
69	80
69	81
70	4
70	17
70	19
70	21
70	35
70	36
70	38
70	42
70	48
70	53
70	56
70	61
70	65
70	69
70	76
71	1
71	20
71	25
71	33
71	37
71	41
71	44
71	45
71	46
71	52
71	65
71	72
71	77
71	78
71	81
72	5
72	6
72	16
72	21
72	23
72	28
72	29
72	58
72	63
72	69
72	71
72	77
72	78
72	79
72	80
73	3
73	6
73	27
73	31
73	33
73	37
73	38
73	41
73	45
73	50
73	54
73	57
73	58
73	63
73	65
73	69
73	80
74	14
74	22
74	23
74	37
74	42
74	45
74	47
74	50
74	53
74	56
74	60
74	61
74	65
74	66
74	69
74	78
74	80
75	1
75	2
75	8
75	11
75	19
75	31
75	37
75	43
75	46
75	52
75	54
75	59
75	64
75	68
75	76
75	77
75	78
75	79
76	2
76	6
76	7
76	9
76	18
76	19
76	30
76	31
76	36
76	43
76	53
76	59
76	62
76	67
76	69
76	70
76	75
76	79
76	80
77	11
77	13
77	15
77	22
77	23
77	40
77	43
77	47
77	48
77	56
77	62
77	63
77	66
77	68
77	71
77	72
77	75
77	79
77	80
77	81
78	2
78	6
78	9
78	12
78	13
78	18
78	19
78	21
78	31
78	32
78	37
78	43
78	44
78	48
78	52
78	59
78	71
78	72
78	74
78	75
78	79
79	12
79	16
79	17
79	22
79	29
79	38
79	39
79	41
79	46
79	47
79	48
79	55
79	59
79	62
79	63
79	65
79	67
79	72
79	75
79	76
79	77
79	78
79	81
80	7
80	19
80	22
80	26
80	32
80	36
80	39
80	41
80	42
80	45
80	46
80	51
80	56
80	58
80	60
80	62
80	65
80	68
80	69
80	72
80	73
80	74
80	76
80	77
80	81
81	13
81	16
81	17
81	20
81	23
81	26
81	27
81	33
81	35
81	41
81	47
81	48
81	52
81	54
81	55
81	60
81	61
81	63
81	66
81	67
81	69
81	71
81	77
81	79
81	80
