1	15
1	48
1	50
1	60
1	61
1	67
2	15
2	36
2	48
2	61
2	68
2	79
3	5
3	44
3	46
3	53
3	59
3	68
4	18
4	47
4	65
4	67
4	78
4	80
5	3
5	37
5	46
5	70
5	75
5	81
6	19
6	40
6	48
6	61
6	75
6	81
7	41
7	54
7	56
7	66
7	78
7	81
8	34
8	51
8	59
8	62
8	73
8	79
9	62
9	73
9	74
9	77
9	80
9	81
10	11
10	34
10	36
10	64
10	68
10	75
11	10
11	63
11	67
11	78
11	80
11	81
12	50
12	53
12	54
12	60
12	61
12	77
13	25
13	58
13	63
13	64
13	78
13	80
14	15
14	23
14	35
14	55
14	79
14	80
15	1
15	2
15	14
15	50
15	60
15	61
16	17
16	20
16	21
16	44
16	69
16	80
17	16
17	27
17	35
17	37
17	55
17	57
17	74
18	4
18	22
18	42
18	57
18	60
18	72
18	80
19	6
19	24
19	46
19	66
19	68
19	75
19	80
20	16
20	59
20	61
20	62
20	66
20	73
20	76
21	16
21	30
21	33
21	51
21	56
21	72
21	78
22	18
22	29
22	30
22	60
22	67
22	69
22	77
23	14
23	35
23	44
23	52
23	55
23	76
23	79
24	19
24	32
24	52
24	54
24	56
24	60
24	66
25	13
25	39
25	48
25	64
25	68
25	75
25	76
26	34
26	46
26	49
26	60
26	63
26	64
26	70
27	17
27	29
27	37
27	49
27	51
27	54
27	55
28	29
28	33
28	46
28	61
28	73
28	78
28	80
29	22
29	27
29	28
29	41
29	55
29	65
29	69
29	77
30	21
30	22
30	33
30	43
30	52
30	73
30	77
30	80
31	33
31	38
31	51
31	52
31	64
31	71
31	76
31	79
32	24
32	35
32	50
32	54
32	60
32	65
32	66
32	77
33	21
33	28
33	30
33	31
33	42
33	43
33	52
33	60
33	81
34	8
34	10
34	26
34	54
34	58
34	76
34	79
34	80
34	81
35	14
35	17
35	23
35	32
35	37
35	39
35	55
35	76
35	81
36	2
36	10
36	39
36	45
36	68
36	72
36	75
36	76
36	78
37	5
37	17
37	27
37	35
37	55
37	68
37	73
37	76
37	78
38	31
38	42
38	52
38	64
38	69
38	70
38	71
38	79
38	81
39	25
39	35
39	36
39	41
39	46
39	58
39	60
39	68
39	70
40	6
40	43
40	57
40	59
40	62
40	66
40	72
40	74
40	80
41	7
41	29
41	39
41	44
41	47
41	50
41	67
41	76
41	80
42	18
42	33
42	38
42	50
42	51
42	55
42	60
42	67
42	72
42	78
43	30
43	33
43	40
43	63
43	65
43	66
43	69
43	76
43	79
43	81
44	3
44	16
44	23
44	41
44	48
44	56
44	59
44	61
44	63
44	70
45	36
45	49
45	51
45	56
45	57
45	61
45	66
45	70
45	71
45	77
46	3
46	5
46	19
46	26
46	28
46	39
46	58
46	64
46	75
46	78
47	4
47	41
47	56
47	58
47	63
47	67
47	69
47	72
47	78
47	79
48	1
48	2
48	6
48	25
48	44
48	59
48	68
48	71
48	73
48	75
49	26
49	27
49	45
49	63
49	67
49	72
49	73
49	76
49	77
49	78
50	1
50	12
50	15
50	32
50	41
50	42
50	54
50	60
50	73
50	74
51	8
51	21
51	27
51	31
51	42
51	45
51	52
51	57
51	64
51	71
51	72
52	23
52	24
52	30
52	31
52	33
52	38
52	51
52	66
52	67
52	75
52	78
53	3
53	12
53	56
53	62
53	64
53	65
53	66
53	76
53	79
53	80
53	81
54	7
54	12
54	24
54	27
54	32
54	34
54	50
54	57
54	60
54	79
54	80
55	14
55	17
55	23
55	27
55	29
55	35
55	37
55	42
55	58
55	69
55	81
56	7
56	21
56	24
56	44
56	45
56	47
56	53
56	68
56	73
56	79
56	80
57	17
57	18
57	40
57	45
57	51
57	54
57	65
57	68
57	73
57	77
57	78
57	80
58	13
58	34
58	39
58	46
58	47
58	55
58	62
58	70
58	71
58	74
58	78
58	80
58	81
59	3
59	8
59	20
59	40
59	44
59	48
59	62
59	63
59	66
59	71
59	77
59	80
59	81
60	1
60	12
60	15
60	18
60	22
60	24
60	26
60	32
60	33
60	39
60	42
60	50
60	54
60	71
61	1
61	2
61	6
61	12
61	15
61	20
61	28
61	44
61	45
61	66
61	67
61	73
61	77
61	79
62	8
62	9
62	20
62	40
62	53
62	58
62	59
62	63
62	65
62	67
62	74
62	75
62	76
62	81
63	11
63	13
63	26
63	43
63	44
63	47
63	49
63	59
63	62
63	64
63	70
63	71
63	72
63	79
64	10
64	13
64	25
64	26
64	31
64	38
64	46
64	51
64	53
64	63
64	72
64	75
64	77
64	78
65	4
65	29
65	32
65	43
65	53
65	57
65	62
65	66
65	68
65	70
65	71
65	72
65	74
65	79
65	81
66	7
66	19
66	20
66	24
66	32
66	40
66	43
66	45
66	52
66	53
66	59
66	61
66	65
66	73
66	80
67	1
67	4
67	11
67	22
67	41
67	42
67	47
67	49
67	52
67	61
67	62
67	74
67	77
67	78
67	81
68	2
68	3
68	10
68	19
68	25
68	36
68	37
68	39
68	48
68	56
68	57
68	65
68	69
68	73
68	75
68	79
69	16
69	22
69	29
69	38
69	43
69	47
69	55
69	68
69	70
69	71
69	74
69	75
69	76
69	78
69	79
69	81
70	5
70	26
70	38
70	39
70	44
70	45
70	58
70	63
70	65
70	69
70	71
70	72
70	73
70	74
70	75
70	76
70	81
71	31
71	38
71	45
71	48
71	51
71	58
71	59
71	60
71	63
71	65
71	69
71	70
71	74
71	75
71	77
71	79
71	81
72	18
72	21
72	36
72	40
72	42
72	47
72	49
72	51
72	63
72	64
72	65
72	70
72	74
72	75
72	77
72	78
72	79
73	8
73	9
73	20
73	28
73	30
73	37
73	48
73	49
73	50
73	56
73	57
73	61
73	66
73	68
73	70
73	74
73	77
74	9
74	17
74	40
74	50
74	58
74	62
74	65
74	67
74	69
74	70
74	71
74	72
74	73
74	75
74	76
74	78
74	79
74	81
75	5
75	6
75	10
75	19
75	25
75	36
75	46
75	48
75	52
75	62
75	64
75	68
75	69
75	70
75	71
75	72
75	74
75	78
76	20
76	23
76	25
76	31
76	34
76	35
76	36
76	37
76	41
76	43
76	49
76	53
76	62
76	69
76	70
76	74
76	77
76	79
76	81
77	9
77	12
77	22
77	29
77	30
77	32
77	45
77	49
77	57
77	59
77	61
77	64
77	67
77	71
77	72
77	73
77	76
77	78
77	80
78	4
78	7
78	11
78	13
78	21
78	28
78	36
78	37
78	42
78	46
78	47
78	49
78	52
78	57
78	58
78	64
78	67
78	69
78	72
78	74
78	75
78	77
79	2
79	8
79	14
79	23
79	31
79	34
79	38
79	43
79	47
79	53
79	54
79	56
79	61
79	63
79	65
79	68
79	69
79	71
79	72
79	74
79	76
79	80
79	81
80	4
80	9
80	11
80	13
80	14
80	16
80	18
80	19
80	28
80	30
80	34
80	40
80	41
80	53
80	54
80	56
80	57
80	58
80	59
80	66
80	77
80	79
80	81
81	5
81	6
81	7
81	9
81	11
81	33
81	34
81	35
81	38
81	43
81	53
81	55
81	58
81	59
81	62
81	65
81	67
81	69
81	70
81	71
81	74
81	76
81	79
81	80
