1	23
1	35
1	51
1	54
1	66
1	77
2	19
2	30
2	48
2	52
2	66
2	69
3	14
3	23
3	39
3	40
3	52
3	80
4	60
4	61
4	63
4	67
4	75
4	80
5	23
5	39
5	62
5	65
5	66
5	76
6	12
6	17
6	42
6	49
6	55
6	74
7	38
7	52
7	54
7	64
7	76
7	80
8	31
8	42
8	43
8	57
8	69
8	80
9	20
9	23
9	36
9	41
9	68
9	79
10	45
10	56
10	61
10	68
10	76
10	81
11	41
11	56
11	58
11	65
11	70
11	81
12	6
12	13
12	68
12	73
12	75
12	81
13	12
13	24
13	53
13	62
13	67
13	79
14	3
14	38
14	55
14	62
14	68
14	74
14	75
15	31
15	61
15	69
15	74
15	76
15	77
15	78
16	32
16	39
16	50
16	56
16	62
16	76
16	80
17	6
17	24
17	55
17	62
17	70
17	76
17	78
18	29
18	67
18	71
18	72
18	74
18	76
18	79
19	2
19	28
19	55
19	58
19	65
19	69
19	81
20	9
20	37
20	44
20	47
20	63
20	71
20	78
21	43
21	53
21	58
21	67
21	72
21	74
21	81
22	28
22	39
22	40
22	55
22	56
22	59
22	77
23	1
23	3
23	5
23	9
23	47
23	56
23	78
24	13
24	17
24	51
24	55
24	63
24	77
24	78
25	26
25	39
25	43
25	44
25	70
25	75
25	79
26	25
26	48
26	54
26	70
26	73
26	80
26	81
27	32
27	49
27	60
27	61
27	63
27	79
27	80
28	19
28	22
28	61
28	64
28	68
28	76
28	81
29	18
29	47
29	50
29	55
29	56
29	77
29	81
30	2
30	46
30	51
30	52
30	54
30	73
30	81
31	8
31	15
31	32
31	53
31	64
31	77
31	79
32	16
32	27
32	31
32	73
32	75
32	78
32	79
32	81
33	51
33	56
33	62
33	68
33	74
33	76
33	78
33	79
34	35
34	40
34	57
34	58
34	61
34	63
34	73
34	75
35	1
35	34
35	37
35	46
35	51
35	57
35	73
35	79
36	9
36	37
36	48
36	67
36	69
36	76
36	78
36	81
37	20
37	35
37	36
37	53
37	54
37	63
37	73
37	74
38	7
38	14
38	42
38	50
38	53
38	58
38	69
38	71
39	3
39	5
39	16
39	22
39	25
39	63
39	75
39	81
40	3
40	22
40	34
40	41
40	50
40	65
40	74
40	77
41	9
41	11
41	40
41	45
41	57
41	60
41	65
41	71
41	73
42	6
42	8
42	38
42	64
42	68
42	77
42	78
42	79
42	80
43	8
43	21
43	25
43	52
43	63
43	74
43	78
43	80
43	81
44	20
44	25
44	47
44	52
44	64
44	67
44	68
44	72
44	76
45	10
45	41
45	48
45	62
45	67
45	68
45	72
45	74
45	81
46	30
46	35
46	48
46	49
46	70
46	72
46	77
46	78
46	79
47	20
47	23
47	29
47	44
47	64
47	66
47	76
47	78
47	79
48	2
48	26
48	36
48	45
48	46
48	60
48	65
48	67
48	80
49	6
49	27
49	46
49	53
49	58
49	59
49	67
49	73
49	80
50	16
50	29
50	38
50	40
50	55
50	66
50	70
50	75
50	78
51	1
51	24
51	30
51	33
51	35
51	54
51	59
51	66
51	67
51	71
52	2
52	3
52	7
52	30
52	43
52	44
52	71
52	75
52	79
52	80
53	13
53	21
53	31
53	37
53	38
53	49
53	57
53	64
53	70
53	79
54	1
54	7
54	26
54	30
54	37
54	51
54	56
54	70
54	72
54	80
55	6
55	14
55	17
55	19
55	22
55	24
55	29
55	50
55	71
55	79
56	10
56	11
56	16
56	22
56	23
56	29
56	33
56	54
56	65
56	66
56	74
57	8
57	34
57	35
57	41
57	53
57	60
57	71
57	72
57	73
57	74
57	78
57	80
58	11
58	19
58	21
58	34
58	38
58	49
58	64
58	71
58	72
58	75
58	76
58	77
59	22
59	49
59	51
59	64
59	65
59	68
59	69
59	76
59	77
59	79
59	80
59	81
60	4
60	27
60	41
60	48
60	57
60	62
60	63
60	64
60	65
60	70
60	77
60	80
61	4
61	10
61	15
61	27
61	28
61	34
61	62
61	70
61	71
61	72
61	75
61	78
62	5
62	13
62	14
62	16
62	17
62	33
62	45
62	60
62	61
62	68
62	74
62	75
63	4
63	20
63	24
63	27
63	34
63	37
63	39
63	43
63	60
63	70
63	72
63	73
63	81
64	7
64	28
64	31
64	42
64	44
64	47
64	53
64	58
64	59
64	60
64	69
64	72
64	74
65	5
65	11
65	19
65	40
65	41
65	48
65	56
65	59
65	60
65	66
65	74
65	76
65	81
66	1
66	2
66	5
66	47
66	50
66	51
66	56
66	65
66	69
66	70
66	71
66	75
66	77
66	79
67	4
67	13
67	18
67	21
67	36
67	44
67	45
67	48
67	49
67	51
67	69
67	72
67	76
67	81
68	9
68	10
68	12
68	14
68	28
68	33
68	42
68	44
68	45
68	59
68	62
68	74
68	77
68	79
69	2
69	8
69	15
69	19
69	36
69	38
69	59
69	64
69	66
69	67
69	71
69	77
69	79
69	80
70	11
70	17
70	25
70	26
70	46
70	50
70	53
70	54
70	60
70	61
70	63
70	66
70	75
70	81
71	18
71	20
71	38
71	41
71	51
71	52
71	55
71	57
71	58
71	61
71	66
71	69
71	77
71	78
71	79
72	18
72	21
72	44
72	45
72	46
72	54
72	57
72	58
72	61
72	63
72	64
72	67
72	74
72	76
72	77
72	81
73	12
73	26
73	30
73	32
73	34
73	35
73	37
73	41
73	49
73	57
73	63
73	75
73	76
73	77
73	80
73	81
74	6
74	14
74	15
74	18
74	21
74	33
74	37
74	40
74	43
74	45
74	56
74	57
74	62
74	64
74	65
74	68
74	72
75	4
75	12
75	14
75	25
75	32
75	34
75	39
75	50
75	52
75	58
75	61
75	62
75	66
75	70
75	73
75	78
75	79
75	80
75	81
76	5
76	7
76	10
76	15
76	16
76	17
76	18
76	28
76	33
76	36
76	44
76	47
76	58
76	59
76	65
76	67
76	72
76	73
76	78
76	80
77	1
77	15
77	22
77	24
77	29
77	31
77	40
77	42
77	46
77	58
77	59
77	60
77	66
77	68
77	69
77	71
77	72
77	73
77	78
77	80
78	15
78	17
78	20
78	23
78	24
78	32
78	33
78	36
78	42
78	43
78	46
78	47
78	50
78	57
78	61
78	71
78	75
78	76
78	77
78	79
78	80
78	81
79	9
79	13
79	18
79	25
79	27
79	31
79	32
79	33
79	35
79	42
79	46
79	47
79	52
79	53
79	55
79	59
79	66
79	68
79	69
79	71
79	75
79	78
79	80
80	3
80	4
80	7
80	8
80	16
80	26
80	27
80	42
80	43
80	48
80	49
80	52
80	54
80	57
80	59
80	60
80	69
80	73
80	75
80	76
80	77
80	78
80	79
80	81
81	10
81	11
81	12
81	19
81	21
81	26
81	28
81	29
81	30
81	32
81	36
81	39
81	43
81	45
81	59
81	63
81	65
81	67
81	70
81	72
81	73
81	75
81	78
81	80
