1	31
1	40
1	60
1	66
1	76
1	79
2	27
2	37
2	53
2	54
2	72
2	80
3	41
3	49
3	53
3	58
3	71
3	75
4	10
4	24
4	33
4	55
4	69
4	77
5	8
5	18
5	50
5	67
5	69
5	76
6	36
6	47
6	60
6	72
6	74
6	81
7	34
7	35
7	39
7	62
7	75
7	80
8	5
8	23
8	41
8	75
8	79
8	81
9	37
9	47
9	68
9	72
9	74
9	81
10	4
10	13
10	77
10	78
10	80
10	81
11	25
11	31
11	59
11	61
11	69
11	73
12	19
12	39
12	43
12	73
12	76
12	80
13	10
13	15
13	63
13	65
13	72
13	77
14	32
14	52
14	69
14	70
14	78
14	81
15	13
15	60
15	67
15	75
15	79
15	81
16	31
16	32
16	57
16	66
16	71
16	76
17	42
17	47
17	70
17	75
17	76
17	79
17	81
18	5
18	19
18	26
18	35
18	46
18	57
18	62
19	12
19	18
19	57
19	58
19	62
19	63
19	77
20	23
20	60
20	61
20	68
20	74
20	75
20	81
21	56
21	66
21	68
21	71
21	72
21	74
21	75
22	39
22	43
22	70
22	72
22	75
22	79
22	81
23	8
23	20
23	50
23	66
23	67
23	69
23	77
24	4
24	68
24	72
24	74
24	75
24	77
24	79
25	11
25	28
25	40
25	48
25	55
25	59
25	78
26	18
26	36
26	66
26	68
26	70
26	72
26	74
27	2
27	34
27	54
27	64
27	77
27	79
27	81
28	25
28	32
28	63
28	64
28	66
28	79
28	81
29	31
29	35
29	59
29	62
29	71
29	76
29	78
29	80
30	31
30	49
30	56
30	60
30	65
30	67
30	69
30	73
31	1
31	11
31	16
31	29
31	30
31	57
31	66
31	77
32	14
32	16
32	28
32	44
32	59
32	66
32	67
32	71
33	4
33	34
33	37
33	49
33	50
33	53
33	54
33	62
34	7
34	27
34	33
34	35
34	58
34	62
34	66
34	70
35	7
35	18
35	29
35	34
35	49
35	57
35	58
35	59
35	73
36	6
36	26
36	59
36	62
36	65
36	67
36	69
36	74
36	77
37	2
37	9
37	33
37	41
37	54
37	56
37	65
37	75
37	80
38	50
38	61
38	63
38	73
38	76
38	78
38	79
38	80
38	81
39	7
39	12
39	22
39	41
39	48
39	53
39	57
39	58
39	62
40	1
40	25
40	45
40	48
40	59
40	66
40	72
40	78
40	79
41	3
41	8
41	37
41	39
41	49
41	53
41	54
41	75
41	76
42	17
42	45
42	55
42	64
42	65
42	69
42	71
42	78
42	80
43	12
43	22
43	47
43	56
43	58
43	65
43	67
43	69
43	77
44	32
44	48
44	59
44	65
44	66
44	70
44	71
44	77
44	81
45	40
45	42
45	54
45	64
45	69
45	70
45	74
45	75
45	79
45	81
46	18
46	56
46	61
46	64
46	65
46	67
46	69
46	76
46	77
46	78
47	6
47	9
47	17
47	43
47	68
47	71
47	73
47	76
47	78
47	80
48	25
48	39
48	40
48	44
48	59
48	66
48	72
48	74
48	75
48	80
49	3
49	30
49	33
49	35
49	41
49	53
49	54
49	57
49	65
49	73
50	5
50	23
50	33
50	38
50	52
50	64
50	65
50	67
50	71
50	77
51	67
51	68
51	71
51	73
51	74
51	76
51	77
51	78
51	79
51	80
52	14
52	50
52	54
52	56
52	64
52	70
52	72
52	75
52	79
52	81
53	2
53	3
53	33
53	39
53	41
53	49
53	54
53	57
53	77
53	79
53	81
54	2
54	27
54	33
54	37
54	41
54	45
54	49
54	52
54	53
54	78
54	81
55	4
55	25
55	42
55	61
55	66
55	69
55	71
55	73
55	74
55	78
55	80
56	21
56	30
56	37
56	43
56	46
56	52
56	57
56	65
56	68
56	69
56	73
56	77
57	16
57	18
57	19
57	31
57	35
57	39
57	49
57	53
57	56
57	58
57	62
57	74
58	3
58	19
58	34
58	35
58	39
58	43
58	57
58	59
58	60
58	62
58	69
58	77
59	11
59	25
59	29
59	32
59	35
59	36
59	40
59	44
59	48
59	58
59	66
59	72
59	76
60	1
60	6
60	15
60	20
60	30
60	58
60	63
60	68
60	72
60	74
60	77
60	79
60	81
61	11
61	20
61	38
61	46
61	55
61	62
61	63
61	71
61	72
61	73
61	76
61	78
61	79
61	80
62	7
62	18
62	19
62	29
62	33
62	34
62	36
62	39
62	57
62	58
62	61
62	65
62	78
62	81
63	13
63	19
63	28
63	38
63	60
63	61
63	64
63	68
63	72
63	73
63	74
63	80
64	27
64	28
64	42
64	45
64	46
64	50
64	52
64	63
64	70
64	72
64	75
64	78
64	79
64	80
64	81
65	13
65	30
65	36
65	37
65	42
65	43
65	44
65	46
65	49
65	50
65	56
65	62
65	70
65	73
65	77
66	1
66	16
66	21
66	23
66	26
66	28
66	31
66	32
66	34
66	40
66	44
66	48
66	55
66	59
66	68
66	78
67	5
67	15
67	23
67	30
67	32
67	36
67	43
67	46
67	50
67	51
67	69
67	70
67	71
67	75
67	77
67	79
67	80
68	9
68	20
68	21
68	24
68	26
68	47
68	51
68	56
68	60
68	63
68	66
68	69
68	70
68	72
68	74
68	76
68	78
68	80
69	4
69	5
69	11
69	14
69	23
69	30
69	36
69	42
69	43
69	45
69	46
69	55
69	56
69	58
69	67
69	68
69	71
69	76
70	14
70	17
70	22
70	26
70	34
70	44
70	45
70	52
70	64
70	65
70	67
70	68
70	71
70	74
70	75
70	78
70	79
70	81
71	3
71	16
71	21
71	29
71	32
71	42
71	44
71	47
71	50
71	51
71	55
71	61
71	67
71	69
71	70
71	73
71	76
71	78
71	80
72	2
72	6
72	9
72	13
72	21
72	22
72	24
72	26
72	40
72	48
72	52
72	59
72	60
72	61
72	63
72	64
72	68
72	74
72	80
73	11
73	12
73	30
73	35
73	38
73	47
73	49
73	51
73	55
73	56
73	61
73	63
73	65
73	71
73	76
73	77
73	78
73	79
73	80
73	81
74	6
74	9
74	20
74	21
74	24
74	26
74	36
74	45
74	48
74	51
74	55
74	57
74	60
74	63
74	68
74	70
74	72
74	76
74	79
74	81
75	3
75	7
75	8
75	15
75	17
75	20
75	21
75	22
75	24
75	37
75	41
75	45
75	48
75	52
75	64
75	67
75	70
75	78
75	79
75	80
75	81
76	1
76	5
76	12
76	16
76	17
76	29
76	38
76	41
76	46
76	47
76	51
76	59
76	61
76	68
76	69
76	71
76	73
76	74
76	78
76	79
76	80
77	4
77	10
77	13
77	19
77	23
77	24
77	27
77	31
77	36
77	43
77	44
77	46
77	50
77	51
77	53
77	56
77	58
77	60
77	65
77	67
77	73
77	80
78	10
78	14
78	25
78	29
78	38
78	40
78	42
78	46
78	47
78	51
78	54
78	55
78	61
78	62
78	64
78	66
78	68
78	70
78	71
78	73
78	75
78	76
78	80
79	1
79	8
79	15
79	17
79	22
79	24
79	27
79	28
79	38
79	40
79	45
79	51
79	52
79	53
79	60
79	61
79	64
79	67
79	70
79	73
79	74
79	75
79	76
79	81
80	2
80	7
80	10
80	12
80	29
80	37
80	38
80	42
80	47
80	48
80	51
80	55
80	61
80	63
80	64
80	67
80	68
80	71
80	72
80	73
80	75
80	76
80	77
80	78
81	6
81	8
81	9
81	10
81	14
81	15
81	17
81	20
81	22
81	27
81	28
81	38
81	44
81	45
81	52
81	53
81	54
81	60
81	62
81	64
81	70
81	73
81	74
81	75
81	79
