1	48
1	55
1	70
1	74
1	75
1	79
2	17
2	34
2	54
2	61
2	77
2	81
3	11
3	20
3	60
3	69
3	71
3	80
4	41
4	43
4	45
4	53
4	58
4	65
5	22
5	33
5	55
5	58
5	60
5	69
6	30
6	31
6	66
6	67
6	69
6	70
7	8
7	53
7	63
7	71
7	76
7	81
8	7
8	17
8	39
8	40
8	54
8	80
9	10
9	62
9	63
9	72
9	74
9	80
10	9
10	12
10	24
10	51
10	69
10	80
11	3
11	62
11	63
11	75
11	76
11	80
12	10
12	49
12	57
12	59
12	65
12	70
13	30
13	33
13	40
13	51
13	61
13	80
14	36
14	68
14	69
14	72
14	79
14	80
15	17
15	32
15	47
15	51
15	52
15	54
15	72
16	40
16	47
16	52
16	60
16	77
16	80
16	81
17	2
17	8
17	15
17	37
17	45
17	47
17	66
18	28
18	36
18	62
18	67
18	73
18	74
18	77
19	42
19	48
19	56
19	58
19	63
19	65
19	66
20	3
20	28
20	57
20	61
20	68
20	70
20	77
21	28
21	46
21	72
21	73
21	74
21	77
21	78
22	5
22	68
22	69
22	74
22	75
22	77
22	79
23	31
23	34
23	50
23	57
23	73
23	75
23	79
24	10
24	32
24	51
24	67
24	75
24	76
24	81
25	37
25	45
25	50
25	65
25	71
25	73
25	76
26	39
26	50
26	67
26	68
26	71
26	77
26	81
27	31
27	32
27	43
27	51
27	55
27	68
27	73
27	75
28	18
28	20
28	21
28	40
28	43
28	46
28	69
28	81
29	35
29	44
29	50
29	53
29	58
29	71
29	72
29	80
30	6
30	13
30	39
30	47
30	59
30	62
30	66
30	74
31	6
31	23
31	27
31	35
31	55
31	62
31	64
31	81
32	15
32	24
32	27
32	33
32	38
32	64
32	74
32	79
33	5
33	13
33	32
33	46
33	49
33	76
33	78
33	79
34	2
34	23
34	42
34	46
34	61
34	67
34	73
34	74
35	29
35	31
35	49
35	50
35	56
35	68
35	77
35	78
36	14
36	18
36	38
36	49
36	63
36	71
36	75
36	81
37	17
37	25
37	52
37	55
37	56
37	59
37	69
37	70
37	77
38	32
38	36
38	39
38	61
38	68
38	74
38	78
38	80
38	81
39	8
39	26
39	30
39	38
39	53
39	63
39	71
39	78
39	79
40	8
40	13
40	16
40	28
40	48
40	53
40	65
40	75
40	79
41	4
41	43
41	58
41	61
41	65
41	70
41	75
41	76
41	79
42	19
42	34
42	43
42	45
42	57
42	65
42	73
42	79
42	80
43	4
43	27
43	28
43	41
43	42
43	53
43	59
43	78
43	79
44	29
44	47
44	48
44	49
44	51
44	67
44	71
44	73
44	78
45	4
45	17
45	25
45	42
45	56
45	58
45	61
45	62
45	73
46	21
46	28
46	33
46	34
46	48
46	55
46	65
46	66
46	79
47	15
47	16
47	17
47	30
47	44
47	53
47	56
47	57
47	73
48	1
48	19
48	40
48	44
48	46
48	61
48	68
48	75
48	78
48	81
49	12
49	33
49	35
49	36
49	44
49	60
49	69
49	70
49	76
49	79
50	23
50	25
50	26
50	29
50	35
50	52
50	55
50	58
50	60
50	72
51	10
51	13
51	15
51	24
51	27
51	44
51	62
51	64
51	76
51	81
52	15
52	16
52	37
52	50
52	60
52	69
52	71
52	72
52	74
52	75
52	80
53	4
53	7
53	29
53	39
53	40
53	43
53	47
53	60
53	63
53	73
53	78
54	2
54	8
54	15
54	56
54	64
54	70
54	71
54	73
54	75
54	76
54	79
55	1
55	5
55	27
55	31
55	37
55	46
55	50
55	66
55	70
55	76
55	81
56	19
56	35
56	37
56	45
56	47
56	54
56	61
56	67
56	78
56	79
56	80
57	12
57	20
57	23
57	42
57	47
57	64
57	68
57	70
57	73
57	79
57	80
58	4
58	5
58	19
58	29
58	41
58	45
58	50
58	68
58	69
58	72
58	80
59	12
59	30
59	37
59	43
59	62
59	66
59	70
59	73
59	74
59	75
59	77
59	81
60	3
60	5
60	16
60	49
60	50
60	52
60	53
60	64
60	67
60	72
60	78
60	80
60	81
61	2
61	13
61	20
61	34
61	38
61	41
61	45
61	48
61	56
61	63
61	64
61	76
61	77
62	9
62	11
62	18
62	30
62	31
62	45
62	51
62	59
62	65
62	67
62	69
62	72
62	79
63	7
63	9
63	11
63	19
63	36
63	39
63	53
63	61
63	67
63	72
63	74
63	75
63	81
64	31
64	32
64	51
64	54
64	57
64	60
64	61
64	71
64	74
64	77
64	78
64	79
64	81
65	4
65	12
65	19
65	25
65	40
65	41
65	42
65	46
65	62
65	66
65	74
65	78
65	79
66	6
66	17
66	19
66	30
66	46
66	55
66	59
66	65
66	70
66	71
66	72
66	78
66	79
67	6
67	18
67	24
67	26
67	34
67	44
67	56
67	60
67	62
67	63
67	70
67	74
67	77
67	79
68	14
68	20
68	22
68	26
68	27
68	35
68	38
68	48
68	57
68	58
68	69
68	76
68	77
68	78
68	81
69	3
69	5
69	6
69	10
69	14
69	22
69	28
69	37
69	49
69	52
69	58
69	62
69	68
69	72
69	79
69	80
70	1
70	6
70	12
70	20
70	37
70	41
70	49
70	54
70	55
70	57
70	59
70	66
70	67
70	74
70	79
70	81
71	3
71	7
71	25
71	26
71	29
71	36
71	39
71	44
71	52
71	54
71	64
71	66
71	72
71	76
71	77
71	78
71	81
72	9
72	14
72	15
72	21
72	29
72	50
72	52
72	58
72	60
72	62
72	63
72	66
72	69
72	71
72	75
72	76
72	80
73	18
73	21
73	23
73	25
73	27
73	34
73	42
73	44
73	45
73	47
73	53
73	54
73	57
73	59
73	75
73	80
73	81
74	1
74	9
74	18
74	21
74	22
74	30
74	32
74	34
74	38
74	52
74	59
74	63
74	64
74	65
74	67
74	70
74	78
75	1
75	11
75	22
75	23
75	24
75	27
75	36
75	40
75	41
75	48
75	52
75	54
75	59
75	63
75	72
75	73
75	76
76	7
76	11
76	24
76	25
76	33
76	41
76	49
76	51
76	54
76	55
76	61
76	68
76	71
76	72
76	75
76	77
76	78
76	80
77	2
77	16
77	18
77	20
77	21
77	22
77	26
77	35
77	37
77	59
77	61
77	64
77	67
77	68
77	71
77	76
77	78
77	80
77	81
78	21
78	33
78	35
78	38
78	39
78	43
78	44
78	48
78	53
78	56
78	60
78	64
78	65
78	66
78	68
78	71
78	74
78	76
78	77
78	80
78	81
79	1
79	14
79	22
79	23
79	32
79	33
79	39
79	40
79	41
79	42
79	43
79	46
79	49
79	54
79	56
79	57
79	62
79	64
79	65
79	66
79	67
79	69
79	70
80	3
80	8
80	9
80	10
80	11
80	13
80	14
80	16
80	29
80	38
80	42
80	52
80	56
80	57
80	58
80	60
80	69
80	72
80	73
80	76
80	77
80	78
80	81
81	2
81	7
81	16
81	24
81	26
81	28
81	31
81	36
81	38
81	48
81	51
81	55
81	59
81	60
81	63
81	64
81	68
81	70
81	71
81	73
81	77
81	78
81	80
