1	9
1	39
1	41
1	47
1	68
1	72
2	24
2	59
2	63
2	64
2	79
2	80
3	20
3	37
3	38
3	45
3	56
3	63
4	21
4	26
4	58
4	70
4	71
4	80
5	29
5	54
5	65
5	66
5	76
5	77
6	25
6	50
6	60
6	67
6	78
6	81
7	37
7	52
7	60
7	61
7	71
7	80
8	23
8	34
8	35
8	43
8	50
8	72
9	1
9	38
9	52
9	56
9	77
9	80
10	32
10	40
10	42
10	48
10	77
10	80
11	26
11	37
11	43
11	48
11	77
11	78
12	39
12	46
12	54
12	65
12	66
12	73
13	25
13	38
13	47
13	56
13	62
13	74
14	19
14	42
14	64
14	67
14	76
14	80
15	25
15	28
15	38
15	54
15	56
15	68
16	65
16	66
16	69
16	76
16	79
16	80
17	35
17	45
17	58
17	65
17	66
17	69
18	23
18	24
18	54
18	70
18	75
18	76
19	14
19	36
19	42
19	60
19	68
19	77
20	3
20	25
20	38
20	51
20	56
20	75
20	79
21	4
21	27
21	29
21	45
21	51
21	60
21	76
22	31
22	55
22	63
22	71
22	72
22	79
22	81
23	8
23	18
23	30
23	43
23	69
23	73
23	78
24	2
24	18
24	40
24	44
24	73
24	78
24	79
25	6
25	13
25	15
25	20
25	56
25	59
25	61
26	4
26	11
26	46
26	53
26	70
26	76
26	81
27	21
27	39
27	40
27	43
27	47
27	58
27	77
28	15
28	46
28	51
28	53
28	58
28	64
28	70
28	73
29	5
29	21
29	46
29	56
29	67
29	75
29	76
29	81
30	23
30	34
30	35
30	43
30	55
30	60
30	79
30	81
31	22
31	38
31	45
31	54
31	65
31	66
31	70
31	76
32	10
32	59
32	61
32	69
32	74
32	78
32	79
32	80
33	57
33	58
33	71
33	72
33	73
33	74
33	78
33	80
34	8
34	30
34	35
34	43
34	44
34	60
34	72
34	76
35	8
35	17
35	30
35	34
35	37
35	43
35	66
35	74
36	19
36	41
36	46
36	68
36	70
36	72
36	77
36	79
37	3
37	7
37	11
37	35
37	47
37	61
37	68
37	71
37	73
38	3
38	9
38	13
38	15
38	20
38	31
38	56
38	76
38	78
39	1
39	12
39	27
39	50
39	55
39	58
39	70
39	75
39	77
40	10
40	24
40	27
40	42
40	49
40	62
40	67
40	75
40	81
41	1
41	36
41	44
41	51
41	52
41	53
41	57
41	74
41	80
42	10
42	14
42	19
42	40
42	62
42	68
42	73
42	80
42	81
43	8
43	11
43	23
43	27
43	30
43	34
43	35
43	48
43	57
44	24
44	34
44	41
44	63
44	66
44	71
44	74
44	78
44	80
45	3
45	17
45	21
45	31
45	52
45	54
45	65
45	66
45	72
45	79
46	12
46	26
46	28
46	29
46	36
46	47
46	55
46	58
46	73
46	75
47	1
47	13
47	27
47	37
47	46
47	53
47	55
47	62
47	70
47	75
48	10
48	11
48	43
48	50
48	60
48	62
48	63
48	67
48	79
48	81
49	40
49	50
49	58
49	59
49	60
49	61
49	62
49	67
49	69
49	76
50	6
50	8
50	39
50	48
50	49
50	57
50	60
50	62
50	79
50	81
51	20
51	21
51	28
51	41
51	57
51	63
51	66
51	77
51	78
51	79
51	81
52	7
52	9
52	41
52	45
52	65
52	68
52	69
52	71
52	74
52	78
52	80
53	26
53	28
53	41
53	47
53	55
53	56
53	68
53	69
53	70
53	72
53	77
54	5
54	12
54	15
54	18
54	31
54	45
54	64
54	65
54	66
54	73
54	79
55	22
55	30
55	39
55	46
55	47
55	53
55	57
55	58
55	70
55	74
55	80
55	81
56	3
56	9
56	13
56	15
56	20
56	25
56	29
56	38
56	53
56	57
56	67
56	70
57	33
57	41
57	43
57	50
57	51
57	55
57	56
57	59
57	63
57	74
57	75
57	79
57	80
58	4
58	17
58	27
58	28
58	33
58	39
58	46
58	49
58	55
58	61
58	65
58	70
58	78
59	2
59	25
59	32
59	49
59	57
59	63
59	65
59	69
59	70
59	71
59	74
59	78
59	80
60	6
60	7
60	19
60	21
60	30
60	34
60	48
60	49
60	50
60	62
60	67
60	68
60	78
61	7
61	25
61	32
61	37
61	49
61	58
61	63
61	64
61	66
61	71
61	75
61	76
61	77
61	78
62	13
62	40
62	42
62	47
62	48
62	49
62	50
62	60
62	66
62	67
62	73
62	76
62	80
62	81
63	2
63	3
63	22
63	44
63	48
63	51
63	57
63	59
63	61
63	64
63	71
63	72
63	74
63	80
64	2
64	14
64	28
64	54
64	61
64	63
64	67
64	73
64	75
64	77
64	78
64	79
64	80
64	81
65	5
65	12
65	16
65	17
65	31
65	45
65	52
65	54
65	58
65	59
65	66
65	71
65	75
65	76
65	81
66	5
66	12
66	16
66	17
66	31
66	35
66	44
66	45
66	51
66	54
66	61
66	62
66	65
66	77
66	79
67	6
67	14
67	29
67	40
67	48
67	49
67	56
67	60
67	62
67	64
67	69
67	73
67	75
67	78
67	81
68	1
68	15
68	19
68	36
68	37
68	42
68	52
68	53
68	60
68	71
68	72
68	74
68	75
68	77
68	79
68	81
69	16
69	17
69	23
69	32
69	49
69	52
69	53
69	59
69	67
69	72
69	73
69	74
69	76
69	77
69	78
69	81
70	4
70	18
70	26
70	28
70	31
70	36
70	39
70	47
70	53
70	55
70	56
70	58
70	59
70	72
70	79
70	81
71	4
71	7
71	22
71	33
71	37
71	44
71	52
71	59
71	61
71	63
71	65
71	68
71	74
71	75
71	78
71	80
72	1
72	8
72	22
72	33
72	34
72	36
72	45
72	53
72	63
72	68
72	69
72	70
72	73
72	77
72	78
72	80
72	81
73	12
73	23
73	24
73	28
73	33
73	37
73	42
73	46
73	54
73	62
73	64
73	67
73	69
73	72
73	77
73	78
73	79
73	81
74	13
74	32
74	33
74	35
74	41
74	44
74	52
74	55
74	57
74	59
74	63
74	68
74	69
74	71
74	75
74	77
74	79
74	80
75	18
75	20
75	29
75	39
75	40
75	46
75	47
75	57
75	61
75	64
75	65
75	67
75	68
75	71
75	74
75	76
75	77
75	78
75	81
76	5
76	14
76	16
76	18
76	21
76	26
76	29
76	31
76	34
76	38
76	49
76	61
76	62
76	65
76	69
76	75
76	77
76	79
76	80
76	81
77	5
77	9
77	10
77	11
77	19
77	27
77	36
77	39
77	51
77	53
77	61
77	64
77	66
77	68
77	69
77	72
77	73
77	74
77	75
77	76
77	80
78	6
78	11
78	23
78	24
78	32
78	33
78	38
78	44
78	51
78	52
78	58
78	59
78	60
78	61
78	64
78	67
78	69
78	71
78	72
78	73
78	75
78	81
79	2
79	16
79	20
79	22
79	24
79	30
79	32
79	36
79	45
79	48
79	50
79	51
79	54
79	57
79	64
79	66
79	68
79	70
79	73
79	74
79	76
79	81
80	2
80	4
80	7
80	9
80	10
80	14
80	16
80	32
80	33
80	41
80	42
80	44
80	52
80	55
80	57
80	59
80	62
80	63
80	64
80	71
80	72
80	74
80	76
80	77
81	6
81	22
81	26
81	29
81	30
81	40
81	42
81	48
81	50
81	51
81	55
81	62
81	64
81	65
81	67
81	68
81	69
81	70
81	72
81	73
81	75
81	76
81	78
81	79
