1	16
1	20
1	23
1	44
1	57
1	65
2	11
2	36
2	61
2	62
2	70
2	75
3	33
3	47
3	52
3	65
3	75
3	81
4	26
4	50
4	59
4	66
4	69
4	77
5	29
5	34
5	42
5	49
5	57
5	62
6	22
6	23
6	25
6	44
6	67
6	79
7	18
7	31
7	33
7	47
7	52
7	77
8	52
8	54
8	58
8	62
8	72
8	81
9	19
9	43
9	44
9	60
9	65
9	73
10	27
10	32
10	38
10	50
10	62
10	73
11	2
11	50
11	61
11	62
11	79
11	81
12	33
12	47
12	52
12	66
12	78
12	80
13	19
13	54
13	55
13	60
13	64
13	73
13	74
14	30
14	35
14	42
14	57
14	72
14	80
14	81
15	17
15	18
15	31
15	43
15	47
15	48
15	80
16	1
16	28
16	35
16	44
16	64
16	74
16	80
17	15
17	31
17	41
17	48
17	53
17	61
17	65
18	7
18	15
18	35
18	78
18	79
18	80
18	81
19	9
19	13
19	56
19	74
19	75
19	77
19	80
20	1
20	39
20	67
20	70
20	71
20	75
20	77
21	40
21	42
21	54
21	63
21	66
21	69
21	70
22	6
22	23
22	24
22	28
22	45
22	74
22	76
23	1
23	6
23	22
23	28
23	76
23	78
23	79
24	22
24	59
24	71
24	78
24	79
24	80
24	81
25	6
25	30
25	63
25	64
25	76
25	78
25	81
26	4
26	27
26	46
26	56
26	62
26	76
26	81
27	10
27	26
27	57
27	68
27	69
27	72
27	80
27	81
28	16
28	22
28	23
28	44
28	68
28	69
28	78
28	79
29	5
29	30
29	32
29	36
29	50
29	54
29	62
29	69
30	14
30	25
30	29
30	35
30	49
30	57
30	75
30	77
31	7
31	15
31	17
31	45
31	53
31	71
31	72
31	78
32	10
32	29
32	38
32	59
32	62
32	64
32	77
32	80
33	3
33	7
33	12
33	41
33	42
33	52
33	71
33	78
34	5
34	35
34	54
34	56
34	57
34	65
34	68
34	73
35	14
35	16
35	18
35	30
35	34
35	49
35	56
35	57
36	2
36	29
36	50
36	60
36	62
36	66
36	68
36	75
37	40
37	56
37	61
37	62
37	67
37	74
37	76
37	78
37	79
38	10
38	32
38	63
38	66
38	69
38	70
38	71
38	73
38	79
39	20
39	53
39	58
39	63
39	64
39	72
39	76
39	77
39	81
40	21
40	37
40	54
40	55
40	56
40	65
40	73
40	74
40	76
41	17
41	33
41	59
41	63
41	66
41	69
41	70
41	73
41	74
42	5
42	14
42	21
42	33
42	45
42	47
42	49
42	57
42	76
43	9
43	15
43	45
43	48
43	51
43	53
43	54
43	76
43	81
44	1
44	6
44	9
44	16
44	28
44	50
44	67
44	78
44	80
45	22
45	31
45	42
45	43
45	48
45	53
45	59
45	61
45	63
46	26
46	49
46	58
46	68
46	69
46	76
46	77
46	80
46	81
47	3
47	7
47	12
47	15
47	42
47	52
47	66
47	75
47	81
48	15
48	17
48	43
48	45
48	53
48	57
48	58
48	73
48	79
49	5
49	30
49	35
49	42
49	46
49	57
49	67
49	69
49	72
49	78
50	4
50	10
50	11
50	29
50	36
50	44
50	62
50	64
50	65
50	70
51	43
51	52
51	58
51	61
51	64
51	65
51	71
51	72
51	76
51	81
52	3
52	7
52	8
52	12
52	33
52	47
52	51
52	55
52	67
52	70
52	73
53	17
53	31
53	39
53	43
53	45
53	48
53	57
53	60
53	62
53	68
53	78
54	8
54	13
54	21
54	29
54	34
54	40
54	43
54	55
54	60
54	63
54	65
55	13
55	40
55	52
55	54
55	56
55	60
55	68
55	69
55	73
55	79
55	80
56	19
56	26
56	34
56	35
56	37
56	40
56	55
56	60
56	65
56	73
56	74
57	1
57	5
57	14
57	27
57	30
57	34
57	35
57	42
57	48
57	49
57	53
57	68
58	8
58	39
58	46
58	48
58	51
58	63
58	68
58	72
58	74
58	75
58	80
58	81
59	4
59	24
59	32
59	41
59	45
59	63
59	64
59	66
59	69
59	70
59	71
59	73
59	74
60	9
60	13
60	36
60	53
60	54
60	55
60	56
60	65
60	71
60	73
60	75
60	77
60	81
61	2
61	11
61	17
61	37
61	45
61	51
61	67
61	68
61	74
61	75
61	77
61	79
61	80
62	2
62	5
62	8
62	10
62	11
62	26
62	29
62	32
62	36
62	37
62	50
62	53
62	67
62	73
63	21
63	25
63	38
63	39
63	41
63	45
63	54
63	58
63	59
63	66
63	69
63	70
63	72
63	76
64	13
64	16
64	25
64	32
64	39
64	50
64	51
64	59
64	68
64	71
64	72
64	76
64	79
64	81
65	1
65	3
65	9
65	17
65	34
65	40
65	50
65	51
65	54
65	56
65	60
65	66
65	67
65	73
66	4
66	12
66	21
66	36
66	38
66	41
66	47
66	59
66	63
66	65
66	69
66	70
66	72
66	76
66	81
67	6
67	20
67	37
67	44
67	49
67	52
67	61
67	62
67	65
67	71
67	77
67	78
67	79
67	80
67	81
68	27
68	28
68	34
68	36
68	46
68	53
68	55
68	57
68	58
68	61
68	64
68	72
68	76
68	78
68	81
69	4
69	21
69	27
69	28
69	29
69	38
69	41
69	46
69	49
69	55
69	59
69	63
69	66
69	70
69	81
70	2
70	20
70	21
70	38
70	41
70	50
70	52
70	59
70	63
70	66
70	69
70	71
70	73
70	75
70	80
71	20
71	24
71	31
71	33
71	38
71	51
71	59
71	60
71	64
71	67
71	70
71	72
71	75
71	77
71	78
71	79
71	80
72	8
72	14
72	27
72	31
72	39
72	49
72	51
72	58
72	63
72	64
72	66
72	68
72	71
72	75
72	76
72	77
72	81
73	9
73	10
73	13
73	34
73	38
73	40
73	41
73	48
73	52
73	55
73	56
73	59
73	60
73	62
73	65
73	70
73	79
74	13
74	16
74	19
74	22
74	37
74	40
74	41
74	56
74	58
74	59
74	61
74	75
74	76
74	77
74	78
74	79
74	80
75	2
75	3
75	19
75	20
75	30
75	36
75	47
75	58
75	60
75	61
75	70
75	71
75	72
75	74
75	77
75	78
75	79
75	80
76	22
76	23
76	25
76	26
76	37
76	39
76	40
76	42
76	43
76	46
76	51
76	63
76	64
76	66
76	68
76	72
76	74
76	77
76	81
77	4
77	7
77	19
77	20
77	30
77	32
77	39
77	46
77	60
77	61
77	67
77	71
77	72
77	74
77	75
77	76
77	78
77	79
77	80
77	81
78	12
78	18
78	23
78	24
78	25
78	28
78	31
78	33
78	37
78	44
78	49
78	53
78	67
78	68
78	71
78	74
78	75
78	77
78	79
78	80
79	6
79	11
79	18
79	23
79	24
79	28
79	37
79	38
79	48
79	55
79	61
79	64
79	67
79	71
79	73
79	74
79	75
79	77
79	78
79	80
79	81
80	12
80	14
80	15
80	16
80	18
80	19
80	24
80	27
80	32
80	44
80	46
80	55
80	58
80	61
80	67
80	70
80	71
80	74
80	75
80	77
80	78
80	79
81	3
81	8
81	11
81	14
81	18
81	24
81	25
81	26
81	27
81	39
81	43
81	46
81	47
81	51
81	58
81	60
81	64
81	66
81	67
81	68
81	69
81	72
81	76
81	77
81	79
