1	3
1	48
1	60
1	69
1	72
1	75
2	37
2	51
2	52
2	62
2	65
2	70
3	1
3	5
3	36
3	56
3	62
3	64
4	42
4	47
4	59
4	74
4	79
4	80
5	3
5	44
5	52
5	57
5	67
5	71
6	9
6	64
6	67
6	74
6	78
6	81
7	22
7	30
7	51
7	62
7	68
7	78
8	9
8	25
8	35
8	43
8	48
8	73
9	6
9	8
9	48
9	78
9	80
9	81
10	46
10	58
10	59
10	62
10	65
10	76
11	37
11	44
11	46
11	66
11	77
11	79
12	13
12	17
12	60
12	64
12	68
12	71
13	12
13	66
13	69
13	71
13	79
13	81
14	58
14	60
14	62
14	64
14	66
14	77
15	33
15	53
15	60
15	77
15	78
15	81
16	40
16	61
16	68
16	78
16	79
16	81
17	12
17	31
17	32
17	70
17	75
17	77
18	22
18	46
18	58
18	60
18	72
18	73
18	76
19	26
19	38
19	48
19	56
19	67
19	75
19	79
20	23
20	53
20	58
20	62
20	77
20	78
20	81
21	37
21	46
21	50
21	57
21	65
21	69
21	81
22	7
22	18
22	26
22	30
22	39
22	56
22	68
23	20
23	39
23	43
23	44
23	70
23	72
23	81
24	25
24	31
24	37
24	45
24	47
24	77
24	78
25	8
25	24
25	54
25	55
25	66
25	76
25	81
26	19
26	22
26	33
26	35
26	71
26	72
26	77
27	39
27	55
27	57
27	59
27	67
27	68
27	75
28	45
28	53
28	57
28	67
28	70
28	75
28	80
29	31
29	32
29	54
29	62
29	66
29	72
29	76
30	7
30	22
30	51
30	60
30	62
30	70
30	71
30	75
31	17
31	24
31	29
31	67
31	73
31	74
31	79
31	80
32	17
32	29
32	48
32	61
32	68
32	73
32	76
32	80
33	15
33	26
33	39
33	51
33	52
33	63
33	72
33	73
34	45
34	46
34	53
34	61
34	66
34	69
34	72
34	73
35	8
35	26
35	41
35	43
35	72
35	76
35	79
35	80
36	3
36	56
36	62
36	63
36	65
36	76
36	78
36	79
37	2
37	11
37	21
37	24
37	54
37	56
37	61
37	65
37	72
38	19
38	41
38	49
38	63
38	69
38	72
38	77
38	79
38	80
39	22
39	23
39	27
39	33
39	47
39	55
39	66
39	75
39	80
40	16
40	50
40	52
40	63
40	70
40	73
40	78
40	80
40	81
41	35
41	38
41	42
41	43
41	52
41	61
41	68
41	75
41	76
42	4
42	41
42	55
42	63
42	74
42	77
42	79
42	80
42	81
43	8
43	23
43	35
43	41
43	47
43	65
43	77
43	79
43	80
44	5
44	11
44	23
44	46
44	47
44	69
44	74
44	77
44	80
45	24
45	28
45	34
45	48
45	58
45	59
45	67
45	68
45	71
45	77
46	10
46	11
46	18
46	21
46	34
46	44
46	56
46	62
46	65
46	74
47	4
47	24
47	39
47	43
47	44
47	54
47	58
47	63
47	64
47	81
48	1
48	8
48	9
48	19
48	32
48	45
48	53
48	55
48	66
48	71
49	38
49	55
49	59
49	64
49	67
49	69
49	74
49	75
49	76
49	79
50	21
50	40
50	63
50	66
50	68
50	74
50	77
50	78
50	79
50	81
51	2
51	7
51	30
51	33
51	67
51	69
51	70
51	74
51	75
51	76
51	80
52	2
52	5
52	33
52	40
52	41
52	56
52	57
52	61
52	73
52	76
52	78
53	15
53	20
53	28
53	34
53	48
53	54
53	61
53	72
53	73
53	75
53	76
54	25
54	29
54	37
54	47
54	53
54	56
54	57
54	61
54	73
54	75
54	76
55	25
55	27
55	39
55	42
55	48
55	49
55	57
55	64
55	72
55	77
55	78
56	3
56	19
56	22
56	36
56	37
56	46
56	52
56	54
56	58
56	62
56	65
56	73
57	5
57	21
57	27
57	28
57	52
57	54
57	55
57	59
57	60
57	64
57	71
57	80
58	10
58	14
58	18
58	20
58	45
58	47
58	56
58	64
58	75
58	76
58	77
58	81
59	4
59	10
59	27
59	45
59	49
59	57
59	60
59	61
59	64
59	67
59	70
59	71
59	73
60	1
60	12
60	14
60	15
60	18
60	30
60	57
60	59
60	64
60	67
60	68
60	71
60	73
61	16
61	32
61	34
61	37
61	41
61	52
61	53
61	54
61	59
61	69
61	75
61	79
61	81
62	2
62	3
62	7
62	10
62	14
62	20
62	29
62	30
62	36
62	46
62	56
62	65
62	70
62	73
63	33
63	36
63	38
63	40
63	42
63	47
63	50
63	64
63	69
63	74
63	76
63	77
63	78
63	80
64	3
64	6
64	12
64	14
64	47
64	49
64	55
64	57
64	58
64	59
64	60
64	63
64	78
64	80
64	81
65	2
65	10
65	21
65	36
65	37
65	43
65	46
65	56
65	62
65	69
65	72
65	77
65	79
65	80
65	81
66	11
66	13
66	14
66	25
66	29
66	34
66	39
66	48
66	50
66	70
66	71
66	72
66	73
66	75
66	80
67	5
67	6
67	19
67	27
67	28
67	31
67	45
67	49
67	51
67	59
67	60
67	68
67	71
67	76
67	79
67	81
68	7
68	12
68	16
68	22
68	27
68	32
68	41
68	45
68	50
68	60
68	67
68	71
68	73
68	78
68	79
68	81
69	1
69	13
69	21
69	34
69	38
69	44
69	49
69	51
69	61
69	63
69	65
69	70
69	74
69	77
69	78
69	79
69	81
70	2
70	17
70	23
70	28
70	30
70	40
70	51
70	59
70	62
70	66
70	69
70	71
70	74
70	76
70	78
70	79
70	80
71	5
71	12
71	13
71	26
71	30
71	45
71	48
71	57
71	59
71	60
71	66
71	67
71	68
71	70
71	74
71	76
71	78
71	79
72	1
72	18
72	23
72	26
72	29
72	33
72	34
72	35
72	37
72	38
72	53
72	55
72	65
72	66
72	73
72	74
72	75
72	76
72	81
73	8
73	18
73	31
73	32
73	33
73	34
73	40
73	52
73	53
73	54
73	56
73	59
73	60
73	62
73	66
73	68
73	72
73	74
73	76
74	4
74	6
74	31
74	42
74	44
74	46
74	49
74	50
74	51
74	63
74	69
74	70
74	71
74	72
74	73
74	75
74	76
74	77
74	79
74	80
75	1
75	17
75	19
75	27
75	28
75	30
75	39
75	41
75	49
75	51
75	53
75	54
75	58
75	61
75	66
75	72
75	74
75	78
75	79
75	80
76	10
76	18
76	25
76	29
76	32
76	35
76	36
76	41
76	49
76	51
76	52
76	53
76	54
76	58
76	63
76	67
76	70
76	71
76	72
76	73
76	74
77	11
77	14
77	15
77	17
77	20
77	24
77	26
77	38
77	42
77	43
77	44
77	45
77	50
77	55
77	58
77	63
77	65
77	69
77	74
77	78
77	80
77	81
78	6
78	7
78	9
78	15
78	16
78	20
78	24
78	36
78	40
78	50
78	52
78	55
78	63
78	64
78	68
78	69
78	70
78	71
78	75
78	77
78	79
78	80
78	81
79	4
79	11
79	13
79	16
79	19
79	31
79	35
79	36
79	38
79	42
79	43
79	49
79	50
79	61
79	65
79	67
79	68
79	69
79	70
79	71
79	74
79	75
79	78
79	81
80	4
80	9
80	28
80	31
80	32
80	35
80	38
80	39
80	40
80	42
80	43
80	44
80	51
80	57
80	63
80	64
80	65
80	66
80	70
80	74
80	75
80	77
80	78
80	81
81	6
81	9
81	13
81	15
81	16
81	20
81	21
81	23
81	25
81	40
81	42
81	47
81	50
81	58
81	61
81	64
81	65
81	67
81	68
81	69
81	72
81	77
81	78
81	79
81	80
