1	55
1	71
1	75
1	76
1	77
1	79
2	36
2	47
2	50
2	51
2	52
2	74
3	17
3	31
3	60
3	67
3	77
3	81
4	15
4	16
4	67
4	74
4	75
4	80
5	50
5	66
5	67
5	69
5	76
5	78
6	45
6	55
6	69
6	70
6	71
6	79
7	13
7	31
7	48
7	57
7	66
7	80
8	39
8	47
8	60
8	70
8	76
8	80
9	59
9	68
9	73
9	77
9	80
9	81
10	18
10	54
10	61
10	76
10	80
10	81
11	14
11	28
11	38
11	63
11	66
11	70
12	35
12	38
12	66
12	68
12	73
12	80
13	7
13	41
13	62
13	70
13	73
13	74
14	11
14	17
14	24
14	29
14	37
14	80
15	4
15	24
15	62
15	63
15	65
15	69
15	72
16	4
16	35
16	61
16	64
16	71
16	76
16	77
17	3
17	14
17	25
17	39
17	43
17	65
17	66
18	10
18	56
18	71
18	72
18	73
18	75
18	79
19	39
19	58
19	66
19	69
19	76
19	77
19	81
20	27
20	28
20	58
20	60
20	77
20	78
20	80
21	48
21	56
21	59
21	70
21	72
21	79
21	81
22	42
22	56
22	63
22	69
22	73
22	75
22	79
23	49
23	55
23	59
23	64
23	69
23	73
23	79
24	14
24	15
24	36
24	39
24	58
24	63
24	78
25	17
25	47
25	52
25	66
25	76
25	80
25	81
26	53
26	63
26	71
26	77
26	79
26	80
26	81
27	20
27	32
27	52
27	62
27	63
27	65
27	74
28	11
28	20
28	32
28	46
28	69
28	74
28	79
29	14
29	30
29	40
29	58
29	66
29	76
29	81
30	29
30	42
30	43
30	49
30	51
30	68
30	73
30	77
31	3
31	7
31	40
31	62
31	64
31	69
31	70
31	75
32	27
32	28
32	58
32	60
32	68
32	69
32	71
32	73
33	43
33	49
33	65
33	68
33	74
33	76
33	77
33	79
34	40
34	46
34	54
34	55
34	62
34	63
34	65
34	74
35	12
35	16
35	36
35	51
35	56
35	72
35	78
35	81
36	2
36	24
36	35
36	44
36	49
36	57
36	61
36	70
36	75
37	14
37	40
37	48
37	63
37	65
37	67
37	70
37	72
37	73
38	11
38	12
38	41
38	51
38	57
38	64
38	72
38	77
38	81
39	8
39	17
39	19
39	24
39	49
39	53
39	67
39	74
39	80
40	29
40	31
40	34
40	37
40	50
40	66
40	67
40	75
40	81
41	13
41	38
41	48
41	53
41	59
41	64
41	72
41	79
41	80
42	22
42	30
42	43
42	45
42	47
42	48
42	55
42	72
42	75
42	81
43	17
43	30
43	33
43	42
43	53
43	60
43	69
43	70
43	71
43	78
44	36
44	45
44	52
44	53
44	54
44	62
44	63
44	65
44	77
44	81
45	6
45	42
45	44
45	56
45	61
45	64
45	67
45	74
45	78
45	79
46	28
46	34
46	56
46	59
46	62
46	66
46	69
46	71
46	73
46	79
47	2
47	8
47	25
47	42
47	52
47	56
47	59
47	61
47	64
47	70
47	78
48	7
48	21
48	37
48	41
48	42
48	50
48	66
48	68
48	70
48	75
48	78
49	23
49	30
49	33
49	36
49	39
49	52
49	59
49	65
49	68
49	73
49	77
49	78
50	2
50	5
50	40
50	48
50	59
50	60
50	61
50	63
50	66
50	74
50	78
50	80
51	2
51	30
51	35
51	38
51	54
51	57
51	58
51	59
51	64
51	67
51	78
51	81
52	2
52	25
52	27
52	44
52	47
52	49
52	54
52	62
52	63
52	65
52	68
52	73
53	26
53	39
53	41
53	43
53	44
53	55
53	57
53	64
53	70
53	74
53	76
53	78
54	10
54	34
54	44
54	51
54	52
54	55
54	56
54	58
54	61
54	62
54	63
54	65
55	1
55	6
55	23
55	34
55	42
55	53
55	54
55	69
55	70
55	71
55	73
55	77
55	79
56	18
56	21
56	22
56	35
56	45
56	46
56	47
56	54
56	61
56	67
56	68
56	72
56	73
57	7
57	36
57	38
57	51
57	53
57	58
57	59
57	61
57	62
57	68
57	70
57	72
57	78
57	80
58	19
58	20
58	24
58	29
58	32
58	51
58	54
58	57
58	72
58	73
58	76
58	77
58	80
58	81
59	9
59	21
59	23
59	41
59	46
59	47
59	49
59	50
59	51
59	57
59	65
59	68
59	71
59	78
59	81
60	3
60	8
60	20
60	32
60	43
60	50
60	67
60	71
60	75
60	76
60	77
60	78
60	79
60	80
60	81
61	10
61	16
61	36
61	45
61	47
61	50
61	54
61	56
61	57
61	62
61	64
61	65
61	67
61	72
61	79
62	13
62	15
62	27
62	31
62	34
62	44
62	46
62	52
62	54
62	57
62	61
62	63
62	64
62	65
62	68
62	79
63	11
63	15
63	22
63	24
63	26
63	27
63	34
63	37
63	44
63	50
63	52
63	54
63	62
63	65
63	67
63	77
64	16
64	23
64	31
64	38
64	41
64	45
64	47
64	51
64	53
64	61
64	62
64	69
64	70
64	72
64	75
64	76
65	15
65	17
65	27
65	33
65	34
65	37
65	44
65	49
65	52
65	54
65	59
65	61
65	62
65	63
65	78
65	80
66	5
66	7
66	11
66	12
66	17
66	19
66	25
66	29
66	40
66	46
66	48
66	50
66	68
66	71
66	72
66	74
66	77
67	3
67	4
67	5
67	37
67	39
67	40
67	45
67	51
67	56
67	60
67	61
67	63
67	70
67	72
67	75
67	76
67	78
68	9
68	12
68	30
68	32
68	33
68	48
68	49
68	52
68	56
68	57
68	59
68	62
68	66
68	74
68	75
68	76
68	78
68	80
69	5
69	6
69	15
69	19
69	22
69	23
69	28
69	31
69	32
69	43
69	46
69	55
69	64
69	71
69	73
69	74
69	78
69	79
69	81
70	6
70	8
70	11
70	13
70	21
70	31
70	36
70	37
70	43
70	47
70	48
70	53
70	55
70	57
70	64
70	67
70	72
70	75
70	78
71	1
71	6
71	16
71	18
71	26
71	32
71	43
71	46
71	55
71	59
71	60
71	66
71	69
71	72
71	73
71	74
71	75
71	76
71	79
72	15
72	18
72	21
72	35
72	37
72	38
72	41
72	42
72	56
72	57
72	58
72	61
72	64
72	66
72	67
72	70
72	71
72	74
72	75
73	9
73	12
73	13
73	18
73	22
73	23
73	30
73	32
73	37
73	46
73	49
73	52
73	55
73	56
73	58
73	69
73	71
73	77
73	79
74	2
74	4
74	13
74	27
74	28
74	33
74	34
74	39
74	45
74	50
74	53
74	66
74	68
74	69
74	71
74	72
74	75
74	78
74	79
75	1
75	4
75	18
75	22
75	31
75	36
75	40
75	42
75	48
75	60
75	64
75	67
75	68
75	70
75	71
75	72
75	74
75	76
75	78
75	81
76	1
76	5
76	8
76	10
76	16
76	19
76	25
76	29
76	33
76	53
76	58
76	60
76	64
76	67
76	68
76	71
76	75
76	77
76	80
76	81
77	1
77	3
77	9
77	16
77	19
77	20
77	26
77	30
77	33
77	38
77	44
77	49
77	55
77	58
77	60
77	63
77	66
77	73
77	76
77	80
77	81
78	5
78	20
78	24
78	35
78	43
78	45
78	47
78	48
78	49
78	50
78	51
78	53
78	57
78	59
78	60
78	65
78	67
78	68
78	69
78	70
78	74
78	75
79	1
79	6
79	18
79	21
79	22
79	23
79	26
79	28
79	33
79	41
79	45
79	46
79	55
79	60
79	61
79	62
79	69
79	71
79	73
79	74
79	80
79	81
80	4
80	7
80	8
80	9
80	10
80	12
80	14
80	20
80	25
80	26
80	39
80	41
80	50
80	57
80	58
80	60
80	65
80	68
80	76
80	77
80	79
80	81
81	3
81	9
81	10
81	19
81	21
81	25
81	26
81	29
81	35
81	38
81	40
81	42
81	44
81	51
81	58
81	59
81	60
81	69
81	75
81	76
81	77
81	79
81	80
