1	5
1	20
1	54
1	70
1	77
1	78
2	26
2	29
2	34
2	48
2	49
2	79
3	22
3	40
3	50
3	59
3	61
3	73
4	15
4	31
4	55
4	56
4	72
4	73
5	1
5	11
5	16
5	48
5	49
5	55
6	22
6	37
6	39
6	57
6	63
6	80
7	23
7	48
7	56
7	61
7	65
7	78
8	33
8	62
8	72
8	78
8	80
8	81
9	50
9	67
9	69
9	73
9	76
9	78
10	17
10	62
10	68
10	70
10	72
10	79
11	5
11	23
11	26
11	28
11	48
11	50
12	17
12	29
12	32
12	53
12	57
12	78
13	19
13	32
13	44
13	47
13	60
13	65
14	28
14	33
14	34
14	69
14	72
14	73
15	4
15	36
15	55
15	56
15	79
15	81
16	5
16	23
16	31
16	48
16	53
16	75
17	10
17	12
17	21
17	35
17	62
17	63
17	72
18	28
18	38
18	47
18	62
18	72
18	73
18	74
19	13
19	48
19	58
19	64
19	66
19	76
19	80
20	1
20	35
20	42
20	46
20	47
20	58
20	68
21	17
21	35
21	42
21	56
21	57
21	67
21	69
22	3
22	6
22	42
22	74
22	75
22	76
22	77
23	7
23	11
23	16
23	48
23	53
23	59
23	70
24	35
24	50
24	62
24	75
24	76
24	79
24	80
25	47
25	63
25	68
25	70
25	71
25	80
25	81
26	2
26	11
26	29
26	48
26	54
26	62
26	70
26	72
27	37
27	43
27	45
27	47
27	56
27	59
27	60
27	67
28	11
28	14
28	18
28	29
28	39
28	51
28	71
28	72
29	2
29	12
29	26
29	28
29	50
29	61
29	72
29	80
30	49
30	51
30	54
30	61
30	66
30	69
30	73
30	77
31	4
31	16
31	37
31	38
31	71
31	73
31	80
31	81
32	12
32	13
32	44
32	55
32	65
32	68
32	69
32	77
33	8
33	14
33	51
33	63
33	64
33	65
33	71
33	74
34	2
34	14
34	48
34	57
34	58
34	61
34	62
34	72
35	17
35	20
35	21
35	24
35	71
35	77
35	79
35	81
36	15
36	37
36	42
36	43
36	45
36	52
36	56
36	67
37	6
37	27
37	31
37	36
37	51
37	64
37	74
37	75
37	77
38	18
38	31
38	51
38	52
38	54
38	57
38	67
38	69
38	81
39	6
39	28
39	44
39	47
39	49
39	53
39	60
39	68
39	78
40	3
40	45
40	47
40	49
40	60
40	62
40	66
40	80
40	81
41	53
41	55
41	57
41	67
41	69
41	71
41	76
41	77
41	80
42	20
42	21
42	22
42	36
42	56
42	59
42	67
42	75
42	81
43	27
43	36
43	55
43	58
43	59
43	67
43	76
43	77
43	78
44	13
44	32
44	39
44	45
44	49
44	51
44	60
44	72
44	74
45	27
45	36
45	40
45	44
45	47
45	49
45	60
45	69
45	81
46	20
46	49
46	61
46	63
46	65
46	74
46	75
46	78
46	81
47	13
47	18
47	20
47	25
47	27
47	39
47	40
47	45
47	68
47	77
48	2
48	5
48	7
48	11
48	16
48	19
48	23
48	26
48	34
48	63
49	2
49	5
49	30
49	39
49	40
49	44
49	45
49	46
49	60
49	68
50	3
50	9
50	11
50	24
50	29
50	51
50	70
50	71
50	78
50	80
51	28
51	30
51	33
51	37
51	38
51	44
51	50
51	53
51	54
51	81
52	36
52	38
52	58
52	59
52	68
52	70
52	73
52	76
52	77
52	81
53	12
53	16
53	23
53	39
53	41
53	51
53	57
53	69
53	71
53	80
54	1
54	26
54	30
54	38
54	51
54	61
54	65
54	66
54	78
54	80
54	81
55	4
55	5
55	15
55	32
55	41
55	43
55	57
55	68
55	75
55	79
55	80
56	4
56	7
56	15
56	21
56	27
56	36
56	42
56	59
56	67
56	74
56	76
57	6
57	12
57	21
57	34
57	38
57	41
57	53
57	55
57	71
57	80
57	81
58	19
58	20
58	34
58	43
58	52
58	60
58	66
58	67
58	74
58	75
58	76
58	79
59	3
59	23
59	27
59	42
59	43
59	52
59	56
59	60
59	67
59	69
59	76
59	80
60	13
60	27
60	39
60	40
60	44
60	45
60	49
60	58
60	59
60	77
60	79
60	81
61	3
61	7
61	29
61	30
61	34
61	46
61	54
61	63
61	64
61	65
61	75
61	77
62	8
62	10
62	17
62	18
62	24
62	26
62	34
62	40
62	72
62	73
62	76
62	78
62	81
63	6
63	17
63	25
63	33
63	46
63	48
63	61
63	64
63	74
63	75
63	78
63	79
63	80
64	19
64	33
64	37
64	61
64	63
64	65
64	67
64	73
64	74
64	75
64	78
64	79
64	80
65	7
65	13
65	32
65	33
65	46
65	54
65	61
65	64
65	66
65	70
65	71
65	74
65	75
66	19
66	30
66	40
66	54
66	58
66	65
66	68
66	69
66	70
66	72
66	73
66	74
66	79
66	81
67	9
67	21
67	27
67	36
67	38
67	41
67	42
67	43
67	56
67	58
67	59
67	64
67	75
67	78
68	10
68	20
68	25
68	32
68	39
68	47
68	49
68	52
68	55
68	66
68	70
68	73
68	75
68	79
69	9
69	14
69	21
69	30
69	32
69	38
69	41
69	45
69	53
69	59
69	66
69	72
69	73
69	77
69	79
70	1
70	10
70	23
70	25
70	26
70	50
70	52
70	65
70	66
70	68
70	71
70	76
70	78
70	80
70	81
71	25
71	28
71	31
71	33
71	35
71	41
71	50
71	53
71	57
71	65
71	70
71	76
71	78
71	79
71	81
72	4
72	8
72	10
72	14
72	17
72	18
72	26
72	28
72	29
72	34
72	44
72	62
72	66
72	69
72	79
73	3
73	4
73	9
73	14
73	18
73	30
73	31
73	52
73	62
73	64
73	66
73	68
73	69
73	77
73	79
74	18
74	22
74	33
74	37
74	44
74	46
74	56
74	58
74	63
74	64
74	65
74	66
74	75
74	76
74	79
74	80
75	16
75	22
75	24
75	37
75	42
75	46
75	55
75	58
75	61
75	63
75	64
75	65
75	67
75	68
75	74
75	77
76	9
76	19
76	22
76	24
76	41
76	43
76	52
76	56
76	58
76	59
76	62
76	70
76	71
76	74
76	77
76	79
77	1
77	22
77	30
77	32
77	35
77	37
77	41
77	43
77	47
77	52
77	60
77	61
77	69
77	73
77	75
77	76
77	79
78	1
78	7
78	8
78	9
78	12
78	39
78	43
78	46
78	50
78	54
78	62
78	63
78	64
78	67
78	70
78	71
78	80
78	81
79	2
79	10
79	15
79	24
79	35
79	55
79	58
79	60
79	63
79	64
79	66
79	68
79	69
79	71
79	72
79	73
79	74
79	76
79	77
79	80
79	81
80	6
80	8
80	19
80	24
80	25
80	29
80	31
80	40
80	41
80	50
80	53
80	54
80	55
80	57
80	59
80	63
80	64
80	70
80	74
80	78
80	79
80	81
81	8
81	15
81	25
81	31
81	35
81	38
81	40
81	42
81	45
81	46
81	51
81	52
81	54
81	57
81	60
81	62
81	66
81	70
81	71
81	78
81	79
81	80
