1	4
1	19
1	21
1	50
1	58
1	80
2	8
2	37
2	40
2	46
2	60
2	78
3	15
3	47
3	62
3	66
3	67
3	70
4	1
4	38
4	56
4	67
4	76
4	77
5	13
5	27
5	38
5	50
5	60
5	64
6	18
6	35
6	59
6	70
6	75
6	79
7	18
7	40
7	61
7	72
7	77
7	80
8	2
8	19
8	28
8	53
8	65
8	81
9	20
9	26
9	44
9	46
9	63
9	77
10	14
10	38
10	41
10	42
10	61
10	79
11	24
11	40
11	53
11	64
11	72
11	81
12	41
12	51
12	61
12	63
12	79
12	80
13	5
13	43
13	54
13	75
13	77
13	79
14	10
14	40
14	45
14	74
14	77
14	79
15	3
15	25
15	34
15	62
15	63
15	66
16	24
16	38
16	48
16	57
16	78
16	79
16	81
17	42
17	49
17	64
17	70
17	77
17	79
17	80
18	6
18	7
18	46
18	57
18	65
18	68
18	78
19	1
19	8
19	39
19	69
19	71
19	74
19	75
20	9
20	28
20	33
20	48
20	61
20	64
20	73
21	1
21	54
21	56
21	61
21	71
21	73
21	80
22	24
22	43
22	52
22	64
22	69
22	70
22	77
23	24
23	27
23	41
23	52
23	64
23	69
23	79
24	11
24	16
24	22
24	23
24	29
24	44
24	54
25	15
25	52
25	60
25	67
25	73
25	80
25	81
26	9
26	51
26	53
26	72
26	74
26	75
26	81
27	5
27	23
27	43
27	57
27	69
27	74
27	75
27	81
28	8
28	20
28	50
28	53
28	55
28	70
28	74
28	80
29	24
29	42
29	53
29	63
29	66
29	71
29	75
29	76
30	31
30	48
30	53
30	54
30	62
30	68
30	80
30	81
31	30
31	35
31	36
31	51
31	60
31	66
31	67
31	78
32	33
32	38
32	58
32	64
32	69
32	74
32	80
32	81
33	20
33	32
33	52
33	53
33	60
33	64
33	69
33	71
33	79
34	15
34	49
34	63
34	66
34	67
34	70
34	73
34	80
34	81
35	6
35	31
35	43
35	48
35	58
35	68
35	72
35	74
35	76
36	31
36	55
36	57
36	63
36	68
36	71
36	74
36	80
36	81
37	2
37	39
37	68
37	72
37	74
37	75
37	76
37	78
37	80
38	4
38	5
38	10
38	16
38	32
38	42
38	55
38	72
38	76
39	19
39	37
39	43
39	65
39	70
39	76
39	78
39	79
39	81
40	2
40	7
40	11
40	14
40	44
40	46
40	63
40	66
40	78
41	10
41	12
41	23
41	50
41	51
41	62
41	64
41	68
41	69
41	78
42	10
42	17
42	29
42	38
42	52
42	54
42	64
42	65
42	69
42	78
43	13
43	22
43	27
43	35
43	39
43	47
43	51
43	58
43	73
43	75
44	9
44	24
44	40
44	45
44	51
44	55
44	61
44	66
44	69
44	77
45	14
45	44
45	49
45	51
45	53
45	56
45	59
45	65
45	76
45	80
46	2
46	9
46	18
46	40
46	49
46	65
46	72
46	76
46	77
46	80
47	3
47	43
47	54
47	58
47	63
47	66
47	67
47	73
47	80
47	81
48	16
48	20
48	30
48	35
48	49
48	63
48	75
48	76
48	77
48	79
49	17
49	34
49	45
49	46
49	48
49	60
49	66
49	67
49	75
49	76
49	78
50	1
50	5
50	28
50	41
50	52
50	61
50	64
50	69
50	71
50	77
50	80
51	12
51	26
51	31
51	41
51	43
51	44
51	45
51	58
51	73
51	79
51	80
52	22
52	23
52	25
52	33
52	42
52	50
52	68
52	69
52	70
52	74
52	76
53	8
53	11
53	26
53	28
53	29
53	30
53	33
53	45
53	75
53	80
53	81
54	13
54	21
54	24
54	30
54	42
54	47
54	58
54	66
54	73
54	75
54	78
55	28
55	36
55	38
55	44
55	62
55	67
55	68
55	69
55	71
55	72
55	76
56	4
56	21
56	45
56	57
56	59
56	60
56	67
56	70
56	72
56	77
56	78
56	79
57	16
57	18
57	27
57	36
57	56
57	58
57	61
57	62
57	68
57	74
57	75
57	78
57	81
58	1
58	32
58	35
58	43
58	47
58	51
58	54
58	57
58	61
58	65
58	73
58	74
58	76
59	6
59	45
59	56
59	60
59	61
59	62
59	68
59	69
59	71
59	74
59	76
59	80
59	81
60	2
60	5
60	25
60	31
60	33
60	49
60	56
60	59
60	68
60	71
60	72
60	74
60	79
61	7
61	10
61	12
61	20
61	21
61	44
61	50
61	57
61	58
61	59
61	70
61	72
61	76
61	77
62	3
62	15
62	30
62	41
62	55
62	57
62	59
62	63
62	64
62	65
62	66
62	68
62	73
62	80
63	9
63	12
63	15
63	29
63	34
63	36
63	40
63	47
63	48
63	62
63	67
63	71
63	72
63	73
63	81
64	5
64	11
64	17
64	20
64	22
64	23
64	32
64	33
64	41
64	42
64	50
64	62
64	67
64	71
64	72
65	8
65	18
65	39
65	42
65	45
65	46
65	58
65	62
65	71
65	73
65	74
65	76
65	77
65	78
65	81
66	3
66	15
66	29
66	31
66	34
66	40
66	44
66	47
66	49
66	54
66	62
66	75
66	76
66	78
66	80
67	3
67	4
67	25
67	31
67	34
67	47
67	49
67	55
67	56
67	63
67	64
67	72
67	73
67	75
67	80
67	81
68	18
68	30
68	35
68	36
68	37
68	41
68	52
68	55
68	57
68	59
68	60
68	62
68	69
68	70
68	72
68	78
69	19
69	22
69	23
69	27
69	32
69	33
69	41
69	42
69	44
69	50
69	52
69	55
69	59
69	68
69	75
69	79
70	3
70	6
70	17
70	22
70	28
70	34
70	39
70	52
70	56
70	61
70	68
70	73
70	76
70	77
70	78
70	79
70	81
71	19
71	21
71	29
71	33
71	36
71	50
71	55
71	59
71	60
71	63
71	64
71	65
71	72
71	74
71	75
71	77
71	79
71	81
72	7
72	11
72	26
72	35
72	37
72	38
72	46
72	55
72	56
72	60
72	61
72	63
72	64
72	67
72	68
72	71
72	77
72	79
73	20
73	21
73	25
73	34
73	43
73	47
73	51
73	54
73	58
73	62
73	63
73	65
73	67
73	70
73	74
73	75
73	80
73	81
74	14
74	19
74	26
74	27
74	28
74	32
74	35
74	36
74	37
74	52
74	57
74	58
74	59
74	60
74	65
74	71
74	73
74	78
74	81
75	6
75	13
75	19
75	26
75	27
75	29
75	37
75	43
75	48
75	49
75	53
75	54
75	57
75	66
75	67
75	69
75	71
75	73
75	81
76	4
76	29
76	35
76	37
76	38
76	39
76	45
76	46
76	48
76	49
76	52
76	55
76	58
76	59
76	61
76	65
76	66
76	70
76	78
76	79
77	4
77	7
77	9
77	13
77	14
77	17
77	22
77	44
77	46
77	48
77	50
77	56
77	61
77	65
77	70
77	71
77	72
77	78
77	79
77	81
78	2
78	16
78	18
78	31
78	37
78	39
78	40
78	41
78	42
78	49
78	54
78	56
78	57
78	65
78	66
78	68
78	70
78	74
78	76
78	77
78	79
79	6
79	10
79	12
79	13
79	14
79	16
79	17
79	23
79	33
79	39
79	48
79	51
79	56
79	60
79	69
79	70
79	71
79	72
79	76
79	77
79	78
80	1
80	7
80	12
80	17
80	21
80	25
80	28
80	30
80	32
80	34
80	36
80	37
80	45
80	46
80	47
80	50
80	51
80	53
80	59
80	62
80	66
80	67
80	73
80	81
81	8
81	11
81	16
81	25
81	26
81	27
81	30
81	32
81	34
81	36
81	39
81	47
81	53
81	57
81	59
81	63
81	65
81	67
81	70
81	71
81	73
81	74
81	75
81	77
81	80
