1	17
1	43
1	76
1	77
1	79
1	81
2	12
2	15
2	69
2	73
2	74
2	81
3	15
3	19
3	38
3	41
3	49
3	78
4	29
4	49
4	62
4	68
4	77
4	78
5	14
5	63
5	72
5	74
5	78
5	79
6	11
6	34
6	46
6	54
6	63
6	67
7	22
7	24
7	51
7	52
7	68
7	80
8	20
8	31
8	59
8	70
8	75
8	81
9	31
9	35
9	44
9	51
9	67
9	71
10	40
10	49
10	52
10	74
10	77
10	81
11	6
11	49
11	57
11	59
11	61
11	72
12	2
12	36
12	37
12	56
12	73
12	79
13	42
13	58
13	70
13	71
13	78
13	79
14	5
14	32
14	34
14	41
14	64
14	69
15	2
15	3
15	50
15	68
15	72
15	79
16	30
16	33
16	54
16	63
16	69
16	72
17	1
17	42
17	71
17	76
17	78
17	79
18	46
18	59
18	65
18	69
18	77
18	80
19	3
19	23
19	24
19	26
19	40
19	61
20	8
20	25
20	43
20	59
20	75
20	81
21	32
21	33
21	49
21	69
21	76
21	77
21	78
22	7
22	23
22	40
22	43
22	48
22	64
22	74
23	19
23	22
23	38
23	46
23	52
23	54
23	64
24	7
24	19
24	30
24	31
24	47
24	48
24	77
25	20
25	45
25	50
25	58
25	59
25	64
25	73
26	19
26	31
26	41
26	46
26	48
26	52
26	76
27	49
27	63
27	64
27	71
27	73
27	74
27	81
28	42
28	44
28	45
28	60
28	73
28	75
28	81
29	4
29	57
29	60
29	68
29	71
29	72
29	79
30	16
30	24
30	59
30	61
30	72
30	76
30	78
31	8
31	9
31	24
31	26
31	48
31	52
31	77
32	14
32	21
32	53
32	63
32	64
32	65
32	73
33	16
33	21
33	39
33	54
33	64
33	67
33	79
34	6
34	14
34	37
34	46
34	71
34	72
34	78
34	79
35	9
35	44
35	45
35	46
35	54
35	67
35	68
35	79
36	12
36	62
36	71
36	73
36	75
36	77
36	80
36	81
37	12
37	34
37	47
37	55
37	59
37	70
37	80
37	81
38	3
38	23
38	41
38	43
38	65
38	69
38	75
38	80
39	33
39	44
39	61
39	63
39	67
39	74
39	76
39	77
40	10
40	19
40	22
40	41
40	44
40	54
40	60
40	62
40	70
41	3
41	14
41	26
41	38
41	40
41	74
41	76
41	77
41	79
42	13
42	17
42	28
42	45
42	56
42	60
42	69
42	77
42	80
43	1
43	20
43	22
43	38
43	47
43	66
43	75
43	77
43	80
44	9
44	28
44	35
44	39
44	40
44	63
44	67
44	78
44	81
45	25
45	28
45	35
45	42
45	59
45	68
45	72
45	74
45	80
46	6
46	18
46	23
46	26
46	34
46	35
46	53
46	55
46	69
47	24
47	37
47	43
47	68
47	71
47	72
47	78
47	79
47	81
48	22
48	24
48	26
48	31
48	50
48	52
48	54
48	66
48	73
49	3
49	4
49	10
49	11
49	21
49	27
49	63
49	67
49	78
49	80
50	15
50	25
50	48
50	57
50	61
50	67
50	70
50	75
50	76
50	80
51	7
51	9
51	56
51	57
51	66
51	73
51	74
51	76
51	77
51	81
52	7
52	10
52	23
52	26
52	31
52	48
52	54
52	67
52	78
52	79
53	32
53	46
53	56
53	58
53	60
53	62
53	64
53	65
53	68
53	69
53	78
54	6
54	16
54	23
54	33
54	35
54	40
54	48
54	52
54	63
54	67
54	81
55	37
55	46
55	58
55	60
55	61
55	63
55	64
55	65
55	69
55	70
55	80
56	12
56	42
56	51
56	53
56	62
56	67
56	69
56	70
56	71
56	76
56	77
57	11
57	29
57	50
57	51
57	66
57	69
57	71
57	73
57	74
57	75
57	81
58	13
58	25
58	53
58	55
58	65
58	69
58	74
58	75
58	76
58	79
58	80
59	8
59	11
59	18
59	20
59	25
59	30
59	37
59	45
59	61
59	78
59	81
60	28
60	29
60	40
60	42
60	53
60	55
60	66
60	68
60	73
60	74
60	75
60	81
61	11
61	19
61	30
61	39
61	50
61	55
61	59
61	62
61	66
61	72
61	74
61	80
62	4
62	36
62	40
62	53
62	56
62	61
62	65
62	66
62	70
62	74
62	75
62	76
63	5
63	6
63	16
63	27
63	32
63	39
63	44
63	49
63	54
63	55
63	67
63	81
64	14
64	22
64	23
64	25
64	27
64	32
64	33
64	53
64	55
64	65
64	69
64	79
64	80
65	18
65	32
65	38
65	53
65	55
65	58
65	62
65	64
65	66
65	67
65	69
65	70
65	76
65	78
66	43
66	48
66	51
66	57
66	60
66	61
66	62
66	65
66	70
66	73
66	74
66	75
66	77
66	80
66	81
67	6
67	9
67	33
67	35
67	39
67	44
67	49
67	50
67	52
67	54
67	56
67	63
67	65
67	71
67	80
68	4
68	7
68	15
68	29
68	35
68	45
68	47
68	53
68	60
68	70
68	71
68	72
68	73
68	78
68	79
69	2
69	14
69	16
69	18
69	21
69	38
69	42
69	46
69	53
69	55
69	56
69	57
69	58
69	64
69	65
69	72
69	81
70	8
70	13
70	37
70	40
70	50
70	55
70	56
70	62
70	65
70	66
70	68
70	72
70	73
70	75
70	76
70	77
70	80
71	9
71	13
71	17
71	27
71	29
71	34
71	36
71	47
71	56
71	57
71	67
71	68
71	72
71	76
71	78
71	79
71	80
71	81
72	5
72	11
72	15
72	16
72	29
72	30
72	34
72	45
72	47
72	61
72	68
72	69
72	70
72	71
72	76
72	77
72	78
72	79
72	80
73	2
73	12
73	25
73	27
73	28
73	32
73	36
73	48
73	51
73	57
73	60
73	66
73	68
73	70
73	74
73	75
73	78
73	79
73	81
74	2
74	5
74	10
74	22
74	27
74	39
74	41
74	45
74	51
74	57
74	58
74	60
74	61
74	62
74	66
74	73
74	75
74	76
74	81
75	8
75	20
75	28
75	36
75	38
75	43
75	50
75	57
75	58
75	60
75	62
75	66
75	70
75	73
75	74
75	76
75	77
75	80
75	81
76	1
76	17
76	21
76	26
76	30
76	39
76	41
76	50
76	51
76	56
76	58
76	62
76	65
76	70
76	71
76	72
76	74
76	75
76	80
77	1
77	4
77	10
77	18
77	21
77	24
77	31
77	36
77	39
77	41
77	42
77	43
77	51
77	56
77	66
77	70
77	72
77	75
77	79
77	80
78	3
78	4
78	5
78	13
78	17
78	21
78	30
78	34
78	44
78	47
78	49
78	52
78	53
78	59
78	65
78	68
78	71
78	72
78	73
78	79
79	1
79	5
79	12
79	13
79	15
79	17
79	29
79	33
79	34
79	35
79	41
79	47
79	52
79	58
79	64
79	68
79	71
79	72
79	73
79	77
79	78
80	7
80	18
80	36
80	37
80	38
80	42
80	43
80	45
80	49
80	50
80	55
80	58
80	61
80	64
80	66
80	67
80	70
80	71
80	72
80	75
80	76
80	77
80	81
81	1
81	2
81	8
81	10
81	20
81	27
81	28
81	36
81	37
81	44
81	47
81	51
81	54
81	57
81	59
81	60
81	63
81	66
81	69
81	71
81	73
81	74
81	75
81	80
