1	48
1	50
1	51
1	72
1	78
1	80
2	6
2	14
2	43
2	58
2	63
2	74
3	38
3	45
3	65
3	73
3	75
3	80
4	41
4	65
4	66
4	70
4	77
4	81
5	41
5	44
5	65
5	69
5	79
5	81
6	2
6	15
6	32
6	42
6	47
6	68
7	31
7	46
7	49
7	57
7	70
7	77
8	11
8	40
8	53
8	76
8	80
8	81
9	31
9	36
9	48
9	70
9	78
9	80
10	58
10	65
10	69
10	76
10	77
10	81
11	8
11	52
11	65
11	67
11	78
11	80
12	33
12	57
12	61
12	68
12	69
12	73
13	25
13	40
13	60
13	63
13	65
13	66
14	2
14	42
14	47
14	60
14	70
14	79
15	6
15	42
15	56
15	60
15	63
15	75
15	78
16	26
16	36
16	43
16	47
16	59
16	64
16	80
17	29
17	59
17	66
17	67
17	71
17	74
17	76
18	38
18	41
18	43
18	66
18	69
18	76
18	81
19	42
19	47
19	49
19	59
19	72
19	80
19	81
20	23
20	53
20	66
20	69
20	72
20	79
20	81
21	33
21	50
21	57
21	62
21	73
21	75
21	81
22	35
22	46
22	49
22	57
22	58
22	67
22	78
23	20
23	24
23	48
23	49
23	70
23	77
23	79
24	23
24	36
24	37
24	48
24	62
24	73
24	75
25	13
25	26
25	34
25	48
25	60
25	63
25	77
26	16
26	25
26	49
26	70
26	74
26	75
26	76
27	29
27	50
27	54
27	57
27	58
27	65
27	73
27	75
28	39
28	59
28	68
28	71
28	73
28	74
28	78
28	80
29	17
29	27
29	45
29	54
29	59
29	73
29	75
29	80
30	35
30	40
30	59
30	62
30	65
30	69
30	70
30	81
31	7
31	9
31	32
31	33
31	52
31	61
31	74
31	79
32	6
32	31
32	55
32	71
32	72
32	77
32	78
32	80
33	12
33	21
33	31
33	52
33	56
33	71
33	76
33	80
34	25
34	42
34	60
34	63
34	68
34	72
34	74
34	75
34	76
35	22
35	30
35	44
35	47
35	52
35	71
35	75
35	78
35	80
36	9
36	16
36	24
36	44
36	49
36	55
36	72
36	73
36	78
37	24
37	43
37	62
37	66
37	71
37	72
37	75
37	76
37	77
38	3
38	18
38	50
38	55
38	56
38	66
38	68
38	69
38	81
39	28
39	51
39	66
39	67
39	70
39	74
39	76
39	79
39	80
40	8
40	13
40	30
40	54
40	61
40	65
40	76
40	80
40	81
41	4
41	5
41	18
41	50
41	69
41	71
41	76
41	77
41	79
42	6
42	14
42	15
42	19
42	34
42	52
42	63
42	78
42	80
43	2
43	16
43	18
43	37
43	46
43	62
43	63
43	73
43	75
44	5
44	35
44	36
44	61
44	67
44	69
44	74
44	78
44	79
44	80
45	3
45	29
45	50
45	54
45	58
45	71
45	73
45	75
45	79
45	81
46	7
46	22
46	43
46	52
46	53
46	56
46	57
46	61
46	71
46	77
47	6
47	14
47	16
47	19
47	35
47	51
47	58
47	62
47	68
47	78
48	1
48	9
48	23
48	24
48	25
48	58
48	76
48	77
48	78
48	79
49	7
49	19
49	22
49	23
49	26
49	36
49	51
49	67
49	73
49	76
50	1
50	21
50	27
50	38
50	41
50	45
50	67
50	72
50	73
50	75
51	1
51	39
51	47
51	49
51	59
51	63
51	64
51	70
51	71
51	74
51	80
52	11
52	31
52	33
52	35
52	42
52	46
52	56
52	57
52	61
52	69
52	78
53	8
53	20
53	46
53	56
53	61
53	65
53	69
53	70
53	75
53	78
53	81
54	27
54	29
54	40
54	45
54	59
54	64
54	68
54	72
54	74
54	79
54	81
55	32
55	36
55	38
55	61
55	67
55	69
55	70
55	72
55	74
55	76
55	77
56	15
56	33
56	38
56	46
56	52
56	53
56	57
56	61
56	64
56	66
56	79
57	7
57	12
57	21
57	22
57	27
57	46
57	52
57	56
57	61
57	62
57	63
57	75
58	2
58	10
58	22
58	27
58	45
58	47
58	48
58	64
58	68
58	70
58	74
58	79
59	16
59	17
59	19
59	28
59	29
59	30
59	51
59	54
59	62
59	67
59	72
59	80
60	13
60	14
60	15
60	25
60	34
60	63
60	64
60	66
60	67
60	71
60	77
60	78
60	80
61	12
61	31
61	40
61	44
61	46
61	52
61	53
61	55
61	56
61	57
61	68
61	76
61	77
62	21
62	24
62	30
62	37
62	43
62	47
62	57
62	59
62	73
62	75
62	77
62	79
62	81
63	2
63	13
63	15
63	25
63	34
63	42
63	43
63	51
63	57
63	60
63	64
63	69
63	74
63	78
64	16
64	51
64	54
64	56
64	58
64	60
64	63
64	68
64	71
64	73
64	74
64	75
64	77
64	79
65	3
65	4
65	5
65	10
65	11
65	13
65	27
65	30
65	40
65	53
65	66
65	67
65	73
65	78
65	81
66	4
66	13
66	17
66	18
66	20
66	37
66	38
66	39
66	56
66	60
66	65
66	69
66	72
66	79
66	81
67	11
67	17
67	22
67	39
67	44
67	49
67	50
67	55
67	59
67	60
67	65
67	75
67	77
67	78
67	80
68	6
68	12
68	28
68	34
68	38
68	47
68	54
68	58
68	61
68	64
68	70
68	72
68	76
68	77
68	79
68	81
69	5
69	10
69	12
69	18
69	20
69	30
69	38
69	41
69	44
69	52
69	53
69	55
69	63
69	66
69	75
69	76
69	81
70	4
70	7
70	9
70	14
70	23
70	26
70	30
70	39
70	51
70	53
70	55
70	58
70	68
70	71
70	72
70	74
70	76
70	77
70	78
71	17
71	28
71	32
71	33
71	35
71	37
71	41
71	45
71	46
71	51
71	60
71	64
71	70
71	72
71	74
71	76
71	79
71	80
71	81
72	1
72	19
72	20
72	32
72	34
72	36
72	37
72	50
72	54
72	55
72	59
72	66
72	68
72	70
72	71
72	73
72	74
72	76
72	77
72	79
72	80
73	3
73	12
73	21
73	24
73	27
73	28
73	29
73	36
73	43
73	45
73	49
73	50
73	62
73	64
73	65
73	72
73	75
73	77
73	78
73	79
73	81
74	2
74	17
74	26
74	28
74	31
74	34
74	39
74	44
74	51
74	54
74	55
74	58
74	63
74	64
74	70
74	71
74	72
74	75
74	76
74	77
74	78
74	79
74	80
75	3
75	15
75	21
75	24
75	26
75	27
75	29
75	34
75	35
75	37
75	43
75	45
75	50
75	53
75	57
75	62
75	64
75	67
75	69
75	73
75	74
75	79
75	81
76	8
76	10
76	17
76	18
76	26
76	33
76	34
76	37
76	39
76	40
76	41
76	48
76	49
76	55
76	61
76	68
76	69
76	70
76	71
76	72
76	74
76	77
76	79
76	81
77	4
77	7
77	10
77	23
77	25
77	32
77	37
77	41
77	46
77	48
77	55
77	60
77	61
77	62
77	64
77	67
77	68
77	70
77	72
77	73
77	74
77	76
77	79
77	80
78	1
78	9
78	11
78	15
78	22
78	28
78	32
78	35
78	36
78	42
78	44
78	47
78	48
78	52
78	53
78	60
78	63
78	65
78	67
78	70
78	73
78	74
78	80
78	81
79	5
79	14
79	20
79	23
79	31
79	39
79	41
79	44
79	45
79	48
79	54
79	56
79	58
79	62
79	64
79	66
79	68
79	71
79	72
79	73
79	74
79	75
79	76
79	77
79	81
80	1
80	3
80	8
80	9
80	11
80	16
80	19
80	28
80	29
80	32
80	33
80	35
80	39
80	40
80	42
80	44
80	51
80	59
80	60
80	67
80	71
80	72
80	74
80	77
80	78
81	4
81	5
81	8
81	10
81	18
81	19
81	20
81	21
81	30
81	38
81	40
81	45
81	53
81	54
81	62
81	65
81	66
81	68
81	69
81	71
81	73
81	75
81	76
81	78
81	79
