1	2
1	3
1	22
1	41
1	43
1	77
2	1
2	57
2	61
2	63
2	64
2	74
3	1
3	10
3	40
3	41
3	66
3	73
4	36
4	54
4	65
4	67
4	71
4	77
5	30
5	52
5	59
5	65
5	74
5	76
6	60
6	67
6	68
6	70
6	76
6	79
7	58
7	61
7	69
7	70
7	71
7	76
8	47
8	49
8	69
8	72
8	76
8	78
9	20
9	42
9	54
9	61
9	67
9	71
10	3
10	11
10	43
10	44
10	49
10	62
11	10
11	18
11	41
11	43
11	50
11	54
12	23
12	45
12	63
12	69
12	77
12	78
13	15
13	44
13	49
13	64
13	70
13	80
14	18
14	24
14	57
14	63
14	64
14	67
14	79
15	13
15	28
15	50
15	60
15	65
15	73
15	81
16	32
16	36
16	39
16	67
16	74
16	75
16	81
17	34
17	37
17	51
17	57
17	63
17	64
17	67
18	11
18	14
18	19
18	41
18	43
18	59
18	77
19	18
19	26
19	46
19	54
19	60
19	71
19	79
20	9
20	47
20	74
20	75
20	76
20	77
20	81
21	40
21	44
21	58
21	59
21	68
21	76
21	79
21	80
22	1
22	24
22	29
22	33
22	39
22	62
22	63
22	80
23	12
23	25
23	29
23	53
23	68
23	69
23	76
23	78
24	14
24	22
24	50
24	71
24	72
24	74
24	77
24	80
25	23
25	36
25	57
25	58
25	63
25	64
25	75
25	81
26	19
26	46
26	49
26	50
26	51
26	62
26	66
26	71
27	32
27	39
27	40
27	41
27	69
27	73
27	75
27	78
28	15
28	31
28	38
28	39
28	53
28	76
28	78
28	80
29	22
29	23
29	38
29	48
29	53
29	55
29	57
29	64
30	5
30	47
30	52
30	55
30	58
30	61
30	69
30	72
31	28
31	61
31	69
31	72
31	75
31	76
31	78
31	80
31	81
32	16
32	27
32	33
32	47
32	48
32	68
32	69
32	76
32	78
33	22
33	32
33	37
33	44
33	55
33	56
33	70
33	79
33	81
34	17
34	40
34	48
34	51
34	57
34	59
34	70
34	72
34	79
35	46
35	49
35	58
35	61
35	62
35	70
35	73
35	79
35	81
36	4
36	16
36	25
36	42
36	47
36	51
36	62
36	63
36	71
37	17
37	33
37	46
37	50
37	62
37	65
37	66
37	70
37	79
38	28
38	29
38	40
38	43
38	55
38	66
38	72
38	75
38	79
39	16
39	22
39	27
39	28
39	45
39	61
39	67
39	74
39	76
39	78
40	3
40	21
40	27
40	34
40	38
40	42
40	59
40	67
40	69
40	72
41	1
41	3
41	11
41	18
41	27
41	43
41	70
41	72
41	77
41	78
42	9
42	36
42	40
42	45
42	46
42	54
42	71
42	72
42	73
42	79
43	1
43	10
43	11
43	18
43	38
43	41
43	56
43	59
43	79
43	81
44	10
44	13
44	21
44	33
44	52
44	59
44	62
44	73
44	75
44	81
45	12
45	39
45	42
45	52
45	62
45	64
45	65
45	73
45	80
45	81
46	19
46	26
46	35
46	37
46	42
46	51
46	56
46	62
46	71
46	79
47	8
47	20
47	30
47	32
47	36
47	60
47	66
47	72
47	79
47	80
48	29
48	32
48	34
48	51
48	53
48	60
48	62
48	71
48	73
48	74
48	80
49	8
49	10
49	13
49	26
49	35
49	55
49	57
49	69
49	73
49	80
49	81
50	11
50	15
50	24
50	26
50	37
50	55
50	60
50	66
50	70
50	76
50	78
51	17
51	26
51	34
51	36
51	46
51	48
51	54
51	57
51	69
51	71
51	73
52	5
52	30
52	44
52	45
52	56
52	60
52	65
52	71
52	72
52	74
52	75
52	77
53	23
53	28
53	29
53	48
53	61
53	63
53	64
53	65
53	68
53	74
53	78
53	80
54	4
54	9
54	11
54	19
54	42
54	51
54	59
54	60
54	71
54	78
54	79
54	81
55	29
55	30
55	33
55	38
55	49
55	50
55	58
55	60
55	67
55	73
55	74
55	80
56	33
56	43
56	46
56	52
56	64
56	66
56	68
56	70
56	72
56	79
56	80
56	81
57	2
57	14
57	17
57	25
57	29
57	34
57	49
57	51
57	58
57	63
57	64
57	71
57	76
58	7
58	21
58	25
58	30
58	35
58	55
58	57
58	63
58	64
58	74
58	78
59	5
59	18
59	21
59	34
59	40
59	43
59	44
59	54
59	60
59	73
59	74
59	79
59	80
60	6
60	15
60	19
60	47
60	48
60	50
60	52
60	54
60	55
60	59
60	70
60	79
60	80
61	2
61	7
61	9
61	30
61	31
61	35
61	39
61	53
61	69
61	76
61	78
61	80
61	81
62	10
62	22
62	26
62	35
62	36
62	37
62	44
62	45
62	46
62	48
62	67
62	70
62	75
62	77
63	2
63	12
63	14
63	17
63	22
63	25
63	36
63	53
63	57
63	58
63	64
63	66
63	68
63	70
64	2
64	13
64	14
64	17
64	25
64	29
64	45
64	53
64	56
64	57
64	58
64	63
64	68
64	78
65	4
65	5
65	15
65	37
65	45
65	52
65	53
65	68
65	71
65	75
65	77
65	79
65	80
65	81
66	3
66	26
66	37
66	38
66	47
66	50
66	56
66	63
66	71
66	72
66	77
66	78
66	79
66	80
67	4
67	6
67	9
67	14
67	16
67	17
67	39
67	40
67	55
67	62
67	68
67	70
67	73
67	75
67	77
67	80
68	6
68	21
68	23
68	32
68	53
68	56
68	63
68	64
68	65
68	67
68	72
68	73
68	74
68	75
68	76
68	77
68	81
69	7
69	8
69	12
69	23
69	27
69	30
69	31
69	32
69	40
69	49
69	51
69	61
69	73
69	75
69	76
69	78
69	81
70	6
70	7
70	13
70	33
70	34
70	35
70	37
70	41
70	50
70	56
70	60
70	62
70	63
70	67
70	72
70	74
70	77
70	80
71	4
71	7
71	9
71	19
71	24
71	26
71	36
71	42
71	46
71	48
71	51
71	52
71	54
71	57
71	65
71	66
71	73
71	74
72	8
72	24
72	30
72	31
72	34
72	38
72	40
72	41
72	42
72	47
72	52
72	56
72	66
72	68
72	70
72	75
72	77
72	81
73	3
73	15
73	27
73	35
73	42
73	44
73	45
73	48
73	49
73	51
73	55
73	59
73	67
73	68
73	69
73	71
73	75
73	77
73	81
74	2
74	5
74	16
74	20
74	24
74	39
74	48
74	52
74	53
74	55
74	58
74	59
74	68
74	70
74	71
74	77
74	78
74	79
74	81
75	16
75	20
75	25
75	27
75	31
75	38
75	44
75	52
75	62
75	65
75	67
75	68
75	69
75	72
75	73
75	76
75	77
75	80
75	81
76	5
76	6
76	7
76	8
76	20
76	21
76	23
76	28
76	31
76	32
76	39
76	50
76	57
76	61
76	68
76	69
76	75
76	78
76	79
76	80
77	1
77	4
77	12
77	18
77	20
77	24
77	41
77	52
77	62
77	65
77	66
77	67
77	68
77	70
77	72
77	73
77	74
77	75
77	79
77	80
77	81
78	8
78	12
78	23
78	27
78	28
78	31
78	32
78	39
78	41
78	50
78	53
78	54
78	58
78	61
78	64
78	66
78	69
78	74
78	76
78	79
78	81
79	6
79	14
79	19
79	21
79	33
79	34
79	35
79	37
79	38
79	42
79	43
79	46
79	47
79	54
79	56
79	59
79	60
79	65
79	66
79	74
79	76
79	77
79	78
80	13
80	21
80	22
80	24
80	28
80	31
80	45
80	47
80	48
80	49
80	53
80	55
80	56
80	59
80	60
80	61
80	65
80	66
80	67
80	70
80	75
80	76
80	77
80	81
81	15
81	16
81	20
81	25
81	31
81	33
81	35
81	43
81	44
81	45
81	49
81	54
81	56
81	61
81	65
81	68
81	69
81	72
81	73
81	74
81	75
81	77
81	78
81	80
