1	9
1	31
1	49
1	51
1	56
1	73
2	12
2	23
2	31
2	56
2	59
2	62
3	20
3	30
3	68
3	71
3	72
3	78
4	13
4	48
4	54
4	68
4	74
4	79
5	14
5	51
5	56
5	58
5	79
5	81
6	35
6	44
6	55
6	57
6	70
6	76
7	12
7	31
7	50
7	56
7	76
7	79
8	34
8	42
8	71
8	76
8	80
8	81
9	1
9	12
9	46
9	56
9	68
9	70
10	40
10	52
10	64
10	72
10	79
10	81
11	29
11	39
11	47
11	57
11	64
11	76
12	2
12	7
12	9
12	26
12	56
12	61
12	68
13	4
13	25
13	36
13	48
13	71
13	77
13	81
14	5
14	33
14	65
14	73
14	74
14	75
14	78
15	24
15	43
15	66
15	69
15	72
15	74
15	77
16	30
16	41
16	52
16	60
16	64
16	71
16	74
17	24
17	60
17	61
17	64
17	72
17	76
17	78
18	31
18	47
18	70
18	72
18	73
18	74
18	75
19	21
19	40
19	59
19	74
19	76
19	77
19	81
20	3
20	52
20	56
20	65
20	67
20	70
20	75
21	19
21	55
21	57
21	59
21	68
21	72
21	75
22	49
22	51
22	63
22	66
22	67
22	78
22	80
23	2
23	40
23	43
23	50
23	52
23	59
23	64
23	76
24	15
24	17
24	31
24	49
24	53
24	54
24	67
24	80
25	13
25	37
25	65
25	66
25	72
25	73
25	74
25	81
26	12
26	47
26	70
26	73
26	74
26	75
26	76
26	78
27	34
27	40
27	43
27	52
27	61
27	64
27	76
27	80
28	33
28	38
28	39
28	50
28	57
28	63
28	69
28	79
29	11
29	45
29	51
29	63
29	74
29	77
29	80
29	81
30	3
30	16
30	59
30	60
30	61
30	76
30	77
30	79
31	1
31	2
31	7
31	18
31	24
31	56
31	67
31	73
32	36
32	39
32	69
32	70
32	73
32	74
32	76
32	80
32	81
33	14
33	28
33	40
33	42
33	43
33	49
33	71
33	72
33	78
34	8
34	27
34	68
34	69
34	71
34	72
34	75
34	78
34	81
35	6
35	40
35	54
35	55
35	66
35	69
35	70
35	71
35	78
36	13
36	32
36	37
36	43
36	45
36	55
36	68
36	71
36	72
37	25
37	36
37	48
37	53
37	62
37	65
37	66
37	73
37	80
38	28
38	42
38	47
38	50
38	55
38	57
38	60
38	71
38	78
39	11
39	28
39	32
39	47
39	50
39	57
39	65
39	68
39	74
40	10
40	19
40	23
40	27
40	33
40	35
40	43
40	49
40	64
40	66
41	16
41	49
41	53
41	54
41	59
41	63
41	67
41	72
41	77
41	81
42	8
42	33
42	38
42	47
42	66
42	69
42	70
42	71
42	75
42	78
43	15
43	23
43	27
43	33
43	36
43	40
43	45
43	52
43	64
43	67
44	6
44	49
44	58
44	62
44	68
44	69
44	70
44	72
44	75
44	76
45	29
45	36
45	43
45	53
45	61
45	64
45	72
45	76
45	79
45	80
45	81
46	9
46	47
46	50
46	54
46	59
46	71
46	75
46	76
46	77
46	80
46	81
47	11
47	18
47	26
47	38
47	39
47	42
47	46
47	50
47	55
47	57
47	79
48	4
48	13
48	37
48	50
48	60
48	73
48	75
48	78
48	79
48	80
48	81
49	1
49	22
49	24
49	33
49	40
49	41
49	44
49	63
49	67
49	69
49	80
50	7
50	23
50	28
50	38
50	39
50	46
50	47
50	48
50	57
50	63
50	71
51	1
51	5
51	22
51	29
51	53
51	54
51	63
51	67
51	71
51	73
51	81
52	10
52	16
52	20
52	23
52	27
52	43
52	61
52	64
52	65
52	66
52	67
53	24
53	37
53	41
53	45
53	51
53	54
53	56
53	63
53	67
53	69
53	70
53	72
54	4
54	24
54	35
54	41
54	46
54	51
54	53
54	58
54	63
54	67
54	70
54	81
55	6
55	21
55	35
55	36
55	38
55	47
55	57
55	68
55	70
55	74
55	79
55	81
56	1
56	2
56	5
56	7
56	9
56	12
56	20
56	31
56	53
56	76
56	78
56	81
57	6
57	11
57	21
57	28
57	38
57	39
57	47
57	50
57	55
57	62
57	63
57	70
58	5
58	44
58	54
58	61
58	63
58	73
58	74
58	76
58	77
58	78
58	79
58	80
58	81
59	2
59	19
59	21
59	23
59	30
59	41
59	46
59	61
59	63
59	65
59	70
59	76
59	79
60	16
60	17
60	30
60	38
60	48
60	62
60	66
60	69
60	71
60	72
60	75
60	78
60	80
61	12
61	17
61	27
61	30
61	45
61	52
61	58
61	59
61	62
61	75
61	77
61	79
61	80
62	2
62	37
62	44
62	57
62	60
62	61
62	65
62	67
62	70
62	73
62	74
62	75
62	77
62	79
63	22
63	28
63	29
63	41
63	49
63	50
63	51
63	53
63	54
63	57
63	58
63	59
63	67
63	78
64	10
64	11
64	16
64	17
64	23
64	27
64	40
64	43
64	45
64	52
64	65
64	68
64	69
64	77
64	80
65	14
65	20
65	25
65	37
65	39
65	52
65	59
65	62
65	64
65	67
65	68
65	74
65	75
65	77
65	79
66	15
66	22
66	25
66	35
66	37
66	40
66	42
66	52
66	60
66	69
66	71
66	72
66	75
66	77
66	78
67	20
67	22
67	24
67	31
67	41
67	43
67	49
67	51
67	52
67	53
67	54
67	62
67	63
67	65
67	70
67	77
68	3
68	4
68	9
68	12
68	21
68	34
68	36
68	39
68	44
68	55
68	64
68	65
68	73
68	74
68	75
68	76
69	15
69	28
69	32
69	34
69	35
69	42
69	44
69	49
69	53
69	60
69	64
69	66
69	71
69	72
69	78
69	79
69	80
70	6
70	9
70	18
70	20
70	26
70	32
70	35
70	42
70	44
70	53
70	54
70	55
70	57
70	59
70	62
70	67
70	73
71	3
71	8
71	13
71	16
71	33
71	34
71	35
71	36
71	38
71	42
71	46
71	50
71	51
71	60
71	66
71	69
71	72
71	73
71	74
71	75
71	78
72	3
72	10
72	15
72	17
72	18
72	21
72	25
72	33
72	34
72	36
72	41
72	44
72	45
72	53
72	60
72	66
72	69
72	71
72	77
72	78
72	81
73	1
73	14
73	18
73	25
73	26
73	31
73	32
73	37
73	48
73	51
73	58
73	62
73	68
73	70
73	71
73	74
73	75
73	77
73	78
73	79
73	81
74	4
74	14
74	15
74	16
74	18
74	19
74	25
74	26
74	29
74	32
74	39
74	55
74	58
74	62
74	65
74	68
74	71
74	73
74	75
74	77
74	81
75	14
75	18
75	20
75	21
75	26
75	34
75	42
75	44
75	46
75	48
75	60
75	61
75	62
75	65
75	66
75	68
75	71
75	73
75	74
75	77
75	79
75	80
76	6
76	7
76	8
76	11
76	17
76	19
76	23
76	26
76	27
76	30
76	32
76	44
76	45
76	46
76	56
76	58
76	59
76	68
76	77
76	79
76	80
76	81
77	13
77	15
77	19
77	29
77	30
77	41
77	46
77	58
77	61
77	62
77	64
77	65
77	66
77	67
77	72
77	73
77	74
77	75
77	76
77	79
77	80
77	81
78	3
78	14
78	17
78	22
78	26
78	33
78	34
78	35
78	38
78	42
78	48
78	56
78	58
78	60
78	63
78	66
78	69
78	71
78	72
78	73
78	79
78	80
79	4
79	5
79	7
79	10
79	28
79	30
79	45
79	47
79	48
79	55
79	58
79	59
79	61
79	62
79	65
79	69
79	73
79	75
79	76
79	77
79	78
79	80
80	8
80	22
80	24
80	27
80	29
80	32
80	37
80	45
80	46
80	48
80	49
80	58
80	60
80	61
80	64
80	69
80	75
80	76
80	77
80	78
80	79
80	81
81	5
81	8
81	10
81	13
81	19
81	25
81	29
81	32
81	34
81	41
81	45
81	46
81	48
81	51
81	54
81	55
81	56
81	58
81	72
81	73
81	74
81	76
81	77
81	80
