1	31
1	34
1	35
1	66
1	71
1	77
2	24
2	43
2	44
2	61
2	66
2	81
3	28
3	55
3	57
3	61
3	65
3	77
4	38
4	44
4	60
4	65
4	71
4	77
5	26
5	60
5	63
5	73
5	77
5	79
6	11
6	13
6	25
6	39
6	74
6	75
7	10
7	44
7	45
7	59
7	77
7	78
8	14
8	18
8	46
8	54
8	59
8	61
9	53
9	59
9	62
9	66
9	68
9	76
10	7
10	20
10	50
10	65
10	77
10	79
11	6
11	14
11	54
11	59
11	65
11	69
12	22
12	35
12	58
12	76
12	78
12	81
13	6
13	36
13	62
13	64
13	74
13	78
14	8
14	11
14	30
14	48
14	64
14	74
15	41
15	63
15	66
15	68
15	72
15	74
16	38
16	43
16	49
16	70
16	73
16	79
17	36
17	51
17	54
17	70
17	73
17	81
18	8
18	41
18	56
18	62
18	67
18	78
18	81
19	30
19	57
19	63
19	67
19	70
19	74
19	80
20	10
20	45
20	62
20	63
20	78
20	80
20	81
21	25
21	39
21	64
21	66
21	69
21	70
21	78
22	12
22	30
22	48
22	49
22	64
22	72
22	80
23	35
23	39
23	54
23	55
23	57
23	64
23	65
24	2
24	50
24	55
24	73
24	77
24	79
24	80
25	6
25	21
25	33
25	47
25	62
25	68
25	81
26	5
26	31
26	61
26	63
26	75
26	77
26	80
27	37
27	47
27	57
27	58
27	59
27	62
27	79
28	3
28	31
28	44
28	52
28	63
28	71
28	81
29	64
29	70
29	71
29	75
29	76
29	78
29	80
30	14
30	19
30	22
30	61
30	67
30	70
30	74
31	1
31	26
31	28
31	51
31	63
31	75
31	78
32	33
32	36
32	48
32	72
32	74
32	79
32	81
33	25
33	32
33	51
33	53
33	55
33	62
33	73
34	1
34	44
34	48
34	65
34	74
34	75
34	77
35	1
35	12
35	23
35	58
35	60
35	76
35	79
35	81
36	13
36	17
36	32
36	50
36	51
36	54
36	55
36	74
37	27
37	45
37	46
37	68
37	70
37	74
37	80
37	81
38	4
38	16
38	49
38	53
38	57
38	63
38	69
38	73
39	6
39	21
39	23
39	69
39	70
39	75
39	76
39	80
40	62
40	64
40	68
40	69
40	73
40	75
40	76
40	80
41	15
41	18
41	60
41	68
41	70
41	74
41	76
41	81
42	45
42	46
42	61
42	66
42	68
42	70
42	74
42	75
43	2
43	16
43	46
43	52
43	71
43	72
43	76
43	80
44	2
44	4
44	7
44	28
44	34
44	55
44	56
44	75
45	7
45	20
45	37
45	42
45	52
45	75
45	78
45	80
46	8
46	37
46	42
46	43
46	49
46	67
46	68
46	70
46	74
47	25
47	27
47	48
47	58
47	64
47	65
47	66
47	71
47	76
48	14
48	22
48	32
48	34
48	47
48	59
48	66
48	76
48	78
49	16
49	22
49	38
49	46
49	50
49	55
49	73
49	77
49	80
49	81
50	10
50	24
50	36
50	49
50	52
50	53
50	60
50	65
50	73
50	77
51	17
51	31
51	33
51	36
51	55
51	65
51	66
51	72
51	73
51	74
52	28
52	43
52	45
52	50
52	54
52	56
52	71
52	72
52	76
52	79
53	9
53	33
53	38
53	50
53	55
53	60
53	70
53	72
53	73
53	77
53	81
54	8
54	11
54	17
54	23
54	36
54	52
54	72
54	73
54	78
54	79
54	81
55	3
55	23
55	24
55	33
55	36
55	44
55	49
55	51
55	53
55	63
55	79
56	18
56	44
56	52
56	65
56	69
56	72
56	73
56	75
56	76
56	78
56	80
57	3
57	19
57	23
57	27
57	38
57	61
57	67
57	68
57	72
57	79
57	81
58	12
58	27
58	35
58	47
58	59
58	69
58	70
58	75
58	76
58	78
58	80
59	7
59	8
59	9
59	11
59	27
59	48
59	58
59	62
59	66
59	73
59	79
60	4
60	5
60	35
60	41
60	50
60	53
60	71
60	72
60	79
60	80
60	81
61	2
61	3
61	8
61	26
61	30
61	42
61	57
61	67
61	71
61	76
61	80
61	81
62	9
62	13
62	18
62	20
62	25
62	27
62	33
62	40
62	59
62	66
62	71
62	80
63	5
63	15
63	19
63	20
63	26
63	28
63	31
63	38
63	55
63	65
63	73
63	77
64	13
64	14
64	21
64	22
64	23
64	29
64	40
64	47
64	66
64	68
64	72
64	78
65	3
65	4
65	10
65	11
65	23
65	34
65	47
65	50
65	51
65	56
65	63
65	77
66	1
66	2
66	9
66	15
66	21
66	42
66	47
66	48
66	51
66	59
66	62
66	64
66	81
67	18
67	19
67	30
67	46
67	57
67	61
67	69
67	71
67	72
67	74
67	77
67	79
67	81
68	9
68	15
68	25
68	37
68	40
68	41
68	42
68	46
68	57
68	64
68	70
68	71
68	74
68	76
69	11
69	21
69	38
69	39
69	40
69	56
69	58
69	67
69	71
69	72
69	75
69	76
69	77
69	78
69	80
70	16
70	17
70	19
70	21
70	29
70	30
70	37
70	39
70	41
70	42
70	46
70	53
70	58
70	68
70	74
70	75
71	1
71	4
71	28
71	29
71	43
71	47
71	52
71	60
71	61
71	62
71	67
71	68
71	69
71	73
71	78
71	79
71	81
72	15
72	22
72	32
72	43
72	51
72	52
72	53
72	54
72	56
72	57
72	60
72	64
72	67
72	69
72	74
72	75
72	79
73	5
73	16
73	17
73	24
73	33
73	38
73	40
73	49
73	50
73	51
73	53
73	54
73	56
73	59
73	63
73	71
73	77
73	79
74	6
74	13
74	14
74	15
74	19
74	30
74	32
74	34
74	36
74	37
74	41
74	42
74	46
74	51
74	67
74	68
74	70
74	72
74	78
75	6
75	26
75	29
75	31
75	34
75	39
75	40
75	42
75	44
75	45
75	56
75	58
75	69
75	70
75	72
75	76
75	78
75	79
75	80
76	9
76	12
76	29
76	35
76	39
76	40
76	41
76	43
76	47
76	48
76	52
76	56
76	58
76	61
76	68
76	69
76	75
76	78
76	79
76	80
77	1
77	3
77	4
77	5
77	7
77	10
77	24
77	26
77	34
77	49
77	50
77	53
77	63
77	65
77	67
77	69
77	73
77	79
77	80
77	81
78	7
78	12
78	13
78	18
78	20
78	21
78	29
78	31
78	45
78	48
78	54
78	56
78	58
78	64
78	69
78	71
78	74
78	75
78	76
78	80
79	5
79	10
79	16
79	24
79	27
79	32
79	35
79	52
79	54
79	55
79	57
79	59
79	60
79	67
79	71
79	72
79	73
79	75
79	76
79	77
79	81
80	19
80	20
80	22
80	24
80	26
80	29
80	37
80	39
80	40
80	43
80	45
80	49
80	56
80	58
80	60
80	61
80	62
80	69
80	75
80	76
80	77
80	78
81	2
81	12
81	17
81	18
81	20
81	25
81	28
81	32
81	35
81	37
81	41
81	49
81	53
81	54
81	57
81	60
81	61
81	66
81	67
81	71
81	77
81	79
