1	7
1	23
1	29
1	36
1	59
1	63
2	39
2	46
2	53
2	55
2	66
2	81
3	5
3	27
3	62
3	74
3	79
3	80
4	27
4	33
4	43
4	58
4	66
4	67
5	3
5	20
5	27
5	36
5	39
5	48
6	35
6	45
6	71
6	74
6	79
6	80
7	1
7	64
7	74
7	75
7	79
7	80
8	34
8	35
8	40
8	42
8	54
8	66
9	28
9	49
9	55
9	66
9	69
9	78
10	20
10	37
10	53
10	58
10	65
10	72
11	13
11	19
11	74
11	79
11	80
11	81
12	47
12	53
12	54
12	62
12	79
12	80
13	11
13	24
13	51
13	60
13	64
13	81
14	24
14	28
14	31
14	34
14	59
14	65
14	71
15	24
15	39
15	41
15	56
15	65
15	70
15	72
16	29
16	55
16	56
16	74
16	77
16	80
16	81
17	20
17	33
17	52
17	62
17	67
17	73
17	78
18	49
18	57
18	58
18	64
18	65
18	67
18	71
19	11
19	28
19	36
19	69
19	73
19	76
19	80
20	5
20	10
20	17
20	38
20	52
20	76
20	78
21	44
21	46
21	61
21	74
21	76
21	77
21	80
22	24
22	30
22	46
22	51
22	59
22	72
22	78
23	1
23	25
23	40
23	51
23	60
23	79
23	81
24	13
24	14
24	15
24	22
24	29
24	56
24	80
25	23
25	31
25	63
25	64
25	70
25	72
25	76
26	29
26	32
26	33
26	51
26	60
26	64
26	70
26	75
27	3
27	4
27	5
27	40
27	56
27	60
27	71
27	80
28	9
28	14
28	19
28	46
28	50
28	56
28	62
28	73
29	1
29	16
29	24
29	26
29	37
29	65
29	75
29	80
30	22
30	32
30	35
30	45
30	55
30	58
30	79
30	81
31	14
31	25
31	49
31	63
31	69
31	70
31	72
31	73
32	26
32	30
32	39
32	50
32	53
32	76
32	79
32	81
33	4
33	17
33	26
33	46
33	65
33	68
33	71
33	78
34	8
34	14
34	45
34	49
34	50
34	57
34	58
34	69
35	6
35	8
35	30
35	51
35	60
35	70
35	75
35	77
35	79
36	1
36	5
36	19
36	50
36	52
36	54
36	66
36	69
36	79
37	10
37	29
37	43
37	44
37	63
37	69
37	72
37	76
37	81
38	20
38	48
38	49
38	60
38	67
38	70
38	72
38	73
38	81
39	2
39	5
39	15
39	32
39	58
39	62
39	65
39	66
39	73
40	8
40	23
40	27
40	47
40	57
40	68
40	75
40	77
40	81
41	15
41	46
41	58
41	60
41	66
41	69
41	71
41	77
41	81
42	8
42	43
42	51
42	53
42	55
42	61
42	62
42	70
42	77
43	4
43	37
43	42
43	44
43	48
43	62
43	71
43	73
43	77
44	21
44	37
44	43
44	61
44	68
44	71
44	76
44	77
44	78
45	6
45	30
45	34
45	54
45	64
45	66
45	69
45	74
45	77
46	2
46	21
46	22
46	28
46	33
46	41
46	50
46	57
46	66
47	12
47	40
47	50
47	55
47	61
47	63
47	73
47	79
47	80
48	5
48	38
48	43
48	49
48	53
48	60
48	66
48	67
48	70
48	76
49	9
49	18
49	31
49	34
49	38
49	48
49	64
49	65
49	75
49	78
50	28
50	32
50	34
50	36
50	46
50	47
50	54
50	68
50	69
50	78
50	81
51	13
51	22
51	23
51	26
51	35
51	42
51	68
51	77
51	78
51	79
51	81
52	17
52	20
52	36
52	56
52	59
52	62
52	68
52	70
52	72
52	75
52	78
53	2
53	10
53	12
53	32
53	42
53	48
53	62
53	64
53	67
53	73
53	75
54	8
54	12
54	36
54	45
54	50
54	55
54	59
54	66
54	68
54	69
54	74
54	75
55	2
55	9
55	16
55	30
55	42
55	47
55	54
55	61
55	71
55	74
55	79
55	80
56	15
56	16
56	24
56	27
56	28
56	52
56	57
56	71
56	74
56	75
56	78
56	80
57	18
57	34
57	40
57	46
57	56
57	59
57	60
57	63
57	70
57	74
57	75
57	76
58	4
58	10
58	18
58	30
58	34
58	39
58	41
58	66
58	73
58	74
58	77
58	80
59	1
59	14
59	22
59	52
59	54
59	57
59	63
59	65
59	72
59	73
59	75
59	79
60	13
60	23
60	26
60	27
60	35
60	38
60	41
60	48
60	57
60	61
60	67
60	77
60	80
61	21
61	42
61	44
61	47
61	55
61	60
61	70
61	74
61	75
61	77
61	78
61	79
61	80
62	3
62	12
62	17
62	28
62	39
62	42
62	43
62	52
62	53
62	65
62	76
62	77
62	81
63	1
63	25
63	31
63	37
63	47
63	57
63	59
63	65
63	69
63	72
63	74
63	79
63	81
64	7
64	13
64	18
64	25
64	26
64	45
64	49
64	53
64	70
64	71
64	76
64	77
64	78
64	81
65	10
65	14
65	15
65	18
65	29
65	33
65	39
65	49
65	59
65	62
65	63
65	71
65	72
65	81
66	2
66	4
66	8
66	9
66	36
66	39
66	41
66	45
66	46
66	48
66	54
66	58
66	68
66	69
67	4
67	17
67	18
67	38
67	48
67	53
67	60
67	71
67	72
67	73
67	74
67	76
67	80
67	81
68	33
68	40
68	44
68	50
68	51
68	52
68	54
68	66
68	70
68	72
68	75
68	76
68	77
68	78
68	80
69	9
69	19
69	31
69	34
69	36
69	37
69	41
69	45
69	50
69	54
69	63
69	66
69	76
69	78
69	80
69	81
70	15
70	25
70	26
70	31
70	35
70	38
70	42
70	48
70	52
70	57
70	61
70	64
70	68
70	71
70	76
70	78
70	79
71	6
71	14
71	18
71	27
71	33
71	41
71	43
71	44
71	55
71	56
71	64
71	65
71	67
71	70
71	73
71	75
71	77
72	10
72	15
72	22
72	25
72	31
72	37
72	38
72	52
72	59
72	63
72	65
72	67
72	68
72	75
72	78
72	79
72	81
73	17
73	19
73	28
73	31
73	38
73	39
73	43
73	47
73	53
73	58
73	59
73	67
73	71
73	74
73	75
73	76
73	77
73	81
74	3
74	6
74	7
74	11
74	16
74	21
74	45
74	54
74	55
74	56
74	57
74	58
74	61
74	63
74	67
74	73
74	76
74	79
74	80
75	7
75	26
75	29
75	35
75	40
75	49
75	52
75	53
75	54
75	56
75	57
75	59
75	61
75	68
75	71
75	72
75	73
75	76
75	78
76	19
76	20
76	21
76	25
76	32
76	37
76	44
76	48
76	57
76	62
76	64
76	67
76	68
76	69
76	70
76	73
76	74
76	75
76	78
77	16
77	21
77	35
77	40
77	41
77	42
77	43
77	44
77	45
77	51
77	58
77	60
77	61
77	62
77	64
77	68
77	71
77	73
77	80
77	81
78	9
78	17
78	20
78	22
78	33
78	44
78	49
78	50
78	51
78	52
78	56
78	61
78	64
78	68
78	69
78	70
78	72
78	75
78	76
78	79
78	81
79	3
79	6
79	7
79	11
79	12
79	23
79	30
79	32
79	35
79	36
79	47
79	51
79	55
79	59
79	61
79	63
79	70
79	72
79	74
79	78
79	80
80	3
80	6
80	7
80	11
80	12
80	16
80	19
80	21
80	24
80	27
80	29
80	47
80	55
80	56
80	58
80	60
80	61
80	67
80	68
80	69
80	74
80	77
80	79
80	81
81	2
81	11
81	13
81	16
81	23
81	30
81	32
81	37
81	38
81	40
81	41
81	50
81	51
81	62
81	63
81	64
81	65
81	67
81	69
81	72
81	73
81	77
81	78
81	80
