1	27
1	31
1	32
1	67
1	70
1	75
2	20
2	55
2	56
2	71
2	74
2	77
3	24
3	52
3	53
3	58
3	60
3	62
4	13
4	60
4	63
4	71
4	76
4	78
5	58
5	69
5	72
5	73
5	79
5	80
6	8
6	13
6	27
6	38
6	52
6	75
7	49
7	64
7	66
7	73
7	75
7	76
8	6
8	24
8	68
8	71
8	74
8	80
9	38
9	59
9	75
9	79
9	80
9	81
10	12
10	50
10	58
10	67
10	71
10	74
11	30
11	36
11	49
11	64
11	65
11	75
12	10
12	54
12	57
12	63
12	73
12	80
13	4
13	6
13	22
13	28
13	37
13	80
13	81
14	43
14	48
14	53
14	68
14	69
14	72
14	73
15	33
15	36
15	46
15	47
15	61
15	62
15	66
16	23
16	34
16	47
16	48
16	58
16	60
16	61
17	27
17	63
17	66
17	72
17	73
17	75
17	76
18	27
18	43
18	51
18	55
18	58
18	69
18	72
19	40
19	47
19	51
19	54
19	64
19	66
19	73
20	2
20	39
20	44
20	67
20	69
20	77
20	79
21	25
21	44
21	57
21	62
21	67
21	76
21	79
22	13
22	49
22	65
22	68
22	71
22	73
22	74
23	16
23	35
23	65
23	67
23	69
23	72
23	79
24	3
24	8
24	28
24	61
24	62
24	63
24	81
25	21
25	27
25	42
25	54
25	76
25	78
25	80
25	81
26	27
26	36
26	37
26	38
26	70
26	75
26	79
26	80
27	1
27	6
27	17
27	18
27	25
27	26
27	42
27	78
28	13
28	24
28	38
28	39
28	60
28	65
28	78
28	80
29	44
29	46
29	63
29	64
29	66
29	67
29	73
29	81
30	11
30	33
30	34
30	36
30	46
30	48
30	52
30	75
31	1
31	50
31	66
31	67
31	70
31	72
31	78
31	79
32	1
32	33
32	42
32	48
32	66
32	73
32	74
32	75
33	15
33	30
33	32
33	38
33	54
33	68
33	75
33	77
34	16
34	30
34	40
34	65
34	76
34	78
34	79
34	81
35	23
35	36
35	37
35	39
35	58
35	59
35	69
35	72
35	77
36	11
36	15
36	26
36	30
36	35
36	42
36	59
36	70
36	75
37	13
37	26
37	35
37	51
37	56
37	70
37	77
37	79
37	81
38	6
38	9
38	26
38	28
38	33
38	49
38	64
38	66
38	75
39	20
39	28
39	35
39	44
39	59
39	60
39	71
39	79
39	81
40	19
40	34
40	54
40	64
40	67
40	70
40	76
40	80
40	81
41	47
41	48
41	50
41	56
41	59
41	69
41	71
41	77
41	79
42	25
42	27
42	32
42	36
42	51
42	56
42	58
42	69
42	75
43	14
43	18
43	58
43	60
43	69
43	70
43	72
43	74
43	79
44	20
44	21
44	29
44	39
44	51
44	52
44	75
44	78
44	80
44	81
45	55
45	58
45	63
45	65
45	67
45	68
45	71
45	74
45	77
45	81
46	15
46	29
46	30
46	47
46	48
46	52
46	60
46	62
46	75
46	80
46	81
47	15
47	16
47	19
47	41
47	46
47	48
47	50
47	57
47	61
47	77
47	78
48	14
48	16
48	30
48	32
48	41
48	46
48	47
48	59
48	60
48	61
48	62
49	7
49	11
49	22
49	38
49	52
49	68
49	74
49	76
49	78
49	80
49	81
50	10
50	31
50	41
50	47
50	54
50	57
50	70
50	77
50	78
50	79
50	80
51	18
51	19
51	37
51	42
51	44
51	64
51	67
51	68
51	70
51	77
51	79
52	3
52	6
52	30
52	44
52	46
52	49
52	75
52	76
52	77
52	78
52	80
52	81
53	3
53	14
53	55
53	57
53	58
53	61
53	65
53	68
53	71
53	74
53	80
54	12
54	19
54	25
54	33
54	40
54	50
54	63
54	64
54	65
54	66
54	73
54	80
55	2
55	18
55	45
55	53
55	62
55	65
55	68
55	71
55	72
55	74
55	76
55	78
56	2
56	37
56	41
56	42
56	57
56	60
56	72
56	73
56	74
56	77
56	79
56	80
57	12
57	21
57	47
57	50
57	53
57	56
57	70
57	73
57	74
57	77
57	79
57	81
58	3
58	5
58	10
58	16
58	18
58	35
58	42
58	43
58	45
58	53
58	69
58	72
59	9
59	35
59	36
59	39
59	41
59	48
59	61
59	62
59	72
59	76
59	78
59	80
59	81
60	3
60	4
60	16
60	28
60	39
60	43
60	46
60	48
60	56
60	61
60	62
60	68
60	78
61	15
61	16
61	24
61	47
61	48
61	53
61	59
61	60
61	62
61	72
61	75
61	77
61	81
62	3
62	15
62	21
62	24
62	46
62	48
62	55
62	59
62	60
62	61
62	63
62	66
62	74
62	76
63	4
63	12
63	17
63	24
63	29
63	45
63	54
63	62
63	64
63	65
63	66
63	72
63	73
63	76
64	7
64	11
64	19
64	29
64	38
64	40
64	51
64	54
64	63
64	66
64	67
64	73
64	77
64	78
64	81
65	11
65	22
65	23
65	28
65	34
65	45
65	53
65	54
65	55
65	63
65	68
65	71
65	74
65	79
66	7
66	15
66	17
66	19
66	29
66	31
66	32
66	38
66	54
66	62
66	63
66	64
66	69
66	73
66	79
67	1
67	10
67	20
67	21
67	23
67	29
67	31
67	40
67	45
67	51
67	64
67	68
67	70
67	77
67	78
67	79
68	8
68	14
68	22
68	33
68	45
68	49
68	51
68	53
68	55
68	60
68	65
68	67
68	71
68	74
68	77
68	80
69	5
69	14
69	18
69	20
69	23
69	35
69	41
69	42
69	43
69	58
69	66
69	71
69	72
69	75
69	76
69	80
70	1
70	26
70	31
70	36
70	37
70	40
70	43
70	50
70	51
70	57
70	67
70	73
70	76
70	77
70	78
70	79
70	81
71	2
71	4
71	8
71	10
71	22
71	39
71	41
71	45
71	53
71	55
71	65
71	68
71	69
71	72
71	73
71	74
71	76
72	5
72	14
72	17
72	18
72	23
72	31
72	35
72	43
72	55
72	56
72	58
72	59
72	61
72	63
72	69
72	71
72	81
73	5
73	7
73	12
73	14
73	17
73	19
73	22
73	29
73	32
73	54
73	56
73	57
73	63
73	64
73	66
73	70
73	71
73	81
74	2
74	8
74	10
74	22
74	32
74	43
74	45
74	49
74	53
74	55
74	56
74	57
74	62
74	65
74	68
74	71
74	77
74	79
74	81
75	1
75	6
75	7
75	9
75	11
75	17
75	26
75	30
75	32
75	33
75	36
75	38
75	42
75	44
75	46
75	52
75	61
75	69
75	78
76	4
76	7
76	17
76	21
76	25
76	34
76	40
76	49
76	52
76	55
76	59
76	62
76	63
76	69
76	70
76	71
76	78
76	79
76	80
76	81
77	2
77	20
77	33
77	35
77	37
77	41
77	45
77	47
77	50
77	51
77	52
77	56
77	57
77	61
77	64
77	67
77	68
77	70
77	74
77	78
77	79
78	4
78	25
78	27
78	28
78	31
78	34
78	44
78	47
78	49
78	50
78	52
78	55
78	59
78	60
78	64
78	67
78	70
78	75
78	76
78	77
78	80
78	81
79	5
79	9
79	20
79	21
79	23
79	26
79	31
79	34
79	37
79	39
79	41
79	43
79	50
79	51
79	56
79	57
79	65
79	66
79	67
79	70
79	74
79	76
79	77
79	80
80	5
80	8
80	9
80	12
80	13
80	25
80	26
80	28
80	40
80	44
80	46
80	49
80	50
80	52
80	53
80	54
80	56
80	59
80	68
80	69
80	76
80	78
80	79
80	81
81	9
81	13
81	24
81	25
81	29
81	34
81	37
81	39
81	40
81	44
81	45
81	46
81	49
81	52
81	57
81	59
81	61
81	64
81	70
81	72
81	73
81	74
81	76
81	78
81	80
