1	38
1	44
1	64
1	66
1	70
1	81
2	24
2	52
2	54
2	58
2	70
2	71
3	26
3	42
3	57
3	73
3	75
3	81
4	35
4	64
4	67
4	74
4	78
4	80
5	9
5	14
5	24
5	72
5	73
5	77
6	16
6	71
6	77
6	78
6	79
6	81
7	36
7	40
7	43
7	64
7	73
7	75
8	19
8	31
8	36
8	50
8	53
8	66
9	5
9	37
9	46
9	67
9	70
9	79
10	25
10	31
10	37
10	74
10	77
10	80
11	24
11	56
11	57
11	60
11	76
11	81
12	45
12	56
12	62
12	71
12	76
12	81
13	22
13	61
13	64
13	67
13	73
13	75
14	5
14	19
14	31
14	43
14	44
14	79
15	39
15	55
15	68
15	76
15	78
15	81
16	6
16	17
16	65
16	74
16	78
16	80
16	81
17	16
17	19
17	22
17	26
17	30
17	61
17	70
18	21
18	40
18	57
18	60
18	61
18	72
18	81
19	8
19	14
19	17
19	30
19	63
19	69
19	80
20	21
20	38
20	53
20	57
20	61
20	71
20	81
21	18
21	20
21	41
21	57
21	61
21	62
21	79
22	13
22	17
22	27
22	35
22	49
22	50
22	72
23	48
23	50
23	57
23	59
23	68
23	69
23	70
24	2
24	5
24	11
24	54
24	63
24	80
24	81
25	10
25	27
25	29
25	35
25	38
25	40
25	75
26	3
26	17
26	51
26	57
26	65
26	66
26	67
27	22
27	25
27	28
27	71
27	73
27	74
27	75
28	27
28	42
28	58
28	64
28	67
28	75
28	76
28	81
29	25
29	30
29	34
29	56
29	65
29	70
29	73
29	80
30	17
30	19
30	29
30	58
30	66
30	69
30	77
30	80
31	8
31	10
31	14
31	43
31	44
31	52
31	54
31	66
32	47
32	53
32	55
32	64
32	70
32	71
32	74
32	81
33	34
33	42
33	56
33	64
33	70
33	73
33	75
33	81
34	29
34	33
34	35
34	67
34	72
34	77
34	78
34	80
35	4
35	22
35	25
35	34
35	68
35	69
35	72
35	74
36	7
36	8
36	43
36	50
36	52
36	54
36	65
36	76
36	77
37	9
37	10
37	53
37	67
37	69
37	73
37	74
37	78
37	79
38	1
38	20
38	25
38	49
38	53
38	63
38	66
38	72
38	78
39	15
39	44
39	48
39	49
39	60
39	62
39	65
39	69
39	80
40	7
40	18
40	25
40	44
40	48
40	60
40	62
40	70
40	76
41	21
41	45
41	48
41	57
41	68
41	69
41	70
41	72
41	79
42	3
42	28
42	33
42	47
42	64
42	68
42	72
42	73
42	75
43	7
43	14
43	31
43	36
43	50
43	52
43	54
43	78
43	80
44	1
44	14
44	31
44	39
44	40
44	53
44	55
44	63
44	72
45	12
45	41
45	51
45	55
45	62
45	65
45	67
45	78
45	79
46	9
46	59
46	62
46	66
46	74
46	77
46	78
46	79
46	80
47	32
47	42
47	58
47	59
47	62
47	63
47	68
47	72
47	80
48	23
48	39
48	40
48	41
48	61
48	68
48	70
48	74
48	75
48	77
49	22
49	38
49	39
49	62
49	64
49	65
49	66
49	69
49	76
49	79
50	8
50	22
50	23
50	36
50	43
50	52
50	54
50	56
50	59
50	69
51	26
51	45
51	52
51	56
51	59
51	66
51	67
51	74
51	78
51	80
52	2
52	31
52	36
52	43
52	50
52	51
52	54
52	70
52	71
52	73
53	8
53	20
53	32
53	37
53	38
53	44
53	54
53	60
53	63
53	76
53	81
54	2
54	24
54	31
54	36
54	43
54	50
54	52
54	53
54	75
54	78
54	80
55	15
55	32
55	44
55	45
55	59
55	61
55	66
55	71
55	76
55	79
55	81
56	11
56	12
56	29
56	33
56	50
56	51
56	57
56	74
56	77
56	78
56	80
57	3
57	11
57	18
57	20
57	21
57	23
57	26
57	41
57	56
57	65
57	69
57	79
58	2
58	28
58	30
58	47
58	59
58	61
58	63
58	68
58	72
58	74
58	75
58	76
58	81
59	23
59	46
59	47
59	50
59	51
59	55
59	58
59	63
59	65
59	68
59	70
59	72
59	76
60	11
60	18
60	39
60	40
60	53
60	63
60	65
60	71
60	76
60	77
60	78
60	79
60	81
61	13
61	17
61	18
61	20
61	21
61	48
61	55
61	58
61	65
61	71
61	75
61	76
61	81
62	12
62	21
62	39
62	40
62	45
62	46
62	47
62	49
62	67
62	69
62	74
62	79
62	81
63	19
63	24
63	38
63	44
63	47
63	53
63	58
63	59
63	60
63	64
63	75
63	76
63	79
63	81
64	1
64	4
64	7
64	13
64	28
64	32
64	33
64	42
64	49
64	63
64	73
64	75
64	77
64	79
65	16
65	26
65	29
65	36
65	39
65	45
65	49
65	57
65	59
65	60
65	61
65	67
65	79
65	80
66	1
66	8
66	26
66	30
66	31
66	38
66	46
66	49
66	51
66	55
66	74
66	77
66	78
66	80
67	4
67	9
67	13
67	26
67	28
67	34
67	37
67	45
67	51
67	62
67	65
67	69
67	75
67	79
67	80
68	15
68	23
68	35
68	41
68	42
68	47
68	48
68	58
68	59
68	70
68	71
68	72
68	74
68	79
68	80
69	19
69	23
69	30
69	35
69	37
69	39
69	41
69	49
69	50
69	57
69	62
69	67
69	70
69	73
69	78
69	79
70	1
70	2
70	9
70	17
70	23
70	29
70	32
70	33
70	40
70	41
70	48
70	52
70	59
70	68
70	69
70	78
71	2
71	6
71	12
71	20
71	27
71	32
71	52
71	55
71	60
71	61
71	68
71	72
71	73
71	76
71	77
71	81
72	5
72	18
72	22
72	34
72	35
72	38
72	41
72	42
72	44
72	47
72	58
72	59
72	68
72	71
72	73
72	76
72	78
73	3
73	5
73	7
73	13
73	27
73	29
73	33
73	37
73	42
73	52
73	64
73	69
73	71
73	72
73	75
73	77
73	79
74	4
74	10
74	16
74	27
74	32
74	35
74	37
74	46
74	48
74	51
74	56
74	58
74	62
74	66
74	68
74	76
74	77
74	80
75	3
75	7
75	13
75	25
75	27
75	28
75	33
75	42
75	48
75	54
75	58
75	61
75	63
75	64
75	67
75	73
75	78
75	79
76	11
76	12
76	15
76	28
76	36
76	40
76	49
76	53
76	55
76	58
76	59
76	60
76	61
76	63
76	71
76	72
76	74
76	81
77	5
77	6
77	10
77	30
77	34
77	36
77	46
77	48
77	56
77	60
77	64
77	66
77	71
77	73
77	74
77	78
77	79
77	80
77	81
78	4
78	6
78	15
78	16
78	34
78	37
78	38
78	43
78	45
78	46
78	51
78	54
78	56
78	60
78	66
78	69
78	70
78	72
78	75
78	77
78	80
79	6
79	9
79	14
79	21
79	37
79	41
79	45
79	46
79	49
79	55
79	57
79	60
79	62
79	63
79	64
79	65
79	67
79	68
79	69
79	73
79	75
79	77
80	4
80	10
80	16
80	19
80	24
80	29
80	30
80	34
80	39
80	43
80	46
80	47
80	51
80	54
80	56
80	65
80	66
80	67
80	68
80	74
80	77
80	78
80	81
81	1
81	3
81	6
81	11
81	12
81	15
81	16
81	18
81	20
81	24
81	28
81	32
81	33
81	53
81	55
81	58
81	60
81	61
81	62
81	63
81	71
81	76
81	77
81	80
