1	49
1	52
1	56
1	65
1	73
1	81
2	35
2	40
2	65
2	74
2	78
2	80
3	17
3	41
3	58
3	67
3	68
3	72
4	37
4	49
4	73
4	76
4	78
4	80
5	37
5	61
5	71
5	72
5	73
5	78
6	20
6	40
6	44
6	57
6	71
6	74
7	11
7	23
7	41
7	56
7	63
7	76
8	49
8	58
8	62
8	69
8	71
8	73
9	24
9	50
9	64
9	70
9	74
9	76
10	15
10	40
10	60
10	63
10	66
10	77
11	7
11	20
11	26
11	35
11	48
11	56
11	72
12	22
12	26
12	49
12	51
12	69
12	74
12	81
13	14
13	34
13	62
13	71
13	75
13	78
13	79
14	13
14	17
14	39
14	48
14	59
14	76
14	81
15	10
15	34
15	36
15	44
15	56
15	63
15	75
16	25
16	47
16	49
16	52
16	57
16	64
16	73
17	3
17	14
17	29
17	59
17	79
17	80
17	81
18	43
18	54
18	66
18	68
18	76
18	78
18	79
19	48
19	57
19	59
19	69
19	72
19	75
19	77
20	6
20	11
20	26
20	36
20	48
20	56
20	70
20	81
21	26
21	42
21	46
21	49
21	54
21	58
21	75
21	79
22	12
22	31
22	46
22	62
22	69
22	71
22	75
22	80
23	7
23	32
23	34
23	36
23	43
23	55
23	56
23	79
24	9
24	34
24	39
24	63
24	72
24	76
24	79
24	81
25	16
25	27
25	29
25	32
25	39
25	46
25	63
25	80
26	11
26	12
26	20
26	21
26	27
26	34
26	56
26	68
27	25
27	26
27	64
27	66
27	71
27	72
27	80
27	81
28	37
28	45
28	53
28	65
28	67
28	68
28	73
28	78
29	17
29	25
29	38
29	47
29	53
29	64
29	70
29	76
30	32
30	43
30	44
30	60
30	65
30	73
30	77
30	78
31	22
31	53
31	54
31	55
31	59
31	63
31	71
31	74
32	23
32	25
32	30
32	41
32	54
32	66
32	70
32	78
33	45
33	46
33	47
33	67
33	69
33	72
33	77
33	78
33	80
34	13
34	15
34	23
34	24
34	26
34	36
34	54
34	55
34	56
34	62
35	2
35	11
35	53
35	57
35	60
35	68
35	74
35	76
35	80
35	81
36	15
36	20
36	23
36	34
36	56
36	58
36	59
36	68
36	69
36	80
37	4
37	5
37	28
37	40
37	50
37	53
37	65
37	67
37	73
37	74
37	80
38	29
38	44
38	51
38	56
38	66
38	72
38	74
38	78
38	79
38	80
38	81
39	14
39	24
39	25
39	47
39	52
39	57
39	61
39	65
39	73
39	76
39	80
40	2
40	6
40	10
40	37
40	45
40	51
40	57
40	61
40	65
40	73
40	76
41	3
41	7
41	32
41	46
41	52
41	64
41	69
41	70
41	77
41	79
41	81
42	21
42	47
42	58
42	59
42	61
42	64
42	69
42	70
42	73
42	75
42	76
43	18
43	23
43	30
43	48
43	63
43	64
43	66
43	67
43	70
43	76
43	77
43	81
44	6
44	15
44	30
44	38
44	49
44	63
44	64
44	65
44	66
44	70
44	71
44	78
45	28
45	33
45	40
45	47
45	58
45	61
45	65
45	70
45	72
45	73
45	74
45	75
46	21
46	22
46	25
46	33
46	41
46	55
46	58
46	62
46	69
46	70
46	75
46	79
47	16
47	29
47	33
47	39
47	42
47	45
47	55
47	57
47	61
47	65
47	66
47	72
47	73
48	11
48	14
48	19
48	20
48	43
48	59
48	62
48	66
48	69
48	71
48	75
48	77
48	79
49	1
49	4
49	8
49	12
49	16
49	21
49	44
49	50
49	52
49	57
49	74
49	75
49	77
50	9
50	37
50	49
50	52
50	61
50	64
50	66
50	68
50	70
50	76
50	79
50	80
50	81
51	12
51	38
51	40
51	53
51	55
51	59
51	62
51	68
51	70
51	71
51	76
51	79
51	80
52	1
52	16
52	39
52	41
52	49
52	50
52	54
52	60
52	64
52	65
52	68
52	71
52	75
52	77
52	79
53	28
53	29
53	31
53	35
53	37
53	51
53	55
53	62
53	64
53	67
53	69
53	72
53	73
53	77
53	78
54	18
54	21
54	31
54	32
54	34
54	52
54	57
54	58
54	59
54	60
54	61
54	67
54	68
54	70
54	71
55	23
55	31
55	34
55	46
55	47
55	51
55	53
55	57
55	61
55	68
55	71
55	74
55	75
55	79
55	81
56	1
56	7
56	11
56	15
56	20
56	23
56	26
56	34
56	36
56	38
56	60
56	71
56	76
56	77
56	80
57	6
57	16
57	19
57	35
57	39
57	40
57	47
57	49
57	54
57	55
57	60
57	61
57	62
57	65
57	73
58	3
58	8
58	21
58	36
58	42
58	45
58	46
58	54
58	59
58	60
58	62
58	69
58	71
58	72
58	75
58	78
59	14
59	17
59	19
59	31
59	36
59	42
59	48
59	51
59	54
59	58
59	62
59	65
59	68
59	69
59	75
59	80
60	10
60	30
60	35
60	52
60	54
60	56
60	57
60	58
60	62
60	63
60	66
60	72
60	74
60	77
60	78
60	80
61	5
61	39
61	40
61	42
61	45
61	47
61	50
61	54
61	55
61	57
61	63
61	65
61	70
61	71
61	73
61	79
61	81
62	8
62	13
62	22
62	34
62	46
62	48
62	51
62	53
62	57
62	58
62	59
62	60
62	69
62	74
62	75
62	77
62	78
63	7
63	10
63	15
63	24
63	25
63	31
63	43
63	44
63	60
63	61
63	66
63	67
63	68
63	72
63	76
63	77
63	79
63	81
64	9
64	16
64	27
64	29
64	41
64	42
64	43
64	44
64	50
64	52
64	53
64	66
64	67
64	68
64	72
64	78
64	79
64	80
65	1
65	2
65	28
65	30
65	37
65	39
65	40
65	44
65	45
65	47
65	52
65	57
65	59
65	61
65	73
65	75
65	80
65	81
66	10
66	18
66	27
66	32
66	38
66	43
66	44
66	47
66	48
66	50
66	60
66	63
66	64
66	68
66	71
66	74
66	75
66	79
66	81
67	3
67	28
67	33
67	37
67	43
67	53
67	54
67	63
67	64
67	69
67	72
67	73
67	74
67	75
67	76
67	77
67	78
67	80
67	81
68	3
68	18
68	26
68	28
68	35
68	36
68	50
68	51
68	52
68	54
68	55
68	59
68	63
68	64
68	66
68	69
68	70
68	72
68	77
68	81
69	8
69	12
69	19
69	22
69	33
69	36
69	41
69	42
69	46
69	48
69	53
69	58
69	59
69	62
69	67
69	68
69	71
69	72
69	75
69	79
70	9
70	20
70	29
70	32
70	41
70	42
70	43
70	44
70	45
70	46
70	50
70	51
70	54
70	61
70	68
70	71
70	73
70	74
70	78
70	79
70	81
71	5
71	6
71	8
71	13
71	22
71	27
71	31
71	44
71	48
71	51
71	52
71	54
71	55
71	56
71	58
71	61
71	66
71	69
71	70
71	74
71	81
72	3
72	5
72	11
72	19
72	24
72	27
72	33
72	38
72	45
72	47
72	53
72	58
72	60
72	63
72	64
72	67
72	68
72	69
72	73
72	77
72	78
72	80
73	1
73	4
73	5
73	8
73	16
73	28
73	30
73	37
73	39
73	40
73	42
73	45
73	47
73	53
73	57
73	61
73	65
73	67
73	70
73	72
73	75
73	77
74	2
74	6
74	9
74	12
74	31
74	35
74	37
74	38
74	45
74	49
74	55
74	60
74	62
74	66
74	67
74	70
74	71
74	75
74	76
74	77
74	79
74	81
75	13
75	15
75	19
75	21
75	22
75	42
75	45
75	46
75	48
75	49
75	52
75	55
75	58
75	59
75	62
75	65
75	66
75	67
75	69
75	73
75	74
75	77
76	4
76	7
76	9
76	14
76	18
76	24
76	29
76	35
76	39
76	40
76	42
76	43
76	50
76	51
76	56
76	63
76	67
76	74
76	77
76	78
76	79
76	80
77	10
77	19
77	30
77	33
77	41
77	43
77	48
77	49
77	52
77	53
77	56
77	60
77	62
77	63
77	67
77	68
77	72
77	73
77	74
77	75
77	76
77	78
77	80
77	81
78	2
78	4
78	5
78	13
78	18
78	28
78	30
78	32
78	33
78	38
78	44
78	53
78	58
78	60
78	62
78	64
78	67
78	70
78	72
78	76
78	77
78	79
78	80
78	81
79	13
79	17
79	18
79	21
79	23
79	24
79	38
79	41
79	46
79	48
79	50
79	51
79	52
79	55
79	61
79	63
79	64
79	66
79	69
79	70
79	74
79	76
79	78
79	80
79	81
80	2
80	4
80	17
80	22
80	25
80	27
80	33
80	35
80	36
80	37
80	38
80	39
80	50
80	51
80	56
80	59
80	60
80	64
80	65
80	67
80	72
80	76
80	77
80	78
80	79
81	1
81	12
81	14
81	17
81	20
81	24
81	27
81	35
81	38
81	41
81	43
81	50
81	55
81	61
81	63
81	65
81	66
81	67
81	68
81	70
81	71
81	74
81	77
81	78
81	79
