1	27
1	31
1	33
1	35
1	50
1	71
2	42
2	60
2	74
2	76
2	77
2	80
3	12
3	28
3	32
3	65
3	73
3	74
4	49
4	57
4	60
4	65
4	74
4	80
5	48
5	53
5	57
5	61
5	67
5	74
6	12
6	25
6	59
6	70
6	72
6	81
7	34
7	59
7	71
7	73
7	77
7	79
8	35
8	41
8	53
8	61
8	68
8	77
9	29
9	45
9	58
9	65
9	67
9	74
10	11
10	13
10	33
10	45
10	67
10	77
10	79
11	10
11	17
11	43
11	50
11	63
11	80
11	81
12	3
12	6
12	29
12	51
12	63
12	75
12	76
13	10
13	30
13	42
13	51
13	60
13	78
13	81
14	15
14	57
14	70
14	72
14	77
14	80
14	81
15	14
15	23
15	41
15	44
15	62
15	66
15	78
16	22
16	45
16	63
16	74
16	76
16	79
16	80
17	11
17	23
17	28
17	44
17	69
17	72
17	78
18	26
18	38
18	39
18	50
18	56
18	71
18	76
19	25
19	33
19	58
19	63
19	75
19	79
19	81
20	24
20	38
20	39
20	56
20	59
20	63
20	66
21	26
21	34
21	35
21	49
21	54
21	72
21	81
22	16
22	44
22	51
22	71
22	79
22	80
22	81
23	15
23	17
23	36
23	70
23	72
23	75
23	78
24	20
24	26
24	35
24	38
24	50
24	56
24	78
24	81
25	6
25	19
25	32
25	52
25	64
25	67
25	74
25	80
26	18
26	21
26	24
26	38
26	50
26	56
26	64
26	71
27	1
27	52
27	62
27	66
27	67
27	69
27	73
27	79
28	3
28	17
28	34
28	46
28	59
28	63
28	65
28	78
29	9
29	12
29	45
29	48
29	68
29	70
29	75
29	78
30	13
30	37
30	39
30	43
30	68
30	69
30	76
30	80
31	1
31	36
31	37
31	42
31	55
31	70
31	72
31	81
32	3
32	25
32	47
32	63
32	66
32	73
32	74
32	80
33	1
33	10
33	19
33	41
33	47
33	56
33	76
33	80
34	7
34	21
34	28
34	46
34	48
34	59
34	69
34	78
35	1
35	8
35	21
35	24
35	45
35	47
35	68
35	80
35	81
36	23
36	31
36	46
36	49
36	59
36	62
36	73
36	78
36	81
37	30
37	31
37	51
37	64
37	65
37	70
37	72
37	80
37	81
38	18
38	20
38	24
38	26
38	39
38	43
38	53
38	77
38	79
39	18
39	20
39	30
39	38
39	44
39	56
39	72
39	73
39	77
40	41
40	43
40	47
40	69
40	71
40	75
40	76
40	77
40	80
41	8
41	15
41	33
41	40
41	46
41	51
41	59
41	77
41	78
42	2
42	13
42	31
42	46
42	62
42	65
42	69
42	70
42	81
43	11
43	30
43	38
43	40
43	61
43	66
43	69
43	77
43	78
44	15
44	17
44	22
44	39
44	59
44	70
44	73
44	78
44	81
45	9
45	10
45	16
45	29
45	35
45	69
45	73
45	77
45	81
46	28
46	34
46	36
46	41
46	42
46	72
46	73
46	78
46	80
47	32
47	33
47	35
47	40
47	52
47	57
47	61
47	65
47	67
47	79
48	5
48	29
48	34
48	55
48	56
48	61
48	64
48	65
48	73
48	79
49	4
49	21
49	36
49	53
49	60
49	63
49	64
49	69
49	72
49	81
50	1
50	11
50	18
50	24
50	26
50	54
50	75
50	76
50	77
50	79
51	12
51	13
51	22
51	37
51	41
51	59
51	71
51	73
51	75
51	76
52	25
52	27
52	47
52	57
52	58
52	66
52	67
52	73
52	74
52	78
53	5
53	8
53	38
53	49
53	54
53	69
53	77
53	78
53	79
53	80
54	21
54	50
54	53
54	60
54	68
54	70
54	74
54	76
54	77
54	80
55	31
55	48
55	63
55	66
55	68
55	70
55	71
55	72
55	77
55	79
55	81
56	18
56	20
56	24
56	26
56	33
56	39
56	48
56	64
56	73
56	78
56	79
57	4
57	5
57	14
57	47
57	52
57	58
57	65
57	67
57	71
57	74
57	76
57	79
58	9
58	19
58	52
58	57
58	59
58	61
58	63
58	64
58	66
58	73
58	75
58	81
59	6
59	7
59	20
59	28
59	34
59	36
59	41
59	44
59	51
59	58
59	62
59	78
60	2
60	4
60	13
60	49
60	54
60	64
60	70
60	71
60	72
60	74
60	80
60	81
61	5
61	8
61	43
61	47
61	48
61	58
61	63
61	68
61	72
61	74
61	75
61	79
61	80
62	15
62	27
62	36
62	42
62	59
62	66
62	67
62	71
62	73
62	75
62	77
62	79
62	80
63	11
63	12
63	16
63	19
63	20
63	28
63	32
63	49
63	55
63	58
63	61
63	73
63	76
64	25
64	26
64	37
64	48
64	49
64	56
64	58
64	60
64	70
64	72
64	74
64	80
64	81
65	3
65	4
65	9
65	28
65	37
65	42
65	47
65	48
65	57
65	66
65	67
65	72
65	74
66	15
66	20
66	27
66	32
66	43
66	52
66	55
66	58
66	62
66	65
66	68
66	71
66	75
66	76
67	5
67	9
67	10
67	25
67	27
67	47
67	52
67	57
67	62
67	65
67	69
67	74
67	75
67	76
67	77
68	8
68	29
68	30
68	35
68	54
68	55
68	61
68	66
68	71
68	74
68	75
68	76
68	77
68	78
68	79
69	17
69	27
69	30
69	34
69	40
69	42
69	43
69	45
69	49
69	53
69	67
69	76
69	77
69	79
69	80
69	81
70	6
70	14
70	23
70	29
70	31
70	37
70	42
70	44
70	54
70	55
70	60
70	64
70	72
70	73
70	75
70	77
70	79
70	81
71	1
71	7
71	18
71	22
71	26
71	40
71	51
71	55
71	57
71	60
71	62
71	66
71	68
71	72
71	73
71	76
71	78
71	79
72	6
72	14
72	17
72	21
72	23
72	31
72	37
72	39
72	46
72	49
72	55
72	60
72	61
72	64
72	65
72	70
72	71
72	74
72	78
72	81
73	3
73	7
73	27
73	32
73	36
73	39
73	44
73	45
73	46
73	48
73	51
73	52
73	56
73	58
73	62
73	63
73	70
73	71
73	75
73	79
74	2
74	3
74	4
74	5
74	9
74	16
74	25
74	32
74	52
74	54
74	57
74	60
74	61
74	64
74	65
74	67
74	68
74	72
74	75
74	79
75	12
75	19
75	23
75	29
75	40
75	50
75	51
75	58
75	61
75	62
75	66
75	67
75	68
75	70
75	73
75	74
75	76
75	78
75	80
75	81
76	2
76	12
76	16
76	18
76	30
76	33
76	40
76	50
76	51
76	54
76	57
76	63
76	66
76	67
76	68
76	69
76	71
76	75
76	77
76	80
77	2
77	7
77	8
77	10
77	14
77	38
77	39
77	40
77	41
77	43
77	45
77	50
77	53
77	54
77	55
77	62
77	67
77	68
77	69
77	70
77	76
78	13
78	15
78	17
78	23
78	24
78	28
78	29
78	34
78	36
78	41
78	43
78	44
78	46
78	52
78	53
78	56
78	59
78	68
78	71
78	72
78	75
79	7
79	10
79	16
79	19
79	22
79	27
79	38
79	47
79	48
79	50
79	53
79	55
79	56
79	57
79	61
79	62
79	68
79	69
79	70
79	71
79	73
79	74
80	2
80	4
80	11
80	14
80	16
80	22
80	25
80	30
80	32
80	33
80	35
80	37
80	40
80	46
80	53
80	54
80	60
80	61
80	62
80	64
80	69
80	75
80	76
81	6
81	11
81	13
81	14
81	19
81	21
81	22
81	24
81	31
81	35
81	36
81	37
81	42
81	44
81	45
81	49
81	55
81	58
81	60
81	64
81	69
81	70
81	72
81	75
