1	2
1	31
1	37
1	63
1	72
1	74
2	1
2	12
2	48
2	50
2	68
2	77
3	37
3	45
3	54
3	55
3	68
3	81
4	29
4	53
4	65
4	73
4	75
4	76
5	8
5	51
5	57
5	60
5	66
5	81
6	64
6	67
6	73
6	77
6	78
6	80
7	36
7	43
7	65
7	69
7	78
7	81
8	5
8	15
8	17
8	27
8	62
8	80
9	48
9	59
9	66
9	70
9	78
9	80
10	38
10	45
10	55
10	56
10	66
10	79
11	17
11	30
11	43
11	47
11	66
11	67
12	2
12	39
12	42
12	67
12	69
12	73
13	65
13	69
13	72
13	78
13	80
13	81
14	25
14	44
14	52
14	56
14	75
14	80
15	8
15	35
15	46
15	53
15	62
15	73
16	34
16	40
16	42
16	46
16	57
16	71
17	8
17	11
17	52
17	76
17	78
17	81
18	47
18	50
18	60
18	74
18	75
18	79
19	55
19	69
19	71
19	72
19	73
19	76
20	22
20	45
20	53
20	57
20	73
20	81
21	38
21	40
21	54
21	68
21	71
21	77
22	20
22	23
22	47
22	61
22	71
22	80
23	22
23	58
23	65
23	67
23	73
23	76
24	37
24	49
24	54
24	68
24	71
24	77
24	78
25	14
25	58
25	59
25	64
25	71
25	79
25	80
26	36
26	41
26	51
26	52
26	60
26	77
26	80
27	8
27	46
27	47
27	53
27	55
27	77
27	79
28	45
28	54
28	56
28	62
28	66
28	68
28	79
29	4
29	45
29	51
29	58
29	65
29	66
29	79
30	11
30	60
30	64
30	69
30	77
30	78
30	81
31	1
31	38
31	49
31	56
31	58
31	70
31	78
32	58
32	68
32	72
32	75
32	78
32	79
32	81
33	43
33	46
33	60
33	67
33	71
33	76
33	77
34	16
34	49
34	50
34	59
34	62
34	66
34	77
34	80
35	15
35	49
35	63
35	70
35	72
35	75
35	78
35	80
36	7
36	26
36	47
36	49
36	67
36	75
36	77
36	79
37	1
37	3
37	24
37	42
37	48
37	54
37	62
37	71
38	10
38	21
38	31
38	51
38	57
38	60
38	68
38	79
39	12
39	41
39	58
39	63
39	72
39	74
39	75
39	81
40	16
40	21
40	42
40	47
40	61
40	71
40	76
40	79
41	26
41	39
41	49
41	54
41	59
41	61
41	71
41	81
42	12
42	16
42	37
42	40
42	61
42	66
42	71
42	74
42	76
43	7
43	11
43	33
43	59
43	67
43	69
43	71
43	76
43	80
44	14
44	52
44	53
44	66
44	70
44	72
44	74
44	79
44	81
45	3
45	10
45	20
45	28
45	29
45	63
45	69
45	75
45	79
46	15
46	16
46	27
46	33
46	51
46	64
46	69
46	73
46	76
47	11
47	18
47	22
47	27
47	36
47	40
47	62
47	77
47	79
48	2
48	9
48	37
48	57
48	62
48	73
48	74
48	79
48	80
49	24
49	31
49	34
49	35
49	36
49	41
49	54
49	61
49	72
50	2
50	18
50	34
50	59
50	70
50	72
50	74
50	75
50	76
50	78
51	5
51	26
51	29
51	38
51	46
51	59
51	64
51	72
51	77
51	81
52	14
52	17
52	26
52	44
52	55
52	58
52	69
52	70
52	74
52	75
53	4
53	15
53	20
53	27
53	44
53	56
53	60
53	67
53	74
53	76
54	3
54	21
54	24
54	28
54	37
54	41
54	49
54	62
54	71
54	76
55	3
55	10
55	19
55	27
55	52
55	57
55	70
55	75
55	78
55	81
56	10
56	14
56	28
56	31
56	53
56	57
56	62
56	65
56	66
56	70
56	76
57	5
57	16
57	20
57	38
57	48
57	55
57	56
57	61
57	64
57	65
57	74
57	78
58	23
58	25
58	29
58	31
58	32
58	39
58	52
58	64
58	66
58	68
58	78
58	81
59	9
59	25
59	34
59	41
59	43
59	50
59	51
59	64
59	67
59	68
59	73
59	80
60	5
60	18
60	26
60	30
60	33
60	38
60	53
60	66
60	67
60	69
60	72
60	73
60	76
61	22
61	40
61	41
61	42
61	49
61	57
61	62
61	69
61	71
61	77
61	78
61	80
61	81
62	8
62	15
62	28
62	34
62	37
62	47
62	48
62	54
62	56
62	61
62	67
62	79
62	80
63	1
63	35
63	39
63	45
63	65
63	68
63	70
63	72
63	74
63	75
63	77
63	78
63	79
63	81
64	6
64	25
64	30
64	46
64	51
64	57
64	58
64	59
64	65
64	68
64	69
64	75
64	77
64	79
65	4
65	7
65	13
65	23
65	29
65	56
65	57
65	63
65	64
65	67
65	78
65	79
65	80
65	81
66	5
66	9
66	10
66	11
66	28
66	29
66	34
66	42
66	44
66	56
66	58
66	60
66	70
66	71
66	78
67	6
67	11
67	12
67	23
67	33
67	36
67	43
67	53
67	59
67	60
67	62
67	65
67	69
67	70
67	72
67	73
67	76
68	2
68	3
68	21
68	24
68	28
68	32
68	38
68	58
68	59
68	63
68	64
68	70
68	74
68	76
68	78
68	79
68	80
69	7
69	12
69	13
69	19
69	30
69	43
69	45
69	46
69	52
69	60
69	61
69	64
69	67
69	73
69	74
69	76
69	77
70	9
70	31
70	35
70	44
70	50
70	52
70	55
70	56
70	63
70	66
70	67
70	68
70	72
70	74
70	75
70	77
70	80
71	16
71	19
71	21
71	22
71	24
71	25
71	33
71	37
71	40
71	41
71	42
71	43
71	54
71	61
71	66
71	76
71	77
72	1
72	13
72	19
72	32
72	35
72	39
72	44
72	49
72	50
72	51
72	60
72	63
72	67
72	70
72	74
72	75
72	76
72	78
73	4
73	6
73	12
73	15
73	19
73	20
73	23
73	46
73	48
73	59
73	60
73	67
73	69
73	74
73	76
73	77
73	79
73	80
73	81
74	1
74	18
74	39
74	42
74	44
74	48
74	50
74	52
74	53
74	57
74	63
74	68
74	69
74	70
74	72
74	73
74	75
74	78
74	80
74	81
75	4
75	14
75	18
75	32
75	35
75	36
75	39
75	45
75	50
75	52
75	55
75	63
75	64
75	70
75	72
75	74
75	76
75	77
75	78
75	79
75	81
76	4
76	17
76	19
76	23
76	33
76	40
76	42
76	43
76	46
76	50
76	53
76	54
76	56
76	60
76	67
76	68
76	69
76	71
76	72
76	73
76	75
76	80
77	2
77	6
77	21
77	24
77	26
77	27
77	30
77	33
77	34
77	36
77	47
77	51
77	61
77	63
77	64
77	69
77	70
77	71
77	73
77	75
77	79
77	80
77	81
78	6
78	7
78	9
78	13
78	17
78	24
78	30
78	31
78	32
78	35
78	50
78	55
78	57
78	58
78	61
78	63
78	65
78	66
78	68
78	72
78	74
78	75
78	81
79	10
79	18
79	25
79	27
79	28
79	29
79	32
79	36
79	38
79	40
79	44
79	45
79	47
79	48
79	62
79	63
79	64
79	65
79	68
79	73
79	75
79	77
79	80
79	81
80	6
80	8
80	9
80	13
80	14
80	22
80	25
80	26
80	34
80	35
80	43
80	48
80	59
80	61
80	62
80	65
80	68
80	70
80	73
80	74
80	76
80	77
80	79
80	81
81	3
81	5
81	7
81	13
81	17
81	20
81	30
81	32
81	39
81	41
81	44
81	51
81	55
81	58
81	61
81	63
81	65
81	73
81	74
81	75
81	77
81	78
81	79
81	80
