1	59
1	68
1	75
1	78
1	79
1	80
2	17
2	23
2	30
2	52
2	63
2	79
3	33
3	44
3	45
3	59
3	61
3	72
4	23
4	36
4	39
4	62
4	65
4	76
5	19
5	20
5	29
5	47
5	77
5	80
6	22
6	25
6	35
6	50
6	54
6	79
7	32
7	37
7	43
7	64
7	76
7	81
8	60
8	62
8	65
8	67
8	71
8	72
9	31
9	33
9	60
9	72
9	74
9	81
10	23
10	25
10	42
10	59
10	63
10	79
11	31
11	49
11	53
11	64
11	75
11	78
11	81
12	63
12	64
12	68
12	76
12	78
12	79
12	80
13	38
13	54
13	59
13	62
13	64
13	70
13	74
14	54
14	56
14	57
14	69
14	77
14	78
14	80
15	43
15	46
15	52
15	71
15	75
15	79
15	81
16	60
16	61
16	64
16	69
16	70
16	75
16	80
17	2
17	29
17	37
17	68
17	74
17	76
17	79
18	45
18	53
18	55
18	56
18	74
18	75
18	76
19	5
19	21
19	43
19	47
19	51
19	60
19	77
20	5
20	27
20	41
20	54
20	57
20	71
20	72
21	19
21	27
21	36
21	48
21	77
21	78
21	79
21	80
22	6
22	30
22	53
22	57
22	59
22	62
22	72
22	73
23	2
23	4
23	10
23	38
23	46
23	63
23	72
23	80
24	25
24	46
24	49
24	57
24	60
24	62
24	74
24	79
25	6
25	10
25	24
25	60
25	62
25	65
25	76
25	80
26	30
26	58
26	66
26	68
26	69
26	73
26	74
26	77
27	20
27	21
27	34
27	37
27	44
27	47
27	58
27	59
28	35
28	50
28	51
28	52
28	54
28	64
28	65
28	80
29	5
29	17
29	32
29	43
29	63
29	64
29	79
29	80
30	2
30	22
30	26
30	41
30	47
30	68
30	72
30	73
31	9
31	11
31	39
31	45
31	48
31	53
31	56
31	76
32	7
32	29
32	33
32	37
32	42
32	47
32	63
32	76
33	3
33	9
33	32
33	34
33	37
33	67
33	74
33	75
34	27
34	33
34	35
34	50
34	51
34	54
34	55
34	66
34	69
35	6
35	28
35	34
35	38
35	50
35	51
35	54
35	65
35	70
36	4
36	21
36	46
36	52
36	60
36	62
36	65
36	67
36	77
37	7
37	17
37	27
37	32
37	33
37	43
37	47
37	59
37	81
38	13
38	23
38	35
38	63
38	64
38	66
38	74
38	76
38	78
39	4
39	31
39	40
39	48
39	53
39	55
39	56
39	75
39	78
40	39
40	46
40	66
40	67
40	69
40	72
40	75
40	78
40	81
41	20
41	30
41	48
41	63
41	65
41	66
41	71
41	72
41	80
42	10
42	32
42	66
42	69
42	73
42	75
42	76
42	77
42	78
43	7
43	15
43	19
43	29
43	37
43	47
43	63
43	68
43	71
43	72
44	3
44	27
44	53
44	57
44	58
44	64
44	67
44	69
44	72
44	73
45	3
45	18
45	31
45	53
45	55
45	56
45	63
45	70
45	73
45	81
46	15
46	23
46	24
46	36
46	40
46	60
46	62
46	65
46	80
46	81
47	5
47	19
47	27
47	30
47	32
47	37
47	43
47	58
47	59
47	65
47	75
48	21
48	31
48	39
48	41
48	55
48	64
48	65
48	67
48	68
48	74
48	81
49	11
49	24
49	52
49	66
49	70
49	73
49	74
49	77
49	78
49	79
49	80
50	6
50	28
50	34
50	35
50	51
50	54
50	59
50	61
50	62
50	74
50	81
51	19
51	28
51	34
51	35
51	50
51	54
51	68
51	70
51	74
51	77
51	81
52	2
52	15
52	28
52	36
52	49
52	58
52	68
52	69
52	76
52	78
52	81
53	11
53	18
53	22
53	31
53	39
53	44
53	45
53	55
53	56
53	68
53	70
53	79
54	6
54	13
54	14
54	20
54	28
54	34
54	35
54	50
54	51
54	56
54	69
54	80
55	18
55	34
55	39
55	45
55	48
55	53
55	56
55	66
55	67
55	69
55	71
55	73
56	14
56	18
56	31
56	39
56	45
56	53
56	54
56	55
56	58
56	67
56	76
56	78
56	81
57	14
57	20
57	22
57	24
57	44
57	58
57	59
57	63
57	66
57	72
57	75
57	78
57	80
58	26
58	27
58	44
58	47
58	52
58	56
58	57
58	59
58	61
58	63
58	69
58	72
58	74
59	1
59	3
59	10
59	13
59	22
59	27
59	37
59	47
59	50
59	57
59	58
59	63
59	68
59	69
60	8
60	9
60	16
60	19
60	24
60	25
60	36
60	46
60	62
60	63
60	65
60	70
60	78
60	81
61	3
61	16
61	50
61	58
61	66
61	70
61	71
61	72
61	73
61	74
61	77
61	78
61	79
61	80
62	4
62	8
62	13
62	22
62	24
62	25
62	36
62	46
62	50
62	60
62	65
62	67
62	70
62	72
62	81
63	2
63	10
63	12
63	23
63	29
63	32
63	38
63	41
63	43
63	45
63	57
63	58
63	59
63	60
63	72
63	75
64	7
64	11
64	12
64	13
64	16
64	28
64	29
64	38
64	44
64	48
64	68
64	70
64	72
64	73
64	74
64	76
64	77
65	4
65	8
65	25
65	28
65	35
65	36
65	41
65	46
65	47
65	48
65	60
65	62
65	66
65	67
65	68
65	69
65	73
66	26
66	34
66	38
66	40
66	41
66	42
66	49
66	55
66	57
66	61
66	65
66	67
66	74
66	75
66	76
66	79
66	81
67	8
67	33
67	36
67	40
67	44
67	48
67	55
67	56
67	62
67	65
67	66
67	68
67	69
67	71
67	75
67	76
67	77
67	81
68	1
68	12
68	17
68	26
68	30
68	43
68	48
68	51
68	52
68	53
68	59
68	64
68	65
68	67
68	69
68	74
68	76
68	81
69	14
69	16
69	26
69	34
69	40
69	42
69	44
69	52
69	54
69	55
69	58
69	59
69	65
69	67
69	68
69	75
69	76
69	79
70	13
70	16
70	35
70	45
70	49
70	51
70	53
70	60
70	61
70	62
70	64
70	71
70	73
70	77
70	78
70	79
70	80
71	8
71	15
71	20
71	41
71	43
71	55
71	61
71	67
71	70
71	73
71	75
71	76
71	77
71	78
71	79
71	80
71	81
72	3
72	8
72	9
72	20
72	22
72	23
72	30
72	40
72	41
72	43
72	44
72	57
72	58
72	61
72	62
72	63
72	64
72	75
72	77
72	78
73	22
73	26
73	30
73	42
73	44
73	45
73	49
73	55
73	61
73	64
73	65
73	70
73	71
73	74
73	77
73	78
73	79
73	80
74	9
74	13
74	17
74	18
74	24
74	26
74	33
74	38
74	48
74	49
74	50
74	51
74	58
74	61
74	64
74	66
74	68
74	73
74	76
74	77
74	81
75	1
75	11
75	15
75	16
75	18
75	33
75	39
75	40
75	42
75	47
75	57
75	63
75	66
75	67
75	69
75	71
75	72
75	76
75	78
75	80
75	81
76	4
76	7
76	12
76	17
76	18
76	25
76	31
76	32
76	38
76	42
76	52
76	56
76	64
76	66
76	67
76	68
76	69
76	71
76	74
76	75
76	79
76	81
77	5
77	14
77	19
77	21
77	26
77	36
77	42
77	49
77	51
77	61
77	64
77	67
77	70
77	71
77	72
77	73
77	74
77	78
77	79
77	80
77	81
78	1
78	11
78	12
78	14
78	21
78	38
78	39
78	40
78	42
78	49
78	52
78	56
78	57
78	60
78	61
78	70
78	71
78	72
78	73
78	75
78	77
78	79
78	80
79	1
79	2
79	6
79	10
79	12
79	15
79	17
79	21
79	24
79	29
79	49
79	53
79	61
79	66
79	69
79	70
79	71
79	73
79	76
79	77
79	78
79	80
79	81
80	1
80	5
80	12
80	14
80	16
80	21
80	23
80	25
80	28
80	29
80	41
80	46
80	49
80	54
80	57
80	61
80	70
80	71
80	73
80	75
80	77
80	78
80	79
81	7
81	9
81	11
81	15
81	37
81	40
81	45
81	46
81	48
81	50
81	51
81	52
81	56
81	60
81	62
81	66
81	67
81	68
81	71
81	74
81	75
81	76
81	77
81	79
