1	21
1	29
1	40
1	47
1	49
1	73
2	25
2	62
2	63
2	71
2	72
2	73
3	6
3	28
3	56
3	60
3	67
3	71
4	37
4	43
4	55
4	74
4	80
4	81
5	13
5	20
5	33
5	41
5	54
5	78
6	3
6	44
6	51
6	59
6	79
6	80
7	25
7	58
7	73
7	77
7	79
7	80
8	41
8	46
8	53
8	58
8	65
8	70
9	47
9	50
9	64
9	71
9	74
9	81
10	62
10	63
10	66
10	71
10	72
10	74
11	16
11	18
11	42
11	43
11	54
11	80
12	38
12	46
12	70
12	73
12	76
12	80
13	5
13	15
13	24
13	29
13	42
13	43
14	19
14	38
14	41
14	53
14	63
14	65
15	13
15	29
15	36
15	38
15	42
15	49
15	67
16	11
16	25
16	51
16	74
16	75
16	76
16	81
17	37
17	39
17	53
17	56
17	60
17	67
17	80
18	11
18	24
18	42
18	43
18	72
18	74
18	78
19	14
19	28
19	41
19	46
19	64
19	65
19	81
20	5
20	51
20	57
20	68
20	75
20	76
20	79
21	1
21	43
21	48
21	53
21	59
21	77
21	79
22	26
22	42
22	67
22	72
22	74
22	75
22	78
23	45
23	52
23	53
23	55
23	67
23	71
23	72
24	13
24	18
24	36
24	42
24	43
24	52
24	75
25	2
25	7
25	16
25	32
25	41
25	46
25	65
26	22
26	50
26	63
26	66
26	70
26	73
26	76
26	81
27	38
27	52
27	54
27	66
27	73
27	75
27	78
27	79
28	3
28	19
28	29
28	36
28	40
28	49
28	51
28	60
29	1
29	13
29	15
29	28
29	40
29	47
29	49
29	74
30	45
30	51
30	56
30	58
30	60
30	67
30	71
30	77
31	62
31	69
31	70
31	71
31	72
31	77
31	80
31	81
32	25
32	41
32	46
32	59
32	65
32	70
32	72
32	81
33	5
33	59
33	62
33	67
33	69
33	71
33	72
33	75
34	36
34	61
34	68
34	72
34	74
34	75
34	79
34	81
35	43
35	48
35	62
35	69
35	71
35	72
35	73
35	78
35	81
36	15
36	24
36	28
36	34
36	40
36	45
36	49
36	68
36	79
37	4
37	17
37	50
37	57
37	66
37	69
37	76
37	77
37	80
38	12
38	14
38	15
38	27
38	44
38	55
38	58
38	68
38	78
38	80
39	17
39	40
39	55
39	64
39	66
39	71
39	73
39	76
39	79
39	80
40	1
40	28
40	29
40	36
40	39
40	49
40	58
40	65
40	69
40	79
41	5
41	8
41	14
41	19
41	25
41	32
41	46
41	61
41	65
41	70
41	73
42	11
42	13
42	15
42	18
42	22
42	24
42	43
42	46
42	61
42	62
42	79
43	4
43	11
43	13
43	18
43	21
43	24
43	35
43	42
43	61
43	69
43	77
44	6
44	38
44	46
44	47
44	52
44	57
44	65
44	66
44	67
44	71
44	78
45	23
45	30
45	36
45	53
45	56
45	60
45	67
45	68
45	72
45	78
45	79
45	80
46	8
46	12
46	19
46	25
46	32
46	41
46	42
46	44
46	48
46	54
46	65
46	71
47	1
47	9
47	29
47	44
47	49
47	54
47	57
47	58
47	59
47	68
47	71
47	78
48	21
48	35
48	46
48	62
48	69
48	71
48	72
48	76
48	77
48	80
48	81
49	1
49	15
49	28
49	29
49	36
49	40
49	47
49	56
49	59
49	62
49	78
49	79
50	9
50	26
50	37
50	52
50	64
50	66
50	67
50	74
50	76
50	77
50	79
50	80
51	6
51	16
51	20
51	28
51	30
51	52
51	54
51	57
51	63
51	68
51	78
51	79
52	23
52	24
52	27
52	44
52	50
52	51
52	57
52	58
52	68
52	69
52	77
52	79
53	8
53	14
53	17
53	21
53	23
53	45
53	54
53	56
53	60
53	67
53	74
53	81
54	5
54	11
54	27
54	46
54	47
54	51
54	53
54	58
54	75
54	76
54	77
54	78
55	4
55	23
55	38
55	39
55	59
55	61
55	63
55	64
55	66
55	69
55	70
55	75
55	81
56	3
56	17
56	30
56	45
56	49
56	53
56	60
56	63
56	65
56	67
56	77
56	78
56	79
57	20
57	37
57	44
57	47
57	51
57	52
57	62
57	63
57	68
57	70
57	74
57	76
57	78
58	7
58	8
58	30
58	38
58	40
58	47
58	52
58	54
58	60
58	66
58	68
58	69
58	78
59	6
59	21
59	32
59	33
59	47
59	49
59	55
59	68
59	73
59	76
59	77
59	78
59	79
59	80
60	3
60	17
60	28
60	30
60	45
60	53
60	56
60	58
60	65
60	67
60	74
60	75
60	76
60	78
61	34
61	41
61	42
61	43
61	55
61	63
61	64
61	70
61	72
61	73
61	75
61	77
61	80
61	81
62	2
62	10
62	31
62	33
62	35
62	42
62	48
62	49
62	57
62	67
62	68
62	69
62	71
62	72
62	81
63	2
63	10
63	14
63	26
63	51
63	55
63	56
63	57
63	61
63	64
63	70
63	74
63	75
63	78
63	81
64	9
64	19
64	39
64	50
64	55
64	61
64	63
64	65
64	70
64	72
64	74
64	75
64	76
64	80
64	81
65	8
65	14
65	19
65	25
65	32
65	40
65	41
65	44
65	46
65	56
65	60
65	64
65	69
65	75
65	80
66	10
66	26
66	27
66	37
66	39
66	44
66	50
66	55
66	58
66	68
66	73
66	76
66	77
66	79
66	80
67	3
67	15
67	17
67	22
67	23
67	30
67	33
67	44
67	45
67	50
67	53
67	56
67	60
67	62
67	71
68	20
68	34
68	36
68	38
68	45
68	47
68	51
68	52
68	57
68	58
68	59
68	62
68	66
68	70
68	75
68	78
69	31
69	33
69	35
69	37
69	40
69	43
69	48
69	52
69	55
69	58
69	62
69	65
69	71
69	72
69	81
70	8
70	12
70	26
70	31
70	32
70	41
70	55
70	57
70	61
70	63
70	64
70	68
70	74
70	75
70	77
70	80
70	81
71	2
71	3
71	9
71	10
71	23
71	30
71	31
71	33
71	35
71	39
71	44
71	46
71	47
71	48
71	62
71	67
71	69
71	72
72	2
72	10
72	18
72	22
72	23
72	31
72	32
72	33
72	34
72	35
72	45
72	48
72	61
72	62
72	64
72	69
72	71
72	73
73	1
73	2
73	7
73	12
73	26
73	27
73	35
73	39
73	41
73	59
73	61
73	66
73	72
73	76
73	77
73	79
73	80
73	81
74	4
74	9
74	10
74	16
74	18
74	22
74	29
74	34
74	50
74	53
74	57
74	60
74	63
74	64
74	70
74	75
74	76
74	78
74	81
75	16
75	20
75	22
75	24
75	27
75	33
75	34
75	54
75	55
75	60
75	61
75	63
75	64
75	65
75	68
75	70
75	74
75	77
75	81
76	12
76	16
76	20
76	26
76	37
76	39
76	48
76	50
76	54
76	57
76	59
76	60
76	64
76	66
76	73
76	74
76	77
76	79
76	80
76	81
77	7
77	21
77	30
77	31
77	37
77	43
77	48
77	50
77	52
77	54
77	56
77	59
77	61
77	66
77	70
77	73
77	75
77	76
77	79
77	80
78	5
78	18
78	22
78	27
78	35
78	38
78	44
78	45
78	47
78	49
78	51
78	54
78	56
78	57
78	58
78	59
78	60
78	63
78	68
78	74
78	81
79	6
79	7
79	20
79	21
79	27
79	34
79	36
79	39
79	40
79	42
79	45
79	49
79	50
79	51
79	52
79	56
79	59
79	66
79	73
79	76
79	77
79	80
80	4
80	6
80	7
80	11
80	12
80	17
80	31
80	37
80	38
80	39
80	45
80	48
80	50
80	59
80	61
80	64
80	65
80	66
80	70
80	73
80	76
80	77
80	79
81	4
81	9
81	16
81	19
81	26
81	31
81	32
81	34
81	35
81	48
81	53
81	55
81	61
81	62
81	63
81	64
81	69
81	70
81	73
81	74
81	75
81	76
81	78
