1	4
1	18
1	56
1	64
1	76
1	77
2	13
2	46
2	55
2	58
2	76
2	77
3	14
3	24
3	64
3	67
3	69
3	81
4	1
4	19
4	27
4	34
4	56
4	78
5	17
5	26
5	42
5	50
5	55
5	74
6	68
6	70
6	73
6	75
6	79
6	81
7	14
7	28
7	34
7	45
7	68
7	77
8	16
8	48
8	53
8	69
8	76
8	79
9	27
9	30
9	32
9	56
9	71
9	72
10	26
10	34
10	36
10	46
10	66
10	71
11	13
11	33
11	50
11	69
11	76
11	81
12	23
12	33
12	35
12	51
12	60
12	68
13	2
13	11
13	21
13	39
13	66
13	72
14	3
14	7
14	46
14	49
14	62
14	80
15	35
15	49
15	57
15	61
15	78
15	79
16	8
16	17
16	28
16	61
16	72
16	75
16	81
17	5
17	16
17	19
17	36
17	60
17	65
17	75
18	1
18	31
18	39
18	71
18	72
18	78
18	80
19	4
19	17
19	37
19	49
19	62
19	75
19	80
20	41
20	55
20	60
20	71
20	73
20	79
20	80
21	13
21	23
21	25
21	41
21	62
21	75
21	80
22	39
22	42
22	52
22	54
22	57
22	58
22	75
23	12
23	21
23	41
23	53
23	72
23	74
23	76
24	3
24	30
24	53
24	59
24	71
24	77
24	80
25	21
25	46
25	57
25	69
25	75
25	77
25	80
26	5
26	10
26	57
26	67
26	74
26	79
26	81
27	4
27	9
27	32
27	43
27	51
27	77
27	79
28	7
28	16
28	44
28	52
28	61
28	62
28	70
28	81
29	35
29	42
29	62
29	63
29	75
29	76
29	78
29	81
30	9
30	24
30	32
30	37
30	47
30	62
30	69
30	70
31	18
31	34
31	37
31	51
31	65
31	70
31	78
31	81
32	9
32	27
32	30
32	34
32	63
32	67
32	75
32	78
33	11
33	12
33	38
33	49
33	72
33	76
33	78
33	79
34	4
34	7
34	10
34	31
34	32
34	71
34	73
34	81
35	12
35	15
35	29
35	37
35	48
35	61
35	73
35	81
36	10
36	17
36	55
36	60
36	70
36	72
36	77
36	80
37	19
37	30
37	31
37	35
37	61
37	70
37	79
37	81
38	33
38	52
38	57
38	63
38	67
38	68
38	77
38	78
38	80
39	13
39	18
39	22
39	48
39	56
39	63
39	70
39	75
39	80
40	44
40	46
40	56
40	58
40	61
40	68
40	71
40	76
40	81
41	20
41	21
41	23
41	47
41	61
41	64
41	72
41	73
41	79
42	5
42	22
42	29
42	43
42	51
42	67
42	77
42	79
42	81
43	27
43	42
43	53
43	65
43	66
43	68
43	75
43	79
43	81
44	28
44	40
44	46
44	54
44	55
44	63
44	66
44	73
44	79
45	7
45	54
45	56
45	61
45	65
45	71
45	74
45	79
45	80
46	2
46	10
46	14
46	25
46	40
46	44
46	47
46	53
46	75
47	30
47	41
47	46
47	60
47	61
47	64
47	74
47	79
47	80
48	8
48	35
48	39
48	66
48	70
48	73
48	75
48	76
48	78
49	14
49	15
49	19
49	33
49	51
49	76
49	77
49	79
49	80
50	5
50	11
50	57
50	60
50	62
50	63
50	72
50	75
50	81
51	12
51	27
51	31
51	42
51	49
51	54
51	55
51	65
51	74
51	76
52	22
52	28
52	38
52	55
52	64
52	65
52	67
52	69
52	70
52	81
53	8
53	23
53	24
53	43
53	46
53	60
53	72
53	76
53	78
53	79
54	22
54	44
54	45
54	51
54	56
54	63
54	66
54	76
54	77
54	78
55	2
55	5
55	20
55	36
55	44
55	51
55	52
55	66
55	77
55	78
56	1
56	4
56	9
56	39
56	40
56	45
56	54
56	64
56	71
56	77
57	15
57	22
57	25
57	26
57	38
57	50
57	60
57	62
57	69
57	73
58	2
58	22
58	40
58	59
58	67
58	69
58	70
58	72
58	73
58	74
59	24
59	58
59	68
59	69
59	73
59	75
59	77
59	78
59	80
59	81
60	12
60	17
60	20
60	36
60	47
60	50
60	53
60	57
60	68
60	74
60	80
61	15
61	16
61	28
61	35
61	37
61	40
61	41
61	45
61	47
61	65
61	80
62	14
62	19
62	21
62	28
62	29
62	30
62	50
62	57
62	63
62	76
62	79
63	29
63	32
63	38
63	39
63	44
63	50
63	54
63	62
63	64
63	77
63	78
64	1
64	3
64	41
64	47
64	52
64	56
64	63
64	73
64	74
64	77
64	78
65	17
65	31
65	43
65	45
65	51
65	52
65	61
65	69
65	75
65	80
65	81
66	10
66	13
66	43
66	44
66	48
66	54
66	55
66	68
66	73
66	74
66	78
66	79
67	3
67	26
67	32
67	38
67	42
67	52
67	58
67	75
67	76
67	77
67	78
67	80
68	6
68	7
68	12
68	38
68	40
68	43
68	59
68	60
68	66
68	77
68	78
68	79
68	81
69	3
69	8
69	11
69	25
69	30
69	52
69	57
69	58
69	59
69	65
69	71
69	80
69	81
70	6
70	28
70	30
70	31
70	36
70	37
70	39
70	48
70	52
70	58
70	73
70	77
70	79
71	9
71	10
71	18
71	20
71	24
71	34
71	40
71	45
71	56
71	69
71	72
71	74
71	80
72	9
72	13
72	16
72	18
72	23
72	33
72	36
72	41
72	50
72	53
72	58
72	71
72	76
72	80
72	81
73	6
73	20
73	34
73	35
73	41
73	44
73	48
73	57
73	58
73	59
73	64
73	66
73	70
73	74
73	77
73	78
74	5
74	23
74	26
74	45
74	47
74	51
74	58
74	60
74	64
74	66
74	71
74	73
74	76
74	77
74	78
74	79
75	6
75	16
75	17
75	19
75	21
75	22
75	25
75	29
75	32
75	39
75	43
75	46
75	48
75	50
75	59
75	65
75	67
75	76
75	81
76	1
76	2
76	8
76	11
76	23
76	29
76	33
76	40
76	48
76	49
76	51
76	53
76	54
76	62
76	67
76	72
76	74
76	75
76	79
76	80
76	81
77	1
77	2
77	7
77	24
77	25
77	27
77	36
77	38
77	42
77	49
77	54
77	55
77	56
77	59
77	63
77	64
77	67
77	68
77	70
77	73
77	74
77	80
78	4
78	15
78	18
78	29
78	31
78	32
78	33
78	38
78	48
78	53
78	54
78	55
78	59
78	63
78	64
78	66
78	67
78	68
78	73
78	74
78	79
78	81
79	6
79	8
79	15
79	20
79	26
79	27
79	33
79	37
79	41
79	42
79	43
79	44
79	45
79	47
79	49
79	53
79	62
79	66
79	68
79	70
79	74
79	76
79	78
80	14
80	18
80	19
80	20
80	21
80	24
80	25
80	36
80	38
80	39
80	45
80	47
80	49
80	59
80	60
80	61
80	65
80	67
80	69
80	71
80	72
80	76
80	77
80	81
81	3
81	6
81	11
81	16
81	26
81	28
81	29
81	31
81	34
81	35
81	37
81	40
81	42
81	43
81	50
81	52
81	59
81	65
81	68
81	69
81	72
81	75
81	76
81	78
81	80
