1	12
1	38
1	64
1	68
1	72
1	80
2	50
2	55
2	57
2	59
2	61
2	66
3	19
3	32
3	38
3	54
3	58
3	62
4	22
4	35
4	52
4	57
4	72
4	81
5	7
5	32
5	55
5	65
5	70
5	75
6	13
6	17
6	19
6	66
6	71
6	78
7	5
7	21
7	32
7	50
7	73
7	80
8	13
8	45
8	67
8	74
8	75
8	80
9	18
9	32
9	73
9	74
9	77
9	79
10	48
10	49
10	58
10	63
10	64
10	79
11	36
11	43
11	47
11	57
11	59
11	79
11	81
12	1
12	14
12	22
12	36
12	61
12	63
12	79
13	6
13	8
13	24
13	48
13	61
13	77
13	78
14	12
14	52
14	56
14	69
14	73
14	75
14	81
15	34
15	43
15	50
15	60
15	64
15	68
15	76
16	19
16	28
16	51
16	52
16	55
16	73
16	76
17	6
17	22
17	27
17	67
17	70
17	73
17	75
18	9
18	44
18	48
18	62
18	77
18	79
18	81
19	3
19	6
19	16
19	33
19	64
19	68
19	80
20	41
20	47
20	53
20	59
20	74
20	77
20	78
21	7
21	22
21	31
21	72
21	73
21	77
21	78
22	4
22	12
22	17
22	21
22	56
22	63
22	73
23	24
23	36
23	37
23	46
23	54
23	63
23	81
24	13
24	23
24	25
24	37
24	54
24	62
24	80
25	24
25	36
25	37
25	46
25	54
25	69
25	78
26	29
26	38
26	56
26	59
26	61
26	62
26	66
27	17
27	58
27	74
27	75
27	76
27	77
27	78
28	16
28	42
28	61
28	73
28	77
28	79
28	81
29	26
29	41
29	44
29	45
29	51
29	59
29	62
29	79
30	65
30	67
30	73
30	74
30	76
30	79
30	80
30	81
31	21
31	47
31	55
31	68
31	72
31	78
31	80
31	81
32	3
32	5
32	7
32	9
32	40
32	74
32	80
32	81
33	19
33	42
33	45
33	70
33	75
33	76
33	79
33	81
34	15
34	49
34	50
34	60
34	70
34	72
34	77
34	81
35	4
35	41
35	42
35	51
35	55
35	61
35	63
35	78
35	81
36	11
36	12
36	23
36	25
36	37
36	45
36	48
36	54
36	68
37	23
37	24
37	25
37	36
37	43
37	54
37	58
37	67
37	81
38	1
38	3
38	26
38	53
38	71
38	74
38	76
38	77
38	78
39	44
39	57
39	62
39	71
39	72
39	76
39	77
39	78
39	79
40	32
40	47
40	49
40	56
40	72
40	73
40	78
40	79
40	80
41	20
41	29
41	35
41	42
41	44
41	59
41	66
41	80
41	81
42	28
42	33
42	35
42	41
42	46
42	51
42	55
42	60
42	75
43	11
43	15
43	37
43	57
43	63
43	78
43	79
43	80
43	81
44	18
44	29
44	39
44	41
44	61
44	74
44	77
44	78
44	80
45	8
45	29
45	33
45	36
45	54
45	67
45	69
45	70
45	79
46	23
46	25
46	42
46	53
46	56
46	58
46	59
46	68
46	72
46	80
47	11
47	20
47	31
47	40
47	56
47	58
47	60
47	63
47	79
47	80
48	10
48	13
48	18
48	36
48	49
48	50
48	52
48	54
48	60
48	64
49	10
49	34
49	40
49	48
49	60
49	64
49	70
49	78
49	79
49	81
50	2
50	7
50	15
50	34
50	48
50	58
50	64
50	67
50	72
50	76
51	16
51	29
51	35
51	42
51	54
51	55
51	58
51	61
51	65
51	75
52	4
52	14
52	16
52	48
52	61
52	62
52	73
52	76
52	78
52	80
53	20
53	38
53	46
53	57
53	69
53	71
53	74
53	75
53	77
53	81
54	3
54	23
54	24
54	25
54	36
54	37
54	45
54	48
54	51
54	74
55	2
55	5
55	16
55	31
55	35
55	42
55	51
55	56
55	61
55	66
55	70
56	14
56	22
56	26
56	40
56	46
56	47
56	55
56	69
56	72
56	77
56	80
57	2
57	4
57	11
57	39
57	43
57	53
57	64
57	65
57	76
57	79
57	81
58	3
58	10
58	27
58	37
58	46
58	47
58	50
58	51
58	66
58	68
58	80
59	2
59	11
59	20
59	26
59	29
59	41
59	46
59	60
59	66
59	71
59	80
60	15
60	34
60	42
60	47
60	48
60	49
60	59
60	64
60	71
60	74
60	81
61	2
61	12
61	13
61	26
61	28
61	35
61	44
61	51
61	52
61	55
61	66
61	72
62	3
62	18
62	24
62	26
62	29
62	39
62	52
62	67
62	73
62	76
62	79
62	81
63	10
63	12
63	22
63	23
63	35
63	43
63	47
63	65
63	66
63	69
63	70
63	75
64	1
64	10
64	15
64	19
64	48
64	49
64	50
64	57
64	60
64	69
64	73
64	80
65	5
65	30
65	51
65	57
65	63
65	67
65	69
65	70
65	71
65	75
65	76
65	77
66	2
66	6
66	26
66	41
66	55
66	58
66	59
66	61
66	63
66	71
66	72
66	74
67	8
67	17
67	30
67	37
67	45
67	50
67	62
67	65
67	68
67	69
67	70
67	75
67	80
68	1
68	15
68	19
68	31
68	36
68	46
68	58
68	67
68	69
68	72
68	74
68	75
68	80
69	14
69	25
69	45
69	53
69	56
69	63
69	64
69	65
69	67
69	68
69	70
69	75
69	76
69	77
70	5
70	17
70	33
70	34
70	45
70	49
70	55
70	63
70	65
70	67
70	69
70	75
70	77
70	79
70	80
71	6
71	38
71	39
71	53
71	59
71	60
71	65
71	66
71	72
71	73
71	74
71	75
71	76
71	77
71	78
72	1
72	4
72	21
72	31
72	34
72	39
72	40
72	46
72	50
72	56
72	61
72	66
72	68
72	71
72	80
73	7
73	9
73	14
73	16
73	17
73	21
73	22
73	28
73	30
73	40
73	52
73	62
73	64
73	71
73	79
73	81
74	8
74	9
74	20
74	27
74	30
74	32
74	38
74	44
74	53
74	54
74	60
74	66
74	68
74	71
74	77
74	78
75	5
75	8
75	14
75	17
75	27
75	33
75	42
75	51
75	53
75	63
75	65
75	67
75	68
75	69
75	70
75	71
75	76
76	15
76	16
76	27
76	30
76	33
76	38
76	39
76	50
76	52
76	57
76	62
76	65
76	69
76	71
76	75
76	79
76	81
77	9
77	13
77	18
77	20
77	21
77	27
77	28
77	34
77	38
77	39
77	44
77	53
77	56
77	65
77	69
77	70
77	71
77	74
77	78
77	79
78	6
78	13
78	20
78	21
78	25
78	27
78	31
78	35
78	38
78	39
78	40
78	43
78	44
78	49
78	52
78	71
78	74
78	77
78	79
78	81
79	9
79	10
79	11
79	12
79	18
79	28
79	29
79	30
79	33
79	39
79	40
79	43
79	45
79	47
79	49
79	57
79	62
79	70
79	73
79	76
79	77
79	78
80	1
80	7
80	8
80	19
80	24
80	30
80	31
80	32
80	40
80	41
80	43
80	44
80	46
80	47
80	52
80	56
80	58
80	59
80	64
80	67
80	68
80	70
80	72
81	4
81	11
81	14
81	18
81	23
81	28
81	30
81	31
81	32
81	33
81	34
81	35
81	37
81	41
81	43
81	49
81	53
81	57
81	60
81	62
81	73
81	76
81	78
