1	13
1	14
1	30
1	36
1	54
1	72
2	41
2	50
2	59
2	64
2	73
2	77
3	35
3	58
3	61
3	67
3	68
3	73
4	41
4	64
4	65
4	70
4	73
4	80
5	32
5	56
5	69
5	74
5	75
5	81
6	49
6	61
6	64
6	67
6	68
6	74
7	13
7	45
7	49
7	53
7	67
7	68
8	20
8	39
8	46
8	56
8	71
8	73
9	24
9	33
9	64
9	65
9	73
9	78
10	48
10	51
10	66
10	74
10	76
10	77
11	42
11	45
11	55
11	56
11	65
11	81
12	25
12	29
12	58
12	68
12	80
12	81
13	1
13	7
13	30
13	34
13	62
13	80
14	1
14	34
14	36
14	44
14	59
14	64
15	54
15	57
15	63
15	66
15	70
15	80
16	58
16	67
16	75
16	76
16	77
16	78
16	80
17	29
17	37
17	42
17	55
17	69
17	80
17	81
18	43
18	59
18	69
18	70
18	72
18	75
18	81
19	27
19	35
19	41
19	62
19	64
19	73
19	75
20	8
20	51
20	60
20	63
20	65
20	71
20	77
21	36
21	42
21	49
21	60
21	61
21	65
21	71
22	51
22	57
22	63
22	75
22	76
22	78
22	80
23	37
23	43
23	44
23	61
23	63
23	67
23	71
24	9
24	58
24	64
24	65
24	68
24	77
24	78
25	12
25	39
25	44
25	55
25	58
25	61
25	68
26	33
26	57
26	64
26	70
26	71
26	73
26	80
27	19
27	34
27	50
27	59
27	74
27	75
27	80
28	34
28	44
28	47
28	61
28	62
28	74
28	78
28	79
29	12
29	17
29	41
29	62
29	76
29	77
29	78
29	79
30	1
30	13
30	31
30	34
30	36
30	59
30	62
30	81
31	30
31	32
31	36
31	45
31	57
31	65
31	72
31	78
32	5
32	31
32	40
32	55
32	66
32	69
32	76
32	80
33	9
33	26
33	64
33	66
33	73
33	75
33	76
33	79
34	13
34	14
34	27
34	28
34	30
34	36
34	52
34	64
35	3
35	19
35	47
35	52
35	53
35	62
35	66
35	76
36	1
36	14
36	21
36	30
36	31
36	34
36	58
36	81
37	17
37	23
37	38
37	41
37	60
37	61
37	63
37	71
37	79
38	37
38	46
38	48
38	50
38	54
38	55
38	59
38	70
38	81
39	8
39	25
39	47
39	67
39	68
39	72
39	78
39	79
39	80
40	32
40	42
40	43
40	45
40	69
40	70
40	71
40	80
40	81
41	2
41	4
41	19
41	29
41	37
41	64
41	69
41	73
41	79
42	11
42	17
42	21
42	40
42	46
42	65
42	70
42	72
42	74
42	81
43	18
43	23
43	40
43	53
43	60
43	69
43	74
43	75
43	76
43	80
44	14
44	23
44	25
44	28
44	49
44	58
44	67
44	68
44	72
44	81
45	7
45	11
45	31
45	40
45	53
45	74
45	75
45	76
45	80
45	81
46	8
46	38
46	42
46	52
46	57
46	68
46	74
46	75
46	76
46	80
47	28
47	35
47	39
47	55
47	59
47	64
47	65
47	67
47	77
47	79
48	10
48	38
48	50
48	52
48	66
48	69
48	72
48	77
48	78
48	79
49	6
49	7
49	21
49	44
49	53
49	67
49	68
49	75
49	77
49	81
50	2
50	27
50	38
50	48
50	59
50	62
50	69
50	70
50	79
50	81
51	10
51	20
51	22
51	61
51	72
51	75
51	76
51	77
51	78
51	79
52	34
52	35
52	46
52	48
52	53
52	63
52	66
52	72
52	79
52	80
53	7
53	35
53	43
53	45
53	49
53	52
53	59
53	60
53	66
53	73
53	75
54	1
54	15
54	38
54	58
54	66
54	68
54	73
54	74
54	75
54	76
54	80
55	11
55	17
55	25
55	32
55	38
55	47
55	61
55	70
55	71
55	78
55	81
56	5
56	8
56	11
56	60
56	61
56	63
56	69
56	71
56	74
56	78
56	80
57	15
57	22
57	26
57	31
57	46
57	60
57	62
57	67
57	72
57	77
57	78
57	79
58	3
58	12
58	16
58	24
58	25
58	36
58	44
58	54
58	67
58	68
58	74
58	79
59	2
59	14
59	18
59	27
59	30
59	38
59	47
59	50
59	53
59	69
59	70
59	79
59	81
60	20
60	21
60	37
60	43
60	53
60	56
60	57
60	61
60	63
60	71
60	72
60	76
60	77
61	3
61	6
61	21
61	23
61	25
61	28
61	37
61	51
61	55
61	56
61	60
61	63
61	71
61	75
62	13
62	19
62	28
62	29
62	30
62	35
62	50
62	57
62	65
62	72
62	73
62	77
62	79
62	81
63	15
63	20
63	22
63	23
63	37
63	52
63	56
63	60
63	61
63	70
63	71
63	78
63	80
63	81
64	2
64	4
64	6
64	9
64	14
64	19
64	24
64	26
64	33
64	34
64	41
64	47
64	73
64	77
64	80
65	4
65	9
65	11
65	20
65	21
65	24
65	31
65	42
65	47
65	62
65	72
65	74
65	77
65	78
65	79
66	10
66	15
66	32
66	33
66	35
66	48
66	52
66	53
66	54
66	73
66	74
66	76
66	77
66	78
66	80
67	3
67	6
67	7
67	16
67	23
67	39
67	44
67	47
67	49
67	57
67	58
67	68
67	75
67	76
67	78
68	3
68	6
68	7
68	12
68	24
68	25
68	39
68	44
68	46
68	49
68	54
68	58
68	67
68	73
68	76
68	79
69	5
69	17
69	18
69	32
69	40
69	41
69	43
69	48
69	50
69	56
69	59
69	70
69	72
69	77
69	78
69	79
69	81
70	4
70	15
70	18
70	26
70	38
70	40
70	42
70	50
70	55
70	59
70	63
70	69
70	76
70	78
70	79
70	80
70	81
71	8
71	20
71	21
71	23
71	26
71	37
71	40
71	55
71	56
71	60
71	61
71	63
71	74
71	75
71	77
71	78
71	81
72	1
72	18
72	31
72	39
72	42
72	44
72	48
72	51
72	52
72	57
72	60
72	62
72	65
72	69
72	78
72	79
72	81
73	2
73	3
73	4
73	8
73	9
73	19
73	26
73	33
73	41
73	53
73	54
73	62
73	64
73	66
73	68
73	79
73	81
74	5
74	6
74	10
74	27
74	28
74	42
74	43
74	45
74	46
74	54
74	56
74	58
74	65
74	66
74	71
74	75
74	76
74	80
75	5
75	16
75	18
75	19
75	22
75	27
75	33
75	43
75	45
75	46
75	49
75	51
75	53
75	54
75	61
75	67
75	71
75	74
75	80
76	10
76	16
76	22
76	29
76	32
76	33
76	35
76	43
76	45
76	46
76	51
76	54
76	60
76	66
76	67
76	68
76	70
76	74
76	78
76	80
77	2
77	10
77	16
77	20
77	24
77	29
77	47
77	48
77	49
77	51
77	57
77	60
77	62
77	64
77	65
77	66
77	69
77	71
77	78
77	79
77	81
78	9
78	16
78	22
78	24
78	28
78	29
78	31
78	39
78	48
78	51
78	55
78	56
78	57
78	63
78	65
78	66
78	67
78	69
78	70
78	71
78	72
78	76
78	77
78	79
79	28
79	29
79	33
79	37
79	39
79	41
79	47
79	48
79	50
79	51
79	52
79	57
79	58
79	59
79	62
79	65
79	68
79	69
79	70
79	72
79	73
79	77
79	78
79	81
80	4
80	12
80	13
80	15
80	16
80	17
80	22
80	26
80	27
80	32
80	39
80	40
80	43
80	45
80	46
80	52
80	54
80	56
80	63
80	64
80	66
80	70
80	74
80	75
80	76
81	5
81	11
81	12
81	17
81	18
81	30
81	36
81	38
81	40
81	42
81	44
81	45
81	49
81	50
81	55
81	59
81	62
81	63
81	69
81	70
81	71
81	72
81	73
81	77
81	79
