1	6
1	49
1	59
1	60
1	61
1	81
2	37
2	63
2	73
2	78
2	79
2	81
3	69
3	71
3	72
3	75
3	76
3	81
4	30
4	44
4	50
4	51
4	68
4	81
5	18
5	22
5	25
5	36
5	47
5	77
6	1
6	13
6	33
6	63
6	77
6	81
7	29
7	37
7	42
7	48
7	57
7	58
8	19
8	34
8	43
8	45
8	54
8	66
9	14
9	39
9	43
9	49
9	58
9	62
10	15
10	21
10	34
10	50
10	56
10	58
11	14
11	55
11	70
11	74
11	76
11	77
12	31
12	35
12	39
12	42
12	80
12	81
13	6
13	25
13	29
13	30
13	48
13	67
14	9
14	11
14	49
14	54
14	58
14	72
15	10
15	47
15	50
15	51
15	65
15	70
15	81
16	30
16	45
16	69
16	71
16	72
16	75
16	81
17	41
17	46
17	62
17	69
17	71
17	72
17	78
18	5
18	25
18	36
18	37
18	73
18	75
18	76
19	8
19	47
19	49
19	55
19	64
19	74
19	75
20	39
20	41
20	68
20	74
20	75
20	76
20	78
21	10
21	27
21	33
21	39
21	43
21	48
21	54
21	58
22	5
22	24
22	31
22	39
22	42
22	50
22	51
22	60
23	24
23	28
23	52
23	57
23	61
23	63
23	75
23	81
24	22
24	23
24	31
24	39
24	42
24	61
24	65
24	70
25	5
25	13
25	18
25	35
25	48
25	56
25	77
25	80
26	30
26	53
26	61
26	64
26	67
26	68
26	73
26	76
27	21
27	51
27	71
27	74
27	76
27	78
27	79
27	80
28	23
28	38
28	43
28	45
28	69
28	71
28	72
28	79
28	80
29	7
29	13
29	36
29	37
29	41
29	48
29	62
29	70
29	76
30	4
30	13
30	16
30	26
30	50
30	59
30	62
30	74
30	77
31	12
31	22
31	24
31	39
31	42
31	56
31	63
31	69
31	78
32	38
32	56
32	59
32	62
32	64
32	67
32	70
32	71
32	80
33	6
33	21
33	34
33	66
33	72
33	73
33	77
33	78
33	79
34	8
34	10
34	33
34	54
34	58
34	64
34	68
34	78
34	79
35	12
35	25
35	45
35	47
35	53
35	62
35	70
35	77
35	79
36	5
36	18
36	29
36	37
36	48
36	54
36	59
36	61
36	69
36	75
37	2
37	7
37	18
37	29
37	36
37	46
37	48
37	67
37	68
37	73
38	28
38	32
38	46
38	52
38	63
38	64
38	68
38	69
38	71
38	72
39	9
39	12
39	20
39	21
39	22
39	24
39	31
39	40
39	42
39	58
40	39
40	44
40	50
40	60
40	64
40	66
40	67
40	71
40	78
40	79
41	17
41	20
41	29
41	47
41	58
41	64
41	65
41	73
41	78
41	79
42	7
42	12
42	22
42	24
42	31
42	39
42	53
42	56
42	65
42	69
43	8
43	9
43	21
43	28
43	44
43	46
43	54
43	58
43	60
43	76
43	78
44	4
44	40
44	43
44	46
44	47
44	68
44	70
44	74
44	75
44	76
44	80
45	8
45	16
45	28
45	35
45	57
45	59
45	69
45	70
45	71
45	72
45	75
46	17
46	37
46	38
46	43
46	44
46	52
46	60
46	64
46	69
46	71
46	72
47	5
47	15
47	19
47	35
47	41
47	44
47	58
47	62
47	67
47	70
47	73
47	81
48	7
48	13
48	21
48	25
48	29
48	36
48	37
48	50
48	53
48	61
48	74
48	81
49	1
49	9
49	14
49	19
49	51
49	52
49	63
49	66
49	73
49	74
49	78
49	80
50	4
50	10
50	15
50	22
50	30
50	40
50	48
50	56
50	65
50	74
50	77
50	81
51	4
51	15
51	22
51	27
51	49
51	53
51	57
51	59
51	72
51	74
51	76
51	80
52	23
52	38
52	46
52	49
52	55
52	61
52	63
52	65
52	75
52	77
52	79
52	80
53	26
53	35
53	42
53	48
53	51
53	61
53	63
53	70
53	72
53	77
53	79
53	81
54	8
54	14
54	21
54	34
54	36
54	43
54	55
54	58
54	62
54	71
54	79
54	80
55	11
55	19
55	52
55	54
55	57
55	61
55	65
55	66
55	68
55	69
55	75
55	78
56	10
56	25
56	31
56	32
56	42
56	50
56	57
56	61
56	67
56	70
56	76
56	77
56	81
57	7
57	23
57	45
57	51
57	55
57	56
57	59
57	62
57	63
57	66
57	68
57	76
57	78
57	80
58	7
58	9
58	10
58	14
58	21
58	34
58	39
58	41
58	43
58	47
58	54
58	70
58	75
58	77
59	1
59	30
59	32
59	36
59	45
59	51
59	57
59	60
59	65
59	66
59	73
59	78
59	79
59	80
60	1
60	22
60	40
60	43
60	46
60	59
60	64
60	65
60	73
60	74
60	77
60	78
60	79
60	80
60	81
61	1
61	23
61	24
61	26
61	36
61	48
61	52
61	53
61	55
61	56
61	67
61	73
61	76
61	77
61	81
62	9
62	17
62	29
62	30
62	32
62	35
62	47
62	54
62	57
62	67
62	70
62	73
62	74
62	77
62	80
63	2
63	6
63	23
63	31
63	38
63	49
63	52
63	53
63	57
63	67
63	74
63	75
63	76
63	77
63	80
64	19
64	26
64	32
64	34
64	38
64	40
64	41
64	46
64	60
64	65
64	66
64	73
64	74
64	77
64	78
64	79
65	15
65	24
65	41
65	42
65	50
65	52
65	55
65	59
65	60
65	64
65	66
65	73
65	75
65	78
65	79
65	81
66	8
66	33
66	40
66	49
66	55
66	57
66	59
66	64
66	65
66	67
66	69
66	71
66	73
66	74
66	78
66	79
67	13
67	26
67	32
67	37
67	40
67	47
67	56
67	61
67	62
67	63
67	66
67	68
67	70
67	71
67	72
67	77
67	81
68	4
68	20
68	26
68	34
68	37
68	38
68	44
68	55
68	57
68	67
68	69
68	71
68	74
68	75
68	76
68	78
68	80
69	3
69	16
69	17
69	28
69	31
69	36
69	38
69	42
69	45
69	46
69	55
69	66
69	68
69	70
69	71
69	72
69	80
70	11
70	15
70	24
70	29
70	32
70	35
70	44
70	45
70	47
70	53
70	56
70	58
70	62
70	67
70	69
70	77
70	80
71	3
71	16
71	17
71	27
71	28
71	32
71	38
71	40
71	45
71	46
71	54
71	66
71	67
71	68
71	69
71	72
71	79
71	80
72	3
72	14
72	16
72	17
72	28
72	33
72	38
72	45
72	46
72	51
72	53
72	67
72	69
72	71
72	74
72	75
72	76
72	79
73	2
73	18
73	26
73	33
73	37
73	41
73	47
73	49
73	59
73	60
73	61
73	62
73	64
73	65
73	66
73	75
73	78
73	79
73	81
74	11
74	19
74	20
74	27
74	30
74	44
74	48
74	49
74	50
74	51
74	60
74	62
74	63
74	64
74	66
74	68
74	72
74	80
74	81
75	3
75	16
75	18
75	19
75	20
75	23
75	36
75	44
75	45
75	52
75	55
75	58
75	63
75	65
75	68
75	72
75	73
75	76
75	77
75	79
75	80
76	3
76	11
76	18
76	20
76	26
76	27
76	29
76	43
76	44
76	51
76	56
76	57
76	61
76	63
76	68
76	72
76	75
76	77
76	79
76	80
76	81
77	5
77	6
77	11
77	25
77	30
77	33
77	35
77	50
77	52
77	53
77	56
77	58
77	60
77	61
77	62
77	63
77	64
77	67
77	70
77	75
77	76
77	81
78	2
78	17
78	20
78	27
78	31
78	33
78	34
78	40
78	41
78	43
78	49
78	55
78	57
78	59
78	60
78	64
78	65
78	66
78	68
78	73
78	79
78	81
79	2
79	27
79	28
79	33
79	34
79	35
79	40
79	41
79	52
79	53
79	54
79	59
79	60
79	64
79	65
79	66
79	71
79	72
79	73
79	75
79	76
79	78
79	80
80	12
80	25
80	27
80	28
80	32
80	44
80	49
80	51
80	52
80	54
80	57
80	59
80	60
80	62
80	63
80	68
80	69
80	70
80	71
80	74
80	75
80	76
80	79
81	1
81	2
81	3
81	4
81	6
81	12
81	15
81	16
81	23
81	47
81	48
81	50
81	53
81	56
81	60
81	61
81	65
81	67
81	73
81	74
81	76
81	77
81	78
