1	4
1	12
1	34
1	36
1	37
1	79
2	5
2	10
2	53
2	59
2	71
2	74
3	17
3	56
3	58
3	63
3	67
3	76
4	1
4	58
4	65
4	71
4	78
4	81
5	2
5	20
5	21
5	63
5	68
5	73
6	16
6	18
6	66
6	67
6	69
6	73
7	32
7	37
7	62
7	75
7	78
7	80
8	28
8	33
8	60
8	72
8	77
8	81
9	59
9	62
9	66
9	69
9	71
9	72
10	2
10	22
10	27
10	44
10	57
10	81
11	20
11	31
11	44
11	60
11	63
11	77
12	1
12	33
12	65
12	69
12	71
12	72
13	15
13	38
13	52
13	64
13	70
13	75
14	34
14	39
14	43
14	52
14	56
14	64
14	66
15	13
15	21
15	23
15	40
15	72
15	78
15	79
16	6
16	36
16	46
16	66
16	76
16	78
16	79
17	3
17	19
17	57
17	68
17	73
17	75
17	79
18	6
18	25
18	26
18	39
18	42
18	57
18	73
19	17
19	24
19	47
19	59
19	71
19	78
19	79
20	5
20	11
20	33
20	47
20	70
20	73
20	76
21	5
21	15
21	46
21	55
21	56
21	72
21	81
22	10
22	31
22	60
22	66
22	68
22	71
22	80
23	15
23	30
23	38
23	47
23	49
23	70
23	74
24	19
24	26
24	30
24	55
24	57
24	76
24	77
24	78
25	18
25	31
25	35
25	42
25	47
25	56
25	79
25	81
26	18
26	24
26	46
26	57
26	74
26	75
26	77
26	81
27	10
27	30
27	35
27	38
27	49
27	59
27	76
27	77
28	8
28	36
28	52
28	61
28	64
28	73
28	78
28	79
29	36
29	55
29	58
29	60
29	63
29	64
29	70
29	71
30	23
30	24
30	27
30	52
30	63
30	64
30	69
30	72
31	11
31	22
31	25
31	50
31	76
31	78
31	80
31	81
32	7
32	46
32	51
32	55
32	75
32	77
32	79
32	80
33	8
33	12
33	20
33	61
33	66
33	74
33	76
33	79
34	1
34	14
34	40
34	50
34	55
34	58
34	69
34	74
34	80
35	25
35	27
35	39
35	43
35	64
35	65
35	67
35	77
35	80
36	1
36	16
36	28
36	29
36	37
36	39
36	53
36	60
36	63
37	1
37	7
37	36
37	48
37	54
37	63
37	67
37	71
37	79
38	13
38	23
38	27
38	50
38	64
38	70
38	71
38	73
38	74
39	14
39	18
39	35
39	36
39	58
39	61
39	72
39	77
39	80
40	15
40	34
40	46
40	49
40	52
40	56
40	59
40	65
40	74
41	48
41	53
41	62
41	68
41	71
41	73
41	76
41	77
41	78
42	18
42	25
42	55
42	57
42	62
42	65
42	67
42	70
42	77
43	14
43	35
43	48
43	59
43	68
43	70
43	76
43	77
43	81
44	10
44	11
44	54
44	60
44	65
44	71
44	75
44	80
44	81
45	47
45	53
45	56
45	61
45	62
45	63
45	65
45	74
45	75
45	80
46	16
46	21
46	26
46	32
46	40
46	52
46	69
46	73
46	78
46	79
47	19
47	20
47	23
47	25
47	45
47	49
47	51
47	57
47	78
47	79
48	37
48	41
48	43
48	49
48	56
48	58
48	64
48	70
48	72
48	75
48	80
49	23
49	27
49	40
49	47
49	48
49	51
49	72
49	74
49	75
49	80
49	81
50	31
50	34
50	38
50	55
50	61
50	66
50	69
50	72
50	75
50	78
50	81
51	32
51	47
51	49
51	59
51	60
51	63
51	69
51	72
51	73
51	79
51	81
52	13
52	14
52	28
52	30
52	40
52	46
52	53
52	57
52	72
52	79
52	81
53	2
53	36
53	41
53	45
53	52
53	54
53	58
53	60
53	63
53	71
53	81
54	37
54	44
54	53
54	60
54	63
54	66
54	67
54	71
54	72
54	76
54	80
55	21
55	24
55	29
55	32
55	34
55	42
55	50
55	56
55	65
55	74
55	77
55	80
56	3
56	14
56	21
56	25
56	40
56	45
56	48
56	55
56	63
56	73
56	75
56	80
57	10
57	17
57	18
57	24
57	26
57	42
57	47
57	52
57	68
57	70
57	77
57	80
58	3
58	4
58	29
58	34
58	39
58	48
58	53
58	65
58	73
58	74
58	75
58	80
59	2
59	9
59	19
59	27
59	40
59	43
59	51
59	61
59	62
59	68
59	73
59	76
60	8
60	11
60	22
60	29
60	36
60	44
60	51
60	53
60	54
60	62
60	64
60	67
60	73
61	28
61	33
61	39
61	45
61	50
61	59
61	62
61	66
61	67
61	68
61	72
61	73
61	79
61	80
62	7
62	9
62	41
62	42
62	45
62	59
62	60
62	61
62	64
62	65
62	67
62	68
62	72
62	76
63	3
63	5
63	11
63	29
63	30
63	36
63	37
63	45
63	51
63	53
63	54
63	56
63	69
63	71
64	13
64	14
64	28
64	29
64	30
64	35
64	38
64	48
64	60
64	62
64	69
64	70
64	77
64	78
65	4
65	12
65	35
65	40
65	42
65	44
65	45
65	55
65	58
65	62
65	74
65	75
65	77
65	80
66	6
66	9
66	14
66	16
66	22
66	33
66	50
66	54
66	61
66	69
66	73
66	75
66	76
66	81
67	3
67	6
67	35
67	37
67	42
67	54
67	60
67	61
67	62
67	68
67	73
67	76
67	77
67	79
68	5
68	17
68	22
68	41
68	43
68	57
68	59
68	61
68	62
68	67
68	69
68	74
68	75
68	76
68	79
69	6
69	9
69	12
69	30
69	34
69	46
69	50
69	51
69	63
69	64
69	66
69	68
69	78
69	79
69	81
70	13
70	20
70	23
70	29
70	38
70	42
70	43
70	48
70	57
70	64
70	71
70	72
70	77
70	78
70	80
70	81
71	2
71	4
71	9
71	12
71	19
71	22
71	29
71	37
71	38
71	41
71	44
71	53
71	54
71	63
71	70
71	78
71	81
72	8
72	9
72	12
72	15
72	21
72	30
72	39
72	48
72	49
72	50
72	51
72	52
72	54
72	61
72	62
72	70
72	78
72	79
72	81
73	5
73	6
73	17
73	18
73	20
73	28
73	38
73	41
73	46
73	51
73	56
73	58
73	59
73	60
73	61
73	66
73	67
73	76
73	81
74	2
74	23
74	26
74	33
74	34
74	38
74	40
74	45
74	49
74	55
74	58
74	65
74	68
74	75
74	76
74	77
74	78
74	80
74	81
75	7
75	13
75	17
75	26
75	32
75	44
75	45
75	48
75	49
75	50
75	56
75	58
75	65
75	66
75	68
75	74
75	76
75	77
75	78
75	80
76	3
76	16
76	20
76	24
76	27
76	31
76	33
76	41
76	43
76	54
76	59
76	62
76	66
76	67
76	68
76	73
76	74
76	75
76	78
76	79
76	80
77	8
77	11
77	24
77	26
77	27
77	32
77	35
77	39
77	41
77	42
77	43
77	55
77	57
77	64
77	65
77	67
77	70
77	74
77	75
77	78
77	79
78	4
78	7
78	15
78	16
78	19
78	24
78	28
78	31
78	41
78	46
78	47
78	50
78	64
78	69
78	70
78	71
78	72
78	74
78	75
78	76
78	77
78	81
79	1
79	15
79	16
79	17
79	19
79	25
79	28
79	32
79	33
79	37
79	46
79	47
79	51
79	52
79	61
79	67
79	68
79	69
79	72
79	76
79	77
79	80
79	81
80	7
80	22
80	31
80	32
80	34
80	35
80	39
80	44
80	45
80	48
80	49
80	54
80	55
80	56
80	57
80	58
80	61
80	65
80	70
80	74
80	75
80	76
80	79
80	81
81	4
81	8
81	10
81	21
81	25
81	26
81	31
81	43
81	44
81	49
81	50
81	51
81	52
81	53
81	66
81	69
81	70
81	71
81	72
81	73
81	74
81	78
81	79
81	80
