1	48
1	59
1	64
1	71
1	77
1	81
2	18
2	44
2	55
2	69
2	73
2	77
3	14
3	40
3	50
3	52
3	61
3	70
4	58
4	70
4	74
4	75
4	76
4	79
5	39
5	49
5	53
5	58
5	64
5	69
6	10
6	34
6	40
6	67
6	77
6	79
7	23
7	29
7	65
7	68
7	76
7	80
8	54
8	57
8	66
8	72
8	78
8	81
9	32
9	50
9	55
9	61
9	77
9	79
10	6
10	30
10	52
10	55
10	61
10	76
11	35
11	52
11	55
11	57
11	65
11	76
12	24
12	29
12	75
12	76
12	80
12	81
13	34
13	42
13	69
13	74
13	76
13	81
14	3
14	52
14	53
14	64
14	74
14	77
14	79
15	25
15	26
15	74
15	77
15	78
15	80
15	81
16	17
16	21
16	41
16	53
16	64
16	65
16	68
17	16
17	32
17	33
17	59
17	64
17	68
17	69
18	2
18	25
18	34
18	49
18	67
18	78
18	81
19	28
19	70
19	73
19	74
19	75
19	77
19	79
20	21
20	29
20	34
20	37
20	39
20	72
20	79
21	16
21	20
21	27
21	36
21	49
21	68
21	77
22	27
22	44
22	70
22	73
22	74
22	75
22	80
23	7
23	34
23	38
23	52
23	59
23	65
23	68
24	12
24	44
24	67
24	72
24	77
24	78
24	81
25	15
25	18
25	59
25	60
25	77
25	79
25	80
26	15
26	53
26	71
26	73
26	75
26	78
26	81
27	21
27	22
27	36
27	37
27	39
27	58
27	72
28	19
28	45
28	47
28	64
28	75
28	76
28	80
29	7
29	12
29	20
29	58
29	72
29	78
29	81
30	10
30	54
30	58
30	62
30	68
30	69
30	76
31	44
31	45
31	46
31	57
31	70
31	78
31	79
31	81
32	9
32	17
32	41
32	59
32	63
32	73
32	75
32	80
33	17
33	34
33	35
33	40
33	44
33	49
33	73
33	81
34	6
34	13
34	18
34	20
34	23
34	33
34	76
34	77
35	11
35	33
35	45
35	52
35	55
35	56
35	61
35	71
36	21
36	27
36	37
36	39
36	46
36	61
36	76
36	81
37	20
37	27
37	36
37	39
37	45
37	51
37	56
37	73
37	80
38	23
38	39
38	53
38	56
38	57
38	59
38	65
38	68
38	81
39	5
39	20
39	27
39	36
39	37
39	38
39	50
39	56
39	65
40	3
40	6
40	33
40	43
40	48
40	59
40	62
40	67
40	76
41	16
41	32
41	44
41	49
41	51
41	52
41	55
41	62
41	67
42	13
42	44
42	45
42	54
42	58
42	67
42	71
42	72
42	76
43	40
43	49
43	50
43	57
43	70
43	74
43	77
43	79
43	80
44	2
44	22
44	24
44	31
44	33
44	41
44	42
44	61
44	65
45	28
45	31
45	35
45	37
45	42
45	55
45	60
45	73
45	76
45	80
46	31
46	36
46	53
46	57
46	67
46	70
46	75
46	77
46	78
46	79
47	28
47	51
47	56
47	68
47	69
47	71
47	72
47	78
47	80
47	81
48	1
48	40
48	58
48	63
48	69
48	71
48	73
48	75
48	76
48	80
49	5
49	18
49	21
49	33
49	41
49	43
49	54
49	60
49	71
49	72
50	3
50	9
50	39
50	43
50	52
50	55
50	61
50	72
50	75
50	78
51	37
51	41
51	47
51	54
51	55
51	58
51	62
51	69
51	70
51	75
51	79
52	3
52	10
52	11
52	14
52	23
52	35
52	41
52	50
52	60
52	61
52	80
53	5
53	14
53	16
53	26
53	38
53	46
53	59
53	63
53	65
53	66
53	68
54	8
54	30
54	42
54	49
54	51
54	58
54	62
54	71
54	72
54	74
54	78
55	2
55	9
55	10
55	11
55	35
55	41
55	45
55	50
55	51
55	61
55	67
56	35
56	37
56	38
56	39
56	47
56	57
56	64
56	66
56	71
56	78
56	81
57	8
57	11
57	31
57	38
57	43
57	46
57	56
57	72
57	74
57	75
57	77
57	79
58	4
58	5
58	27
58	29
58	30
58	42
58	48
58	51
58	54
58	66
58	67
58	68
59	1
59	17
59	23
59	25
59	32
59	38
59	40
59	53
59	62
59	65
59	68
59	75
60	25
60	45
60	49
60	52
60	63
60	67
60	73
60	75
60	76
60	77
60	79
60	80
61	3
61	9
61	10
61	35
61	36
61	44
61	50
61	52
61	55
61	62
61	78
61	80
62	30
62	40
62	41
62	51
62	54
62	59
62	61
62	66
62	68
62	69
62	70
62	80
63	32
63	48
63	53
63	60
63	67
63	71
63	73
63	75
63	76
63	77
63	78
63	79
63	80
64	1
64	5
64	14
64	16
64	17
64	28
64	56
64	66
64	71
64	72
64	74
64	78
64	81
65	7
65	11
65	16
65	23
65	38
65	39
65	44
65	53
65	59
65	68
65	70
65	78
65	79
66	8
66	53
66	56
66	58
66	62
66	64
66	71
66	72
66	73
66	74
66	77
66	78
66	81
67	6
67	18
67	24
67	40
67	41
67	42
67	46
67	55
67	58
67	60
67	63
67	69
67	73
67	81
68	7
68	16
68	17
68	21
68	23
68	30
68	38
68	47
68	53
68	58
68	59
68	62
68	65
68	74
68	79
69	2
69	5
69	13
69	17
69	30
69	47
69	48
69	51
69	62
69	67
69	70
69	71
69	72
69	75
69	81
70	3
70	4
70	19
70	22
70	31
70	43
70	46
70	51
70	62
70	65
70	69
70	74
70	77
70	79
70	80
71	1
71	26
71	35
71	42
71	47
71	48
71	49
71	54
71	56
71	63
71	64
71	66
71	69
71	72
71	74
71	78
71	81
72	8
72	20
72	24
72	27
72	29
72	42
72	47
72	49
72	50
72	54
72	57
72	64
72	66
72	69
72	71
72	77
72	78
72	81
73	2
73	19
73	22
73	26
73	32
73	33
73	37
73	45
73	48
73	60
73	63
73	66
73	67
73	74
73	75
73	76
73	80
73	81
74	4
74	13
74	14
74	15
74	19
74	22
74	43
74	54
74	57
74	64
74	66
74	68
74	70
74	71
74	73
74	77
74	78
74	79
75	4
75	12
75	19
75	22
75	26
75	28
75	32
75	46
75	48
75	50
75	51
75	57
75	59
75	60
75	63
75	69
75	73
75	76
75	80
76	4
76	7
76	10
76	11
76	12
76	13
76	28
76	30
76	34
76	36
76	40
76	42
76	45
76	48
76	60
76	63
76	73
76	75
76	80
77	1
77	2
77	6
77	9
77	14
77	15
77	19
77	21
77	24
77	25
77	34
77	43
77	46
77	57
77	60
77	63
77	66
77	70
77	72
77	74
77	79
78	8
78	15
78	18
78	24
78	26
78	29
78	31
78	46
78	47
78	50
78	54
78	56
78	61
78	63
78	64
78	65
78	66
78	71
78	72
78	74
78	81
79	4
79	6
79	9
79	14
79	19
79	20
79	25
79	31
79	43
79	46
79	51
79	57
79	60
79	63
79	65
79	68
79	70
79	74
79	77
79	80
79	81
80	7
80	12
80	15
80	22
80	25
80	28
80	32
80	37
80	43
80	45
80	47
80	48
80	52
80	60
80	61
80	62
80	63
80	70
80	73
80	75
80	76
80	79
81	1
81	8
81	12
81	13
81	15
81	18
81	24
81	26
81	29
81	31
81	33
81	36
81	38
81	47
81	56
81	64
81	66
81	67
81	69
81	71
81	72
81	73
81	78
81	79
