1	26
1	35
1	59
1	69
1	73
1	80
2	20
2	31
2	46
2	57
2	58
2	64
3	24
3	66
3	70
3	75
3	76
3	79
4	49
4	50
4	63
4	67
4	73
4	78
5	49
5	59
5	69
5	76
5	78
5	79
6	40
6	53
6	54
6	61
6	72
6	77
7	63
7	65
7	68
7	72
7	77
7	80
8	16
8	39
8	45
8	49
8	51
8	81
9	17
9	20
9	44
9	46
9	79
9	80
10	22
10	66
10	67
10	73
10	78
10	81
11	33
11	43
11	54
11	67
11	69
11	75
12	19
12	41
12	54
12	58
12	78
12	80
13	20
13	38
13	56
13	68
13	74
13	75
14	23
14	37
14	40
14	54
14	60
14	79
15	31
15	60
15	61
15	64
15	68
15	71
15	78
16	8
16	27
16	28
16	35
16	64
16	78
16	79
17	9
17	54
17	66
17	67
17	71
17	72
17	81
18	39
18	46
18	47
18	57
18	59
18	67
18	76
19	12
19	46
19	51
19	59
19	64
19	69
19	75
20	2
20	9
20	13
20	54
20	57
20	60
20	79
21	24
21	27
21	29
21	47
21	57
21	68
21	77
22	10
22	55
22	64
22	71
22	74
22	75
22	79
23	14
23	50
23	56
23	58
23	70
23	78
23	81
24	3
24	21
24	69
24	70
24	72
24	74
24	76
25	29
25	61
25	65
25	67
25	72
25	73
25	80
26	1
26	34
26	64
26	74
26	76
26	80
26	81
27	16
27	21
27	32
27	41
27	71
27	74
27	75
28	16
28	52
28	63
28	74
28	76
28	78
28	81
29	21
29	25
29	45
29	60
29	62
29	74
29	77
30	49
30	51
30	53
30	68
30	76
30	79
30	80
31	2
31	15
31	44
31	50
31	54
31	72
31	79
31	80
32	27
32	52
32	55
32	60
32	65
32	67
32	69
32	73
33	11
33	40
33	51
33	52
33	70
33	72
33	73
33	79
34	26
34	43
34	44
34	52
34	66
34	74
34	75
34	77
35	1
35	16
35	62
35	66
35	75
35	77
35	79
35	80
36	40
36	41
36	56
36	57
36	58
36	62
36	66
36	75
37	14
37	42
37	65
37	67
37	68
37	77
37	78
37	81
38	13
38	39
38	41
38	55
38	63
38	67
38	69
38	79
39	8
39	18
39	38
39	47
39	60
39	71
39	73
39	79
40	6
40	14
40	33
40	36
40	58
40	73
40	80
40	81
41	12
41	27
41	36
41	38
41	46
41	51
41	75
41	76
42	37
42	55
42	56
42	62
42	65
42	68
42	73
42	77
42	81
43	11
43	34
43	48
43	59
43	62
43	70
43	74
43	78
43	80
44	9
44	31
44	34
44	48
44	50
44	52
44	54
44	64
44	80
45	8
45	29
45	47
45	52
45	53
45	67
45	68
45	73
45	76
46	2
46	9
46	18
46	19
46	41
46	55
46	68
46	71
46	77
47	18
47	21
47	39
47	45
47	53
47	54
47	64
47	72
47	75
47	78
48	43
48	44
48	52
48	61
48	62
48	66
48	68
48	70
48	72
48	78
49	4
49	5
49	8
49	30
49	61
49	63
49	73
49	76
49	77
49	80
50	4
50	23
50	31
50	44
50	53
50	61
50	70
50	73
50	77
50	81
51	8
51	19
51	30
51	33
51	41
51	58
51	59
51	65
51	70
51	78
51	81
52	28
52	32
52	33
52	34
52	44
52	45
52	48
52	55
52	63
52	69
52	72
53	6
53	30
53	45
53	47
53	50
53	71
53	74
53	75
53	77
53	78
53	80
54	6
54	11
54	12
54	14
54	17
54	20
54	31
54	44
54	47
54	66
54	79
55	22
55	32
55	38
55	42
55	46
55	52
55	58
55	61
55	63
55	65
55	71
56	13
56	23
56	36
56	42
56	57
56	59
56	64
56	68
56	69
56	75
56	79
56	80
57	2
57	18
57	20
57	21
57	36
57	56
57	59
57	60
57	65
57	67
57	69
57	71
58	2
58	12
58	23
58	36
58	40
58	51
58	55
58	63
58	66
58	72
58	76
58	77
59	1
59	5
59	18
59	19
59	43
59	51
59	56
59	57
59	62
59	67
59	70
59	76
59	81
60	14
60	15
60	20
60	29
60	32
60	39
60	57
60	64
60	69
60	71
60	74
60	75
60	80
61	6
61	15
61	25
61	48
61	49
61	50
61	55
61	62
61	64
61	68
61	70
61	71
61	79
62	29
62	35
62	36
62	42
62	43
62	48
62	59
62	61
62	63
62	64
62	73
62	74
62	81
63	4
63	7
63	28
63	38
63	49
63	52
63	55
63	58
63	62
63	64
63	71
63	74
63	81
64	2
64	15
64	16
64	19
64	22
64	26
64	44
64	47
64	56
64	60
64	61
64	62
64	63
64	66
65	7
65	25
65	32
65	37
65	42
65	51
65	55
65	57
65	66
65	69
65	72
65	76
65	78
65	80
66	3
66	10
66	17
66	34
66	35
66	36
66	48
66	54
66	58
66	64
66	65
66	70
66	77
66	81
67	4
67	10
67	11
67	17
67	18
67	25
67	32
67	37
67	38
67	45
67	57
67	59
67	74
67	75
67	76
68	7
68	13
68	15
68	21
68	30
68	37
68	42
68	45
68	46
68	48
68	56
68	61
68	71
68	79
68	80
69	1
69	5
69	11
69	19
69	24
69	32
69	38
69	52
69	56
69	57
69	60
69	65
69	71
69	76
69	80
69	81
70	3
70	23
70	24
70	33
70	43
70	48
70	50
70	51
70	59
70	61
70	66
70	72
70	74
70	78
70	80
70	81
71	15
71	17
71	22
71	27
71	39
71	46
71	53
71	55
71	57
71	60
71	61
71	63
71	68
71	69
71	74
71	75
72	6
72	7
72	17
72	24
72	25
72	31
72	33
72	47
72	48
72	52
72	58
72	65
72	70
72	73
72	74
72	81
73	1
73	4
73	10
73	25
73	32
73	33
73	39
73	40
73	42
73	45
73	49
73	50
73	62
73	72
73	77
73	79
73	81
74	13
74	22
74	24
74	26
74	27
74	28
74	29
74	34
74	43
74	53
74	60
74	62
74	63
74	67
74	70
74	71
74	72
75	3
75	11
75	13
75	19
75	22
75	27
75	34
75	35
75	36
75	41
75	47
75	53
75	56
75	60
75	67
75	71
75	76
76	3
76	5
76	18
76	24
76	26
76	28
76	30
76	41
76	45
76	49
76	58
76	59
76	65
76	67
76	69
76	75
76	77
76	78
77	6
77	7
77	21
77	29
77	34
77	35
77	37
77	42
77	46
77	49
77	50
77	53
77	58
77	66
77	73
77	76
77	80
77	81
78	4
78	5
78	10
78	12
78	15
78	16
78	23
78	28
78	37
78	43
78	47
78	48
78	51
78	53
78	65
78	70
78	76
78	80
78	81
79	3
79	5
79	9
79	14
79	16
79	20
79	22
79	30
79	31
79	33
79	35
79	38
79	39
79	54
79	56
79	61
79	68
79	73
79	81
80	1
80	7
80	9
80	12
80	25
80	26
80	30
80	31
80	35
80	40
80	43
80	44
80	49
80	53
80	56
80	60
80	65
80	68
80	69
80	70
80	77
80	78
81	8
81	10
81	17
81	23
81	26
81	28
81	37
81	40
81	42
81	50
81	51
81	59
81	62
81	63
81	66
81	69
81	70
81	72
81	73
81	77
81	78
81	79
