1	5
1	40
1	65
1	68
1	69
1	81
2	19
2	22
2	61
2	73
2	74
2	80
3	17
3	43
3	58
3	61
3	64
3	76
4	28
4	49
4	60
4	75
4	77
4	80
5	1
5	20
5	50
5	66
5	74
5	80
6	33
6	36
6	39
6	75
6	76
6	77
7	26
7	34
7	45
7	53
7	63
7	80
8	20
8	26
8	27
8	71
8	74
8	79
9	29
9	42
9	50
9	60
9	77
9	80
10	25
10	41
10	62
10	65
10	68
10	79
11	24
11	37
11	47
11	48
11	73
11	79
12	20
12	43
12	50
12	53
12	74
12	79
13	25
13	43
13	52
13	53
13	62
13	76
14	53
14	67
14	70
14	73
14	78
14	81
15	46
15	48
15	63
15	69
15	76
15	80
16	32
16	41
16	43
16	52
16	54
16	69
17	3
17	28
17	30
17	52
17	73
17	78
18	32
18	42
18	44
18	47
18	66
18	78
18	79
19	2
19	52
19	67
19	76
19	77
19	78
19	81
20	5
20	8
20	12
20	36
20	68
20	72
20	74
21	50
21	62
21	71
21	73
21	75
21	76
21	79
22	2
22	32
22	54
22	58
22	69
22	72
22	73
23	31
23	46
23	52
23	57
23	58
23	61
23	72
24	11
24	37
24	43
24	46
24	68
24	71
24	76
25	10
25	13
25	27
25	48
25	61
25	71
25	77
26	7
26	8
26	55
26	59
26	64
26	70
26	81
27	8
27	25
27	33
27	54
27	70
27	74
27	80
28	4
28	17
28	39
28	45
28	49
28	61
28	74
28	79
29	9
29	50
29	51
29	57
29	59
29	67
29	70
29	79
30	17
30	40
30	45
30	54
30	63
30	70
30	75
30	80
31	23
31	34
31	41
31	45
31	50
31	58
31	66
31	72
32	16
32	18
32	22
32	48
32	66
32	70
32	74
32	79
33	6
33	27
33	38
33	55
33	58
33	68
33	72
33	80
34	7
34	31
34	43
34	55
34	58
34	72
34	76
34	81
35	40
35	44
35	46
35	47
35	58
35	70
35	78
35	81
36	6
36	20
36	41
36	47
36	56
36	64
36	67
36	79
37	11
37	24
37	42
37	63
37	69
37	71
37	73
37	79
38	33
38	48
38	49
38	57
38	61
38	67
38	73
38	78
39	6
39	28
39	49
39	59
39	67
39	71
39	73
39	77
40	1
40	30
40	35
40	44
40	55
40	60
40	65
40	68
40	72
41	10
41	16
41	31
41	36
41	59
41	64
41	66
41	74
41	79
42	9
42	18
42	37
42	60
42	61
42	62
42	68
42	69
42	81
43	3
43	12
43	13
43	16
43	24
43	34
43	47
43	76
43	81
44	18
44	35
44	40
44	55
44	56
44	58
44	66
44	74
44	79
45	7
45	28
45	30
45	31
45	52
45	64
45	69
45	72
45	78
46	15
46	23
46	24
46	35
46	60
46	75
46	77
46	78
46	79
46	81
47	11
47	18
47	35
47	36
47	43
47	51
47	66
47	67
47	75
47	78
48	11
48	15
48	25
48	32
48	38
48	53
48	56
48	69
48	78
48	80
49	4
49	28
49	38
49	39
49	51
49	59
49	67
49	70
49	73
49	78
50	5
50	9
50	12
50	21
50	29
50	31
50	57
50	66
50	70
50	71
51	29
51	47
51	49
51	52
51	59
51	65
51	69
51	75
51	78
51	81
52	13
52	16
52	17
52	19
52	23
52	45
52	51
52	56
52	61
52	80
52	81
53	7
53	12
53	13
53	14
53	48
53	54
53	60
53	68
53	69
53	71
53	77
54	16
54	22
54	27
54	30
54	53
54	68
54	69
54	72
54	77
54	78
54	81
55	26
55	33
55	34
55	40
55	44
55	58
55	60
55	62
55	63
55	69
55	75
56	36
56	44
56	48
56	52
56	57
56	65
56	66
56	71
56	74
56	79
56	80
57	23
57	29
57	38
57	50
57	56
57	61
57	67
57	70
57	71
57	76
57	79
58	3
58	22
58	23
58	31
58	33
58	34
58	35
58	44
58	55
58	63
58	74
58	81
59	26
59	29
59	39
59	41
59	49
59	51
59	64
59	72
59	74
59	77
59	78
59	81
60	4
60	9
60	40
60	42
60	46
60	53
60	55
60	61
60	65
60	74
60	78
60	80
61	2
61	3
61	23
61	25
61	28
61	38
61	42
61	52
61	57
61	60
61	62
61	66
62	10
62	13
62	21
62	42
62	55
62	61
62	63
62	65
62	68
62	69
62	72
62	73
62	80
63	7
63	15
63	30
63	37
63	55
63	58
63	62
63	65
63	68
63	72
63	74
63	77
63	79
64	3
64	26
64	36
64	41
64	45
64	59
64	67
64	68
64	75
64	76
64	77
64	80
64	81
65	1
65	10
65	40
65	51
65	56
65	60
65	62
65	63
65	67
65	68
65	72
65	75
65	76
65	80
66	5
66	18
66	31
66	32
66	41
66	44
66	47
66	50
66	56
66	61
66	71
66	75
66	77
66	79
67	14
67	19
67	29
67	36
67	38
67	39
67	47
67	49
67	57
67	64
67	65
67	69
67	70
67	81
68	1
68	10
68	20
68	24
68	33
68	40
68	42
68	53
68	54
68	62
68	63
68	64
68	65
68	72
68	73
69	1
69	15
69	16
69	22
69	37
69	42
69	45
69	48
69	51
69	53
69	54
69	55
69	62
69	67
69	75
69	81
70	14
70	26
70	27
70	29
70	30
70	32
70	35
70	49
70	50
70	57
70	67
70	71
70	73
70	74
70	78
70	81
71	8
71	21
71	24
71	25
71	37
71	39
71	50
71	53
71	56
71	57
71	66
71	70
71	73
71	75
71	80
71	81
72	20
72	22
72	23
72	31
72	33
72	34
72	40
72	45
72	54
72	59
72	62
72	63
72	65
72	68
72	73
72	74
72	76
73	2
73	11
73	14
73	17
73	21
73	22
73	37
73	38
73	39
73	49
73	62
73	68
73	70
73	71
73	72
73	76
73	77
74	2
74	5
74	8
74	12
74	20
74	27
74	28
74	32
74	41
74	44
74	56
74	58
74	59
74	60
74	63
74	70
74	72
74	79
75	4
75	6
75	21
75	30
75	46
75	47
75	51
75	55
75	64
75	65
75	66
75	69
75	71
75	76
75	77
75	78
75	80
75	81
76	3
76	6
76	13
76	15
76	19
76	21
76	24
76	34
76	43
76	57
76	64
76	65
76	72
76	73
76	75
76	77
76	78
76	79
76	81
77	4
77	6
77	9
77	19
77	25
77	39
77	46
77	53
77	54
77	59
77	63
77	64
77	66
77	73
77	75
77	76
77	78
77	80
77	81
78	14
78	17
78	18
78	19
78	35
78	38
78	45
78	46
78	47
78	48
78	49
78	51
78	54
78	59
78	60
78	70
78	75
78	76
78	77
78	81
79	8
79	10
79	11
79	12
79	18
79	21
79	28
79	29
79	32
79	36
79	37
79	41
79	44
79	46
79	56
79	57
79	63
79	66
79	74
79	76
80	2
80	4
80	5
80	7
80	9
80	15
80	27
80	30
80	33
80	48
80	52
80	56
80	60
80	62
80	64
80	65
80	71
80	75
80	77
80	81
81	1
81	14
81	19
81	26
81	34
81	35
81	42
81	43
81	46
81	51
81	52
81	54
81	58
81	59
81	64
81	67
81	69
81	70
81	71
81	75
81	76
81	77
81	78
81	80
