1	42
1	53
1	61
1	71
1	73
1	78
2	11
2	30
2	46
2	48
2	58
2	61
3	4
3	15
3	30
3	49
3	62
3	73
4	3
4	23
4	60
4	70
4	72
4	74
5	61
5	65
5	67
5	72
5	78
5	81
6	17
6	46
6	55
6	73
6	76
6	81
7	54
7	70
7	71
7	74
7	77
7	80
8	29
8	65
8	66
8	69
8	73
8	80
9	54
9	65
9	66
9	73
9	79
9	81
10	12
10	40
10	42
10	64
10	65
10	73
11	2
11	12
11	68
11	75
11	77
11	80
12	10
12	11
12	24
12	67
12	74
12	81
13	21
13	32
13	70
13	72
13	76
13	80
14	30
14	36
14	42
14	66
14	73
14	80
15	3
15	57
15	61
15	66
15	69
15	71
16	26
16	53
16	59
16	63
16	67
16	71
17	6
17	55
17	65
17	69
17	71
17	75
18	25
18	33
18	42
18	70
18	72
18	80
19	41
19	46
19	61
19	68
19	72
19	75
19	76
20	32
20	43
20	52
20	63
20	75
20	78
20	81
21	13
21	49
21	52
21	65
21	67
21	77
21	80
22	24
22	36
22	39
22	55
22	59
22	69
22	76
23	4
23	32
23	48
23	50
23	77
23	79
23	81
24	12
24	22
24	48
24	60
24	69
24	70
24	77
25	18
25	32
25	55
25	66
25	68
25	73
25	75
26	16
26	57
26	63
26	71
26	72
26	76
26	77
27	37
27	44
27	54
27	60
27	75
27	76
27	80
28	47
28	50
28	56
28	58
28	62
28	73
28	79
29	8
29	37
29	59
29	66
29	69
29	76
29	77
29	81
30	2
30	3
30	14
30	64
30	74
30	78
30	79
30	81
31	34
31	41
31	56
31	71
31	72
31	74
31	79
31	80
32	13
32	20
32	23
32	25
32	35
32	70
32	72
32	79
33	18
33	38
33	47
33	56
33	70
33	78
33	80
33	81
34	31
34	42
34	43
34	45
34	48
34	49
34	68
34	74
35	32
35	49
35	59
35	64
35	71
35	74
35	78
35	81
36	14
36	22
36	51
36	56
36	69
36	72
36	79
36	80
37	27
37	29
37	43
37	51
37	59
37	69
37	76
37	81
38	33
38	58
38	69
38	74
38	75
38	77
38	79
38	80
39	22
39	44
39	60
39	64
39	65
39	66
39	72
39	73
40	10
40	41
40	55
40	59
40	69
40	70
40	76
40	81
41	19
41	31
41	40
41	51
41	63
41	64
41	67
41	78
41	81
42	1
42	10
42	14
42	18
42	34
42	44
42	60
42	66
42	73
43	20
43	34
43	37
43	45
43	57
43	59
43	61
43	70
43	71
44	27
44	39
44	42
44	62
44	65
44	66
44	73
44	79
44	80
45	34
45	43
45	53
45	57
45	61
45	71
45	72
45	74
45	77
46	2
46	6
46	19
46	49
46	51
46	58
46	68
46	70
46	73
47	28
47	33
47	53
47	58
47	64
47	71
47	74
47	78
47	81
48	2
48	23
48	24
48	34
48	57
48	61
48	68
48	74
48	77
48	79
49	3
49	21
49	34
49	35
49	46
49	62
49	65
49	66
49	75
49	78
50	23
50	28
50	54
50	58
50	60
50	63
50	70
50	77
50	78
50	80
51	36
51	37
51	41
51	46
51	62
51	64
51	71
51	75
51	76
51	79
52	20
52	21
52	56
52	57
52	58
52	60
52	63
52	70
52	77
52	78
52	80
53	1
53	16
53	45
53	47
53	57
53	59
53	61
53	62
53	67
53	71
53	75
54	7
54	9
54	27
54	50
54	55
54	56
54	59
54	66
54	69
54	76
54	77
55	6
55	17
55	22
55	25
55	40
55	54
55	62
55	64
55	68
55	76
55	79
56	28
56	31
56	33
56	36
56	52
56	54
56	61
56	62
56	64
56	72
56	75
56	81
57	15
57	26
57	43
57	45
57	48
57	52
57	53
57	61
57	71
57	72
57	77
57	78
57	79
58	2
58	28
58	38
58	46
58	47
58	50
58	52
58	60
58	63
58	68
58	70
58	77
58	80
59	16
59	22
59	29
59	35
59	37
59	40
59	43
59	53
59	54
59	67
59	69
59	70
59	76
60	4
60	24
60	27
60	39
60	42
60	50
60	52
60	58
60	62
60	70
60	77
60	78
60	79
60	80
61	1
61	2
61	5
61	15
61	19
61	43
61	45
61	48
61	53
61	56
61	57
61	71
61	73
61	81
62	3
62	28
62	44
62	49
62	51
62	53
62	55
62	56
62	60
62	72
62	73
62	74
62	79
62	80
63	16
63	20
63	26
63	41
63	50
63	52
63	58
63	64
63	66
63	67
63	74
63	76
63	78
63	81
64	10
64	30
64	35
64	39
64	41
64	47
64	51
64	55
64	56
64	63
64	65
64	67
64	68
64	74
64	81
65	5
65	8
65	9
65	10
65	17
65	21
65	39
65	44
65	49
65	64
65	66
65	68
65	72
65	73
65	81
66	8
66	9
66	14
66	15
66	25
66	29
66	39
66	42
66	44
66	49
66	54
66	63
66	65
66	73
66	76
66	77
67	5
67	12
67	16
67	21
67	41
67	53
67	59
67	63
67	64
67	68
67	74
67	75
67	76
67	78
67	80
67	81
68	11
68	19
68	25
68	34
68	46
68	48
68	55
68	58
68	64
68	65
68	67
68	75
68	76
68	78
68	79
68	81
69	8
69	15
69	17
69	22
69	24
69	29
69	36
69	37
69	38
69	40
69	54
69	59
69	75
69	76
69	77
69	79
70	4
70	7
70	13
70	18
70	24
70	32
70	33
70	40
70	43
70	46
70	50
70	52
70	58
70	59
70	60
70	75
70	80
71	1
71	7
71	15
71	16
71	17
71	26
71	31
71	35
71	43
71	45
71	47
71	51
71	53
71	57
71	61
71	73
71	76
71	80
72	4
72	5
72	13
72	18
72	19
72	26
72	31
72	32
72	36
72	39
72	45
72	56
72	57
72	62
72	65
72	75
72	79
72	81
73	1
73	3
73	6
73	8
73	9
73	10
73	14
73	25
73	28
73	39
73	42
73	44
73	46
73	61
73	62
73	65
73	66
73	71
73	79
74	4
74	7
74	12
74	30
74	31
74	34
74	35
74	38
74	45
74	47
74	48
74	62
74	63
74	64
74	67
74	75
74	78
74	79
74	81
75	11
75	17
75	19
75	20
75	25
75	27
75	38
75	49
75	51
75	53
75	56
75	67
75	68
75	69
75	70
75	72
75	74
75	79
75	80
76	6
76	13
76	19
76	22
76	26
76	27
76	29
76	37
76	40
76	51
76	54
76	55
76	59
76	63
76	66
76	67
76	68
76	69
76	71
77	7
77	11
77	21
77	23
77	24
77	26
77	29
77	38
77	45
77	48
77	50
77	52
77	54
77	57
77	58
77	60
77	66
77	69
77	80
78	1
78	5
78	20
78	30
78	33
78	35
78	41
78	47
78	49
78	50
78	52
78	57
78	60
78	63
78	67
78	68
78	74
78	79
78	80
78	81
79	9
79	23
79	28
79	30
79	31
79	32
79	36
79	38
79	44
79	48
79	51
79	55
79	57
79	60
79	62
79	68
79	69
79	72
79	73
79	74
79	75
79	78
80	7
80	8
80	11
80	13
80	14
80	18
80	21
80	27
80	31
80	33
80	36
80	38
80	44
80	50
80	52
80	58
80	60
80	62
80	67
80	70
80	71
80	75
80	77
80	78
81	5
81	6
81	9
81	12
81	20
81	23
81	29
81	30
81	33
81	35
81	37
81	40
81	41
81	47
81	56
81	61
81	63
81	64
81	65
81	67
81	68
81	72
81	74
81	78
