1	34
1	38
1	46
1	64
1	71
1	77
2	6
2	13
2	20
2	26
2	47
2	60
3	26
3	50
3	52
3	61
3	73
3	80
4	33
4	42
4	61
4	70
4	79
4	81
5	23
5	50
5	57
5	60
5	61
5	66
6	2
6	11
6	25
6	47
6	54
6	74
7	21
7	34
7	69
7	74
7	75
7	76
8	57
8	59
8	69
8	71
8	73
8	76
9	14
9	62
9	74
9	78
9	79
9	80
10	17
10	18
10	39
10	47
10	72
10	80
11	6
11	26
11	39
11	52
11	66
11	76
12	14
12	22
12	45
12	60
12	71
12	79
13	2
13	62
13	74
13	78
13	79
13	80
14	9
14	12
14	53
14	72
14	74
14	81
15	37
15	49
15	68
15	71
15	72
15	73
15	81
16	24
16	47
16	51
16	54
16	74
16	79
16	81
17	10
17	34
17	42
17	44
17	49
17	56
17	81
18	10
18	25
18	26
18	35
18	47
18	53
18	67
19	32
19	63
19	76
19	77
19	78
19	79
19	80
20	2
20	34
20	47
20	67
20	71
20	75
20	76
21	7
21	26
21	54
21	77
21	78
21	79
21	80
22	12
22	35
22	46
22	64
22	65
22	69
22	73
23	5
23	31
23	43
23	51
23	55
23	64
23	70
24	16
24	31
24	44
24	51
24	65
24	72
24	74
24	81
25	6
25	18
25	28
25	39
25	45
25	47
25	55
25	66
26	2
26	3
26	11
26	18
26	21
26	39
26	64
26	71
27	32
27	52
27	54
27	57
27	61
27	74
27	75
27	78
28	25
28	31
28	41
28	51
28	55
28	62
28	68
28	80
29	35
29	38
29	47
29	63
29	65
29	71
29	75
29	76
30	35
30	45
30	46
30	52
30	63
30	64
30	71
30	72
31	23
31	24
31	28
31	40
31	61
31	62
31	69
31	81
32	19
32	27
32	35
32	52
32	57
32	61
32	68
32	72
33	4
33	43
33	65
33	71
33	75
33	76
33	78
33	80
34	1
34	7
34	17
34	20
34	41
34	42
34	44
34	49
34	50
35	18
35	22
35	29
35	30
35	32
35	38
35	60
35	64
35	77
36	39
36	50
36	59
36	65
36	67
36	77
36	78
36	79
36	80
37	15
37	41
37	42
37	44
37	49
37	57
37	76
37	79
37	81
38	1
38	29
38	35
38	45
38	56
38	60
38	64
38	74
38	75
39	10
39	11
39	25
39	26
39	36
39	47
39	50
39	65
39	78
40	31
40	41
40	43
40	51
40	55
40	62
40	66
40	73
40	80
41	28
41	34
41	37
41	40
41	42
41	44
41	48
41	49
41	62
41	78
42	4
42	17
42	34
42	37
42	41
42	49
42	51
42	52
42	62
42	74
43	23
43	33
43	40
43	45
43	51
43	55
43	57
43	59
43	62
43	77
44	17
44	24
44	34
44	37
44	41
44	53
44	55
44	61
44	70
44	74
45	12
45	25
45	30
45	38
45	43
45	46
45	64
45	69
45	78
45	81
46	1
46	22
46	30
46	45
46	47
46	49
46	60
46	64
46	70
46	77
46	81
47	2
47	6
47	10
47	16
47	18
47	20
47	25
47	29
47	39
47	46
47	66
48	41
48	59
48	62
48	65
48	66
48	68
48	69
48	71
48	75
48	76
48	78
49	15
49	17
49	34
49	37
49	41
49	42
49	46
49	56
49	62
49	70
49	78
50	3
50	5
50	34
50	36
50	39
50	51
50	52
50	57
50	61
50	65
50	72
51	16
51	23
51	24
51	28
51	40
51	42
51	43
51	50
51	55
51	62
51	68
52	3
52	11
52	27
52	30
52	32
52	42
52	50
52	57
52	61
52	72
52	81
53	14
53	18
53	44
53	58
53	64
53	70
53	73
53	77
53	78
53	79
53	80
53	81
54	6
54	16
54	21
54	27
54	55
54	58
54	59
54	67
54	68
54	70
54	78
54	81
55	23
55	25
55	28
55	40
55	43
55	44
55	51
55	54
55	62
55	69
55	77
55	80
56	17
56	38
56	49
56	67
56	68
56	69
56	73
56	75
56	77
56	78
56	79
56	80
57	5
57	8
57	27
57	32
57	37
57	43
57	50
57	52
57	59
57	61
57	72
57	80
58	53
58	54
58	61
58	64
58	72
58	73
58	75
58	77
58	78
58	79
58	80
58	81
59	8
59	36
59	43
59	48
59	54
59	57
59	63
59	67
59	70
59	72
59	74
59	78
59	81
60	2
60	5
60	12
60	35
60	38
60	46
60	64
60	72
60	73
60	75
60	77
60	79
60	80
61	3
61	4
61	5
61	27
61	31
61	32
61	44
61	50
61	52
61	57
61	58
61	70
61	78
62	9
62	13
62	28
62	31
62	40
62	41
62	42
62	43
62	48
62	49
62	51
62	55
62	71
63	19
63	29
63	30
63	59
63	65
63	67
63	68
63	70
63	72
63	74
63	75
63	76
63	80
63	81
64	1
64	22
64	23
64	26
64	30
64	35
64	38
64	45
64	46
64	53
64	58
64	60
64	69
64	74
64	75
65	22
65	24
65	29
65	33
65	36
65	39
65	48
65	50
65	63
65	66
65	69
65	71
65	75
65	76
65	79
66	5
66	11
66	25
66	40
66	47
66	48
66	65
66	69
66	71
66	75
66	76
66	77
66	80
67	18
67	20
67	36
67	54
67	56
67	59
67	63
67	68
67	69
67	70
67	71
67	74
67	76
67	79
67	81
68	15
68	28
68	32
68	48
68	51
68	54
68	56
68	63
68	67
68	70
68	72
68	74
68	76
68	77
68	80
68	81
69	7
69	8
69	22
69	31
69	45
69	48
69	55
69	56
69	64
69	65
69	66
69	67
69	71
69	75
69	76
69	77
69	79
70	4
70	23
70	44
70	46
70	49
70	53
70	54
70	59
70	61
70	63
70	67
70	68
70	72
70	73
70	74
70	77
70	79
70	81
71	1
71	8
71	12
71	15
71	20
71	26
71	29
71	30
71	33
71	48
71	62
71	65
71	66
71	67
71	69
71	74
71	75
71	76
71	77
72	10
72	14
72	15
72	24
72	30
72	32
72	50
72	52
72	57
72	58
72	59
72	60
72	63
72	68
72	70
72	74
72	75
72	80
72	81
73	3
73	8
73	15
73	22
73	40
73	53
73	56
73	58
73	60
73	70
73	76
73	77
73	78
73	79
73	80
73	81
74	6
74	7
74	9
74	13
74	14
74	16
74	24
74	27
74	38
74	42
74	44
74	59
74	63
74	64
74	67
74	68
74	70
74	71
74	72
74	81
75	7
75	20
75	27
75	29
75	33
75	38
75	48
75	56
75	58
75	60
75	63
75	64
75	65
75	66
75	69
75	71
75	72
75	76
75	78
75	79
76	7
76	8
76	11
76	19
76	20
76	29
76	33
76	37
76	48
76	63
76	65
76	66
76	67
76	68
76	69
76	71
76	73
76	75
76	78
76	79
76	81
77	1
77	19
77	21
77	35
77	36
77	43
77	46
77	53
77	55
77	56
77	58
77	60
77	66
77	68
77	69
77	70
77	71
77	73
77	78
77	79
77	80
77	81
78	9
78	13
78	19
78	21
78	27
78	33
78	36
78	39
78	41
78	45
78	48
78	49
78	53
78	54
78	56
78	58
78	59
78	61
78	73
78	75
78	76
78	77
78	79
78	80
79	4
79	9
79	12
79	13
79	16
79	19
79	21
79	36
79	37
79	53
79	56
79	58
79	60
79	65
79	67
79	69
79	70
79	73
79	75
79	76
79	77
79	78
79	80
79	81
80	3
80	9
80	10
80	13
80	19
80	21
80	28
80	33
80	36
80	40
80	53
80	55
80	56
80	57
80	58
80	60
80	63
80	66
80	68
80	72
80	73
80	77
80	78
80	79
81	4
81	14
81	15
81	16
81	17
81	24
81	31
81	37
81	45
81	46
81	52
81	53
81	54
81	58
81	59
81	63
81	67
81	68
81	70
81	72
81	73
81	74
81	76
81	77
81	79
