1	23
1	54
1	63
1	65
1	69
1	81
2	32
2	52
2	56
2	67
2	68
2	71
3	18
3	47
3	53
3	59
3	75
3	79
4	6
4	31
4	48
4	52
4	54
4	62
5	42
5	43
5	47
5	53
5	61
5	71
6	4
6	29
6	32
6	35
6	59
6	68
7	50
7	52
7	67
7	71
7	77
7	80
8	16
8	24
8	32
8	41
8	47
8	60
9	24
9	35
9	43
9	66
9	74
9	80
10	27
10	44
10	51
10	68
10	75
10	80
11	26
11	50
11	54
11	65
11	78
11	81
12	18
12	49
12	60
12	63
12	71
12	76
13	42
13	64
13	69
13	74
13	79
13	81
14	21
14	46
14	56
14	61
14	63
14	73
15	22
15	57
15	59
15	63
15	76
15	77
16	8
16	21
16	23
16	45
16	58
16	78
17	24
17	39
17	60
17	71
17	72
17	73
18	3
18	12
18	23
18	63
18	71
18	78
19	50
19	51
19	55
19	62
19	73
19	79
19	80
20	22
20	28
20	35
20	43
20	59
20	71
20	72
21	14
21	16
21	37
21	46
21	71
21	79
21	81
22	15
22	20
22	27
22	48
22	65
22	71
22	77
23	1
23	16
23	18
23	60
23	74
23	79
23	81
24	8
24	9
24	17
24	41
24	45
24	51
24	80
25	39
25	41
25	48
25	51
25	60
25	74
25	80
26	11
26	36
26	64
26	69
26	76
26	78
26	79
27	10
27	22
27	36
27	37
27	65
27	74
27	80
28	20
28	29
28	65
28	66
28	69
28	76
28	81
29	6
29	28
29	30
29	54
29	76
29	78
29	81
30	29
30	57
30	58
30	66
30	74
30	75
30	80
31	4
31	34
31	37
31	52
31	56
31	73
31	79
32	2
32	6
32	8
32	43
32	56
32	61
32	79
33	47
33	55
33	57
33	67
33	70
33	73
33	81
34	31
34	35
34	50
34	52
34	56
34	75
34	79
35	6
35	9
35	20
35	34
35	44
35	56
35	64
36	26
36	27
36	43
36	48
36	59
36	63
36	72
37	21
37	27
37	31
37	48
37	61
37	72
37	81
38	50
38	62
38	70
38	76
38	77
38	78
38	81
39	17
39	25
39	51
39	60
39	64
39	75
39	76
39	78
40	45
40	57
40	61
40	68
40	76
40	78
40	79
40	81
41	8
41	24
41	25
41	44
41	51
41	75
41	78
41	81
42	5
42	13
42	49
42	57
42	58
42	65
42	72
42	76
43	5
43	9
43	20
43	32
43	36
43	67
43	71
43	80
44	10
44	35
44	41
44	51
44	59
44	67
44	77
44	79
45	16
45	24
45	40
45	54
45	64
45	73
45	76
45	77
46	14
46	21
46	56
46	65
46	68
46	70
46	72
46	80
47	3
47	5
47	8
47	33
47	48
47	55
47	76
47	78
47	81
48	4
48	22
48	25
48	36
48	37
48	47
48	55
48	61
48	63
49	12
49	42
49	50
49	58
49	68
49	72
49	75
49	76
49	80
50	7
50	11
50	19
50	34
50	38
50	49
50	54
50	58
50	77
51	10
51	19
51	24
51	25
51	39
51	41
51	44
51	60
51	71
51	77
52	2
52	4
52	7
52	31
52	34
52	56
52	69
52	70
52	71
52	72
53	3
53	5
53	59
53	63
53	69
53	73
53	75
53	78
53	79
53	81
54	1
54	4
54	11
54	29
54	45
54	50
54	62
54	68
54	73
54	74
54	79
55	19
55	33
55	47
55	48
55	57
55	59
55	65
55	66
55	76
55	78
55	80
56	2
56	14
56	31
56	32
56	34
56	35
56	46
56	52
56	77
56	79
56	81
57	15
57	30
57	33
57	40
57	42
57	55
57	63
57	74
57	77
57	78
57	81
58	16
58	30
58	42
58	49
58	50
58	61
58	65
58	69
58	70
58	76
58	78
59	3
59	6
59	15
59	20
59	36
59	44
59	53
59	55
59	60
59	66
59	67
60	8
60	12
60	17
60	23
60	25
60	39
60	51
60	59
60	63
60	70
60	77
61	5
61	14
61	32
61	37
61	40
61	48
61	58
61	63
61	69
61	71
61	77
61	78
62	4
62	19
62	38
62	54
62	64
62	66
62	70
62	72
62	74
62	75
62	76
62	80
63	1
63	12
63	14
63	15
63	18
63	36
63	48
63	53
63	57
63	60
63	61
63	75
63	80
64	13
64	26
64	35
64	39
64	45
64	62
64	66
64	68
64	69
64	70
64	73
64	77
64	79
65	1
65	11
65	22
65	27
65	28
65	42
65	46
65	55
65	58
65	68
65	73
65	74
65	78
65	81
66	9
66	28
66	30
66	55
66	59
66	62
66	64
66	70
66	72
66	74
66	76
66	77
66	80
66	81
67	2
67	7
67	33
67	43
67	44
67	59
67	69
67	70
67	71
67	73
67	77
67	78
67	79
67	80
68	2
68	6
68	10
68	40
68	46
68	49
68	54
68	64
68	65
68	70
68	72
68	74
68	75
68	80
68	81
69	1
69	13
69	26
69	28
69	52
69	53
69	58
69	61
69	64
69	67
69	73
69	76
69	77
69	78
69	79
69	80
70	33
70	38
70	46
70	52
70	58
70	60
70	62
70	64
70	66
70	67
70	68
70	72
70	74
70	75
70	78
70	80
71	2
71	5
71	7
71	12
71	17
71	18
71	20
71	21
71	22
71	43
71	51
71	52
71	61
71	67
71	75
71	77
72	17
72	20
72	36
72	37
72	42
72	46
72	49
72	52
72	62
72	66
72	68
72	70
72	73
72	74
72	75
72	76
72	79
73	14
73	17
73	19
73	31
73	33
73	45
73	53
73	54
73	64
73	65
73	67
73	69
73	72
73	74
73	75
73	77
73	79
73	81
74	9
74	13
74	23
74	25
74	27
74	30
74	54
74	57
74	62
74	65
74	66
74	68
74	70
74	72
74	73
74	75
74	80
74	81
75	3
75	10
75	30
75	34
75	39
75	41
75	49
75	53
75	62
75	63
75	68
75	70
75	71
75	72
75	73
75	74
75	79
75	80
76	12
76	15
76	26
76	28
76	29
76	38
76	39
76	40
76	42
76	45
76	47
76	49
76	55
76	58
76	62
76	66
76	69
76	72
76	78
76	81
77	7
77	15
77	22
77	38
77	44
77	45
77	50
77	51
77	56
77	57
77	60
77	61
77	64
77	66
77	67
77	69
77	71
77	73
77	79
77	80
78	11
78	16
78	18
78	26
78	29
78	38
78	39
78	40
78	41
78	47
78	53
78	55
78	57
78	58
78	61
78	65
78	67
78	69
78	70
78	76
78	81
79	3
79	13
79	19
79	21
79	23
79	26
79	31
79	32
79	34
79	40
79	44
79	53
79	54
79	56
79	64
79	67
79	69
79	72
79	73
79	75
79	77
79	80
79	81
80	7
80	9
80	10
80	19
80	24
80	25
80	27
80	30
80	43
80	46
80	49
80	55
80	62
80	63
80	66
80	67
80	68
80	69
80	70
80	74
80	75
80	77
80	79
81	1
81	11
81	13
81	21
81	23
81	28
81	29
81	33
81	37
81	38
81	40
81	41
81	47
81	53
81	56
81	57
81	65
81	66
81	68
81	73
81	74
81	76
81	78
81	79
