1	10
1	45
1	50
1	53
1	60
1	72
2	23
2	26
2	27
2	62
2	74
2	76
3	9
3	23
3	32
3	56
3	64
3	69
4	50
4	54
4	58
4	68
4	71
4	81
5	17
5	26
5	40
5	55
5	71
5	81
6	22
6	25
6	47
6	69
6	74
6	77
7	46
7	55
7	63
7	65
7	66
7	77
8	35
8	36
8	41
8	48
8	63
8	73
9	3
9	16
9	36
9	63
9	65
9	77
10	1
10	15
10	45
10	46
10	49
10	66
11	17
11	41
11	44
11	48
11	56
11	74
12	33
12	46
12	47
12	65
12	75
12	78
13	20
13	28
13	40
13	55
13	62
13	72
14	47
14	54
14	62
14	66
14	73
14	76
15	10
15	28
15	35
15	78
15	79
15	81
16	9
16	28
16	49
16	53
16	63
16	65
17	5
17	11
17	20
17	34
17	55
17	68
18	29
18	54
18	64
18	65
18	66
18	73
19	27
19	37
19	43
19	45
19	76
19	77
20	13
20	17
20	38
20	40
20	55
20	74
20	80
21	55
21	58
21	61
21	77
21	78
21	80
21	81
22	6
22	51
22	62
22	67
22	79
22	80
22	81
23	2
23	3
23	42
23	44
23	51
23	66
23	67
24	25
24	32
24	52
24	56
24	61
24	72
24	81
25	6
25	24
25	31
25	42
25	55
25	67
25	70
26	2
26	5
26	33
26	64
26	72
26	73
26	79
27	2
27	19
27	70
27	75
27	79
27	80
27	81
28	13
28	15
28	16
28	31
28	37
28	50
28	57
29	18
29	54
29	56
29	62
29	67
29	68
29	71
30	52
30	54
30	58
30	66
30	78
30	80
30	81
31	25
31	28
31	32
31	46
31	51
31	57
31	72
31	75
32	3
32	24
32	31
32	58
32	62
32	68
32	69
32	71
33	12
33	26
33	38
33	46
33	65
33	76
33	77
33	80
34	17
34	39
34	50
34	52
34	60
34	64
34	67
34	71
35	8
35	15
35	51
35	60
35	76
35	77
35	78
35	79
36	8
36	9
36	41
36	44
36	48
36	78
36	79
36	81
37	19
37	28
37	52
37	68
37	72
37	75
37	77
37	80
38	20
38	33
38	41
38	46
38	57
38	63
38	65
38	79
39	34
39	42
39	50
39	60
39	61
39	69
39	70
39	73
40	5
40	13
40	20
40	42
40	47
40	55
40	60
40	61
41	8
41	11
41	36
41	38
41	44
41	48
41	52
41	75
41	76
42	23
42	25
42	39
42	40
42	54
42	59
42	63
42	68
42	80
43	19
43	56
43	69
43	71
43	74
43	78
43	79
43	80
43	81
44	11
44	23
44	36
44	41
44	46
44	47
44	48
44	57
44	74
45	1
45	10
45	19
45	52
45	65
45	69
45	75
45	76
45	78
46	7
46	10
46	12
46	31
46	33
46	38
46	44
46	63
46	69
46	76
47	6
47	12
47	14
47	40
47	44
47	52
47	56
47	61
47	69
47	80
48	8
48	11
48	36
48	41
48	44
48	73
48	74
48	77
48	78
48	80
49	10
49	16
49	52
49	58
49	71
49	75
49	78
49	79
49	80
49	81
50	1
50	4
50	28
50	34
50	39
50	66
50	67
50	69
50	71
50	75
50	76
51	22
51	23
51	31
51	35
51	55
51	67
51	70
51	73
51	74
51	76
51	80
52	24
52	30
52	34
52	37
52	41
52	45
52	47
52	49
52	67
52	73
52	78
53	1
53	16
53	59
53	60
53	62
53	72
53	75
53	78
53	79
53	80
53	81
54	4
54	14
54	18
54	29
54	30
54	42
54	56
54	66
54	67
54	80
54	81
55	5
55	7
55	13
55	17
55	20
55	21
55	25
55	40
55	51
55	61
55	67
56	3
56	11
56	24
56	29
56	43
56	47
56	54
56	67
56	70
56	75
56	79
57	28
57	31
57	38
57	44
57	58
57	60
57	63
57	67
57	73
57	74
57	76
57	81
58	4
58	21
58	30
58	32
58	49
58	57
58	59
58	62
58	68
58	70
58	71
58	81
59	42
59	53
59	58
59	62
59	64
59	66
59	68
59	71
59	75
59	81
60	1
60	34
60	35
60	39
60	40
60	53
60	57
60	61
60	64
60	70
60	74
60	81
61	21
61	24
61	39
61	40
61	47
61	55
61	60
61	64
61	70
61	72
61	76
61	77
62	2
62	13
62	14
62	22
62	29
62	32
62	53
62	58
62	59
62	65
62	68
62	71
63	7
63	8
63	9
63	16
63	38
63	42
63	46
63	57
63	65
63	76
63	77
63	78
64	3
64	18
64	26
64	34
64	59
64	60
64	61
64	72
64	74
64	78
64	79
64	80
65	7
65	9
65	12
65	16
65	18
65	33
65	38
65	45
65	62
65	63
65	74
65	76
65	80
66	7
66	10
66	14
66	18
66	23
66	30
66	50
66	54
66	59
66	69
66	73
66	74
66	76
67	22
67	23
67	25
67	29
67	34
67	50
67	51
67	52
67	54
67	55
67	56
67	57
67	68
67	72
68	4
68	17
68	29
68	32
68	37
68	42
68	58
68	59
68	62
68	67
68	70
68	71
68	73
68	79
69	3
69	6
69	32
69	39
69	43
69	45
69	46
69	47
69	50
69	66
69	77
69	78
69	79
69	81
70	25
70	27
70	39
70	51
70	56
70	58
70	60
70	61
70	68
70	71
70	72
70	73
70	74
70	77
71	4
71	5
71	29
71	32
71	34
71	43
71	49
71	50
71	58
71	59
71	62
71	68
71	70
71	72
71	75
72	1
72	13
72	24
72	26
72	31
72	37
72	53
72	61
72	64
72	67
72	70
72	71
72	73
72	74
72	77
72	80
72	81
73	8
73	14
73	18
73	26
73	39
73	48
73	51
73	52
73	57
73	66
73	68
73	70
73	72
73	76
73	77
73	80
73	81
74	2
74	6
74	11
74	20
74	43
74	44
74	48
74	51
74	57
74	60
74	64
74	65
74	66
74	70
74	72
74	76
74	77
74	79
75	12
75	27
75	31
75	37
75	41
75	45
75	49
75	50
75	53
75	56
75	59
75	71
75	78
75	79
75	80
75	81
76	2
76	14
76	19
76	33
76	35
76	41
76	45
76	46
76	50
76	51
76	57
76	61
76	63
76	65
76	66
76	73
76	74
76	77
76	79
77	6
77	7
77	9
77	19
77	21
77	33
77	35
77	37
77	48
77	61
77	63
77	69
77	70
77	72
77	73
77	74
77	76
77	78
77	81
78	12
78	15
78	21
78	30
78	35
78	36
78	43
78	45
78	48
78	49
78	52
78	53
78	63
78	64
78	69
78	75
78	77
78	79
78	80
78	81
79	15
79	22
79	26
79	27
79	35
79	36
79	38
79	43
79	49
79	53
79	56
79	64
79	68
79	69
79	74
79	75
79	76
79	78
79	80
79	81
80	20
80	21
80	22
80	27
80	30
80	33
80	37
80	42
80	43
80	47
80	48
80	49
80	51
80	53
80	54
80	64
80	65
80	72
80	73
80	75
80	78
80	79
80	81
81	4
81	5
81	15
81	21
81	22
81	24
81	27
81	30
81	36
81	43
81	49
81	53
81	54
81	57
81	58
81	59
81	60
81	69
81	72
81	73
81	75
81	77
81	78
81	79
81	80
