1	6
1	13
1	75
1	77
1	78
1	80
2	11
2	51
2	54
2	69
2	76
2	81
3	5
3	36
3	63
3	70
3	72
3	78
4	19
4	37
4	66
4	67
4	73
4	76
5	3
5	45
5	48
5	75
5	77
5	80
6	1
6	25
6	45
6	59
6	78
6	80
7	49
7	52
7	53
7	63
7	77
7	79
8	16
8	21
8	58
8	68
8	70
8	76
9	18
9	22
9	29
9	70
9	74
9	81
10	54
10	61
10	64
10	71
10	79
10	81
11	2
11	18
11	35
11	70
11	73
11	79
12	34
12	58
12	65
12	71
12	79
12	81
13	1
13	36
13	60
13	66
13	68
13	81
14	35
14	39
14	41
14	48
14	77
14	80
15	31
15	32
15	39
15	42
15	68
15	76
16	8
16	23
16	31
16	60
16	77
16	80
17	21
17	25
17	41
17	52
17	54
17	67
18	9
18	11
18	30
18	66
18	69
18	79
19	4
19	40
19	51
19	67
19	70
19	78
20	22
20	50
20	54
20	57
20	65
20	77
20	81
21	8
21	17
21	52
21	61
21	71
21	75
21	79
22	9
22	20
22	24
22	36
22	45
22	53
22	80
23	16
23	55
23	56
23	60
23	75
23	76
23	79
24	22
24	35
24	51
24	66
24	72
24	77
24	78
25	6
25	17
25	29
25	33
25	48
25	50
25	75
26	37
26	53
26	63
26	69
26	72
26	80
26	81
27	29
27	31
27	47
27	60
27	65
27	74
27	76
28	41
28	43
28	57
28	59
28	60
28	69
28	73
29	9
29	25
29	27
29	37
29	51
29	71
29	75
30	18
30	39
30	60
30	67
30	69
30	72
30	81
31	15
31	16
31	27
31	57
31	77
31	79
31	80
32	15
32	44
32	55
32	66
32	68
32	71
32	79
33	25
33	36
33	57
33	59
33	75
33	77
33	79
33	80
34	12
34	35
34	43
34	46
34	66
34	68
34	73
34	79
35	11
35	14
35	24
35	34
35	56
35	57
35	77
35	80
36	3
36	13
36	22
36	33
36	63
36	65
36	72
36	81
37	4
37	26
37	29
37	51
37	56
37	66
37	69
37	73
38	62
38	68
38	74
38	76
38	78
38	79
38	80
38	81
39	14
39	15
39	30
39	46
39	56
39	58
39	73
39	81
40	19
40	46
40	56
40	68
40	70
40	73
40	78
40	81
41	14
41	17
41	28
41	64
41	66
41	71
41	73
41	81
42	15
42	52
42	62
42	66
42	67
42	72
42	76
42	78
43	28
43	34
43	64
43	71
43	73
43	74
43	76
43	79
44	32
44	56
44	58
44	61
44	62
44	66
44	68
44	73
44	77
45	5
45	6
45	22
45	49
45	59
45	60
45	61
45	65
45	69
46	34
46	39
46	40
46	50
46	68
46	71
46	73
46	80
46	81
47	27
47	54
47	70
47	71
47	72
47	74
47	78
47	79
47	81
48	5
48	14
48	25
48	59
48	63
48	64
48	67
48	68
48	80
49	7
49	45
49	57
49	63
49	67
49	70
49	72
49	74
49	78
50	20
50	25
50	46
50	55
50	56
50	62
50	64
50	70
50	74
51	2
51	19
51	24
51	29
51	37
51	62
51	67
51	68
51	77
51	78
52	7
52	17
52	21
52	42
52	63
52	65
52	70
52	71
52	75
52	81
53	7
53	22
53	26
53	54
53	62
53	64
53	67
53	72
53	73
53	78
54	2
54	10
54	17
54	20
54	47
54	53
54	64
54	70
54	75
54	76
54	80
55	23
55	32
55	50
55	58
55	59
55	61
55	65
55	74
55	75
55	79
55	81
56	23
56	35
56	37
56	39
56	40
56	44
56	50
56	58
56	63
56	68
56	72
56	73
57	20
57	28
57	31
57	33
57	35
57	49
57	59
57	72
57	74
57	76
57	77
57	80
58	8
58	12
58	39
58	44
58	55
58	56
58	62
58	64
58	70
58	75
58	79
58	81
59	6
59	28
59	33
59	45
59	48
59	55
59	57
59	61
59	62
59	74
59	77
59	80
60	13
60	16
60	23
60	27
60	28
60	30
60	45
60	68
60	69
60	71
60	79
60	80
61	10
61	21
61	44
61	45
61	55
61	59
61	66
61	69
61	71
61	77
61	78
61	81
62	38
62	42
62	44
62	50
62	51
62	53
62	58
62	59
62	63
62	72
62	74
62	75
62	78
63	3
63	7
63	26
63	36
63	48
63	49
63	52
63	56
63	62
63	65
63	67
63	74
63	78
64	10
64	41
64	43
64	48
64	50
64	53
64	54
64	58
64	67
64	74
64	75
64	77
64	78
65	12
65	20
65	27
65	36
65	45
65	52
65	55
65	63
65	69
65	71
65	75
65	76
65	79
65	80
66	4
66	13
66	18
66	24
66	32
66	34
66	37
66	41
66	42
66	44
66	61
66	67
66	68
66	71
66	73
67	4
67	17
67	19
67	30
67	42
67	48
67	49
67	51
67	53
67	63
67	64
67	66
67	72
67	78
67	81
68	8
68	13
68	15
68	32
68	34
68	38
68	40
68	44
68	46
68	48
68	51
68	56
68	60
68	66
68	70
68	77
69	2
69	18
69	26
69	28
69	30
69	37
69	45
69	60
69	61
69	65
69	70
69	74
69	76
69	77
69	80
69	81
70	3
70	8
70	9
70	11
70	19
70	40
70	47
70	49
70	50
70	52
70	54
70	58
70	68
70	69
70	73
70	75
70	76
70	79
71	10
71	12
71	21
71	29
71	32
71	41
71	43
71	46
71	47
71	52
71	60
71	61
71	65
71	66
71	73
71	75
71	78
71	81
72	3
72	24
72	26
72	30
72	36
72	42
72	47
72	49
72	53
72	56
72	57
72	62
72	67
72	73
72	74
72	75
72	78
72	80
72	81
73	4
73	11
73	28
73	34
73	37
73	39
73	40
73	41
73	43
73	44
73	46
73	53
73	56
73	66
73	70
73	71
73	72
73	76
73	78
74	9
74	27
74	38
74	43
74	47
74	49
74	50
74	55
74	57
74	59
74	62
74	63
74	64
74	69
74	72
74	75
74	76
74	77
74	79
74	80
75	1
75	5
75	21
75	23
75	25
75	29
75	33
75	52
75	54
75	55
75	58
75	62
75	64
75	65
75	70
75	71
75	72
75	74
75	77
75	79
76	2
76	4
76	8
76	15
76	23
76	27
76	38
76	42
76	43
76	54
76	57
76	65
76	69
76	70
76	73
76	74
76	78
76	79
76	80
76	81
77	1
77	5
77	7
77	14
77	16
77	20
77	24
77	31
77	33
77	35
77	44
77	51
77	57
77	59
77	61
77	64
77	68
77	69
77	74
77	75
77	80
78	1
78	3
78	6
78	19
78	24
78	38
78	40
78	42
78	47
78	49
78	51
78	53
78	61
78	62
78	63
78	64
78	67
78	71
78	72
78	73
78	76
79	7
79	10
79	11
79	12
79	18
79	21
79	23
79	31
79	32
79	33
79	34
79	38
79	43
79	47
79	55
79	58
79	60
79	65
79	70
79	74
79	75
79	76
80	1
80	5
80	6
80	14
80	16
80	22
80	26
80	31
80	33
80	35
80	38
80	46
80	48
80	54
80	57
80	59
80	60
80	65
80	69
80	72
80	74
80	76
80	77
80	81
81	2
81	9
81	10
81	12
81	13
81	20
81	26
81	30
81	36
81	38
81	39
81	40
81	41
81	46
81	47
81	52
81	55
81	58
81	61
81	67
81	69
81	71
81	72
81	76
81	80
