1	17
1	32
1	52
1	65
1	75
1	80
2	7
2	36
2	55
2	60
2	72
2	79
3	29
3	43
3	54
3	73
3	76
3	77
4	10
4	52
4	74
4	75
4	78
4	79
5	51
5	54
5	62
5	76
5	80
5	81
6	21
6	28
6	55
6	60
6	67
6	73
7	2
7	29
7	61
7	65
7	70
7	71
8	41
8	63
8	74
8	76
8	79
8	80
9	29
9	53
9	59
9	69
9	78
9	79
10	4
10	26
10	37
10	70
10	71
10	80
11	22
11	44
11	47
11	54
11	59
11	74
12	49
12	55
12	57
12	79
12	80
12	81
13	34
13	42
13	69
13	72
13	80
13	81
14	21
14	55
14	60
14	70
14	72
14	81
15	16
15	39
15	55
15	64
15	66
15	75
16	15
16	50
16	57
16	62
16	69
16	80
16	81
17	1
17	30
17	69
17	76
17	77
17	80
17	81
18	23
18	29
18	33
18	62
18	63
18	76
18	77
19	62
19	67
19	68
19	73
19	75
19	76
19	77
20	23
20	29
20	56
20	57
20	68
20	78
20	79
21	6
21	14
21	22
21	31
21	44
21	59
21	60
22	11
22	21
22	36
22	55
22	60
22	66
22	71
23	18
23	20
23	63
23	67
23	69
23	80
23	81
24	48
24	53
24	67
24	74
24	75
24	78
24	79
25	30
25	38
25	40
25	46
25	64
25	70
25	74
26	10
26	52
26	58
26	61
26	74
26	78
26	79
27	32
27	42
27	47
27	59
27	65
27	74
27	75
28	6
28	32
28	55
28	60
28	61
28	72
28	75
29	3
29	7
29	9
29	18
29	20
29	43
29	67
30	17
30	25
30	43
30	44
30	56
30	67
30	79
31	21
31	61
31	62
31	71
31	72
31	75
31	81
32	1
32	27
32	28
32	42
32	45
32	47
32	59
32	77
33	18
33	54
33	56
33	57
33	58
33	66
33	69
33	78
34	13
34	63
34	64
34	66
34	72
34	73
34	75
34	77
35	46
35	50
35	65
35	66
35	70
35	71
35	76
35	81
36	2
36	22
36	55
36	60
36	72
36	78
36	79
36	81
37	10
37	38
37	52
37	56
37	64
37	65
37	70
37	71
37	81
38	25
38	37
38	57
38	58
38	65
38	70
38	71
38	73
38	78
39	15
39	61
39	63
39	68
39	71
39	73
39	74
39	76
39	77
40	25
40	43
40	61
40	64
40	66
40	68
40	71
40	73
40	75
41	8
41	49
41	50
41	67
41	73
41	74
41	77
41	78
41	79
42	13
42	27
42	32
42	44
42	59
42	66
42	67
42	70
42	73
43	3
43	29
43	30
43	40
43	59
43	67
43	68
43	74
43	78
44	11
44	21
44	30
44	42
44	47
44	58
44	59
44	65
44	80
45	32
45	48
45	54
45	56
45	57
45	58
45	65
45	72
45	77
45	80
46	25
46	35
46	51
46	56
46	65
46	70
46	71
46	76
46	77
46	79
47	11
47	27
47	32
47	44
47	48
47	59
47	63
47	78
47	80
47	81
48	24
48	45
48	47
48	54
48	56
48	57
48	58
48	72
48	74
48	79
49	12
49	41
49	57
49	60
49	62
49	69
49	74
49	75
49	80
49	81
50	16
50	35
50	41
50	53
50	54
50	56
50	63
50	68
50	73
50	76
50	77
51	5
51	46
51	59
51	61
51	64
51	66
51	69
51	72
51	74
51	75
51	81
52	1
52	4
52	26
52	37
52	60
52	62
52	69
52	70
52	79
52	80
52	81
53	9
53	24
53	50
53	61
53	63
53	67
53	68
53	69
53	73
53	76
53	77
54	3
54	5
54	11
54	33
54	45
54	48
54	50
54	56
54	57
54	58
54	81
55	2
55	6
55	12
55	14
55	15
55	22
55	28
55	36
55	60
55	67
55	69
55	75
56	20
56	30
56	33
56	37
56	45
56	46
56	48
56	50
56	54
56	57
56	58
56	70
57	12
57	16
57	20
57	33
57	38
57	45
57	48
57	49
57	54
57	56
57	58
57	67
58	26
58	33
58	38
58	44
58	45
58	48
58	54
58	56
58	57
58	64
58	68
58	71
59	9
59	11
59	21
59	27
59	32
59	42
59	43
59	44
59	47
59	51
59	70
59	77
59	78
60	2
60	6
60	14
60	21
60	22
60	28
60	36
60	49
60	52
60	55
60	66
60	71
60	79
60	80
61	7
61	26
61	28
61	31
61	39
61	40
61	51
61	53
61	63
61	64
61	65
61	66
61	72
61	75
61	80
62	5
62	16
62	18
62	19
62	31
62	49
62	52
62	64
62	69
62	70
62	72
62	75
62	79
62	80
62	81
63	8
63	18
63	23
63	34
63	39
63	47
63	50
63	53
63	61
63	68
63	69
63	73
63	76
63	77
63	79
64	15
64	25
64	34
64	37
64	40
64	51
64	58
64	61
64	62
64	65
64	66
64	72
64	75
64	76
64	80
65	1
65	7
65	27
65	35
65	37
65	38
65	44
65	45
65	46
65	61
65	64
65	70
65	71
65	73
65	81
66	15
66	22
66	33
66	34
66	35
66	40
66	42
66	51
66	60
66	61
66	64
66	72
66	75
66	77
66	79
67	6
67	19
67	23
67	24
67	29
67	30
67	41
67	42
67	43
67	53
67	55
67	57
67	74
67	78
67	79
67	81
68	19
68	20
68	39
68	40
68	43
68	50
68	53
68	58
68	63
68	69
68	70
68	73
68	76
68	77
68	78
68	81
69	9
69	13
69	16
69	17
69	23
69	33
69	49
69	51
69	52
69	53
69	55
69	62
69	63
69	68
69	78
69	80
69	81
70	7
70	10
70	14
70	25
70	35
70	37
70	38
70	42
70	46
70	52
70	56
70	59
70	62
70	65
70	68
70	71
70	78
71	7
71	10
71	22
71	31
71	35
71	37
71	38
71	39
71	40
71	46
71	58
71	60
71	65
71	70
71	73
71	79
71	81
72	2
72	13
72	14
72	28
72	31
72	34
72	36
72	45
72	48
72	51
72	61
72	62
72	64
72	66
72	75
72	76
72	80
73	3
73	6
73	19
73	34
73	38
73	39
73	40
73	41
73	42
73	50
73	53
73	63
73	65
73	68
73	71
73	76
73	77
73	78
74	4
74	8
74	11
74	24
74	25
74	26
74	27
74	39
74	41
74	43
74	48
74	49
74	51
74	67
74	76
74	77
74	78
74	79
75	1
75	4
75	15
75	19
75	24
75	27
75	28
75	31
75	34
75	40
75	49
75	51
75	55
75	61
75	62
75	64
75	66
75	72
75	77
76	3
76	5
76	8
76	17
76	18
76	19
76	35
76	39
76	46
76	50
76	53
76	63
76	64
76	68
76	72
76	73
76	74
76	77
76	78
76	80
77	3
77	17
77	18
77	19
77	32
77	34
77	39
77	41
77	45
77	46
77	50
77	53
77	59
77	63
77	66
77	68
77	73
77	74
77	75
77	76
78	4
78	9
78	20
78	24
78	26
78	33
78	36
78	38
78	41
78	43
78	47
78	59
78	67
78	68
78	69
78	70
78	73
78	74
78	76
78	79
78	80
79	2
79	4
79	8
79	9
79	12
79	20
79	24
79	26
79	30
79	36
79	41
79	46
79	48
79	52
79	60
79	62
79	63
79	66
79	67
79	71
79	74
79	78
80	1
80	5
80	8
80	10
80	12
80	13
80	16
80	17
80	23
80	44
80	45
80	47
80	49
80	52
80	60
80	61
80	62
80	64
80	69
80	72
80	76
80	78
80	81
81	5
81	12
81	13
81	14
81	16
81	17
81	23
81	31
81	35
81	36
81	37
81	47
81	49
81	51
81	52
81	54
81	62
81	65
81	67
81	68
81	69
81	71
81	80
