1	15
1	45
1	63
1	69
1	74
1	80
2	19
2	38
2	52
2	63
2	70
2	80
3	20
3	39
3	49
3	59
3	74
3	78
4	60
4	62
4	66
4	73
4	80
4	81
5	13
5	42
5	57
5	76
5	79
5	81
6	7
6	48
6	54
6	68
6	77
6	79
7	6
7	45
7	51
7	55
7	73
7	80
8	16
8	30
8	56
8	57
8	71
8	78
9	23
9	26
9	65
9	66
9	68
9	71
10	43
10	55
10	61
10	67
10	69
10	80
11	15
11	36
11	48
11	56
11	71
11	78
12	44
12	49
12	73
12	77
12	80
12	81
13	5
13	51
13	57
13	72
13	73
13	79
14	21
14	31
14	36
14	68
14	77
14	78
15	1
15	11
15	56
15	71
15	75
15	81
16	8
16	23
16	51
16	68
16	71
16	78
17	35
17	55
17	57
17	64
17	66
17	74
18	29
18	31
18	34
18	71
18	75
18	80
19	2
19	43
19	67
19	71
19	72
19	78
20	3
20	62
20	65
20	70
20	77
20	79
21	14
21	48
21	67
21	71
21	74
21	76
21	79
22	25
22	53
22	55
22	61
22	62
22	76
22	79
23	9
23	16
23	40
23	60
23	62
23	68
23	81
24	27
24	46
24	49
24	53
24	64
24	74
24	75
25	22
25	28
25	41
25	65
25	66
25	69
25	80
26	9
26	33
26	38
26	39
26	49
26	72
26	74
27	24
27	64
27	65
27	68
27	74
27	77
27	81
28	25
28	44
28	51
28	70
28	73
28	78
28	80
29	18
29	35
29	40
29	43
29	65
29	80
29	81
30	8
30	40
30	52
30	60
30	65
30	73
30	80
31	14
31	18
31	46
31	59
31	68
31	72
31	78
32	41
32	64
32	69
32	72
32	73
32	74
32	75
33	26
33	46
33	49
33	54
33	59
33	78
33	81
34	18
34	35
34	50
34	53
34	59
34	61
34	76
34	78
35	17
35	29
35	34
35	47
35	56
35	65
35	67
35	77
36	11
36	14
36	48
36	53
36	62
36	69
36	71
36	78
37	42
37	43
37	44
37	48
37	71
37	75
37	77
37	79
38	2
38	26
38	54
38	58
38	60
38	64
38	76
38	79
39	3
39	26
39	50
39	62
39	64
39	65
39	66
39	67
39	74
40	23
40	29
40	30
40	57
40	58
40	60
40	70
40	75
40	79
41	25
41	32
41	49
41	54
41	57
41	61
41	69
41	72
41	74
42	5
42	37
42	54
42	63
42	66
42	75
42	76
42	79
42	80
43	10
43	19
43	29
43	37
43	56
43	58
43	63
43	76
43	79
44	12
44	28
44	37
44	60
44	63
44	67
44	73
44	78
44	80
45	1
45	7
45	59
45	67
45	70
45	73
45	79
45	80
45	81
46	24
46	31
46	33
46	47
46	60
46	70
46	71
46	78
46	81
47	35
47	46
47	50
47	53
47	62
47	72
47	75
47	78
47	79
48	6
48	11
48	21
48	36
48	37
48	55
48	61
48	69
48	72
48	75
49	3
49	12
49	24
49	26
49	33
49	41
49	51
49	52
49	66
49	74
50	34
50	39
50	47
50	59
50	61
50	64
50	67
50	71
50	75
50	78
51	7
51	13
51	16
51	28
51	49
51	52
51	63
51	67
51	68
51	77
52	2
52	30
52	49
52	51
52	56
52	60
52	63
52	65
52	72
52	80
52	81
53	22
53	24
53	34
53	36
53	47
53	70
53	71
53	75
53	77
53	78
53	80
54	6
54	33
54	38
54	41
54	42
54	55
54	74
54	76
54	79
54	80
54	81
55	7
55	10
55	17
55	22
55	48
55	54
55	58
55	69
55	70
55	76
55	81
56	8
56	11
56	15
56	35
56	43
56	52
56	59
56	64
56	69
56	70
56	75
57	5
57	8
57	13
57	17
57	40
57	41
57	70
57	75
57	76
57	79
57	81
58	38
58	40
58	43
58	55
58	61
58	62
58	72
58	74
58	75
58	76
58	79
59	3
59	31
59	33
59	34
59	45
59	50
59	56
59	64
59	71
59	78
59	79
60	4
60	23
60	30
60	38
60	40
60	44
60	46
60	52
60	61
60	73
60	74
60	80
61	10
61	22
61	34
61	41
61	48
61	50
61	58
61	60
61	76
61	77
61	78
61	79
62	4
62	20
62	22
62	23
62	36
62	39
62	47
62	58
62	67
62	70
62	76
62	77
62	81
63	1
63	2
63	42
63	43
63	44
63	51
63	52
63	69
63	70
63	73
63	74
63	80
63	81
64	17
64	24
64	27
64	32
64	38
64	39
64	50
64	56
64	59
64	65
64	66
64	74
64	75
65	9
65	20
65	25
65	27
65	29
65	30
65	35
65	39
65	52
65	64
65	66
65	74
65	80
66	4
66	9
66	17
66	25
66	39
66	42
66	49
66	64
66	65
66	69
66	74
66	76
66	78
66	79
67	10
67	19
67	21
67	35
67	39
67	44
67	45
67	50
67	51
67	62
67	69
67	75
67	77
67	79
67	81
68	6
68	9
68	14
68	16
68	23
68	27
68	31
68	51
68	70
68	72
68	73
68	75
68	76
68	79
68	81
69	1
69	10
69	25
69	32
69	36
69	41
69	48
69	55
69	56
69	63
69	66
69	67
69	72
69	77
69	78
69	81
70	2
70	20
70	28
70	40
70	45
70	46
70	53
70	55
70	56
70	57
70	62
70	63
70	68
70	71
70	73
70	77
70	81
71	8
71	9
71	11
71	15
71	16
71	18
71	19
71	21
71	36
71	37
71	46
71	50
71	53
71	59
71	70
71	77
71	78
72	13
72	19
72	26
72	31
72	32
72	41
72	47
72	48
72	52
72	58
72	68
72	69
72	73
72	77
72	78
72	79
72	80
72	81
73	4
73	7
73	12
73	13
73	28
73	30
73	32
73	44
73	45
73	60
73	63
73	68
73	70
73	72
73	74
73	75
73	78
73	80
74	1
74	3
74	17
74	21
74	24
74	26
74	27
74	32
74	39
74	41
74	49
74	54
74	58
74	60
74	63
74	64
74	65
74	66
74	73
74	76
75	15
75	18
75	24
75	32
75	37
75	40
75	42
75	47
75	48
75	50
75	53
75	56
75	57
75	58
75	64
75	67
75	68
75	73
75	76
75	77
75	81
76	5
76	21
76	22
76	34
76	38
76	42
76	43
76	54
76	55
76	57
76	58
76	61
76	62
76	66
76	68
76	74
76	75
76	77
76	78
76	79
76	81
77	6
77	12
77	14
77	20
77	27
77	35
77	37
77	51
77	53
77	61
77	62
77	67
77	69
77	70
77	71
77	72
77	75
77	76
77	79
77	80
77	81
78	3
78	8
78	11
78	14
78	16
78	19
78	28
78	31
78	33
78	34
78	36
78	44
78	46
78	47
78	50
78	53
78	59
78	61
78	66
78	69
78	71
78	72
78	73
78	76
79	5
79	6
79	13
79	20
79	21
79	22
79	37
79	38
79	40
79	42
79	43
79	45
79	47
79	54
79	57
79	58
79	59
79	61
79	66
79	67
79	68
79	72
79	76
79	77
80	1
80	2
80	4
80	7
80	10
80	12
80	18
80	25
80	28
80	29
80	30
80	42
80	44
80	45
80	52
80	53
80	54
80	60
80	63
80	65
80	72
80	73
80	77
80	81
81	4
81	5
81	12
81	15
81	23
81	27
81	29
81	33
81	45
81	46
81	52
81	54
81	55
81	57
81	62
81	63
81	67
81	68
81	69
81	70
81	72
81	75
81	76
81	77
81	80
