1	10
1	18
1	34
1	67
1	72
1	78
2	26
2	64
2	70
2	73
2	76
2	77
3	25
3	40
3	51
3	56
3	61
3	75
4	17
4	41
4	67
4	72
4	77
4	80
5	29
5	46
5	57
5	59
5	75
5	81
6	26
6	39
6	42
6	75
6	78
6	81
7	9
7	27
7	54
7	71
7	72
7	76
8	24
8	29
8	30
8	43
8	68
8	80
9	7
9	52
9	53
9	57
9	63
9	79
10	1
10	33
10	48
10	61
10	70
10	71
11	47
11	54
11	59
11	67
11	80
11	81
12	37
12	39
12	40
12	45
12	57
12	72
13	38
13	42
13	63
13	64
13	65
13	79
14	33
14	62
14	63
14	65
14	66
14	79
15	44
15	53
15	56
15	73
15	75
15	79
16	21
16	28
16	54
16	60
16	72
16	74
16	79
17	4
17	30
17	52
17	64
17	72
17	75
17	78
18	1
18	31
18	39
18	40
18	54
18	62
18	81
19	23
19	31
19	42
19	47
19	55
19	60
19	78
20	21
20	23
20	32
20	34
20	60
20	70
20	81
21	16
21	20
21	52
21	61
21	66
21	71
21	78
22	32
22	37
22	42
22	60
22	70
22	75
22	76
23	19
23	20
23	25
23	48
23	57
23	63
23	71
23	81
24	8
24	26
24	46
24	49
24	50
24	57
24	66
24	74
25	3
25	23
25	64
25	66
25	68
25	69
25	73
25	77
26	2
26	6
26	24
26	60
26	69
26	71
26	78
26	80
27	7
27	32
27	36
27	39
27	44
27	73
27	74
27	80
28	16
28	49
28	58
28	60
28	65
28	73
28	77
28	79
29	5
29	8
29	52
29	70
29	76
29	77
29	78
29	79
30	8
30	17
30	58
30	62
30	67
30	68
30	71
30	72
31	18
31	19
31	50
31	51
31	55
31	72
31	74
31	81
32	20
32	22
32	27
32	52
32	61
32	64
32	70
32	81
33	10
33	14
33	36
33	38
33	47
33	60
33	71
33	80
34	1
34	20
34	36
34	55
34	69
34	72
34	74
34	75
35	45
35	47
35	59
35	68
35	69
35	72
35	76
35	80
36	27
36	33
36	34
36	39
36	41
36	67
36	71
36	78
36	80
37	12
37	22
37	40
37	43
37	63
37	64
37	68
37	69
37	79
38	13
38	33
38	47
38	51
38	59
38	68
38	70
38	74
38	81
39	6
39	12
39	18
39	27
39	36
39	62
39	66
39	69
39	73
40	3
40	12
40	18
40	37
40	58
40	73
40	74
40	79
40	81
41	4
41	36
41	43
41	50
41	51
41	67
41	73
41	77
41	80
42	6
42	13
42	19
42	22
42	60
42	63
42	66
42	70
42	72
42	78
43	8
43	37
43	41
43	45
43	46
43	55
43	57
43	59
43	65
43	79
44	15
44	27
44	48
44	49
44	52
44	55
44	58
44	70
44	74
44	77
45	12
45	35
45	43
45	48
45	53
45	58
45	68
45	73
45	79
45	81
46	5
46	24
46	43
46	58
46	63
46	64
46	65
46	66
46	73
46	77
47	11
47	19
47	33
47	35
47	38
47	51
47	52
47	61
47	68
47	76
48	10
48	23
48	44
48	45
48	49
48	55
48	65
48	67
48	70
48	79
48	81
49	24
49	28
49	44
49	48
49	52
49	57
49	63
49	66
49	69
49	78
49	80
50	24
50	31
50	41
50	54
50	56
50	57
50	60
50	62
50	68
50	71
50	75
50	80
51	3
51	31
51	38
51	41
51	47
51	58
51	62
51	63
51	67
51	77
51	78
51	81
52	9
52	17
52	21
52	29
52	32
52	44
52	47
52	49
52	56
52	57
52	76
52	78
53	9
53	15
53	45
53	59
53	63
53	64
53	65
53	69
53	71
53	76
53	77
53	79
54	7
54	11
54	16
54	18
54	50
54	56
54	65
54	68
54	75
54	76
54	79
54	81
55	19
55	31
55	34
55	43
55	44
55	48
55	60
55	64
55	65
55	66
55	72
55	73
55	80
56	3
56	15
56	50
56	52
56	54
56	58
56	61
56	63
56	71
56	72
56	76
56	79
56	80
57	5
57	9
57	12
57	23
57	24
57	43
57	49
57	50
57	52
57	66
57	71
57	74
57	78
58	28
58	30
58	40
58	44
58	45
58	46
58	51
58	56
58	62
58	63
58	73
58	78
58	79
59	5
59	11
59	35
59	38
59	43
59	53
59	62
59	65
59	67
59	68
59	69
59	77
59	81
60	16
60	19
60	20
60	22
60	26
60	28
60	33
60	42
60	50
60	55
60	69
60	74
60	76
60	80
61	3
61	10
61	21
61	32
61	47
61	56
61	67
61	69
61	70
61	71
61	74
61	75
61	80
61	81
62	14
62	18
62	30
62	39
62	50
62	51
62	58
62	59
62	63
62	67
62	73
62	77
62	80
62	81
63	9
63	13
63	14
63	23
63	37
63	42
63	46
63	49
63	51
63	53
63	56
63	58
63	62
63	73
63	78
64	2
64	13
64	17
64	25
64	32
64	37
64	46
64	53
64	55
64	68
64	70
64	77
64	79
64	80
64	81
65	13
65	14
65	28
65	43
65	46
65	48
65	53
65	54
65	55
65	59
65	73
65	74
65	75
65	79
65	80
66	14
66	21
66	24
66	25
66	39
66	42
66	46
66	49
66	55
66	57
66	68
66	70
66	71
66	72
66	77
66	81
67	1
67	4
67	11
67	30
67	36
67	41
67	48
67	51
67	59
67	61
67	62
67	69
67	72
67	74
67	75
67	76
68	8
68	25
68	30
68	35
68	37
68	38
68	45
68	47
68	50
68	54
68	59
68	64
68	66
68	70
68	78
68	80
68	81
69	25
69	26
69	34
69	35
69	37
69	39
69	49
69	53
69	59
69	60
69	61
69	67
69	71
69	73
69	75
69	76
69	80
70	2
70	10
70	20
70	22
70	29
70	32
70	38
70	42
70	44
70	48
70	61
70	64
70	66
70	68
70	73
70	74
70	75
70	80
71	7
71	10
71	21
71	23
71	26
71	30
71	33
71	36
71	50
71	53
71	56
71	57
71	61
71	66
71	69
71	75
71	79
71	80
72	1
72	4
72	7
72	12
72	16
72	17
72	30
72	31
72	34
72	35
72	42
72	55
72	56
72	66
72	67
72	74
72	76
72	77
73	2
73	15
73	25
73	27
73	28
73	39
73	40
73	41
73	45
73	46
73	55
73	58
73	62
73	63
73	65
73	69
73	70
73	77
73	79
74	16
74	24
74	27
74	31
74	34
74	38
74	40
74	44
74	57
74	60
74	61
74	65
74	67
74	70
74	72
74	78
74	79
74	80
74	81
75	3
75	5
75	6
75	15
75	17
75	22
75	34
75	50
75	54
75	61
75	65
75	67
75	69
75	70
75	71
75	76
75	77
75	79
75	80
76	2
76	7
76	22
76	29
76	35
76	47
76	52
76	53
76	54
76	56
76	60
76	67
76	69
76	72
76	75
76	77
76	78
76	79
76	80
76	81
77	2
77	4
77	25
77	28
77	29
77	41
77	44
77	46
77	51
77	53
77	59
77	62
77	64
77	66
77	72
77	73
77	75
77	76
77	78
77	81
78	1
78	6
78	17
78	19
78	21
78	26
78	29
78	36
78	42
78	49
78	51
78	52
78	57
78	58
78	63
78	68
78	74
78	76
78	77
78	81
79	9
79	13
79	14
79	15
79	16
79	28
79	29
79	37
79	40
79	43
79	45
79	48
79	53
79	54
79	56
79	58
79	64
79	65
79	71
79	73
79	74
79	75
79	76
79	81
80	4
80	8
80	11
80	26
80	27
80	33
80	35
80	36
80	41
80	49
80	50
80	55
80	56
80	60
80	61
80	62
80	64
80	65
80	68
80	69
80	70
80	71
80	74
80	75
80	76
81	5
81	6
81	11
81	18
81	20
81	23
81	31
81	32
81	38
81	40
81	45
81	48
81	51
81	54
81	59
81	61
81	62
81	64
81	66
81	68
81	74
81	76
81	77
81	78
81	79
