1	52
1	60
1	70
1	72
1	73
1	77
2	49
2	58
2	61
2	64
2	77
2	80
3	13
3	51
3	55
3	75
3	80
3	81
4	18
4	27
4	46
4	48
4	69
4	70
5	16
5	43
5	61
5	71
5	73
5	79
6	57
6	59
6	65
6	71
6	76
6	77
7	9
7	60
7	62
7	64
7	80
7	81
8	48
8	61
8	78
8	79
8	80
8	81
9	7
9	33
9	62
9	68
9	72
9	75
10	25
10	36
10	58
10	69
10	74
10	79
11	29
11	54
11	64
11	65
11	71
11	78
12	20
12	46
12	56
12	67
12	75
12	81
13	3
13	32
13	36
13	44
13	56
13	72
14	40
14	51
14	66
14	75
14	80
14	81
15	55
15	59
15	63
15	67
15	76
15	78
16	5
16	25
16	28
16	59
16	75
16	76
17	18
17	23
17	26
17	44
17	53
17	64
17	72
18	4
18	17
18	21
18	27
18	29
18	34
18	53
19	30
19	39
19	43
19	45
19	56
19	76
19	79
20	12
20	51
20	56
20	67
20	68
20	69
20	80
21	18
21	22
21	26
21	29
21	36
21	53
21	63
22	21
22	31
22	44
22	53
22	57
22	64
22	66
23	17
23	43
23	50
23	65
23	67
23	71
23	76
24	29
24	54
24	60
24	61
24	63
24	73
24	79
25	10
25	16
25	61
25	68
25	69
25	77
25	79
26	17
26	21
26	43
26	44
26	53
26	62
26	74
27	4
27	18
27	37
27	62
27	74
27	75
27	78
28	16
28	37
28	49
28	65
28	66
28	70
28	78
29	11
29	18
29	21
29	24
29	69
29	70
29	78
30	19
30	39
30	57
30	66
30	75
30	76
30	78
31	22
31	61
31	64
31	66
31	67
31	75
31	80
31	81
32	13
32	38
32	45
32	50
32	60
32	68
32	69
32	81
33	9
33	36
33	38
33	59
33	65
33	67
33	69
33	76
34	18
34	36
34	64
34	71
34	75
34	77
34	80
34	81
35	39
35	52
35	67
35	69
35	71
35	72
35	75
35	76
36	10
36	13
36	21
36	33
36	34
36	45
36	70
36	79
37	27
37	28
37	47
37	63
37	74
37	76
37	77
37	79
38	32
38	33
38	59
38	65
38	67
38	73
38	76
38	79
39	19
39	30
39	35
39	59
39	71
39	76
39	79
39	81
40	14
40	56
40	60
40	70
40	74
40	76
40	78
40	80
41	50
41	60
41	63
41	66
41	68
41	72
41	77
41	78
41	80
42	43
42	48
42	55
42	58
42	68
42	74
42	76
42	78
42	81
43	5
43	19
43	23
43	26
43	42
43	60
43	65
43	73
43	76
44	13
44	17
44	22
44	26
44	51
44	53
44	66
44	73
44	74
45	19
45	32
45	36
45	62
45	66
45	72
45	74
45	77
45	80
46	4
46	12
46	48
46	64
46	72
46	75
46	77
46	78
46	81
47	37
47	58
47	62
47	63
47	65
47	72
47	75
47	76
47	79
48	4
48	8
48	42
48	46
48	73
48	75
48	78
48	80
48	81
49	2
49	28
49	52
49	64
49	65
49	71
49	75
49	80
49	81
50	23
50	32
50	41
50	61
50	66
50	67
50	70
50	74
50	77
50	80
51	3
51	14
51	20
51	44
51	56
51	67
51	68
51	71
51	73
51	79
52	1
52	35
52	49
52	60
52	66
52	73
52	74
52	78
52	79
52	80
53	17
53	18
53	21
53	22
53	26
53	44
53	62
53	63
53	64
53	68
53	72
54	11
54	24
54	57
54	62
54	65
54	68
54	73
54	76
54	77
54	79
54	81
55	3
55	15
55	42
55	63
55	67
55	68
55	69
55	72
55	73
55	76
55	77
55	78
56	12
56	13
56	19
56	20
56	40
56	51
56	58
56	63
56	73
56	74
56	75
56	80
57	6
57	22
57	30
57	54
57	62
57	63
57	65
57	68
57	72
57	74
57	77
57	79
58	2
58	10
58	42
58	47
58	56
58	61
58	63
58	70
58	73
58	74
58	77
58	81
59	6
59	15
59	16
59	33
59	38
59	39
59	60
59	64
59	65
59	68
59	76
59	80
59	81
60	1
60	7
60	24
60	32
60	40
60	41
60	43
60	52
60	59
60	62
60	63
60	64
60	70
60	79
61	2
61	5
61	8
61	24
61	25
61	31
61	50
61	58
61	64
61	66
61	67
61	69
61	71
61	74
61	79
62	7
62	9
62	26
62	27
62	45
62	47
62	53
62	54
62	57
62	60
62	64
62	66
62	70
62	72
62	78
62	79
63	15
63	21
63	24
63	37
63	41
63	47
63	53
63	55
63	56
63	57
63	58
63	60
63	68
63	71
63	72
63	77
63	80
64	2
64	7
64	11
64	17
64	22
64	31
64	34
64	46
64	49
64	53
64	59
64	60
64	61
64	62
64	74
64	75
64	80
65	6
65	11
65	23
65	28
65	33
65	38
65	43
65	47
65	49
65	54
65	57
65	59
65	67
65	69
65	73
65	76
65	78
66	14
66	22
66	28
66	30
66	31
66	41
66	44
66	45
66	50
66	52
66	61
66	62
66	67
66	70
66	71
66	73
66	74
67	12
67	15
67	20
67	23
67	31
67	33
67	35
67	38
67	50
67	51
67	55
67	61
67	65
67	66
67	69
67	72
67	79
67	81
68	9
68	20
68	25
68	32
68	41
68	42
68	51
68	53
68	54
68	55
68	57
68	59
68	63
68	70
68	71
68	73
68	77
68	79
69	4
69	10
69	20
69	25
69	29
69	32
69	33
69	35
69	55
69	61
69	65
69	67
69	72
69	73
69	74
69	75
69	77
69	78
69	80
70	1
70	4
70	28
70	29
70	36
70	40
70	50
70	58
70	60
70	62
70	66
70	68
70	71
70	73
70	74
70	76
70	77
70	80
70	81
71	5
71	6
71	11
71	23
71	34
71	35
71	39
71	49
71	51
71	61
71	63
71	66
71	68
71	70
71	72
71	73
71	78
71	79
71	80
72	1
72	9
72	13
72	17
72	35
72	41
72	45
72	46
72	47
72	53
72	55
72	57
72	62
72	63
72	67
72	69
72	71
72	74
72	77
72	78
73	1
73	5
73	24
73	38
73	43
73	44
73	48
73	51
73	52
73	54
73	55
73	56
73	58
73	65
73	66
73	68
73	69
73	70
73	71
73	78
73	81
74	10
74	26
74	27
74	37
74	40
74	42
74	44
74	45
74	50
74	52
74	56
74	57
74	58
74	61
74	64
74	66
74	69
74	70
74	72
74	75
74	76
74	81
75	3
75	9
75	12
75	14
75	16
75	27
75	30
75	31
75	34
75	35
75	46
75	47
75	48
75	49
75	56
75	64
75	69
75	74
75	77
75	78
75	80
75	81
76	6
76	15
76	16
76	19
76	23
76	30
76	33
76	35
76	37
76	38
76	39
76	40
76	42
76	43
76	47
76	54
76	55
76	59
76	65
76	70
76	74
76	79
77	1
77	2
77	6
77	25
77	34
77	37
77	41
77	45
77	46
77	50
77	54
77	55
77	57
77	58
77	63
77	68
77	69
77	70
77	72
77	75
77	78
77	79
78	8
78	11
78	15
78	27
78	28
78	29
78	30
78	40
78	41
78	42
78	46
78	48
78	52
78	55
78	62
78	65
78	69
78	71
78	72
78	73
78	75
78	77
78	81
79	5
79	8
79	10
79	19
79	24
79	25
79	36
79	37
79	38
79	39
79	47
79	51
79	52
79	54
79	57
79	60
79	61
79	62
79	67
79	68
79	71
79	76
79	77
79	81
80	2
80	3
80	7
80	8
80	14
80	20
80	31
80	34
80	40
80	41
80	45
80	48
80	49
80	50
80	52
80	56
80	59
80	63
80	64
80	69
80	70
80	71
80	75
80	81
81	3
81	7
81	8
81	12
81	14
81	31
81	32
81	34
81	39
81	42
81	46
81	48
81	49
81	54
81	58
81	59
81	67
81	70
81	73
81	74
81	75
81	78
81	79
81	80
