1	22
1	30
1	36
1	45
1	62
1	68
2	10
2	28
2	58
2	61
2	68
2	71
3	34
3	53
3	62
3	68
3	71
3	76
4	6
4	17
4	72
4	73
4	74
4	80
5	44
5	48
5	57
5	64
5	66
5	75
6	4
6	36
6	68
6	75
6	78
6	81
7	24
7	66
7	67
7	70
7	73
7	79
8	19
8	51
8	52
8	54
8	64
8	77
9	41
9	58
9	59
9	73
9	76
9	80
10	2
10	42
10	47
10	53
10	63
10	69
11	73
11	74
11	77
11	78
11	79
11	80
12	14
12	23
12	58
12	62
12	75
12	77
13	30
13	37
13	68
13	71
13	74
13	80
14	12
14	25
14	44
14	48
14	60
14	81
15	45
15	59
15	60
15	68
15	78
15	81
16	34
16	50
16	54
16	63
16	74
16	79
17	4
17	22
17	40
17	42
17	77
17	81
18	48
18	60
18	69
18	70
18	71
18	76
19	8
19	29
19	32
19	57
19	69
19	77
20	26
20	64
20	67
20	72
20	77
20	81
21	44
21	52
21	62
21	63
21	66
21	77
21	81
22	1
22	17
22	26
22	35
22	46
22	58
22	75
23	12
23	29
23	31
23	54
23	62
23	73
23	80
24	7
24	41
24	42
24	43
24	56
24	59
24	70
25	14
25	29
25	52
25	65
25	67
25	71
25	72
26	20
26	22
26	65
26	66
26	67
26	76
26	79
27	44
27	53
27	63
27	66
27	70
27	71
27	80
28	2
28	35
28	67
28	69
28	74
28	77
28	81
29	19
29	23
29	25
29	36
29	40
29	56
29	71
29	73
30	1
30	13
30	35
30	57
30	62
30	63
30	68
30	77
31	23
31	39
31	70
31	71
31	72
31	74
31	79
31	80
32	19
32	43
32	45
32	52
32	63
32	68
32	69
32	75
33	44
33	51
33	58
33	67
33	71
33	73
33	78
33	81
34	3
34	16
34	54
34	63
34	66
34	69
34	70
34	77
35	22
35	28
35	30
35	49
35	50
35	52
35	66
35	73
36	1
36	6
36	29
36	54
36	76
36	78
36	79
36	81
37	13
37	53
37	58
37	64
37	70
37	78
37	79
37	80
38	46
38	56
38	60
38	69
38	75
38	76
38	80
38	81
39	31
39	42
39	70
39	73
39	74
39	76
39	78
39	80
40	17
40	29
40	54
40	55
40	60
40	65
40	70
40	78
41	9
41	24
41	47
41	74
41	76
41	77
41	80
41	81
42	10
42	17
42	24
42	39
42	54
42	69
42	71
42	79
43	24
43	32
43	55
43	59
43	68
43	71
43	72
43	79
44	5
44	14
44	21
44	27
44	33
44	54
44	76
44	78
45	1
45	15
45	32
45	50
45	61
45	66
45	76
45	79
46	22
46	38
46	55
46	57
46	61
46	69
46	70
46	77
46	79
47	10
47	41
47	51
47	64
47	70
47	72
47	73
47	74
47	80
48	5
48	14
48	18
48	62
48	70
48	72
48	73
48	75
48	76
49	35
49	51
49	60
49	61
49	62
49	64
49	73
49	74
49	79
49	80
50	16
50	35
50	45
50	53
50	58
50	66
50	68
50	69
50	75
50	77
51	8
51	33
51	47
51	49
51	71
51	73
51	74
51	75
51	80
51	81
52	8
52	21
52	25
52	32
52	35
52	57
52	60
52	76
52	78
52	79
53	3
53	10
53	27
53	37
53	50
53	58
53	61
53	64
53	65
53	68
54	8
54	16
54	23
54	34
54	36
54	40
54	42
54	44
54	62
54	77
54	78
55	40
55	43
55	46
55	58
55	62
55	64
55	65
55	68
55	74
55	76
55	78
56	24
56	29
56	38
56	60
56	68
56	72
56	75
56	77
56	78
56	79
56	81
57	5
57	19
57	30
57	46
57	52
57	59
57	63
57	65
57	67
57	70
57	71
58	2
58	9
58	12
58	22
58	33
58	37
58	50
58	53
58	55
58	59
58	62
58	69
59	9
59	15
59	24
59	43
59	57
59	58
59	65
59	70
59	72
59	75
59	80
59	81
60	14
60	15
60	18
60	38
60	40
60	49
60	52
60	56
60	64
60	67
60	69
60	75
60	78
60	79
61	2
61	45
61	46
61	49
61	53
61	65
61	70
61	74
61	75
61	77
61	78
61	79
61	80
61	81
62	1
62	3
62	12
62	21
62	23
62	30
62	48
62	49
62	54
62	55
62	58
62	64
62	69
62	77
62	78
63	10
63	16
63	21
63	27
63	30
63	32
63	34
63	57
63	69
63	72
63	73
63	75
63	77
63	79
63	81
64	5
64	8
64	20
64	37
64	47
64	49
64	53
64	55
64	60
64	62
64	66
64	71
64	72
64	73
64	74
65	25
65	26
65	40
65	53
65	55
65	57
65	59
65	61
65	67
65	68
65	72
65	73
65	75
65	80
65	81
66	5
66	7
66	21
66	26
66	27
66	34
66	35
66	45
66	50
66	64
66	67
66	71
66	75
66	77
66	78
67	7
67	20
67	25
67	26
67	28
67	33
67	57
67	60
67	65
67	66
67	68
67	71
67	75
67	78
67	79
68	1
68	2
68	3
68	6
68	13
68	15
68	30
68	32
68	43
68	50
68	53
68	55
68	56
68	65
68	67
68	78
68	81
69	10
69	18
69	19
69	28
69	32
69	34
69	38
69	42
69	46
69	50
69	58
69	60
69	62
69	63
69	73
69	76
69	77
69	80
70	7
70	18
70	24
70	27
70	31
70	34
70	37
70	39
70	40
70	46
70	47
70	48
70	57
70	59
70	61
70	72
70	76
70	79
71	2
71	3
71	13
71	18
71	25
71	27
71	29
71	31
71	33
71	42
71	43
71	51
71	57
71	64
71	66
71	67
71	76
71	80
71	81
72	4
72	20
72	25
72	31
72	43
72	47
72	48
72	56
72	59
72	63
72	64
72	65
72	70
72	74
72	75
72	76
72	78
72	80
72	81
73	4
73	7
73	9
73	11
73	23
73	29
73	33
73	35
73	39
73	47
73	48
73	49
73	51
73	63
73	64
73	65
73	69
73	74
73	80
74	4
74	11
74	13
74	16
74	28
74	31
74	39
74	41
74	47
74	49
74	51
74	55
74	61
74	64
74	72
74	73
74	75
74	76
74	80
74	81
75	5
75	6
75	12
75	22
75	32
75	38
75	48
75	50
75	51
75	56
75	59
75	60
75	61
75	63
75	65
75	66
75	67
75	72
75	74
75	78
75	79
76	3
76	9
76	18
76	26
76	36
76	38
76	39
76	41
76	44
76	45
76	48
76	52
76	55
76	69
76	70
76	71
76	72
76	74
76	77
76	79
76	80
76	81
77	8
77	11
77	12
77	17
77	19
77	20
77	21
77	28
77	30
77	34
77	41
77	46
77	50
77	54
77	56
77	61
77	62
77	63
77	66
77	69
77	76
77	81
78	6
78	11
78	15
78	33
78	36
78	37
78	39
78	40
78	44
78	52
78	54
78	55
78	56
78	60
78	61
78	62
78	66
78	67
78	68
78	72
78	75
78	81
79	7
79	11
79	16
79	26
79	31
79	36
79	37
79	42
79	43
79	45
79	46
79	49
79	52
79	56
79	60
79	61
79	63
79	67
79	70
79	75
79	76
79	80
79	81
80	4
80	9
80	11
80	13
80	23
80	27
80	31
80	37
80	38
80	39
80	41
80	47
80	49
80	51
80	59
80	61
80	65
80	69
80	71
80	72
80	73
80	74
80	76
80	79
81	6
81	14
81	15
81	17
81	20
81	21
81	28
81	33
81	36
81	38
81	41
81	51
81	56
81	59
81	61
81	63
81	65
81	68
81	71
81	72
81	74
81	76
81	77
81	78
81	79
