1	3
1	8
1	21
1	79
1	80
1	81
2	54
2	64
2	68
2	69
2	70
2	76
3	1
3	31
3	40
3	66
3	71
3	81
4	14
4	39
4	54
4	59
4	69
4	80
5	17
5	44
5	46
5	49
5	50
5	69
6	36
6	40
6	63
6	64
6	75
6	78
7	47
7	51
7	59
7	67
7	69
7	71
8	1
8	27
8	37
8	63
8	74
8	77
9	24
9	37
9	65
9	66
9	67
9	77
10	42
10	53
10	59
10	60
10	71
10	75
11	56
11	72
11	74
11	78
11	79
11	81
12	14
12	16
12	26
12	58
12	62
12	72
13	43
13	54
13	61
13	66
13	79
13	80
14	4
14	12
14	23
14	59
14	78
14	81
15	44
15	48
15	51
15	67
15	69
15	80
16	12
16	18
16	57
16	69
16	70
16	72
16	73
17	5
17	35
17	50
17	66
17	72
17	80
17	81
18	16
18	41
18	61
18	70
18	72
18	76
18	77
19	40
19	45
19	48
19	55
19	62
19	68
19	79
20	33
20	36
20	57
20	58
20	62
20	76
20	81
21	1
21	53
21	61
21	65
21	67
21	78
21	80
22	63
22	65
22	73
22	75
22	76
22	78
22	81
23	14
23	47
23	61
23	73
23	76
23	78
23	79
24	9
24	34
24	62
24	68
24	73
24	79
24	80
25	31
25	33
25	48
25	59
25	71
25	73
25	79
26	12
26	62
26	67
26	74
26	76
26	77
26	81
27	8
27	40
27	52
27	68
27	73
27	76
27	80
28	46
28	55
28	64
28	70
28	71
28	73
28	75
29	33
29	46
29	48
29	61
29	74
29	78
29	79
30	35
30	41
30	52
30	59
30	65
30	73
30	81
31	3
31	25
31	41
31	61
31	72
31	74
31	75
31	81
32	48
32	63
32	65
32	68
32	71
32	74
32	76
32	77
33	20
33	25
33	29
33	39
33	56
33	67
33	70
33	75
34	24
34	42
34	60
34	66
34	71
34	74
34	76
34	81
35	17
35	30
35	52
35	58
35	60
35	72
35	76
35	81
36	6
36	20
36	44
36	56
36	63
36	68
36	70
36	73
37	8
37	9
37	45
37	51
37	52
37	69
37	72
37	77
38	41
38	45
38	49
38	52
38	60
38	68
38	69
38	71
39	4
39	33
39	59
39	67
39	68
39	75
39	78
39	79
39	80
40	3
40	6
40	19
40	27
40	41
40	50
40	57
40	58
40	72
41	18
41	30
41	31
41	38
41	40
41	49
41	63
41	72
41	74
42	10
42	34
42	52
42	54
42	55
42	76
42	78
42	79
42	81
43	13
43	46
43	56
43	59
43	66
43	67
43	73
43	78
43	79
44	5
44	15
44	36
44	61
44	66
44	67
44	71
44	75
44	77
45	19
45	37
45	38
45	60
45	67
45	70
45	72
45	74
45	75
46	5
46	28
46	29
46	43
46	64
46	65
46	70
46	79
46	80
47	7
47	23
47	64
47	66
47	70
47	71
47	74
47	75
47	81
48	15
48	19
48	25
48	29
48	32
48	54
48	74
48	78
48	81
49	5
49	38
49	41
49	50
49	52
49	56
49	63
49	72
49	79
50	5
50	17
50	40
50	49
50	58
50	60
50	74
50	75
50	81
51	7
51	15
51	37
51	57
51	60
51	61
51	62
51	63
51	76
51	77
52	27
52	30
52	35
52	37
52	38
52	42
52	49
52	58
52	71
52	72
53	10
53	21
53	59
53	66
53	68
53	69
53	73
53	74
53	77
53	80
54	2
54	4
54	13
54	42
54	48
54	57
54	58
54	66
54	78
54	81
55	19
55	28
55	42
55	64
55	68
55	70
55	73
55	74
55	77
55	79
55	80
56	11
56	33
56	36
56	43
56	49
56	66
56	68
56	69
56	70
56	75
56	80
57	16
57	20
57	40
57	51
57	54
57	62
57	65
57	72
57	73
57	76
57	78
58	12
58	20
58	35
58	40
58	50
58	52
58	54
58	69
58	72
58	77
58	79
58	81
59	4
59	7
59	10
59	14
59	25
59	30
59	39
59	43
59	53
59	72
59	73
59	77
59	80
60	10
60	34
60	35
60	38
60	45
60	50
60	51
60	62
60	64
60	67
60	68
60	69
60	75
61	13
61	18
61	21
61	23
61	29
61	31
61	44
61	51
61	66
61	69
61	74
61	78
61	80
61	81
62	12
62	19
62	20
62	24
62	26
62	51
62	57
62	60
62	65
62	69
62	76
62	77
62	78
62	79
63	6
63	8
63	22
63	32
63	36
63	41
63	49
63	51
63	64
63	65
63	74
63	76
63	77
63	80
64	2
64	6
64	28
64	46
64	47
64	55
64	60
64	63
64	69
64	70
64	71
64	73
64	75
64	77
65	9
65	21
65	22
65	30
65	32
65	46
65	57
65	62
65	63
65	68
65	70
65	73
65	76
65	77
65	80
66	3
66	9
66	13
66	17
66	34
66	43
66	44
66	47
66	53
66	54
66	56
66	61
66	68
66	74
66	78
66	80
66	81
67	7
67	9
67	15
67	21
67	26
67	33
67	39
67	43
67	44
67	45
67	60
67	70
67	71
67	72
67	75
67	78
67	79
68	2
68	19
68	24
68	27
68	32
68	36
68	38
68	39
68	53
68	55
68	56
68	60
68	65
68	66
68	73
68	77
68	79
68	80
69	2
69	4
69	5
69	7
69	15
69	16
69	37
69	38
69	53
69	56
69	58
69	60
69	61
69	62
69	64
69	70
69	71
69	74
70	2
70	16
70	18
70	28
70	33
70	36
70	45
70	46
70	47
70	55
70	56
70	64
70	65
70	67
70	69
70	71
70	76
70	79
71	3
71	7
71	10
71	25
71	28
71	32
71	34
71	38
71	44
71	47
71	52
71	64
71	67
71	69
71	70
71	72
71	75
71	79
71	80
72	11
72	12
72	16
72	17
72	18
72	31
72	35
72	37
72	40
72	41
72	45
72	49
72	52
72	57
72	58
72	59
72	67
72	71
72	80
73	16
73	22
73	23
73	24
73	25
73	27
73	28
73	30
73	36
73	43
73	53
73	55
73	57
73	59
73	64
73	65
73	68
73	77
73	79
74	8
74	11
74	26
74	29
74	31
74	32
74	34
74	41
74	45
74	47
74	48
74	50
74	53
74	55
74	61
74	63
74	66
74	69
74	78
74	81
75	6
75	10
75	22
75	28
75	31
75	33
75	39
75	44
75	45
75	47
75	50
75	56
75	60
75	64
75	67
75	71
75	76
75	78
75	80
75	81
76	2
76	18
76	20
76	22
76	23
76	26
76	27
76	32
76	34
76	35
76	42
76	51
76	57
76	62
76	63
76	65
76	70
76	75
76	77
76	80
77	8
77	9
77	18
77	26
77	32
77	37
77	44
77	51
77	53
77	55
77	58
77	59
77	62
77	63
77	64
77	65
77	68
77	73
77	76
77	81
78	6
78	11
78	14
78	21
78	22
78	23
78	29
78	39
78	42
78	43
78	48
78	54
78	57
78	61
78	62
78	66
78	67
78	74
78	75
78	80
78	81
79	1
79	11
79	13
79	19
79	23
79	24
79	25
79	29
79	39
79	42
79	43
79	46
79	49
79	55
79	58
79	62
79	67
79	68
79	70
79	71
79	73
79	81
80	1
80	4
80	13
80	15
80	17
80	21
80	24
80	27
80	39
80	46
80	53
80	55
80	56
80	59
80	61
80	63
80	65
80	66
80	68
80	71
80	72
80	75
80	76
80	78
81	1
81	3
81	11
81	14
81	17
81	20
81	22
81	26
81	30
81	31
81	34
81	35
81	42
81	47
81	48
81	50
81	54
81	58
81	61
81	66
81	74
81	75
81	77
81	78
81	79
