1	8
1	33
1	50
1	52
1	69
1	74
2	10
2	17
2	39
2	55
2	68
2	80
3	20
3	49
3	53
3	58
3	64
3	76
4	41
4	48
4	66
4	71
4	78
4	80
5	21
5	32
5	68
5	75
5	78
5	81
6	56
6	59
6	67
6	68
6	76
6	78
7	28
7	37
7	41
7	66
7	71
7	77
8	1
8	27
8	28
8	38
8	49
8	65
9	48
9	51
9	62
9	65
9	80
9	81
10	2
10	14
10	33
10	35
10	72
10	78
11	19
11	44
11	47
11	52
11	69
11	70
12	33
12	61
12	67
12	71
12	73
12	80
13	25
13	26
13	51
13	56
13	61
13	67
13	72
14	10
14	24
14	55
14	57
14	65
14	72
14	75
15	18
15	25
15	34
15	37
15	50
15	67
15	73
16	20
16	25
16	34
16	45
16	51
16	64
16	80
17	2
17	30
17	57
17	59
17	60
17	70
17	77
18	15
18	29
18	33
18	44
18	52
18	69
18	81
19	11
19	44
19	61
19	63
19	69
19	76
19	80
20	3
20	16
20	43
20	55
20	73
20	77
20	81
21	5
21	35
21	44
21	54
21	60
21	62
21	65
22	24
22	28
22	35
22	37
22	38
22	49
22	69
23	26
23	58
23	60
23	63
23	72
23	76
23	78
23	81
24	14
24	22
24	28
24	38
24	49
24	54
24	70
24	76
25	13
25	15
25	16
25	64
25	66
25	72
25	80
25	81
26	13
26	23
26	28
26	51
26	60
26	65
26	68
26	81
27	8
27	30
27	36
27	45
27	48
27	70
27	79
27	81
28	7
28	8
28	22
28	24
28	26
28	49
28	50
28	57
29	18
29	41
29	46
29	50
29	67
29	71
29	74
29	81
30	17
30	27
30	38
30	59
30	60
30	76
30	77
30	79
31	36
31	56
31	62
31	65
31	66
31	75
31	80
31	81
32	5
32	40
32	62
32	63
32	68
32	72
32	73
32	77
33	1
33	10
33	12
33	18
33	43
33	52
33	61
33	69
34	15
34	16
34	40
34	59
34	65
34	74
34	77
34	80
35	10
35	21
35	22
35	53
35	56
35	66
35	67
35	75
35	79
36	27
36	31
36	52
36	56
36	60
36	64
36	79
36	80
36	81
37	7
37	15
37	22
37	49
37	50
37	55
37	71
37	74
37	79
38	8
38	22
38	24
38	30
38	49
38	51
38	68
38	77
38	81
39	2
39	53
39	54
39	56
39	57
39	59
39	71
39	75
39	79
40	32
40	34
40	42
40	51
40	52
40	72
40	75
40	77
40	81
41	4
41	7
41	29
41	61
41	67
41	71
41	78
41	80
41	81
42	40
42	46
42	53
42	54
42	55
42	64
42	70
42	75
42	79
43	20
43	33
43	52
43	70
43	72
43	76
43	77
43	78
43	80
44	11
44	18
44	19
44	21
44	47
44	52
44	57
44	69
44	72
45	16
45	27
45	53
45	54
45	60
45	62
45	64
45	65
45	73
45	80
46	29
46	42
46	50
46	58
46	61
46	67
46	68
46	71
46	77
46	79
47	11
47	44
47	50
47	52
47	66
47	68
47	72
47	74
47	75
47	81
48	4
48	9
48	27
48	57
48	60
48	62
48	69
48	74
48	76
48	78
48	80
49	3
49	8
49	22
49	24
49	28
49	37
49	38
49	51
49	59
49	71
49	80
50	1
50	15
50	28
50	29
50	37
50	46
50	47
50	53
50	54
50	57
50	60
51	9
51	13
51	16
51	26
51	38
51	40
51	49
51	53
51	68
51	76
51	81
52	1
52	11
52	18
52	33
52	36
52	40
52	43
52	44
52	47
52	59
52	69
52	78
53	3
53	35
53	39
53	42
53	45
53	50
53	51
53	55
53	56
53	58
53	59
53	75
54	21
54	24
54	39
54	42
54	45
54	50
54	56
54	62
54	65
54	70
54	75
54	79
55	2
55	14
55	20
55	37
55	42
55	53
55	61
55	63
55	65
55	70
55	75
55	78
56	6
56	13
56	31
56	35
56	36
56	39
56	53
56	54
56	65
56	75
56	79
56	80
57	14
57	17
57	28
57	39
57	44
57	48
57	50
57	59
57	61
57	70
57	74
57	78
58	3
58	23
58	46
58	53
58	59
58	61
58	64
58	67
58	70
58	71
58	73
58	77
59	6
59	17
59	30
59	34
59	39
59	49
59	52
59	53
59	57
59	58
59	70
59	79
60	17
60	21
60	23
60	26
60	30
60	36
60	45
60	48
60	50
60	64
60	66
60	80
61	12
61	13
61	19
61	33
61	41
61	46
61	55
61	57
61	58
61	72
61	78
61	79
61	81
62	9
62	21
62	31
62	32
62	45
62	48
62	54
62	63
62	64
62	66
62	74
62	76
62	80
63	19
63	23
63	32
63	55
63	62
63	66
63	67
63	68
63	69
63	73
63	76
63	77
63	78
64	3
64	16
64	25
64	36
64	42
64	45
64	58
64	60
64	62
64	66
64	69
64	73
64	77
65	8
65	9
65	14
65	21
65	26
65	31
65	34
65	45
65	54
65	55
65	56
65	75
65	79
66	4
66	7
66	25
66	31
66	35
66	47
66	60
66	62
66	63
66	64
66	69
66	74
66	79
66	80
67	6
67	12
67	13
67	15
67	29
67	35
67	41
67	46
67	58
67	63
67	74
67	76
67	77
67	78
67	79
68	2
68	5
68	6
68	26
68	32
68	38
68	46
68	47
68	51
68	63
68	69
68	73
68	74
68	75
68	81
69	1
69	11
69	18
69	19
69	22
69	33
69	44
69	48
69	52
69	63
69	64
69	66
69	68
69	72
69	73
70	11
70	17
70	24
70	27
70	42
70	43
70	54
70	55
70	57
70	58
70	59
70	72
70	74
70	79
70	81
71	4
71	7
71	12
71	29
71	37
71	39
71	41
71	46
71	49
71	58
71	73
71	76
71	77
71	78
71	80
72	10
72	13
72	14
72	23
72	25
72	32
72	40
72	43
72	44
72	47
72	61
72	69
72	70
72	76
72	79
72	81
73	12
73	15
73	20
73	32
73	45
73	58
73	63
73	64
73	68
73	69
73	71
73	74
73	76
73	77
73	78
73	81
74	1
74	29
74	34
74	37
74	47
74	48
74	57
74	62
74	66
74	67
74	68
74	70
74	73
74	75
74	78
74	79
75	5
75	14
75	31
75	35
75	39
75	40
75	42
75	47
75	53
75	54
75	55
75	56
75	65
75	68
75	74
75	76
75	80
76	3
76	6
76	19
76	23
76	24
76	30
76	43
76	48
76	51
76	62
76	63
76	67
76	71
76	72
76	73
76	75
76	78
76	81
77	7
77	17
77	20
77	30
77	32
77	34
77	38
77	40
77	43
77	46
77	58
77	63
77	64
77	67
77	71
77	73
77	78
77	79
78	4
78	5
78	6
78	10
78	23
78	41
78	43
78	48
78	52
78	55
78	57
78	61
78	63
78	67
78	71
78	73
78	74
78	76
78	77
79	27
79	30
79	35
79	36
79	37
79	39
79	42
79	46
79	54
79	56
79	59
79	61
79	65
79	66
79	67
79	70
79	72
79	74
79	77
79	81
80	2
80	4
80	9
80	12
80	16
80	19
80	25
80	31
80	34
80	36
80	41
80	43
80	45
80	48
80	49
80	56
80	60
80	62
80	66
80	71
80	75
81	5
81	9
81	18
81	20
81	23
81	25
81	26
81	27
81	29
81	31
81	36
81	38
81	40
81	41
81	47
81	51
81	61
81	68
81	70
81	72
81	73
81	76
81	79
