1	4
1	62
1	67
1	69
1	76
1	78
2	22
2	28
2	41
2	72
2	73
2	79
3	36
3	39
3	47
3	67
3	75
3	80
4	1
4	9
4	30
4	34
4	57
4	60
5	18
5	30
5	33
5	46
5	62
5	71
6	27
6	32
6	38
6	43
6	44
6	81
7	25
7	40
7	53
7	73
7	77
7	81
8	45
8	53
8	64
8	66
8	67
8	77
9	4
9	57
9	62
9	68
9	72
9	76
10	25
10	29
10	54
10	59
10	69
10	76
11	65
11	67
11	72
11	75
11	80
11	81
12	22
12	31
12	47
12	57
12	58
12	81
13	14
13	35
13	47
13	73
13	78
13	79
14	13
14	27
14	32
14	33
14	61
14	76
15	20
15	52
15	54
15	76
15	77
15	78
16	23
16	43
16	71
16	75
16	78
16	81
17	57
17	67
17	70
17	74
17	78
17	79
18	5
18	42
18	59
18	68
18	71
18	81
19	28
19	46
19	63
19	67
19	76
19	80
20	15
20	21
20	25
20	27
20	31
20	34
20	79
21	20
21	26
21	30
21	39
21	49
21	58
21	80
22	2
22	12
22	29
22	45
22	57
22	62
22	64
23	16
23	44
23	58
23	63
23	64
23	67
23	77
24	44
24	45
24	52
24	67
24	77
24	78
24	79
25	7
25	10
25	20
25	56
25	68
25	74
25	81
26	21
26	29
26	62
26	65
26	66
26	71
26	81
27	6
27	14
27	20
27	41
27	45
27	71
27	75
28	2
28	19
28	50
28	58
28	60
28	66
28	80
29	10
29	22
29	26
29	35
29	57
29	62
29	65
30	4
30	5
30	21
30	35
30	41
30	62
30	74
31	12
31	20
31	65
31	67
31	71
31	73
31	76
32	6
32	14
32	38
32	53
32	56
32	68
32	81
33	5
33	14
33	45
33	47
33	57
33	76
33	78
34	4
34	20
34	54
34	66
34	75
34	79
34	81
35	13
35	29
35	30
35	54
35	69
35	73
35	78
36	3
36	38
36	51
36	60
36	69
36	72
36	73
36	80
37	40
37	44
37	69
37	75
37	77
37	78
37	79
37	80
38	6
38	32
38	36
38	58
38	59
38	67
38	72
38	80
39	3
39	21
39	49
39	50
39	69
39	74
39	79
39	80
40	7
40	37
40	46
40	55
40	73
40	77
40	79
40	81
41	2
41	27
41	30
41	46
41	61
41	62
41	68
41	73
42	18
42	48
42	61
42	64
42	73
42	74
42	77
42	78
43	6
43	16
43	46
43	61
43	69
43	70
43	71
43	79
44	6
44	23
44	24
44	37
44	50
44	51
44	74
44	81
45	8
45	22
45	24
45	27
45	33
45	62
45	68
45	71
45	81
46	5
46	19
46	40
46	41
46	43
46	54
46	58
46	76
46	79
47	3
47	12
47	13
47	33
47	53
47	62
47	76
47	78
47	81
48	42
48	51
48	52
48	54
48	60
48	66
48	75
48	77
48	79
49	21
49	39
49	57
49	59
49	60
49	63
49	65
49	72
49	80
50	28
50	39
50	44
50	53
50	54
50	55
50	58
50	67
50	75
50	78
51	36
51	44
51	48
51	53
51	57
51	60
51	63
51	68
51	69
51	76
52	15
52	24
52	48
52	59
52	66
52	68
52	70
52	73
52	79
52	81
53	7
53	8
53	32
53	47
53	50
53	51
53	66
53	69
53	71
53	74
54	10
54	15
54	34
54	35
54	46
54	48
54	50
54	66
54	75
54	77
55	40
55	50
55	56
55	64
55	73
55	75
55	76
55	78
55	79
55	80
56	25
56	32
56	55
56	57
56	63
56	64
56	70
56	77
56	78
56	79
56	80
57	4
57	9
57	12
57	17
57	22
57	29
57	33
57	49
57	51
57	56
57	63
58	12
58	21
58	23
58	28
58	38
58	46
58	50
58	65
58	72
58	74
58	77
58	80
59	10
59	18
59	38
59	49
59	52
59	64
59	70
59	71
59	76
59	77
59	78
59	79
60	4
60	28
60	36
60	48
60	49
60	51
60	61
60	65
60	66
60	70
60	72
60	80
61	14
61	41
61	42
61	43
61	60
61	63
61	65
61	68
61	71
61	74
61	75
61	80
62	1
62	5
62	9
62	22
62	26
62	29
62	30
62	41
62	45
62	47
62	71
62	77
63	19
63	23
63	49
63	51
63	56
63	57
63	61
63	69
63	70
63	72
63	73
63	74
64	8
64	22
64	23
64	42
64	55
64	56
64	59
64	69
64	70
64	74
64	77
64	78
65	11
65	26
65	29
65	31
65	49
65	58
65	60
65	61
65	70
65	72
65	74
65	80
66	8
66	26
66	28
66	34
66	48
66	52
66	53
66	54
66	60
66	68
66	71
66	72
66	77
66	81
67	1
67	3
67	8
67	11
67	17
67	19
67	23
67	24
67	31
67	38
67	50
67	74
67	75
67	76
67	78
68	9
68	18
68	25
68	32
68	41
68	45
68	51
68	52
68	61
68	66
68	69
68	71
68	72
68	75
68	81
69	1
69	10
69	35
69	36
69	37
69	39
69	43
69	51
69	53
69	63
69	64
69	68
69	70
69	73
69	74
70	17
70	43
70	52
70	56
70	59
70	60
70	63
70	64
70	65
70	69
70	74
70	77
70	78
70	79
70	80
71	5
71	16
71	18
71	26
71	27
71	31
71	43
71	45
71	53
71	59
71	61
71	62
71	66
71	68
71	81
72	2
72	9
72	11
72	36
72	38
72	49
72	58
72	60
72	63
72	65
72	66
72	68
72	73
72	75
72	80
72	81
73	2
73	7
73	13
73	31
73	35
73	36
73	40
73	41
73	42
73	52
73	55
73	63
73	69
73	72
73	74
73	75
73	76
73	79
74	17
74	25
74	30
74	39
74	42
74	44
74	53
74	58
74	61
74	63
74	64
74	65
74	67
74	69
74	70
74	73
74	76
74	81
75	3
75	11
75	16
75	27
75	34
75	37
75	48
75	50
75	54
75	55
75	61
75	67
75	68
75	72
75	73
75	76
75	78
75	80
75	81
76	1
76	9
76	10
76	14
76	15
76	19
76	31
76	33
76	46
76	47
76	51
76	55
76	59
76	67
76	73
76	74
76	75
76	78
76	79
77	7
77	8
77	15
77	23
77	24
77	37
77	40
77	42
77	48
77	54
77	56
77	58
77	59
77	62
77	64
77	66
77	70
77	78
77	79
77	80
78	1
78	13
78	15
78	16
78	17
78	24
78	33
78	35
78	37
78	42
78	47
78	50
78	55
78	56
78	59
78	64
78	67
78	70
78	75
78	76
78	77
78	79
79	2
79	13
79	17
79	20
79	24
79	34
79	37
79	39
79	40
79	43
79	46
79	48
79	52
79	55
79	56
79	59
79	70
79	73
79	76
79	77
79	78
79	80
80	3
80	11
80	19
80	21
80	28
80	36
80	37
80	38
80	39
80	49
80	55
80	56
80	58
80	60
80	61
80	65
80	70
80	72
80	75
80	77
80	79
80	81
81	6
81	7
81	11
81	12
81	16
81	18
81	25
81	26
81	32
81	34
81	40
81	44
81	45
81	47
81	52
81	66
81	68
81	71
81	72
81	74
81	75
81	80
