1	20
1	27
1	70
1	71
1	74
1	80
2	53
2	58
2	68
2	71
2	79
2	80
3	4
3	12
3	21
3	41
3	54
3	59
4	3
4	11
4	59
4	70
4	72
4	81
5	37
5	45
5	53
5	59
5	73
5	79
6	25
6	48
6	61
6	66
6	68
6	77
7	8
7	39
7	42
7	66
7	77
7	78
8	7
8	35
8	56
8	63
8	76
8	81
9	22
9	50
9	55
9	57
9	63
9	73
10	12
10	13
10	20
10	60
10	70
10	73
11	4
11	48
11	56
11	58
11	61
11	72
12	3
12	10
12	68
12	70
12	73
12	76
13	10
13	54
13	70
13	72
13	73
13	74
14	52
14	64
14	75
14	77
14	79
14	80
15	17
15	49
15	50
15	65
15	77
15	78
16	26
16	59
16	67
16	69
16	80
16	81
17	15
17	19
17	47
17	60
17	68
17	74
18	55
18	72
18	74
18	77
18	79
18	80
19	17
19	31
19	36
19	56
19	60
19	63
19	68
20	1
20	10
20	36
20	41
20	67
20	72
20	73
21	3
21	25
21	48
21	54
21	55
21	57
21	79
22	9
22	38
22	55
22	74
22	75
22	79
22	81
23	43
23	49
23	53
23	65
23	71
23	78
23	81
24	37
24	62
24	72
24	76
24	78
24	79
24	80
25	6
25	21
25	56
25	59
25	63
25	64
25	73
26	16
26	46
26	66
26	69
26	73
26	76
26	81
27	1
27	30
27	41
27	42
27	62
27	68
27	71
28	49
28	50
28	59
28	60
28	61
28	76
28	80
29	32
29	44
29	54
29	62
29	69
29	76
29	79
29	80
30	27
30	67
30	69
30	71
30	75
30	78
30	79
30	80
31	19
31	55
31	61
31	67
31	69
31	74
31	79
31	80
32	29
32	42
32	44
32	48
32	59
32	68
32	73
32	78
33	52
33	57
33	58
33	61
33	63
33	64
33	71
33	76
34	36
34	41
34	45
34	68
34	75
34	77
34	78
34	80
35	8
35	43
35	53
35	57
35	61
35	65
35	69
35	73
35	75
36	19
36	20
36	34
36	57
36	61
36	66
36	67
36	74
36	76
37	5
37	24
37	41
37	42
37	47
37	63
37	66
37	70
37	81
38	22
38	42
38	44
38	53
38	64
38	76
38	77
38	78
38	80
39	7
39	52
39	64
39	66
39	70
39	75
39	77
39	78
39	79
40	53
40	59
40	62
40	71
40	74
40	75
40	79
40	80
40	81
41	3
41	20
41	27
41	34
41	37
41	45
41	59
41	65
41	66
41	73
42	7
42	27
42	32
42	37
42	38
42	44
42	65
42	66
42	73
42	76
43	23
43	35
43	45
43	57
43	60
43	64
43	65
43	68
43	72
43	76
44	29
44	32
44	38
44	42
44	61
44	64
44	75
44	77
44	78
44	81
45	5
45	34
45	41
45	43
45	46
45	47
45	50
45	62
45	77
45	78
46	26
46	45
46	50
46	52
46	69
46	74
46	75
46	77
46	78
46	81
47	17
47	37
47	45
47	51
47	57
47	58
47	60
47	63
47	65
47	77
48	6
48	11
48	21
48	32
48	57
48	58
48	61
48	62
48	65
48	77
49	15
49	23
49	28
49	54
49	55
49	60
49	67
49	72
49	79
49	81
50	9
50	15
50	28
50	45
50	46
50	57
50	62
50	75
50	78
50	81
51	47
51	62
51	64
51	66
51	67
51	69
51	73
51	74
51	77
51	79
51	80
52	14
52	33
52	39
52	46
52	59
52	61
52	65
52	70
52	75
52	76
52	81
53	2
53	5
53	23
53	35
53	38
53	40
53	54
53	56
53	67
53	77
53	79
54	3
54	13
54	21
54	29
54	49
54	53
54	56
54	57
54	60
54	65
54	74
55	9
55	18
55	21
55	22
55	31
55	49
55	58
55	67
55	76
55	78
55	79
55	81
56	8
56	11
56	19
56	25
56	53
56	54
56	58
56	65
56	68
56	75
56	76
56	81
57	9
57	21
57	33
57	35
57	36
57	43
57	47
57	48
57	50
57	54
57	72
57	78
58	2
58	11
58	33
58	47
58	48
58	55
58	56
58	60
58	62
58	72
58	74
58	75
59	3
59	4
59	5
59	16
59	25
59	28
59	32
59	40
59	41
59	52
59	66
59	68
59	77
60	10
60	17
60	19
60	28
60	43
60	47
60	49
60	54
60	58
60	71
60	72
60	75
60	77
61	6
61	11
61	28
61	31
61	33
61	35
61	36
61	44
61	48
61	52
61	63
61	70
61	72
61	80
62	24
62	27
62	29
62	40
62	45
62	48
62	50
62	51
62	58
62	65
62	71
62	76
62	79
62	80
63	8
63	9
63	19
63	25
63	33
63	37
63	47
63	61
63	70
63	72
63	75
63	79
63	80
63	81
64	14
64	25
64	33
64	38
64	39
64	43
64	44
64	51
64	71
64	75
64	76
64	77
64	78
64	80
64	81
65	15
65	23
65	35
65	41
65	42
65	43
65	47
65	48
65	52
65	54
65	56
65	62
65	67
65	71
65	80
66	6
66	7
66	26
66	36
66	37
66	39
66	41
66	42
66	51
66	59
66	68
66	69
66	73
66	78
66	81
67	16
67	20
67	30
67	31
67	36
67	49
67	51
67	53
67	55
67	65
67	70
67	71
67	76
67	77
67	81
68	2
68	6
68	12
68	17
68	19
68	27
68	32
68	34
68	43
68	56
68	59
68	66
68	73
68	77
68	78
69	16
69	26
69	29
69	30
69	31
69	35
69	46
69	51
69	66
69	70
69	71
69	74
69	76
69	79
69	80
70	1
70	4
70	10
70	12
70	13
70	37
70	39
70	52
70	61
70	63
70	67
70	69
70	73
70	74
70	77
70	81
71	1
71	2
71	23
71	27
71	30
71	33
71	40
71	60
71	62
71	64
71	65
71	67
71	69
71	74
71	79
71	80
72	4
72	11
72	13
72	18
72	20
72	24
72	43
72	49
72	57
72	58
72	60
72	61
72	63
72	76
72	77
72	79
72	81
73	5
73	9
73	10
73	12
73	13
73	20
73	25
73	26
73	32
73	35
73	41
73	42
73	51
73	66
73	68
73	70
73	74
74	1
74	13
74	17
74	18
74	22
74	31
74	36
74	40
74	46
74	51
74	54
74	58
74	69
74	70
74	71
74	73
74	79
74	80
75	14
75	22
75	30
75	34
75	35
75	39
75	40
75	44
75	46
75	50
75	52
75	56
75	58
75	60
75	63
75	64
75	77
75	78
76	8
76	12
76	24
76	26
76	28
76	29
76	33
76	36
76	38
76	42
76	43
76	52
76	55
76	56
76	62
76	64
76	67
76	69
76	72
76	78
76	81
77	6
77	7
77	14
77	15
77	18
77	34
77	38
77	39
77	44
77	45
77	46
77	47
77	48
77	51
77	53
77	59
77	60
77	64
77	67
77	68
77	70
77	72
77	75
77	78
78	7
78	15
78	23
78	24
78	30
78	32
78	34
78	38
78	39
78	44
78	45
78	46
78	50
78	55
78	57
78	64
78	66
78	68
78	75
78	76
78	77
78	79
78	80
78	81
79	2
79	5
79	14
79	18
79	21
79	22
79	24
79	29
79	30
79	31
79	39
79	40
79	49
79	51
79	53
79	55
79	62
79	63
79	69
79	71
79	72
79	74
79	78
79	80
79	81
80	1
80	2
80	14
80	16
80	18
80	24
80	28
80	29
80	30
80	31
80	34
80	38
80	40
80	51
80	61
80	62
80	63
80	64
80	65
80	69
80	71
80	74
80	78
80	79
80	81
81	4
81	8
81	16
81	22
81	23
81	26
81	37
81	40
81	44
81	46
81	49
81	50
81	52
81	55
81	56
81	63
81	64
81	66
81	67
81	70
81	72
81	76
81	78
81	79
81	80
