1	12
1	23
1	40
1	43
1	48
1	51
2	58
2	60
2	62
2	65
2	75
2	77
3	19
3	32
3	55
3	56
3	77
3	80
4	15
4	17
4	51
4	52
4	76
4	80
5	8
5	9
5	25
5	45
5	71
5	72
6	64
6	68
6	74
6	76
6	80
6	81
7	25
7	39
7	45
7	53
7	79
7	81
8	5
8	60
8	69
8	70
8	73
8	79
9	5
9	15
9	39
9	58
9	76
9	79
10	38
10	52
10	55
10	56
10	77
10	78
11	40
11	45
11	54
11	60
11	74
11	81
12	1
12	25
12	69
12	73
12	75
12	79
13	20
13	55
13	56
13	63
13	70
13	81
14	55
14	67
14	70
14	71
14	77
14	80
15	4
15	9
15	51
15	52
15	53
15	80
16	28
16	49
16	64
16	65
16	74
16	81
17	4
17	58
17	59
17	63
17	73
17	78
18	57
18	72
18	76
18	77
18	78
18	79
18	80
19	3
19	20
19	38
19	52
19	56
19	63
19	75
20	13
20	19
20	28
20	55
20	57
20	60
20	66
21	26
21	52
21	56
21	58
21	62
21	67
21	76
22	36
22	44
22	49
22	60
22	62
22	70
22	73
23	1
23	34
23	43
23	48
23	52
23	72
23	81
24	48
24	54
24	66
24	68
24	77
24	80
24	81
25	5
25	7
25	12
25	27
25	41
25	72
25	73
26	21
26	57
26	58
26	60
26	63
26	73
26	76
27	25
27	39
27	41
27	45
27	66
27	74
27	77
28	16
28	20
28	69
28	70
28	73
28	79
28	80
29	34
29	39
29	58
29	66
29	71
29	73
29	76
30	42
30	50
30	57
30	61
30	66
30	78
30	79
31	41
31	64
31	73
31	74
31	75
31	78
31	81
32	3
32	38
32	71
32	76
32	77
32	78
32	79
33	35
33	38
33	54
33	60
33	66
33	75
33	80
34	23
34	29
34	40
34	47
34	51
34	52
34	69
34	71
35	33
35	37
35	46
35	64
35	73
35	74
35	78
35	81
36	22
36	41
36	44
36	60
36	62
36	74
36	78
36	81
37	35
37	48
37	66
37	67
37	73
37	74
37	80
37	81
38	10
38	19
38	32
38	33
38	42
38	55
38	56
38	59
39	7
39	9
39	27
39	29
39	41
39	45
39	70
39	71
39	74
40	1
40	11
40	34
40	46
40	51
40	52
40	58
40	59
40	71
41	25
41	27
41	31
41	36
41	39
41	45
41	55
41	67
41	79
42	30
42	38
42	43
42	48
42	54
42	64
42	66
42	70
42	74
42	81
43	1
43	23
43	42
43	57
43	66
43	69
43	72
43	73
43	78
43	80
44	22
44	36
44	57
44	58
44	60
44	61
44	62
44	69
44	71
44	73
45	5
45	7
45	11
45	27
45	39
45	41
45	56
45	69
45	78
45	81
46	35
46	40
46	52
46	55
46	56
46	70
46	72
46	77
46	78
46	79
47	34
47	48
47	49
47	60
47	66
47	68
47	70
47	75
47	76
47	80
48	1
48	23
48	24
48	37
48	42
48	47
48	54
48	67
48	74
48	78
48	81
49	16
49	22
49	47
49	58
49	59
49	65
49	70
49	71
49	72
49	77
49	78
50	30
50	56
50	57
50	59
50	63
50	66
50	68
50	74
50	76
50	77
50	78
51	1
51	4
51	15
51	34
51	40
51	52
51	53
51	54
51	75
51	76
51	79
52	4
52	10
52	15
52	19
52	21
52	23
52	34
52	40
52	46
52	51
52	53
52	74
53	7
53	15
53	51
53	52
53	57
53	61
53	66
53	67
53	75
53	76
53	77
53	80
54	11
54	24
54	33
54	42
54	48
54	51
54	64
54	69
54	72
54	74
54	78
54	80
54	81
55	3
55	10
55	13
55	14
55	20
55	38
55	41
55	46
55	56
55	65
55	68
55	72
55	75
56	3
56	10
56	13
56	19
56	21
56	38
56	45
56	46
56	50
56	55
56	59
56	73
56	75
57	18
57	20
57	26
57	30
57	43
57	44
57	50
57	53
57	67
57	69
57	73
57	75
57	79
58	2
58	9
58	17
58	21
58	26
58	29
58	40
58	44
58	49
58	60
58	61
58	62
58	69
59	17
59	38
59	40
59	49
59	50
59	56
59	63
59	67
59	68
59	69
59	70
59	71
59	76
59	78
60	2
60	8
60	11
60	20
60	22
60	26
60	33
60	36
60	44
60	47
60	58
60	62
60	64
60	65
61	30
61	44
61	53
61	58
61	62
61	65
61	71
61	72
61	76
61	77
61	78
61	79
61	80
61	81
62	2
62	21
62	22
62	36
62	44
62	58
62	60
62	61
62	65
62	68
62	69
62	73
62	79
62	81
63	13
63	17
63	19
63	26
63	50
63	59
63	64
63	65
63	67
63	68
63	76
63	77
63	80
63	81
64	6
64	16
64	31
64	35
64	42
64	54
64	60
64	63
64	67
64	69
64	72
64	74
64	77
64	79
64	81
65	2
65	16
65	49
65	55
65	60
65	61
65	62
65	63
65	70
65	71
65	72
65	75
65	77
65	78
65	79
65	81
66	20
66	24
66	27
66	29
66	30
66	33
66	37
66	42
66	43
66	47
66	50
66	53
66	67
66	74
66	76
66	81
67	14
67	21
67	37
67	41
67	48
67	53
67	57
67	59
67	63
67	64
67	66
67	68
67	69
67	74
67	75
67	77
67	80
68	6
68	24
68	47
68	50
68	55
68	59
68	62
68	63
68	67
68	69
68	70
68	72
68	74
68	75
68	76
68	79
68	80
68	81
69	8
69	12
69	28
69	34
69	43
69	44
69	45
69	54
69	57
69	58
69	59
69	62
69	64
69	67
69	68
69	71
69	73
69	75
69	80
70	8
70	13
70	14
70	22
70	28
70	39
70	42
70	46
70	47
70	49
70	59
70	65
70	68
70	71
70	72
70	77
70	78
70	79
70	81
71	5
71	14
71	29
71	32
71	34
71	39
71	40
71	44
71	49
71	59
71	61
71	65
71	69
71	70
71	72
71	75
71	77
71	78
71	79
71	80
72	5
72	18
72	23
72	25
72	43
72	46
72	49
72	54
72	55
72	61
72	64
72	65
72	68
72	70
72	71
72	74
72	75
72	76
72	77
72	78
72	79
73	8
73	12
73	17
73	22
73	25
73	26
73	28
73	29
73	31
73	35
73	37
73	43
73	44
73	56
73	57
73	62
73	69
73	75
73	76
73	78
73	80
74	6
74	11
74	16
74	27
74	31
74	35
74	36
74	37
74	39
74	42
74	48
74	50
74	52
74	54
74	64
74	66
74	67
74	68
74	72
74	75
74	76
74	81
75	2
75	12
75	19
75	31
75	33
75	47
75	51
75	53
75	55
75	56
75	57
75	65
75	67
75	68
75	69
75	71
75	72
75	73
75	74
75	76
75	77
75	80
76	4
76	6
76	9
76	18
76	21
76	26
76	29
76	32
76	47
76	50
76	51
76	53
76	59
76	61
76	63
76	66
76	68
76	72
76	73
76	74
76	75
76	80
77	2
77	3
77	10
77	14
77	18
77	24
77	27
77	32
77	46
77	49
77	50
77	53
77	61
77	63
77	64
77	65
77	67
77	70
77	71
77	72
77	75
77	78
77	79
78	10
78	17
78	18
78	30
78	31
78	32
78	35
78	36
78	43
78	45
78	46
78	48
78	49
78	50
78	54
78	59
78	61
78	65
78	70
78	71
78	72
78	73
78	77
78	79
79	7
79	8
79	9
79	12
79	18
79	28
79	30
79	32
79	41
79	46
79	51
79	57
79	61
79	62
79	64
79	65
79	68
79	70
79	71
79	72
79	77
79	78
79	80
79	81
80	3
80	4
80	6
80	14
80	15
80	18
80	24
80	28
80	33
80	37
80	43
80	47
80	53
80	54
80	61
80	63
80	67
80	68
80	69
80	71
80	73
80	75
80	76
80	79
81	6
81	7
81	11
81	13
81	16
81	23
81	24
81	31
81	35
81	36
81	37
81	42
81	45
81	48
81	54
81	61
81	62
81	63
81	64
81	65
81	66
81	68
81	70
81	74
81	79
