1	15
1	46
1	70
1	72
1	74
1	79
2	46
2	51
2	57
2	68
2	69
2	81
3	43
3	48
3	61
3	62
3	69
3	77
4	13
4	46
4	64
4	67
4	79
4	81
5	27
5	56
5	60
5	63
5	69
5	76
6	14
6	21
6	41
6	55
6	62
6	65
7	49
7	60
7	71
7	74
7	75
7	76
8	25
8	38
8	40
8	47
8	54
8	76
9	29
9	60
9	64
9	68
9	71
9	79
10	45
10	47
10	70
10	75
10	76
10	80
11	20
11	32
11	33
11	65
11	72
11	81
12	32
12	41
12	52
12	61
12	65
12	78
13	4
13	19
13	52
13	61
13	62
13	80
14	6
14	25
14	47
14	61
14	66
14	73
15	1
15	24
15	54
15	61
15	77
15	80
16	49
16	66
16	69
16	74
16	79
16	81
17	40
17	41
17	69
17	75
17	79
17	80
18	28
18	40
18	58
18	60
18	77
18	78
19	13
19	42
19	43
19	55
19	65
19	79
20	11
20	42
20	43
20	66
20	75
20	76
21	6
21	22
21	47
21	61
21	77
21	79
22	21
22	50
22	59
22	65
22	72
22	80
23	31
23	51
23	54
23	57
23	63
23	70
23	74
24	15
24	28
24	31
24	41
24	69
24	74
24	80
25	8
25	14
25	32
25	50
25	53
25	74
25	77
26	27
26	54
26	59
26	61
26	71
26	79
26	80
27	5
27	26
27	28
27	36
27	59
27	60
27	81
28	18
28	24
28	27
28	29
28	45
28	76
28	81
29	9
29	28
29	43
29	69
29	71
29	72
29	73
29	80
30	31
30	33
30	53
30	59
30	63
30	67
30	79
30	81
31	23
31	24
31	30
31	54
31	59
31	64
31	67
31	78
32	11
32	12
32	25
32	39
32	44
32	48
32	57
32	62
33	11
33	30
33	41
33	55
33	64
33	66
33	73
33	78
34	44
34	49
34	57
34	58
34	60
34	66
34	76
34	78
35	43
35	46
35	50
35	61
35	63
35	70
35	72
35	77
36	27
36	57
36	58
36	64
36	65
36	72
36	75
36	77
37	43
37	52
37	55
37	67
37	70
37	73
37	76
37	79
37	80
38	8
38	49
38	56
38	58
38	59
38	63
38	72
38	76
38	80
39	32
39	43
39	45
39	65
39	68
39	71
39	72
39	76
39	81
40	8
40	17
40	18
40	58
40	60
40	61
40	73
40	76
40	79
41	6
41	12
41	17
41	24
41	33
41	55
41	73
41	78
41	81
42	19
42	20
42	44
42	53
42	65
42	68
42	69
42	76
42	78
43	3
43	19
43	20
43	29
43	35
43	37
43	39
43	51
43	55
43	70
44	32
44	34
44	42
44	45
44	47
44	48
44	52
44	62
44	73
44	77
45	10
45	28
45	39
45	44
45	67
45	69
45	70
45	72
45	75
45	81
46	1
46	2
46	4
46	35
46	50
46	71
46	73
46	75
46	80
46	81
47	8
47	10
47	14
47	21
47	44
47	52
47	61
47	62
47	70
47	77
47	81
48	3
48	32
48	44
48	52
48	58
48	61
48	62
48	67
48	71
48	74
48	78
49	7
49	16
49	34
49	38
49	56
49	58
49	61
49	62
49	70
49	76
49	77
50	22
50	25
50	35
50	46
50	56
50	60
50	64
50	68
50	69
50	74
50	75
50	78
51	2
51	23
51	43
51	52
51	60
51	64
51	68
51	69
51	70
51	76
51	77
51	80
52	12
52	13
52	37
52	44
52	47
52	48
52	51
52	59
52	62
52	63
52	67
52	71
53	25
53	30
53	42
53	54
53	57
53	66
53	70
53	71
53	75
53	79
53	80
53	81
54	8
54	15
54	23
54	26
54	31
54	53
54	58
54	59
54	63
54	74
54	77
54	78
55	6
55	19
55	33
55	37
55	41
55	43
55	62
55	66
55	73
55	74
55	77
55	79
55	80
56	5
56	38
56	49
56	50
56	58
56	59
56	60
56	61
56	66
56	69
56	76
56	78
56	79
57	2
57	23
57	32
57	34
57	36
57	53
57	62
57	71
57	73
57	75
57	78
57	79
57	80
58	18
58	34
58	36
58	38
58	40
58	48
58	49
58	54
58	56
58	66
58	67
58	68
58	72
58	76
59	22
59	26
59	27
59	30
59	31
59	38
59	52
59	54
59	56
59	64
59	65
59	73
59	74
59	81
60	5
60	7
60	9
60	18
60	27
60	34
60	40
60	50
60	51
60	56
60	63
60	68
60	72
60	76
61	3
61	12
61	13
61	14
61	15
61	21
61	26
61	35
61	40
61	47
61	48
61	49
61	56
61	71
62	3
62	6
62	13
62	32
62	44
62	47
62	48
62	49
62	52
62	55
62	57
62	65
62	79
62	81
63	5
63	23
63	30
63	35
63	38
63	52
63	54
63	60
63	66
63	67
63	69
63	72
63	77
63	78
63	81
64	4
64	9
64	31
64	33
64	36
64	50
64	51
64	59
64	65
64	67
64	72
64	75
64	76
64	78
64	81
65	6
65	11
65	12
65	19
65	22
65	36
65	39
65	42
65	59
65	62
65	64
65	67
65	73
65	79
65	81
66	14
66	16
66	20
66	33
66	34
66	53
66	55
66	56
66	58
66	63
66	71
66	74
66	77
66	78
66	81
67	4
67	30
67	31
67	37
67	45
67	48
67	52
67	58
67	63
67	64
67	65
67	72
67	75
67	77
67	80
67	81
68	2
68	9
68	39
68	42
68	50
68	51
68	58
68	60
68	69
68	71
68	74
68	77
68	78
68	79
68	80
68	81
69	2
69	3
69	5
69	16
69	17
69	24
69	29
69	42
69	45
69	50
69	51
69	56
69	63
69	68
69	75
69	77
69	80
70	1
70	10
70	23
70	35
70	37
70	43
70	45
70	47
70	49
70	51
70	53
70	73
70	74
70	75
70	76
70	79
70	80
71	7
71	9
71	26
71	29
71	39
71	46
71	48
71	52
71	53
71	57
71	61
71	66
71	68
71	73
71	74
71	75
71	79
72	1
72	11
72	22
72	29
72	35
72	36
72	38
72	39
72	45
72	58
72	60
72	63
72	64
72	67
72	74
72	76
72	81
73	14
73	29
73	33
73	37
73	40
73	41
73	44
73	46
73	55
73	57
73	59
73	65
73	70
73	71
73	75
73	78
73	79
73	80
74	1
74	7
74	16
74	23
74	24
74	25
74	48
74	50
74	54
74	55
74	59
74	66
74	68
74	70
74	71
74	72
74	78
74	79
74	81
75	7
75	10
75	17
75	20
75	36
75	45
75	46
75	50
75	53
75	57
75	64
75	67
75	69
75	70
75	71
75	73
75	77
75	78
75	79
75	80
75	81
76	5
76	7
76	8
76	10
76	20
76	28
76	34
76	37
76	38
76	39
76	40
76	42
76	49
76	51
76	56
76	58
76	60
76	64
76	70
76	72
76	80
77	3
77	15
77	18
77	21
77	25
77	35
77	36
77	44
77	47
77	49
77	51
77	54
77	55
77	63
77	66
77	67
77	68
77	69
77	75
77	78
77	80
78	12
78	18
78	31
78	33
78	34
78	41
78	42
78	48
78	50
78	54
78	56
78	57
78	63
78	64
78	66
78	68
78	73
78	74
78	75
78	77
78	81
79	1
79	4
79	9
79	16
79	17
79	19
79	21
79	26
79	30
79	37
79	40
79	53
79	55
79	56
79	57
79	62
79	65
79	68
79	70
79	71
79	73
79	74
79	75
79	80
80	10
80	13
80	15
80	17
80	22
80	24
80	26
80	29
80	37
80	38
80	46
80	51
80	53
80	55
80	57
80	67
80	68
80	69
80	70
80	73
80	75
80	76
80	77
80	79
81	2
81	4
81	11
81	16
81	27
81	28
81	30
81	39
81	41
81	45
81	46
81	47
81	53
81	59
81	62
81	63
81	64
81	65
81	66
81	67
81	68
81	72
81	74
81	75
81	78
