1	10
1	36
1	39
1	56
1	60
1	71
2	18
2	34
2	61
2	66
2	72
2	73
3	9
3	26
3	55
3	65
3	73
3	74
4	21
4	22
4	24
4	69
4	79
4	81
5	20
5	21
5	22
5	64
5	70
5	77
6	13
6	15
6	68
6	76
6	78
6	80
7	32
7	43
7	46
7	65
7	72
7	76
8	12
8	41
8	63
8	75
8	79
8	81
9	3
9	45
9	55
9	65
9	74
9	80
10	1
10	58
10	62
10	65
10	74
10	79
11	20
11	25
11	52
11	62
11	69
11	81
12	8
12	36
12	50
12	64
12	72
12	73
13	6
13	64
13	72
13	74
13	76
13	80
14	26
14	41
14	54
14	71
14	78
14	81
15	6
15	22
15	67
15	74
15	78
15	80
16	38
16	42
16	48
16	54
16	67
16	76
17	26
17	30
17	46
17	47
17	57
17	58
17	61
18	2
18	47
18	53
18	64
18	66
18	70
18	74
19	23
19	68
19	70
19	72
19	73
19	77
19	81
20	5
20	11
20	41
20	75
20	77
20	78
20	80
21	4
21	5
21	31
21	42
21	47
21	60
21	71
22	4
22	5
22	15
22	36
22	61
22	63
22	67
23	19
23	30
23	52
23	63
23	72
23	73
23	75
24	4
24	48
24	55
24	64
24	68
24	72
24	73
25	11
25	72
25	73
25	75
25	76
25	79
25	81
26	3
26	14
26	17
26	41
26	70
26	79
26	81
27	32
27	33
27	37
27	43
27	45
27	51
27	54
28	54
28	67
28	73
28	77
28	78
28	79
28	80
29	59
29	64
29	66
29	67
29	73
29	78
29	79
30	17
30	23
30	40
30	44
30	57
30	60
30	77
31	21
31	39
31	49
31	51
31	53
31	71
31	75
31	80
32	7
32	27
32	55
32	65
32	70
32	71
32	72
32	77
33	27
33	34
33	53
33	56
33	60
33	61
33	66
33	67
34	2
34	33
34	39
34	58
34	64
34	69
34	70
34	80
35	43
35	52
35	61
35	64
35	66
35	70
35	75
35	81
36	1
36	12
36	22
36	74
36	77
36	78
36	79
36	80
37	27
37	43
37	51
37	55
37	61
37	65
37	78
37	81
38	16
38	41
38	46
38	54
38	62
38	72
38	76
38	78
39	1
39	31
39	34
39	62
39	67
39	69
39	76
39	79
39	81
40	30
40	42
40	43
40	45
40	46
40	47
40	57
40	63
40	68
41	8
41	14
41	20
41	26
41	38
41	43
41	55
41	59
41	81
42	16
42	21
42	40
42	49
42	51
42	56
42	65
42	71
42	78
43	7
43	27
43	35
43	37
43	40
43	41
43	55
43	65
43	68
44	30
44	48
44	56
44	61
44	69
44	75
44	76
44	79
44	81
45	9
45	27
45	40
45	46
45	47
45	50
45	57
45	66
45	72
46	7
46	17
46	38
46	40
46	45
46	47
46	49
46	57
46	77
47	17
47	18
47	21
47	40
47	45
47	46
47	49
47	57
47	79
48	16
48	24
48	44
48	55
48	57
48	58
48	69
48	75
48	79
48	81
49	31
49	42
49	46
49	47
49	52
49	56
49	58
49	60
49	71
49	81
50	12
50	45
50	52
50	53
50	54
50	68
50	69
50	76
50	77
50	78
51	27
51	31
51	37
51	42
51	54
51	56
51	59
51	60
51	71
51	74
52	11
52	23
52	35
52	49
52	50
52	54
52	58
52	68
52	72
52	75
53	18
53	31
53	33
53	50
53	64
53	74
53	75
53	77
53	78
53	80
54	14
54	16
54	27
54	28
54	38
54	50
54	51
54	52
54	60
54	73
54	76
55	3
55	9
55	24
55	32
55	37
55	41
55	43
55	48
55	65
55	69
55	79
56	1
56	33
56	42
56	44
56	49
56	51
56	60
56	70
56	71
56	73
56	81
57	17
57	30
57	40
57	45
57	46
57	47
57	48
57	70
57	73
57	80
57	81
58	10
58	17
58	34
58	48
58	49
58	52
58	62
58	63
58	66
58	69
58	79
58	81
59	29
59	41
59	51
59	61
59	62
59	63
59	74
59	75
59	76
59	77
59	78
59	80
60	1
60	21
60	30
60	33
60	49
60	51
60	54
60	56
60	61
60	71
60	80
60	81
61	2
61	17
61	22
61	33
61	35
61	37
61	44
61	59
61	60
61	67
61	69
61	70
62	10
62	11
62	38
62	39
62	58
62	59
62	69
62	70
62	71
62	76
62	78
62	79
62	81
63	8
63	22
63	23
63	40
63	58
63	59
63	66
63	74
63	75
63	77
63	78
63	80
64	5
64	12
64	13
64	18
64	24
64	29
64	34
64	35
64	53
64	67
64	70
64	76
64	77
64	78
65	3
65	7
65	9
65	10
65	32
65	37
65	42
65	43
65	55
65	67
65	68
65	74
65	77
65	81
66	2
66	18
66	29
66	33
66	35
66	45
66	58
66	63
66	67
66	68
66	70
66	75
66	78
66	79
66	80
67	15
67	16
67	22
67	28
67	29
67	33
67	39
67	61
67	64
67	65
67	66
67	69
67	70
67	71
67	73
68	6
68	19
68	24
68	40
68	43
68	50
68	52
68	65
68	66
68	73
68	74
68	75
68	76
68	77
68	79
69	4
69	11
69	34
69	39
69	44
69	48
69	50
69	55
69	58
69	61
69	62
69	67
69	70
69	71
69	76
69	79
70	5
70	18
70	19
70	26
70	32
70	34
70	35
70	56
70	57
70	61
70	62
70	64
70	66
70	67
70	69
70	81
71	1
71	14
71	21
71	31
71	32
71	42
71	49
71	51
71	56
71	60
71	62
71	67
71	69
71	72
71	74
71	81
72	2
72	7
72	12
72	13
72	19
72	23
72	24
72	25
72	32
72	38
72	45
72	52
72	71
72	74
72	76
72	77
72	79
73	2
73	3
73	12
73	19
73	23
73	24
73	25
73	28
73	29
73	54
73	56
73	57
73	67
73	68
73	76
73	79
73	80
74	3
74	9
74	10
74	13
74	15
74	18
74	36
74	51
74	53
74	59
74	63
74	65
74	68
74	71
74	72
74	75
74	77
74	78
74	80
75	8
75	20
75	23
75	25
75	31
75	35
75	44
75	48
75	52
75	53
75	59
75	63
75	66
75	68
75	74
75	77
75	78
75	80
76	6
76	7
76	13
76	16
76	25
76	38
76	39
76	44
76	50
76	54
76	59
76	62
76	64
76	68
76	69
76	72
76	73
76	80
76	81
77	5
77	19
77	20
77	28
77	30
77	32
77	36
77	46
77	50
77	53
77	59
77	63
77	64
77	65
77	68
77	72
77	74
77	75
77	78
77	80
78	6
78	14
78	15
78	20
78	28
78	29
78	36
78	37
78	38
78	42
78	50
78	53
78	59
78	62
78	63
78	64
78	66
78	74
78	75
78	77
78	80
79	4
79	8
79	10
79	25
79	26
79	28
79	29
79	36
79	39
79	44
79	47
79	48
79	55
79	58
79	62
79	66
79	68
79	69
79	72
79	73
79	80
79	81
80	6
80	9
80	13
80	15
80	20
80	28
80	31
80	34
80	36
80	53
80	57
80	59
80	60
80	63
80	66
80	73
80	74
80	75
80	76
80	77
80	78
80	79
81	4
81	8
81	11
81	14
81	19
81	25
81	26
81	35
81	37
81	39
81	41
81	44
81	48
81	49
81	56
81	57
81	58
81	60
81	62
81	65
81	70
81	71
81	76
81	79
