1	44
1	51
1	52
1	68
1	76
1	81
2	37
2	41
2	52
2	74
2	75
2	77
3	32
3	52
3	53
3	57
3	66
3	78
4	7
4	36
4	56
4	62
4	63
4	74
5	8
5	39
5	47
5	61
5	65
5	81
6	47
6	48
6	56
6	77
6	79
6	81
7	4
7	28
7	50
7	53
7	67
7	78
8	5
8	28
8	48
8	70
8	78
8	81
9	16
9	25
9	38
9	43
9	58
9	61
10	19
10	55
10	65
10	72
10	80
10	81
11	54
11	57
11	69
11	74
11	75
11	78
12	28
12	34
12	39
12	48
12	61
12	68
13	34
13	60
13	64
13	65
13	68
13	80
14	57
14	64
14	69
14	71
14	75
14	79
15	17
15	29
15	43
15	58
15	61
15	75
16	9
16	25
16	36
16	42
16	63
16	73
17	15
17	46
17	67
17	68
17	75
17	81
18	23
18	46
18	54
18	59
18	66
18	75
19	10
19	24
19	31
19	37
19	44
19	47
19	79
20	23
20	46
20	66
20	74
20	79
20	80
20	81
21	41
21	43
21	54
21	63
21	74
21	77
21	80
22	53
22	60
22	64
22	69
22	76
22	77
22	80
23	18
23	20
23	44
23	56
23	63
23	79
23	81
24	19
24	58
24	69
24	71
24	73
24	75
24	78
25	9
25	16
25	38
25	51
25	61
25	76
25	80
26	53
26	56
26	60
26	72
26	76
26	77
26	80
27	42
27	43
27	46
27	69
27	71
27	72
27	76
27	78
28	7
28	8
28	12
28	34
28	67
28	71
28	75
28	80
29	15
29	59
29	62
29	69
29	70
29	76
29	77
29	79
30	40
30	46
30	48
30	55
30	65
30	71
30	73
30	74
31	19
31	32
31	35
31	54
31	64
31	69
31	70
31	78
32	3
32	31
32	35
32	36
32	53
32	64
32	70
32	78
33	48
33	51
33	58
33	68
33	71
33	72
33	73
33	80
34	12
34	13
34	28
34	47
34	56
34	62
34	66
34	69
34	71
35	31
35	32
35	37
35	38
35	44
35	61
35	72
35	77
35	80
36	4
36	16
36	32
36	53
36	66
36	68
36	73
36	74
36	79
37	2
37	19
37	35
37	48
37	62
37	66
37	67
37	80
37	81
38	9
38	25
38	35
38	48
38	49
38	55
38	60
38	67
38	77
39	5
39	12
39	43
39	50
39	54
39	61
39	62
39	64
39	81
40	30
40	44
40	57
40	63
40	64
40	67
40	68
40	74
40	80
41	2
41	21
41	42
41	58
41	65
41	72
41	75
41	76
41	79
41	80
42	16
42	27
42	41
42	43
42	50
42	63
42	72
42	73
42	75
42	78
43	9
43	15
43	21
43	27
43	39
43	42
43	71
43	76
43	78
43	81
44	1
44	19
44	23
44	35
44	40
44	55
44	59
44	66
44	78
44	81
45	50
45	55
45	58
45	59
45	65
45	71
45	72
45	77
45	80
45	81
46	17
46	18
46	20
46	27
46	30
46	57
46	60
46	63
46	70
46	73
47	5
47	6
47	19
47	34
47	54
47	61
47	64
47	67
47	71
47	79
48	6
48	8
48	12
48	30
48	33
48	37
48	38
48	54
48	65
48	71
49	38
49	50
49	57
49	63
49	67
49	72
49	74
49	77
49	79
49	80
50	7
50	39
50	42
50	45
50	49
50	56
50	64
50	70
50	73
50	78
51	1
51	25
51	33
51	55
51	60
51	65
51	72
51	76
51	78
51	79
51	80
52	1
52	2
52	3
52	59
52	67
52	70
52	74
52	75
52	77
52	79
52	81
53	3
53	7
53	22
53	26
53	32
53	36
53	56
53	61
53	63
53	64
53	67
54	11
54	18
54	21
54	31
54	39
54	47
54	48
54	55
54	63
54	66
54	69
54	74
55	10
55	30
55	38
55	44
55	45
55	51
55	54
55	59
55	67
55	71
55	78
55	79
55	81
56	4
56	6
56	23
56	26
56	34
56	50
56	53
56	68
56	70
56	71
56	73
56	75
56	78
57	3
57	11
57	14
57	40
57	46
57	49
57	59
57	61
57	70
57	73
57	74
57	79
57	81
58	9
58	15
58	24
58	33
58	41
58	45
58	60
58	65
58	70
58	72
58	73
58	76
58	80
59	18
59	29
59	44
59	45
59	52
59	55
59	57
59	62
59	64
59	71
59	74
59	78
59	80
60	13
60	22
60	26
60	38
60	46
60	51
60	58
60	62
60	65
60	66
60	67
60	72
60	74
60	78
61	5
61	9
61	12
61	15
61	25
61	35
61	39
61	47
61	53
61	57
61	67
61	68
61	71
61	75
61	77
62	4
62	29
62	34
62	37
62	39
62	59
62	60
62	65
62	71
62	72
62	73
62	77
62	79
62	80
62	81
63	4
63	16
63	21
63	23
63	40
63	42
63	46
63	49
63	53
63	54
63	66
63	70
63	75
63	77
63	79
64	13
64	14
64	22
64	31
64	32
64	39
64	40
64	47
64	50
64	53
64	59
64	67
64	77
64	79
64	81
65	5
65	10
65	13
65	30
65	41
65	45
65	48
65	51
65	58
65	60
65	62
65	70
65	76
65	79
65	80
66	3
66	18
66	20
66	34
66	36
66	37
66	44
66	54
66	60
66	63
66	68
66	69
66	70
66	73
66	75
66	76
67	7
67	17
67	28
67	37
67	38
67	40
67	47
67	49
67	52
67	53
67	55
67	60
67	61
67	64
67	74
67	79
68	1
68	12
68	13
68	17
68	33
68	36
68	40
68	56
68	61
68	66
68	69
68	70
68	72
68	76
68	78
68	79
69	11
69	14
69	22
69	24
69	27
69	29
69	31
69	34
69	54
69	66
69	68
69	70
69	73
69	76
69	77
69	78
70	8
70	29
70	31
70	32
70	46
70	50
70	52
70	56
70	57
70	58
70	63
70	65
70	66
70	68
70	69
70	75
70	79
71	14
71	24
71	27
71	28
71	30
71	33
71	34
71	43
71	45
71	47
71	48
71	55
71	56
71	59
71	61
71	62
71	76
71	81
72	10
72	26
72	27
72	33
72	35
72	41
72	42
72	45
72	49
72	51
72	58
72	60
72	62
72	68
72	76
72	77
72	80
72	81
73	16
73	24
73	30
73	33
73	36
73	42
73	46
73	50
73	56
73	57
73	58
73	62
73	66
73	69
73	74
73	76
73	78
73	80
73	81
74	2
74	4
74	11
74	20
74	21
74	30
74	36
74	40
74	49
74	52
74	54
74	57
74	59
74	60
74	67
74	73
74	76
74	79
74	81
75	2
75	11
75	14
75	15
75	17
75	18
75	24
75	28
75	41
75	42
75	52
75	56
75	61
75	63
75	66
75	70
75	77
75	78
75	81
76	1
76	22
76	25
76	26
76	27
76	29
76	41
76	43
76	51
76	58
76	65
76	66
76	68
76	69
76	71
76	72
76	73
76	74
76	80
77	2
77	6
77	21
77	22
77	26
77	29
77	35
77	38
77	45
77	49
77	52
77	61
77	62
77	63
77	64
77	69
77	72
77	75
77	80
77	81
78	3
78	7
78	8
78	11
78	24
78	27
78	31
78	32
78	42
78	43
78	44
78	50
78	51
78	55
78	56
78	59
78	60
78	68
78	69
78	73
78	75
79	6
79	14
79	19
79	20
79	23
79	29
79	36
79	41
79	47
79	49
79	51
79	52
79	55
79	57
79	62
79	63
79	64
79	65
79	67
79	68
79	70
79	74
79	81
80	10
80	13
80	20
80	21
80	22
80	25
80	26
80	28
80	33
80	35
80	37
80	40
80	41
80	45
80	49
80	51
80	58
80	59
80	62
80	65
80	72
80	73
80	76
80	77
81	1
81	5
81	6
81	8
81	10
81	17
81	20
81	23
81	37
81	39
81	43
81	44
81	45
81	52
81	55
81	57
81	62
81	64
81	71
81	72
81	73
81	74
81	75
81	77
81	79
