1	38
1	43
1	50
1	66
1	67
1	71
2	39
2	42
2	45
2	56
2	69
2	73
3	34
3	36
3	51
3	62
3	65
3	81
4	37
4	44
4	48
4	63
4	71
4	78
5	34
5	51
5	57
5	71
5	77
5	81
6	43
6	50
6	56
6	63
6	67
6	77
7	44
7	65
7	69
7	71
7	72
7	73
8	33
8	55
8	59
8	76
8	80
8	81
9	29
9	50
9	52
9	54
9	67
9	81
10	21
10	34
10	52
10	53
10	56
10	67
11	52
11	54
11	68
11	75
11	76
11	79
12	13
12	16
12	55
12	75
12	76
12	79
13	12
13	24
13	37
13	44
13	74
13	79
14	20
14	29
14	43
14	44
14	48
14	72
15	39
15	41
15	48
15	69
15	72
15	76
16	12
16	64
16	66
16	74
16	78
16	80
17	34
17	39
17	43
17	48
17	50
17	57
18	19
18	21
18	67
18	72
18	73
18	76
19	18
19	43
19	67
19	70
19	77
19	81
20	14
20	33
20	68
20	74
20	76
20	77
20	79
21	10
21	18
21	50
21	67
21	70
21	71
21	74
22	58
22	64
22	66
22	75
22	77
22	78
22	80
23	24
23	43
23	51
23	76
23	77
23	78
23	79
24	13
24	23
24	29
24	48
24	54
24	72
24	80
25	39
25	46
25	61
25	72
25	75
25	78
25	80
26	45
26	46
26	58
26	60
26	75
26	76
26	80
27	31
27	32
27	55
27	61
27	69
27	75
27	79
28	47
28	49
28	53
28	60
28	70
28	71
28	81
29	9
29	14
29	24
29	39
29	44
29	48
29	77
29	81
30	47
30	57
30	59
30	72
30	73
30	74
30	75
30	78
31	27
31	45
31	60
31	61
31	69
31	72
31	77
31	81
32	27
32	41
32	45
32	68
32	69
32	73
32	75
32	77
33	8
33	20
33	54
33	57
33	67
33	68
33	75
33	81
34	3
34	5
34	10
34	17
34	48
34	50
34	67
34	79
35	43
35	48
35	60
35	63
35	70
35	75
35	77
35	79
36	3
36	54
36	60
36	65
36	71
36	73
36	74
36	80
37	4
37	13
37	44
37	46
37	48
37	57
37	70
37	77
37	81
38	1
38	47
38	58
38	72
38	75
38	76
38	77
38	79
38	80
39	2
39	15
39	17
39	25
39	29
39	45
39	61
39	65
39	69
40	45
40	53
40	61
40	71
40	74
40	76
40	78
40	80
40	81
41	15
41	32
41	45
41	61
41	62
41	64
41	69
41	74
41	77
41	78
42	2
42	46
42	47
42	49
42	57
42	58
42	60
42	61
42	63
42	77
43	1
43	6
43	14
43	17
43	19
43	23
43	35
43	67
43	69
43	70
44	4
44	7
44	13
44	14
44	29
44	37
44	50
44	70
44	78
44	79
45	2
45	26
45	31
45	32
45	39
45	40
45	41
45	57
45	61
45	74
45	81
46	25
46	26
46	37
46	42
46	47
46	53
46	55
46	58
46	60
46	64
46	73
47	28
47	30
47	38
47	42
47	46
47	49
47	53
47	58
47	59
47	65
47	74
48	4
48	14
48	15
48	17
48	24
48	29
48	34
48	35
48	37
48	71
48	80
49	28
49	42
49	47
49	52
49	53
49	54
49	58
49	60
49	69
49	72
49	79
49	80
50	1
50	6
50	9
50	17
50	21
50	34
50	44
50	51
50	55
50	66
50	67
50	76
51	3
51	5
51	23
51	50
51	56
51	57
51	59
51	60
51	61
51	64
51	65
51	81
52	9
52	10
52	11
52	49
52	54
52	55
52	59
52	62
52	65
52	73
52	78
52	81
53	10
53	28
53	40
53	46
53	47
53	49
53	58
53	60
53	69
53	72
53	74
53	79
54	9
54	11
54	24
54	33
54	36
54	49
54	52
54	55
54	65
54	77
54	80
54	81
55	8
55	12
55	27
55	46
55	50
55	52
55	54
55	59
55	62
55	65
55	69
55	81
56	2
56	6
56	10
56	51
56	59
56	64
56	66
56	75
56	76
56	77
56	79
56	81
57	5
57	17
57	30
57	33
57	37
57	42
57	45
57	51
57	59
57	65
57	78
57	81
58	22
58	26
58	38
58	42
58	46
58	47
58	49
58	53
58	60
58	65
58	67
58	69
58	81
59	8
59	30
59	47
59	51
59	52
59	55
59	56
59	57
59	65
59	73
59	77
59	80
59	81
60	26
60	28
60	31
60	35
60	36
60	42
60	46
60	49
60	51
60	53
60	58
60	68
60	69
61	25
61	27
61	31
61	39
61	40
61	41
61	42
61	45
61	51
61	66
61	69
61	71
61	72
62	3
62	41
62	52
62	55
62	71
62	72
62	73
62	74
62	75
62	76
62	78
62	80
62	81
63	4
63	6
63	35
63	42
63	66
63	71
63	74
63	75
63	76
63	77
63	78
63	79
63	80
64	16
64	22
64	41
64	46
64	51
64	56
64	66
64	70
64	71
64	75
64	76
64	77
64	79
64	80
65	3
65	7
65	36
65	39
65	47
65	51
65	52
65	54
65	55
65	57
65	58
65	59
65	76
65	79
65	81
66	1
66	16
66	22
66	50
66	56
66	61
66	63
66	64
66	73
66	74
66	75
66	76
66	77
66	78
66	79
67	1
67	6
67	9
67	10
67	18
67	19
67	21
67	33
67	34
67	43
67	50
67	58
67	68
67	71
67	74
67	80
68	11
68	20
68	32
68	33
68	60
68	67
68	70
68	71
68	72
68	73
68	74
68	76
68	78
68	80
68	81
69	2
69	7
69	15
69	27
69	31
69	32
69	39
69	41
69	43
69	49
69	53
69	55
69	58
69	60
69	61
69	73
69	76
69	78
69	79
70	19
70	21
70	28
70	35
70	37
70	43
70	44
70	64
70	68
70	71
70	72
70	73
70	74
70	76
70	78
70	79
70	80
71	1
71	4
71	5
71	7
71	21
71	28
71	36
71	40
71	48
71	61
71	62
71	63
71	64
71	67
71	68
71	70
71	72
71	73
71	74
71	78
71	79
71	80
72	7
72	14
72	15
72	18
72	24
72	25
72	30
72	31
72	38
72	49
72	53
72	61
72	62
72	68
72	70
72	71
72	73
72	74
72	75
72	78
72	80
72	81
73	2
73	7
73	18
73	30
73	32
73	36
73	46
73	52
73	59
73	62
73	66
73	68
73	69
73	70
73	71
73	72
73	74
73	75
73	77
73	78
73	79
73	80
74	13
74	16
74	20
74	21
74	30
74	36
74	40
74	41
74	45
74	47
74	53
74	62
74	63
74	66
74	67
74	68
74	70
74	71
74	72
74	73
74	75
74	78
74	80
75	11
75	12
75	22
75	25
75	26
75	27
75	30
75	32
75	33
75	35
75	38
75	56
75	62
75	63
75	64
75	66
75	72
75	73
75	74
75	76
75	77
75	78
75	79
76	8
76	11
76	12
76	15
76	18
76	20
76	23
76	26
76	38
76	40
76	50
76	56
76	62
76	63
76	64
76	65
76	66
76	68
76	69
76	70
76	75
76	77
76	79
77	5
77	6
77	19
77	20
77	22
77	23
77	29
77	31
77	32
77	35
77	37
77	38
77	41
77	42
77	54
77	56
77	59
77	63
77	64
77	66
77	73
77	75
77	76
77	79
78	4
78	16
78	22
78	23
78	25
78	30
78	40
78	41
78	44
78	52
78	57
78	62
78	63
78	66
78	68
78	69
78	70
78	71
78	72
78	73
78	74
78	75
78	80
78	81
79	11
79	12
79	13
79	20
79	23
79	27
79	34
79	35
79	38
79	44
79	49
79	53
79	56
79	63
79	64
79	65
79	66
79	69
79	70
79	71
79	73
79	75
79	76
79	77
80	8
80	16
80	22
80	24
80	25
80	26
80	36
80	38
80	40
80	48
80	49
80	54
80	59
80	62
80	63
80	64
80	67
80	68
80	70
80	71
80	72
80	73
80	74
80	78
81	3
81	5
81	8
81	9
81	19
81	28
81	29
81	31
81	33
81	37
81	40
81	45
81	51
81	52
81	54
81	55
81	56
81	57
81	58
81	59
81	62
81	65
81	68
81	72
81	78
