1	20
1	36
1	41
1	60
1	71
1	75
2	13
2	23
2	58
2	66
2	73
2	75
3	15
3	24
3	55
3	67
3	77
3	80
4	9
4	45
4	62
4	64
4	74
4	78
5	9
5	44
5	60
5	75
5	77
5	79
6	16
6	55
6	56
6	63
6	73
6	78
7	40
7	51
7	56
7	64
7	65
7	76
8	53
8	61
8	66
8	73
8	75
8	78
9	4
9	5
9	60
9	74
9	76
9	77
10	29
10	51
10	59
10	68
10	71
10	76
11	26
11	49
11	54
11	65
11	72
11	76
12	21
12	40
12	62
12	66
12	70
12	71
12	78
13	2
13	31
13	46
13	63
13	66
13	69
13	77
14	30
14	47
14	67
14	74
14	76
14	80
14	81
15	3
15	16
15	52
15	54
15	69
15	75
15	77
16	6
16	15
16	44
16	56
16	62
16	74
16	80
17	41
17	61
17	69
17	70
17	71
17	78
17	81
18	42
18	49
18	59
18	64
18	71
18	76
18	77
19	24
19	26
19	35
19	46
19	57
19	63
19	66
20	1
20	44
20	61
20	63
20	66
20	69
20	73
21	12
21	28
21	41
21	50
21	53
21	70
21	80
22	25
22	32
22	38
22	64
22	69
22	78
22	79
23	2
23	31
23	36
23	59
23	70
23	77
23	79
24	3
24	19
24	26
24	58
24	70
24	75
24	78
25	22
25	36
25	58
25	77
25	78
25	80
25	81
26	11
26	19
26	24
26	31
26	49
26	70
26	78
27	35
27	57
27	59
27	64
27	67
27	68
27	79
28	21
28	34
28	35
28	42
28	59
28	74
28	77
28	80
29	10
29	33
29	46
29	59
29	62
29	73
29	74
29	77
30	14
30	36
30	61
30	62
30	63
30	72
30	73
30	75
31	13
31	23
31	26
31	33
31	42
31	51
31	67
31	81
32	22
32	37
32	55
32	56
32	62
32	72
32	79
32	81
33	29
33	31
33	34
33	52
33	71
33	72
33	74
33	80
34	28
34	33
34	47
34	58
34	71
34	72
34	73
34	78
35	19
35	27
35	28
35	56
35	69
35	72
35	75
35	80
36	1
36	23
36	25
36	30
36	42
36	45
36	74
36	78
37	32
37	55
37	56
37	63
37	67
37	73
37	76
37	77
38	22
38	43
38	49
38	51
38	53
38	68
38	70
38	72
39	41
39	48
39	51
39	56
39	58
39	65
39	73
39	76
39	77
40	7
40	12
40	44
40	52
40	56
40	61
40	62
40	68
40	74
41	1
41	17
41	21
41	39
41	54
41	62
41	67
41	79
41	80
42	18
42	28
42	31
42	36
42	69
42	71
42	73
42	77
42	80
43	38
43	46
43	50
43	56
43	60
43	63
43	65
43	67
43	80
44	5
44	16
44	20
44	40
44	69
44	71
44	75
44	78
44	79
44	81
45	4
45	36
45	53
45	61
45	72
45	74
45	75
45	76
45	79
45	80
46	13
46	19
46	29
46	43
46	52
46	55
46	61
46	62
46	73
46	81
47	14
47	34
47	48
47	51
47	57
47	68
47	71
47	72
47	76
47	80
48	39
48	47
48	50
48	58
48	68
48	71
48	72
48	78
48	79
48	81
49	11
49	18
49	26
49	38
49	54
49	66
49	70
49	71
49	74
49	78
50	21
50	43
50	48
50	59
50	65
50	66
50	72
50	75
50	79
50	80
51	7
51	10
51	31
51	38
51	39
51	47
51	53
51	70
51	77
51	78
51	79
52	15
52	33
52	40
52	46
52	54
52	67
52	68
52	72
52	77
52	78
52	81
53	8
53	21
53	38
53	45
53	51
53	55
53	57
53	59
53	64
53	77
53	81
54	11
54	15
54	41
54	49
54	52
54	60
54	64
54	73
54	75
54	80
54	81
55	3
55	6
55	32
55	37
55	46
55	53
55	66
55	71
55	73
55	79
55	81
56	6
56	7
56	16
56	32
56	35
56	37
56	39
56	40
56	43
56	76
56	78
57	19
57	27
57	47
57	53
57	63
57	64
57	67
57	72
57	76
57	77
57	81
58	2
58	24
58	25
58	34
58	39
58	48
58	67
58	68
58	71
58	72
58	78
58	80
58	81
59	10
59	18
59	23
59	27
59	28
59	29
59	50
59	53
59	60
59	61
59	66
59	72
59	80
60	1
60	5
60	9
60	43
60	54
60	59
60	68
60	69
60	76
60	77
60	78
60	79
60	81
61	8
61	17
61	20
61	30
61	40
61	45
61	46
61	59
61	62
61	63
61	66
61	68
61	73
62	4
62	12
62	16
62	29
62	30
62	32
62	40
62	41
62	46
62	61
62	70
62	76
62	79
62	81
63	6
63	13
63	19
63	20
63	30
63	37
63	43
63	57
63	61
63	65
63	73
63	75
63	76
63	79
64	4
64	7
64	18
64	22
64	27
64	53
64	54
64	57
64	65
64	68
64	74
64	75
64	76
64	79
64	80
65	7
65	11
65	39
65	43
65	50
65	63
65	64
65	66
65	67
65	70
65	71
65	74
65	75
65	77
65	79
65	80
66	2
66	8
66	12
66	13
66	19
66	20
66	49
66	50
66	55
66	59
66	61
66	65
66	68
66	70
66	73
66	78
67	3
67	14
67	27
67	31
67	37
67	41
67	43
67	52
67	57
67	58
67	65
67	69
67	72
67	74
67	79
67	80
68	10
68	27
68	38
68	40
68	47
68	48
68	52
68	58
68	60
68	61
68	64
68	66
68	70
68	71
68	78
68	79
68	81
69	13
69	15
69	17
69	20
69	22
69	35
69	42
69	44
69	60
69	67
69	70
69	74
69	75
69	76
69	77
69	79
69	81
70	12
70	17
70	21
70	23
70	24
70	26
70	38
70	49
70	51
70	62
70	65
70	66
70	68
70	69
70	75
70	78
70	79
70	80
71	1
71	10
71	12
71	17
71	18
71	33
71	34
71	42
71	44
71	47
71	48
71	49
71	55
71	58
71	65
71	68
71	74
71	76
72	11
72	30
72	32
72	33
72	34
72	35
72	38
72	45
72	47
72	48
72	50
72	52
72	57
72	58
72	59
72	67
72	73
72	76
72	81
73	2
73	6
73	8
73	20
73	29
73	30
73	34
73	37
73	39
73	42
73	46
73	54
73	55
73	61
73	63
73	66
73	72
73	76
73	77
73	81
74	4
74	9
74	14
74	16
74	28
74	29
74	33
74	36
74	40
74	45
74	49
74	64
74	65
74	67
74	69
74	71
74	75
74	79
74	80
74	81
75	1
75	2
75	5
75	8
75	15
75	24
75	30
75	35
75	44
75	45
75	50
75	54
75	63
75	64
75	65
75	69
75	70
75	74
75	77
75	80
75	81
76	7
76	9
76	10
76	11
76	14
76	18
76	37
76	39
76	45
76	47
76	56
76	57
76	60
76	62
76	63
76	64
76	69
76	71
76	72
76	73
76	78
76	79
76	81
77	3
77	5
77	9
77	13
77	15
77	18
77	23
77	25
77	28
77	29
77	37
77	39
77	42
77	51
77	52
77	53
77	57
77	60
77	65
77	69
77	73
77	75
77	78
77	81
78	4
78	6
78	8
78	12
78	17
78	22
78	24
78	25
78	26
78	34
78	36
78	44
78	48
78	49
78	51
78	52
78	56
78	58
78	60
78	66
78	68
78	70
78	76
78	77
79	5
79	22
79	23
79	27
79	32
79	41
79	44
79	45
79	48
79	50
79	51
79	55
79	60
79	62
79	63
79	64
79	65
79	67
79	68
79	69
79	70
79	74
79	76
79	80
80	3
80	14
80	16
80	21
80	25
80	28
80	33
80	35
80	41
80	42
80	43
80	45
80	47
80	50
80	54
80	58
80	59
80	64
80	65
80	67
80	70
80	74
80	75
80	79
80	81
81	14
81	17
81	25
81	31
81	32
81	44
81	46
81	48
81	52
81	53
81	54
81	55
81	57
81	58
81	60
81	62
81	68
81	69
81	72
81	73
81	74
81	75
81	76
81	77
81	80
