1	48
1	52
1	58
1	62
1	70
1	74
2	62
2	71
2	76
2	77
2	79
2	81
3	21
3	40
3	45
3	56
3	70
3	81
4	42
4	63
4	71
4	73
4	77
4	78
5	42
5	57
5	60
5	62
5	66
5	69
6	13
6	15
6	68
6	71
6	75
6	77
7	49
7	53
7	57
7	70
7	76
7	81
8	32
8	33
8	34
8	49
8	53
8	58
9	11
9	16
9	50
9	60
9	63
9	71
10	48
10	56
10	62
10	65
10	70
10	80
11	9
11	28
11	72
11	75
11	76
11	81
12	31
12	56
12	59
12	60
12	72
12	76
13	6
13	17
13	21
13	37
13	42
13	55
13	66
14	18
14	44
14	55
14	65
14	68
14	73
14	80
15	6
15	20
15	35
15	36
15	49
15	68
15	78
16	9
16	39
16	58
16	59
16	60
16	65
16	78
17	13
17	34
17	38
17	56
17	57
17	66
17	79
18	14
18	27
18	31
18	39
18	59
18	60
18	61
19	34
19	39
19	59
19	60
19	61
19	69
19	74
20	15
20	34
20	49
20	72
20	76
20	78
20	79
21	3
21	13
21	23
21	36
21	57
21	66
21	72
21	80
22	46
22	48
22	50
22	59
22	61
22	73
22	74
22	80
23	21
23	27
23	38
23	52
23	57
23	66
23	78
23	79
24	59
24	64
24	66
24	68
24	69
24	75
24	78
24	81
25	39
25	43
25	64
25	66
25	67
25	71
25	72
25	75
26	41
26	49
26	59
26	71
26	74
26	78
26	79
26	81
27	18
27	23
27	44
27	68
27	73
27	75
27	77
27	81
28	11
28	39
28	40
28	54
28	55
28	61
28	67
28	73
29	40
29	54
29	63
29	70
29	73
29	74
29	76
29	79
30	35
30	50
30	61
30	64
30	65
30	68
30	78
30	79
31	12
31	18
31	56
31	59
31	60
31	65
31	77
31	81
32	8
32	41
32	45
32	60
32	62
32	69
32	70
32	79
33	8
33	34
33	35
33	36
33	49
33	52
33	54
33	58
33	77
34	8
34	17
34	19
34	20
34	33
34	35
34	46
34	49
34	73
35	15
35	30
35	33
35	34
35	36
35	43
35	63
35	75
35	79
36	15
36	21
36	33
36	35
36	49
36	54
36	63
36	66
36	80
37	13
37	67
37	68
37	72
37	73
37	76
37	77
37	80
37	81
38	17
38	23
38	42
38	46
38	57
38	66
38	67
38	71
38	74
39	16
39	18
39	19
39	25
39	28
39	47
39	59
39	60
39	69
40	3
40	28
40	29
40	61
40	64
40	65
40	67
40	68
40	78
40	80
41	26
41	32
41	49
41	53
41	55
41	58
41	59
41	62
41	70
41	74
42	4
42	5
42	13
42	38
42	45
42	57
42	63
42	65
42	66
42	74
43	25
43	35
43	50
43	52
43	62
43	64
43	72
43	76
43	78
43	81
44	14
44	27
44	48
44	53
44	65
44	67
44	68
44	74
44	75
44	80
45	3
45	32
45	42
45	55
45	56
45	58
45	62
45	64
45	72
45	78
45	81
46	22
46	34
46	38
46	51
46	61
46	64
46	67
46	72
46	73
46	78
46	80
47	39
47	49
47	57
47	63
47	71
47	72
47	74
47	78
47	79
47	80
47	81
48	1
48	10
48	22
48	44
48	50
48	54
48	56
48	60
48	65
48	73
48	80
49	7
49	8
49	15
49	20
49	26
49	33
49	34
49	36
49	41
49	47
49	65
50	9
50	22
50	30
50	43
50	48
50	57
50	65
50	67
50	74
50	76
50	78
50	79
51	46
51	54
51	57
51	61
51	65
51	67
51	70
51	71
51	73
51	76
51	77
51	80
52	1
52	23
52	33
52	43
52	60
52	69
52	72
52	73
52	75
52	76
52	77
52	81
53	7
53	8
53	41
53	44
53	62
53	63
53	69
53	74
53	75
53	76
53	77
53	80
53	81
54	28
54	29
54	33
54	36
54	48
54	51
54	64
54	70
54	71
54	72
54	74
54	78
54	80
55	13
55	14
55	28
55	41
55	45
55	56
55	58
55	59
55	62
55	64
55	70
55	75
55	77
56	3
56	10
56	12
56	17
56	31
56	45
56	48
56	55
56	57
56	58
56	70
56	71
56	80
57	5
57	7
57	17
57	21
57	23
57	38
57	42
57	47
57	50
57	51
57	56
57	66
57	77
57	81
58	1
58	8
58	16
58	33
58	41
58	45
58	55
58	56
58	62
58	70
58	72
58	73
58	75
58	81
59	12
59	16
59	18
59	19
59	22
59	24
59	26
59	31
59	39
59	41
59	55
59	60
59	62
59	69
60	5
60	9
60	12
60	16
60	18
60	19
60	31
60	32
60	39
60	48
60	52
60	59
60	68
60	79
61	18
61	19
61	22
61	28
61	30
61	40
61	46
61	51
61	63
61	69
61	73
61	77
61	78
61	80
61	81
62	1
62	2
62	5
62	10
62	32
62	41
62	43
62	45
62	53
62	55
62	58
62	59
62	65
62	70
62	77
63	4
63	9
63	29
63	35
63	36
63	42
63	47
63	53
63	61
63	70
63	74
63	75
63	76
63	78
63	79
64	24
64	25
64	30
64	40
64	43
64	45
64	46
64	54
64	55
64	66
64	72
64	74
64	76
64	78
64	79
65	10
65	14
65	16
65	30
65	31
65	40
65	42
65	44
65	48
65	49
65	50
65	51
65	62
65	67
65	73
65	80
66	5
66	13
66	17
66	21
66	23
66	24
66	25
66	36
66	38
66	42
66	57
66	64
66	74
66	75
66	77
66	79
67	25
67	28
67	37
67	38
67	40
67	44
67	46
67	50
67	51
67	65
67	70
67	71
67	73
67	75
67	78
67	80
68	6
68	14
68	15
68	24
68	27
68	30
68	37
68	40
68	44
68	60
68	69
68	75
68	76
68	77
68	78
68	80
69	5
69	19
69	24
69	32
69	39
69	52
69	53
69	59
69	61
69	68
69	71
69	75
69	76
69	77
69	80
69	81
70	1
70	3
70	7
70	10
70	29
70	32
70	41
70	51
70	54
70	55
70	56
70	58
70	62
70	63
70	67
70	71
70	76
70	80
71	2
71	4
71	6
71	9
71	25
71	26
71	38
71	47
71	51
71	54
71	56
71	67
71	69
71	70
71	72
71	73
71	74
71	75
71	79
72	11
72	12
72	20
72	21
72	25
72	37
72	43
72	45
72	46
72	47
72	52
72	54
72	58
72	64
72	71
72	74
72	75
72	78
72	79
73	4
73	14
73	22
73	27
73	28
73	29
73	34
73	37
73	46
73	48
73	51
73	52
73	58
73	61
73	65
73	67
73	71
73	74
73	77
73	80
74	1
74	19
74	22
74	26
74	29
74	38
74	41
74	42
74	44
74	47
74	50
74	53
74	54
74	63
74	64
74	66
74	71
74	72
74	73
74	76
74	79
75	6
75	11
75	24
75	25
75	27
75	35
75	44
75	52
75	53
75	55
75	58
75	63
75	66
75	67
75	68
75	69
75	71
75	72
75	76
75	77
75	81
76	2
76	7
76	11
76	12
76	20
76	29
76	37
76	43
76	50
76	51
76	52
76	53
76	63
76	64
76	68
76	69
76	70
76	74
76	75
76	77
76	79
76	81
77	2
77	4
77	6
77	27
77	31
77	33
77	37
77	51
77	52
77	53
77	55
77	57
77	61
77	62
77	66
77	68
77	69
77	73
77	75
77	76
77	79
77	81
78	4
78	15
78	16
78	20
78	23
78	24
78	26
78	30
78	40
78	43
78	45
78	46
78	47
78	50
78	54
78	61
78	63
78	64
78	67
78	68
78	72
78	79
78	81
79	2
79	17
79	20
79	23
79	26
79	29
79	30
79	32
79	35
79	47
79	50
79	60
79	63
79	64
79	66
79	71
79	72
79	74
79	76
79	77
79	78
79	80
79	81
80	10
80	14
80	21
80	22
80	36
80	37
80	40
80	44
80	46
80	47
80	48
80	51
80	53
80	54
80	56
80	61
80	65
80	67
80	68
80	69
80	70
80	73
80	79
81	2
81	3
81	7
81	11
81	24
81	26
81	27
81	31
81	37
81	43
81	45
81	47
81	52
81	53
81	57
81	58
81	61
81	69
81	75
81	76
81	77
81	78
81	79
