1	4
1	8
1	14
1	20
1	77
1	81
2	40
2	50
2	59
2	64
2	66
2	80
3	20
3	40
3	53
3	61
3	71
3	72
4	1
4	39
4	55
4	64
4	75
4	80
5	24
5	36
5	67
5	74
5	78
5	81
6	12
6	40
6	55
6	57
6	66
6	73
7	34
7	54
7	56
7	69
7	70
7	72
8	1
8	16
8	34
8	50
8	56
8	65
9	62
9	63
9	65
9	67
9	70
9	72
10	12
10	16
10	33
10	34
10	45
10	74
11	12
11	28
11	30
11	41
11	43
11	80
12	6
12	10
12	11
12	28
12	35
12	47
13	17
13	26
13	30
13	53
13	57
13	77
14	1
14	28
14	53
14	55
14	60
14	64
15	44
15	46
15	51
15	61
15	62
15	78
15	81
16	8
16	10
16	26
16	47
16	50
16	76
16	81
17	13
17	37
17	42
17	43
17	60
17	66
17	76
18	24
18	29
18	46
18	69
18	76
18	78
18	79
19	28
19	35
19	56
19	64
19	67
19	75
19	78
20	1
20	3
20	26
20	35
20	43
20	48
20	66
20	77
21	23
21	44
21	49
21	58
21	63
21	68
21	78
21	80
22	24
22	27
22	31
22	52
22	59
22	63
22	68
22	81
23	21
23	27
23	29
23	38
23	39
23	60
23	73
23	78
24	5
24	18
24	22
24	32
24	38
24	66
24	69
24	81
25	39
25	41
25	48
25	56
25	65
25	68
25	72
25	81
26	13
26	16
26	20
26	51
26	57
26	64
26	70
26	77
27	22
27	23
27	51
27	53
27	55
27	58
27	72
27	73
28	11
28	12
28	14
28	19
28	34
28	41
28	59
28	79
29	18
29	23
29	38
29	52
29	57
29	62
29	71
29	80
30	11
30	13
30	37
30	45
30	48
30	53
30	72
30	81
31	22
31	37
31	49
31	53
31	60
31	62
31	65
31	72
32	24
32	37
32	39
32	46
32	62
32	68
32	70
32	73
32	75
33	10
33	44
33	45
33	55
33	57
33	64
33	65
33	67
33	77
34	7
34	8
34	10
34	28
34	36
34	37
34	62
34	73
34	81
35	12
35	19
35	20
35	44
35	55
35	60
35	67
35	68
35	70
36	5
36	34
36	43
36	48
36	49
36	58
36	69
36	71
36	76
37	17
37	30
37	31
37	32
37	34
37	42
37	56
37	59
37	75
38	23
38	24
38	29
38	55
38	69
38	70
38	71
38	75
38	80
39	4
39	23
39	25
39	32
39	58
39	65
39	69
39	72
39	74
40	2
40	3
40	6
40	47
40	50
40	62
40	66
40	72
40	73
40	81
41	11
41	25
41	28
41	42
41	56
41	58
41	61
41	74
41	75
41	79
42	17
42	37
42	41
42	43
42	48
42	53
42	64
42	68
42	79
42	80
43	11
43	17
43	20
43	36
43	42
43	47
43	60
43	67
43	74
43	76
44	15
44	21
44	33
44	35
44	54
44	66
44	73
44	76
44	78
44	80
45	10
45	30
45	33
45	55
45	57
45	61
45	64
45	74
45	76
45	77
46	15
46	18
46	32
46	61
46	62
46	63
46	65
46	68
46	77
46	80
47	12
47	16
47	40
47	43
47	58
47	67
47	71
47	75
47	78
47	81
48	20
48	25
48	30
48	36
48	42
48	49
48	58
48	67
48	70
48	71
49	21
49	31
49	36
49	48
49	51
49	65
49	66
49	69
49	76
49	77
50	2
50	8
50	16
50	40
50	59
50	63
50	71
50	72
50	74
50	75
50	79
51	15
51	26
51	27
51	49
51	54
51	57
51	66
51	76
51	78
51	79
51	81
52	22
52	29
52	53
52	59
52	63
52	67
52	74
52	76
52	79
52	80
52	81
53	3
53	13
53	14
53	27
53	30
53	31
53	42
53	52
53	59
53	60
53	69
54	7
54	44
54	51
54	61
54	69
54	71
54	73
54	76
54	78
54	79
54	80
55	4
55	6
55	14
55	27
55	33
55	35
55	38
55	45
55	59
55	77
55	80
56	7
56	8
56	19
56	25
56	37
56	41
56	67
56	68
56	70
56	72
56	73
56	80
57	6
57	13
57	26
57	29
57	33
57	45
57	51
57	64
57	67
57	68
57	69
57	77
58	21
58	27
58	36
58	39
58	41
58	47
58	48
58	61
58	62
58	64
58	70
58	81
59	2
59	22
59	28
59	37
59	50
59	52
59	53
59	55
59	67
59	74
59	78
59	79
60	14
60	17
60	23
60	31
60	35
60	43
60	53
60	62
60	63
60	70
60	71
60	72
60	74
61	3
61	15
61	41
61	45
61	46
61	54
61	58
61	64
61	66
61	69
61	70
61	76
61	78
62	9
62	15
62	29
62	31
62	32
62	34
62	40
62	46
62	58
62	60
62	63
62	72
62	73
63	9
63	21
63	22
63	46
63	50
63	52
63	60
63	62
63	65
63	68
63	71
63	72
63	79
63	81
64	2
64	4
64	14
64	19
64	26
64	33
64	42
64	45
64	57
64	58
64	61
64	66
64	74
64	77
65	8
65	9
65	25
65	31
65	33
65	39
65	46
65	49
65	63
65	68
65	71
65	77
65	79
65	81
66	2
66	6
66	17
66	20
66	24
66	40
66	44
66	49
66	51
66	61
66	64
66	69
66	78
66	79
67	5
67	9
67	19
67	33
67	35
67	43
67	47
67	48
67	52
67	56
67	57
67	59
67	70
67	81
68	21
68	22
68	25
68	32
68	35
68	42
68	46
68	56
68	57
68	63
68	65
68	75
68	77
68	79
68	81
69	7
69	18
69	24
69	36
69	38
69	39
69	49
69	53
69	54
69	57
69	61
69	66
69	73
69	76
69	78
70	7
70	9
70	26
70	32
70	35
70	38
70	48
70	56
70	58
70	60
70	61
70	67
70	73
70	76
70	78
71	3
71	29
71	36
71	38
71	47
71	48
71	50
71	54
71	60
71	63
71	65
71	74
71	75
71	79
71	80
72	3
72	7
72	9
72	25
72	27
72	30
72	31
72	39
72	40
72	50
72	56
72	60
72	62
72	63
72	79
73	6
73	23
73	27
73	32
73	34
73	40
73	44
73	54
73	56
73	62
73	69
73	70
73	75
73	77
73	80
74	5
74	10
74	39
74	41
74	43
74	45
74	50
74	52
74	59
74	60
74	64
74	71
74	75
74	76
74	79
74	80
75	4
75	19
75	32
75	37
75	38
75	41
75	47
75	50
75	68
75	71
75	73
75	74
75	78
75	79
75	80
75	81
76	16
76	17
76	18
76	36
76	43
76	44
76	45
76	49
76	51
76	52
76	54
76	61
76	69
76	70
76	74
76	77
77	1
77	13
77	20
77	26
77	33
77	45
77	46
77	49
77	55
77	57
77	64
77	65
77	68
77	73
77	76
77	79
78	5
78	15
78	18
78	19
78	21
78	23
78	44
78	47
78	51
78	54
78	59
78	61
78	66
78	69
78	70
78	75
78	80
78	81
79	18
79	28
79	41
79	42
79	50
79	51
79	52
79	54
79	59
79	63
79	65
79	66
79	68
79	71
79	72
79	74
79	75
79	77
79	80
80	2
80	4
80	11
80	21
80	29
80	38
80	42
80	44
80	46
80	52
80	54
80	55
80	56
80	71
80	73
80	74
80	75
80	78
80	79
81	1
81	5
81	15
81	16
81	22
81	24
81	25
81	30
81	34
81	40
81	47
81	51
81	52
81	58
81	63
81	65
81	67
81	68
81	75
81	78
