1	56
1	60
1	66
1	70
1	72
1	75
2	8
2	18
2	54
2	58
2	63
2	69
3	36
3	58
3	66
3	67
3	73
3	75
4	31
4	36
4	44
4	48
4	56
4	64
5	16
5	25
5	56
5	60
5	75
5	79
6	30
6	65
6	70
6	71
6	78
6	81
7	11
7	17
7	20
7	44
7	58
7	69
8	2
8	16
8	24
8	29
8	53
8	57
9	23
9	59
9	71
9	72
9	76
9	77
10	16
10	46
10	67
10	68
10	75
10	79
11	7
11	20
11	49
11	63
11	77
11	81
12	15
12	50
12	56
12	60
12	61
12	80
13	16
13	24
13	59
13	72
13	76
13	78
13	81
14	17
14	44
14	45
14	61
14	62
14	72
14	81
15	12
15	56
15	60
15	67
15	68
15	69
15	75
16	5
16	8
16	10
16	13
16	40
16	41
16	57
17	7
17	14
17	36
17	42
17	54
17	69
17	79
18	2
18	31
18	49
18	66
18	71
18	74
18	76
19	20
19	23
19	41
19	45
19	72
19	75
19	76
20	7
20	11
20	19
20	40
20	66
20	79
20	80
21	39
21	54
21	58
21	67
21	69
21	70
21	73
22	57
22	64
22	65
22	72
22	74
22	78
22	81
23	9
23	19
23	44
23	56
23	70
23	71
23	72
24	8
24	13
24	25
24	57
24	58
24	65
24	81
25	5
25	24
25	33
25	40
25	56
25	57
25	63
26	35
26	40
26	63
26	67
26	68
26	75
26	77
27	35
27	56
27	66
27	67
27	68
27	73
27	75
28	44
28	50
28	58
28	65
28	76
28	78
28	81
29	8
29	40
29	42
29	48
29	57
29	68
29	71
30	6
30	31
30	38
30	48
30	50
30	68
30	69
30	81
31	4
31	18
31	30
31	37
31	44
31	48
31	50
31	75
32	46
32	51
32	52
32	57
32	60
32	71
32	74
32	76
33	25
33	44
33	53
33	59
33	69
33	75
33	79
33	80
34	46
34	50
34	55
34	63
34	67
34	71
34	77
34	80
35	26
35	27
35	45
35	47
35	51
35	73
35	75
35	81
36	3
36	4
36	17
36	38
36	42
36	48
36	50
36	66
36	77
37	31
37	61
37	64
37	73
37	74
37	75
37	77
37	78
37	81
38	30
38	36
38	47
38	48
38	49
38	50
38	67
38	77
38	80
39	21
39	42
39	52
39	54
39	58
39	69
39	73
39	76
39	80
40	16
40	20
40	25
40	26
40	29
40	57
40	62
40	67
40	78
41	16
41	19
41	43
41	52
41	60
41	66
41	73
41	79
41	80
42	17
42	29
42	36
42	39
42	54
42	58
42	60
42	69
42	70
43	41
43	46
43	65
43	66
43	67
43	68
43	75
43	80
44	4
44	7
44	14
44	23
44	28
44	31
44	33
44	47
44	70
44	80
45	14
45	19
45	35
45	51
45	55
45	64
45	72
45	73
45	74
45	80
46	10
46	32
46	34
46	43
46	47
46	59
46	62
46	73
46	79
46	80
47	35
47	38
47	44
47	46
47	54
47	55
47	59
47	70
47	77
47	81
48	4
48	29
48	30
48	31
48	36
48	38
48	50
48	52
48	63
48	75
49	11
49	18
49	38
49	50
49	60
49	64
49	67
49	73
49	74
49	77
50	12
50	28
50	30
50	31
50	34
50	36
50	38
50	48
50	49
50	55
50	57
51	32
51	35
51	45
51	59
51	61
51	65
51	66
51	70
51	73
51	74
51	79
52	32
52	39
52	41
52	48
52	55
52	59
52	63
52	64
52	70
52	76
52	77
53	8
53	33
53	54
53	59
53	61
53	62
53	72
53	74
53	78
53	79
53	81
54	2
54	17
54	21
54	39
54	42
54	47
54	53
54	60
54	69
54	71
54	73
54	79
55	34
55	45
55	47
55	50
55	52
55	62
55	64
55	69
55	71
55	74
55	76
55	80
56	1
56	4
56	5
56	12
56	15
56	23
56	25
56	27
56	74
56	78
56	79
56	80
57	8
57	16
57	22
57	24
57	25
57	29
57	32
57	40
57	50
57	62
57	77
57	81
58	2
58	3
58	7
58	21
58	24
58	28
58	39
58	42
58	66
58	68
58	69
58	78
58	80
59	9
59	13
59	33
59	46
59	47
59	51
59	52
59	53
59	61
59	70
59	73
59	77
59	79
60	1
60	5
60	12
60	15
60	32
60	41
60	42
60	49
60	54
60	67
60	70
60	73
60	79
60	80
61	12
61	14
61	37
61	51
61	53
61	59
61	62
61	65
61	68
61	72
61	76
61	78
61	80
61	81
62	14
62	40
62	46
62	53
62	55
62	57
62	61
62	63
62	64
62	65
62	72
62	78
62	80
62	81
63	2
63	11
63	25
63	26
63	34
63	48
63	52
63	62
63	64
63	74
63	76
63	77
63	79
63	81
64	4
64	22
64	37
64	45
64	49
64	52
64	55
64	62
64	63
64	68
64	71
64	74
64	76
64	78
64	79
65	6
65	22
65	24
65	28
65	43
65	51
65	61
65	62
65	70
65	71
65	72
65	75
65	78
65	79
65	81
66	1
66	3
66	18
66	20
66	27
66	36
66	41
66	43
66	51
66	58
66	67
66	68
66	69
66	75
67	3
67	10
67	15
67	21
67	26
67	27
67	34
67	38
67	40
67	43
67	49
67	60
67	66
67	68
67	75
67	79
68	10
68	15
68	26
68	27
68	29
68	30
68	43
68	58
68	61
68	64
68	66
68	67
68	71
68	72
68	75
68	80
69	2
69	7
69	15
69	17
69	21
69	30
69	33
69	39
69	42
69	54
69	55
69	58
69	66
69	70
69	76
69	81
70	1
70	6
70	21
70	23
70	42
70	44
70	47
70	51
70	52
70	59
70	60
70	65
70	69
70	73
70	74
70	77
70	78
70	80
71	6
71	9
71	18
71	23
71	29
71	32
71	34
71	54
71	55
71	64
71	65
71	68
71	72
71	74
71	76
71	77
71	78
71	81
72	1
72	9
72	13
72	14
72	19
72	22
72	23
72	45
72	53
72	61
72	62
72	65
72	68
72	71
72	75
72	76
72	78
72	81
73	3
73	21
73	27
73	35
73	37
73	39
73	41
73	45
73	46
73	49
73	51
73	54
73	59
73	60
73	70
73	76
73	77
73	79
74	18
74	22
74	32
74	37
74	45
74	49
74	51
74	53
74	55
74	56
74	63
74	64
74	70
74	71
74	76
74	77
74	78
74	79
74	81
75	1
75	3
75	5
75	10
75	15
75	19
75	26
75	27
75	31
75	33
75	35
75	37
75	43
75	48
75	65
75	66
75	67
75	68
75	72
76	9
76	13
76	18
76	19
76	28
76	32
76	39
76	52
76	55
76	61
76	63
76	64
76	69
76	71
76	72
76	73
76	74
76	77
76	78
76	80
77	9
77	11
77	26
77	34
77	36
77	37
77	38
77	47
77	49
77	52
77	57
77	59
77	63
77	70
77	71
77	73
77	74
77	76
77	78
77	79
78	6
78	13
78	22
78	28
78	37
78	40
78	53
78	56
78	58
78	61
78	62
78	64
78	65
78	70
78	71
78	72
78	74
78	76
78	77
78	80
78	81
79	5
79	10
79	17
79	20
79	33
79	41
79	46
79	51
79	53
79	54
79	56
79	59
79	60
79	63
79	64
79	65
79	67
79	73
79	74
79	77
79	80
79	81
80	12
80	20
80	33
80	34
80	38
80	39
80	41
80	43
80	44
80	45
80	46
80	55
80	56
80	58
80	60
80	61
80	62
80	68
80	70
80	76
80	78
80	79
81	6
81	11
81	13
81	14
81	22
81	24
81	28
81	30
81	35
81	37
81	47
81	53
81	57
81	61
81	62
81	63
81	65
81	69
81	71
81	72
81	74
81	78
81	79
