1	24
1	47
1	69
1	74
1	78
1	81
2	7
2	18
2	43
2	46
2	66
2	69
3	45
3	70
3	71
3	72
3	79
3	80
4	19
4	22
4	37
4	67
4	79
4	81
5	16
5	47
5	55
5	58
5	64
5	81
6	9
6	29
6	54
6	56
6	73
6	79
7	2
7	25
7	29
7	38
7	65
7	72
8	30
8	34
8	47
8	58
8	65
8	80
9	6
9	73
9	74
9	76
9	77
9	78
10	11
10	19
10	26
10	37
10	62
10	73
11	10
11	13
11	59
11	70
11	71
11	81
12	40
12	48
12	59
12	63
12	67
12	80
13	11
13	46
13	51
13	55
13	70
13	71
13	81
14	47
14	58
14	62
14	67
14	69
14	75
14	80
15	19
15	22
15	26
15	37
15	47
15	53
15	68
16	5
16	30
16	38
16	60
16	70
16	71
16	80
17	49
17	62
17	69
17	74
17	78
17	79
17	80
18	2
18	21
18	25
18	29
18	32
18	50
18	60
19	4
19	10
19	15
19	26
19	33
19	73
19	81
20	30
20	37
20	38
20	45
20	46
20	52
20	71
21	18
21	22
21	31
21	43
21	50
21	76
21	80
22	4
22	15
22	21
22	26
22	36
22	37
22	59
22	69
23	27
23	32
23	33
23	42
23	61
23	63
23	68
23	80
24	1
24	25
24	42
24	51
24	67
24	68
24	72
24	77
25	7
25	18
25	24
25	31
25	38
25	45
25	48
25	77
26	10
26	15
26	19
26	22
26	33
26	37
26	58
26	77
27	23
27	33
27	41
27	48
27	61
27	78
27	80
27	81
28	38
28	45
28	59
28	64
28	70
28	71
28	76
28	80
29	6
29	7
29	18
29	48
29	50
29	61
29	71
29	74
30	8
30	16
30	20
30	63
30	64
30	67
30	70
30	71
31	21
31	25
31	48
31	50
31	51
31	57
31	60
31	77
32	18
32	23
32	59
32	68
32	69
32	75
32	76
32	79
33	19
33	23
33	26
33	27
33	36
33	68
33	75
33	77
33	80
34	8
34	36
34	55
34	59
34	66
34	74
34	76
34	78
34	81
35	49
35	56
35	60
35	67
35	69
35	71
35	78
35	79
35	81
36	22
36	33
36	34
36	45
36	47
36	50
36	57
36	66
36	73
37	4
37	10
37	15
37	20
37	22
37	26
37	43
37	52
37	81
38	7
38	16
38	20
38	25
38	28
38	57
38	68
38	70
38	71
39	42
39	57
39	65
39	73
39	74
39	75
39	76
39	79
39	81
40	12
40	49
40	61
40	72
40	75
40	76
40	77
40	80
40	81
41	27
41	52
41	71
41	72
41	74
41	76
41	78
41	79
41	81
42	23
42	24
42	39
42	57
42	64
42	73
42	74
42	76
42	78
43	2
43	21
43	37
43	48
43	50
43	64
43	66
43	68
43	75
44	58
44	60
44	65
44	69
44	75
44	77
44	78
44	79
44	81
45	3
45	20
45	25
45	28
45	36
45	51
45	70
45	71
45	72
45	77
46	2
46	13
46	20
46	47
46	72
46	73
46	74
46	75
46	77
46	80
47	1
47	5
47	8
47	14
47	15
47	36
47	46
47	62
47	74
47	77
48	12
48	25
48	27
48	29
48	31
48	43
48	50
48	62
48	63
48	81
49	17
49	35
49	40
49	52
49	56
49	60
49	66
49	70
49	78
49	79
50	18
50	21
50	29
50	31
50	36
50	43
50	48
50	62
50	66
50	77
50	79
51	13
51	24
51	31
51	45
51	60
51	62
51	63
51	65
51	70
51	72
51	73
51	78
52	20
52	37
52	41
52	49
52	55
52	58
52	60
52	66
52	68
52	72
52	75
52	81
53	15
53	59
53	65
53	66
53	67
53	68
53	69
53	70
53	72
53	75
53	79
53	80
54	6
54	59
54	62
54	63
54	65
54	68
54	69
54	70
54	71
54	75
54	77
54	79
55	5
55	13
55	34
55	52
55	57
55	61
55	64
55	67
55	68
55	72
55	76
55	78
55	81
56	6
56	35
56	49
56	62
56	65
56	66
56	67
56	69
56	75
56	76
56	78
56	79
56	80
57	31
57	36
57	38
57	39
57	42
57	55
57	58
57	62
57	63
57	71
57	73
57	79
57	80
58	5
58	8
58	14
58	26
58	44
58	52
58	57
58	63
58	66
58	68
58	70
58	76
58	77
58	81
59	11
59	12
59	22
59	28
59	32
59	34
59	53
59	54
59	65
59	67
59	73
59	75
59	76
59	79
60	16
60	18
60	31
60	35
60	44
60	49
60	51
60	52
60	66
60	73
60	77
60	78
60	79
60	80
61	23
61	27
61	29
61	40
61	55
61	64
61	65
61	67
61	68
61	74
61	75
61	76
61	77
61	78
61	81
62	10
62	14
62	17
62	47
62	48
62	50
62	51
62	54
62	56
62	57
62	66
62	70
62	72
62	77
62	80
63	12
63	23
63	30
63	48
63	51
63	54
63	57
63	58
63	65
63	68
63	72
63	73
63	74
63	75
63	81
64	5
64	28
64	30
64	42
64	43
64	55
64	61
64	68
64	69
64	71
64	74
64	75
64	76
64	78
64	81
65	7
65	8
65	39
65	44
65	51
65	53
65	54
65	56
65	59
65	61
65	63
65	66
65	67
65	75
65	79
65	80
66	2
66	34
66	36
66	43
66	49
66	50
66	52
66	53
66	56
66	58
66	60
66	62
66	65
66	67
66	68
66	69
66	73
66	77
67	4
67	12
67	14
67	24
67	30
67	35
67	53
67	55
67	56
67	59
67	61
67	65
67	66
67	69
67	75
67	76
67	79
67	80
68	15
68	23
68	24
68	32
68	33
68	38
68	43
68	52
68	53
68	54
68	55
68	58
68	61
68	63
68	64
68	66
68	72
68	77
68	80
69	1
69	2
69	14
69	17
69	22
69	32
69	35
69	44
69	53
69	54
69	56
69	64
69	66
69	67
69	70
69	74
69	75
69	76
69	79
70	3
70	11
70	13
70	16
70	28
70	30
70	38
70	45
70	49
70	51
70	53
70	54
70	58
70	62
70	69
70	71
70	73
70	74
70	78
71	3
71	11
71	13
71	16
71	20
71	28
71	29
71	30
71	35
71	38
71	41
71	45
71	54
71	57
71	64
71	70
71	73
71	77
71	78
72	3
72	7
72	24
72	40
72	41
72	45
72	46
72	51
72	52
72	53
72	55
72	62
72	63
72	68
72	73
72	74
72	75
72	76
72	80
73	6
73	9
73	10
73	19
73	36
73	39
73	42
73	46
73	51
73	57
73	59
73	60
73	63
73	66
73	70
73	71
73	72
73	77
73	78
73	80
73	81
74	1
74	9
74	17
74	29
74	34
74	39
74	41
74	42
74	46
74	47
74	61
74	63
74	64
74	69
74	70
74	72
74	76
74	78
74	79
74	80
74	81
75	14
75	32
75	33
75	39
75	40
75	43
75	44
75	46
75	52
75	53
75	54
75	56
75	59
75	61
75	63
75	64
75	65
75	67
75	69
75	72
75	76
75	79
76	9
76	21
76	28
76	32
76	34
76	39
76	40
76	41
76	42
76	55
76	56
76	58
76	59
76	61
76	64
76	67
76	69
76	72
76	74
76	75
76	78
76	81
77	9
77	24
77	25
77	26
77	31
77	33
77	40
77	44
77	45
77	46
77	47
77	50
77	54
77	58
77	60
77	61
77	62
77	66
77	68
77	71
77	73
77	78
78	1
78	9
78	17
78	27
78	34
78	35
78	41
78	42
78	44
78	49
78	51
78	55
78	56
78	60
78	61
78	64
78	70
78	71
78	73
78	74
78	76
78	77
78	79
78	81
79	3
79	4
79	6
79	17
79	32
79	35
79	39
79	41
79	44
79	49
79	50
79	53
79	54
79	56
79	57
79	59
79	60
79	65
79	67
79	69
79	74
79	75
79	78
79	80
80	3
80	8
80	12
80	14
80	16
80	17
80	21
80	23
80	27
80	28
80	33
80	40
80	46
80	53
80	56
80	57
80	60
80	62
80	65
80	67
80	68
80	72
80	73
80	74
80	79
81	1
81	4
81	5
81	11
81	13
81	19
81	27
81	34
81	35
81	37
81	39
81	40
81	41
81	44
81	48
81	52
81	55
81	58
81	61
81	63
81	64
81	73
81	74
81	76
81	78
