1	54
1	61
1	65
1	66
1	69
1	76
2	9
2	34
2	54
2	56
2	70
2	80
3	11
3	49
3	68
3	77
3	78
3	81
4	36
4	41
4	60
4	63
4	67
4	69
5	17
5	41
5	52
5	64
5	75
5	76
6	32
6	60
6	71
6	76
6	77
6	80
7	29
7	52
7	57
7	62
7	64
7	78
8	28
8	72
8	76
8	77
8	80
8	81
9	2
9	20
9	43
9	55
9	58
9	68
10	42
10	54
10	65
10	66
10	70
10	75
11	3
11	18
11	19
11	61
11	68
11	81
12	24
12	66
12	67
12	73
12	77
12	79
13	21
13	53
13	54
13	61
13	71
13	75
14	38
14	47
14	49
14	53
14	57
14	62
14	74
15	16
15	22
15	37
15	47
15	65
15	70
15	77
16	15
16	30
16	35
16	56
16	68
16	71
16	79
17	5
17	19
17	20
17	34
17	65
17	77
17	78
18	11
18	25
18	36
18	43
18	63
18	67
18	73
19	11
19	17
19	31
19	56
19	63
19	65
19	79
20	9
20	17
20	34
20	71
20	73
20	79
20	81
21	13
21	51
21	70
21	72
21	73
21	79
21	81
22	15
22	23
22	55
22	72
22	75
22	78
22	81
23	22
23	24
23	46
23	53
23	69
23	76
23	77
23	80
24	12
24	23
24	26
24	50
24	51
24	55
24	77
24	78
25	18
25	27
25	38
25	41
25	50
25	58
25	63
25	76
26	24
26	34
26	37
26	50
26	56
26	61
26	66
26	79
27	25
27	28
27	36
27	43
27	55
27	63
27	74
27	81
28	8
28	27
28	39
28	42
28	56
28	69
28	72
28	76
29	7
29	47
29	51
29	53
29	55
29	62
29	66
29	78
30	16
30	37
30	51
30	58
30	65
30	74
30	75
30	79
31	19
31	46
31	57
31	62
31	70
31	72
31	77
31	79
32	6
32	36
32	52
32	66
32	69
32	74
32	76
32	80
33	55
33	59
33	64
33	72
33	73
33	77
33	79
33	80
33	81
34	2
34	17
34	20
34	26
34	61
34	71
34	74
34	75
34	78
35	16
35	36
35	42
35	50
35	72
35	73
35	77
35	79
35	81
36	4
36	18
36	27
36	32
36	35
36	43
36	63
36	65
36	71
37	15
37	26
37	30
37	48
37	59
37	63
37	67
37	70
37	80
38	14
38	25
38	45
38	49
38	51
38	57
38	62
38	76
38	80
39	28
39	44
39	52
39	61
39	64
39	68
39	76
39	77
39	78
40	44
40	50
40	51
40	53
40	59
40	60
40	61
40	64
40	65
41	4
41	5
41	25
41	43
41	59
41	61
41	63
41	64
41	75
42	10
42	28
42	35
42	45
42	62
42	69
42	70
42	72
42	76
42	80
43	9
43	18
43	27
43	36
43	41
43	63
43	69
43	73
43	76
43	79
44	39
44	40
44	50
44	51
44	62
44	69
44	74
44	75
44	78
44	79
45	38
45	42
45	50
45	54
45	58
45	68
45	69
45	70
45	76
45	80
46	23
46	31
46	47
46	48
46	56
46	57
46	69
46	76
46	79
46	80
47	14
47	15
47	29
47	46
47	49
47	51
47	59
47	62
47	76
47	77
48	37
48	46
48	55
48	60
48	64
48	67
48	70
48	74
48	75
48	77
49	3
49	14
49	38
49	47
49	51
49	57
49	62
49	67
49	69
49	76
49	81
50	24
50	25
50	26
50	35
50	40
50	44
50	45
50	54
50	57
50	58
50	74
51	21
51	24
51	29
51	30
51	38
51	40
51	44
51	47
51	49
51	57
51	72
52	5
52	7
52	32
52	39
52	59
52	64
52	66
52	67
52	69
52	75
52	80
53	13
53	14
53	23
53	29
53	40
53	58
53	65
53	67
53	71
53	73
53	74
53	81
54	1
54	2
54	10
54	13
54	45
54	50
54	56
54	63
54	69
54	71
54	78
54	80
55	9
55	22
55	24
55	27
55	29
55	33
55	48
55	68
55	71
55	73
55	78
55	80
56	2
56	16
56	19
56	26
56	28
56	46
56	54
56	65
56	72
56	76
56	78
56	80
57	7
57	14
57	31
57	38
57	46
57	49
57	50
57	51
57	62
57	69
57	73
57	79
58	9
58	25
58	30
58	45
58	50
58	53
58	72
58	74
58	75
58	77
58	78
58	79
59	33
59	37
59	40
59	41
59	47
59	52
59	60
59	66
59	68
59	69
59	70
59	75
60	4
60	6
60	40
60	48
60	59
60	66
60	67
60	68
60	70
60	75
60	77
60	81
61	1
61	11
61	13
61	26
61	34
61	39
61	40
61	41
61	62
61	65
61	67
61	68
61	72
61	76
62	7
62	14
62	29
62	31
62	38
62	42
62	44
62	47
62	49
62	57
62	61
62	63
62	71
62	80
63	4
63	18
63	19
63	25
63	27
63	36
63	37
63	41
63	43
63	54
63	62
63	67
63	68
63	73
63	81
64	5
64	7
64	33
64	39
64	40
64	41
64	48
64	52
64	66
64	67
64	70
64	71
64	75
64	80
64	81
65	1
65	10
65	15
65	17
65	19
65	30
65	36
65	40
65	53
65	56
65	61
65	70
65	71
65	72
65	74
65	78
66	1
66	10
66	12
66	26
66	29
66	32
66	52
66	59
66	60
66	64
66	67
66	70
66	74
66	75
66	79
66	80
67	4
67	12
67	18
67	37
67	48
67	49
67	52
67	53
67	60
67	61
67	63
67	64
67	66
67	70
67	75
67	76
67	79
68	3
68	9
68	11
68	16
68	39
68	45
68	55
68	59
68	60
68	61
68	63
68	69
68	71
68	73
68	74
68	78
68	80
69	1
69	4
69	23
69	28
69	32
69	42
69	43
69	44
69	45
69	46
69	49
69	52
69	54
69	57
69	59
69	68
69	80
70	2
70	10
70	15
70	21
70	31
70	37
70	42
70	45
70	48
70	59
70	60
70	64
70	65
70	66
70	67
70	75
70	78
70	81
71	6
71	13
71	16
71	20
71	34
71	36
71	53
71	54
71	55
71	62
71	64
71	65
71	68
71	73
71	74
71	78
71	79
71	81
72	8
72	21
72	22
72	28
72	31
72	33
72	35
72	42
72	51
72	56
72	58
72	61
72	65
72	73
72	74
72	75
72	77
72	79
72	81
73	12
73	18
73	20
73	21
73	33
73	35
73	43
73	53
73	55
73	57
73	63
73	68
73	71
73	72
73	74
73	77
73	78
73	79
73	81
74	14
74	27
74	30
74	32
74	34
74	44
74	48
74	50
74	53
74	58
74	65
74	66
74	68
74	71
74	72
74	73
74	77
74	78
74	81
75	5
75	10
75	13
75	22
75	30
75	34
75	41
75	44
75	48
75	52
75	58
75	59
75	60
75	64
75	66
75	67
75	70
75	72
75	78
75	79
76	1
76	5
76	6
76	8
76	23
76	25
76	28
76	32
76	38
76	39
76	42
76	43
76	45
76	46
76	47
76	49
76	56
76	61
76	67
76	80
76	81
77	3
77	6
77	8
77	12
77	15
77	17
77	23
77	24
77	31
77	33
77	35
77	39
77	47
77	48
77	58
77	60
77	72
77	73
77	74
77	78
77	79
77	81
78	3
78	7
78	17
78	22
78	24
78	29
78	34
78	39
78	44
78	54
78	55
78	56
78	58
78	65
78	68
78	70
78	71
78	73
78	74
78	75
78	77
78	80
79	12
79	16
79	19
79	20
79	21
79	26
79	30
79	31
79	33
79	35
79	43
79	44
79	46
79	57
79	58
79	66
79	67
79	71
79	72
79	73
79	75
79	77
79	81
80	2
80	6
80	8
80	23
80	32
80	33
80	37
80	38
80	42
80	45
80	46
80	52
80	54
80	55
80	56
80	62
80	64
80	66
80	68
80	69
80	76
80	78
80	81
81	3
81	8
81	11
81	20
81	21
81	22
81	27
81	33
81	35
81	49
81	53
81	60
81	63
81	64
81	70
81	71
81	72
81	73
81	74
81	76
81	77
81	79
81	80
