1	14
1	18
1	44
1	65
1	70
1	72
2	25
2	48
2	55
2	61
2	67
2	80
3	16
3	25
3	36
3	47
3	55
3	56
4	26
4	34
4	35
4	53
4	63
4	73
5	34
5	44
5	51
5	60
5	62
5	69
6	37
6	41
6	66
6	70
6	71
6	77
7	22
7	27
7	59
7	62
7	69
7	75
8	12
8	30
8	39
8	44
8	71
8	73
9	57
9	67
9	71
9	75
9	76
9	81
10	44
10	48
10	56
10	58
10	64
10	67
11	15
11	38
11	39
11	53
11	57
11	76
12	8
12	69
12	75
12	76
12	79
12	81
13	20
13	42
13	67
13	68
13	73
13	77
14	1
14	18
14	37
14	65
14	68
14	69
15	11
15	25
15	33
15	53
15	61
15	80
16	3
16	29
16	55
16	63
16	77
16	78
17	26
17	31
17	62
17	63
17	70
17	72
17	80
18	1
18	14
18	50
18	65
18	73
18	76
18	81
19	33
19	42
19	62
19	70
19	73
19	75
19	79
20	13
20	37
20	41
20	64
20	65
20	68
20	78
21	27
21	57
21	66
21	71
21	72
21	73
21	79
22	7
22	32
22	37
22	40
22	52
22	65
22	68
23	58
23	59
23	60
23	62
23	69
23	77
23	80
24	42
24	56
24	65
24	68
24	71
24	79
24	81
25	2
25	3
25	15
25	34
25	35
25	38
25	78
26	4
26	17
26	39
26	54
26	74
26	75
26	81
27	7
27	21
27	45
27	51
27	64
27	77
27	79
28	41
28	43
28	46
28	54
28	65
28	66
28	80
29	16
29	32
29	50
29	56
29	59
29	60
29	62
30	8
30	51
30	57
30	66
30	71
30	78
30	81
31	17
31	59
31	60
31	62
31	69
31	74
31	75
31	80
32	22
32	29
32	34
32	51
32	58
32	70
32	73
32	74
33	15
33	19
33	36
33	41
33	43
33	69
33	74
33	78
34	4
34	5
34	25
34	32
34	35
34	53
34	79
34	81
35	4
35	25
35	34
35	42
35	53
35	70
35	74
35	76
36	3
36	33
36	43
36	45
36	64
36	75
36	76
36	81
37	6
37	14
37	20
37	22
37	40
37	46
37	57
37	65
37	73
38	11
38	25
38	43
38	46
38	51
38	54
38	55
38	76
38	81
39	8
39	11
39	26
39	49
39	60
39	65
39	66
39	68
39	71
40	22
40	37
40	42
40	43
40	51
40	63
40	65
40	68
40	70
40	78
41	6
41	20
41	28
41	33
41	49
41	57
41	66
41	70
41	71
41	75
42	13
42	19
42	24
42	35
42	40
42	55
42	65
42	68
42	72
42	79
43	28
43	33
43	36
43	38
43	40
43	45
43	64
43	67
43	73
43	74
44	1
44	5
44	8
44	10
44	61
44	62
44	63
44	66
44	78
44	79
45	27
45	36
45	43
45	47
45	50
45	51
45	53
45	56
45	75
45	80
45	81
46	28
46	37
46	38
46	60
46	65
46	69
46	71
46	73
46	75
46	77
46	80
47	3
47	45
47	48
47	52
47	54
47	56
47	67
47	68
47	74
47	79
47	81
48	2
48	10
48	47
48	52
48	55
48	57
48	61
48	67
48	69
48	71
48	78
49	39
49	41
49	52
49	53
49	57
49	66
49	71
49	74
49	77
49	78
49	79
50	18
50	29
50	45
50	54
50	62
50	63
50	74
50	75
50	76
50	80
50	81
51	5
51	27
51	30
51	32
51	38
51	40
51	45
51	72
51	75
51	76
51	81
52	22
52	47
52	48
52	49
52	55
52	56
52	62
52	67
52	71
52	79
52	80
53	4
53	11
53	15
53	34
53	35
53	45
53	49
53	59
53	78
53	79
53	80
54	26
54	28
54	38
54	47
54	50
54	63
54	64
54	72
54	75
54	76
54	78
54	81
55	2
55	3
55	16
55	38
55	42
55	48
55	52
55	56
55	67
55	70
55	77
55	81
56	3
56	10
56	24
56	29
56	45
56	47
56	52
56	55
56	57
56	58
56	67
56	74
57	9
57	11
57	21
57	30
57	37
57	41
57	48
57	49
57	56
57	64
57	66
57	71
57	72
58	10
58	23
58	32
58	56
58	59
58	61
58	67
58	73
58	76
58	77
58	78
58	79
58	80
59	7
59	23
59	29
59	31
59	53
59	58
59	60
59	62
59	65
59	68
59	69
59	70
59	74
59	80
60	5
60	23
60	29
60	31
60	39
60	46
60	59
60	61
60	62
60	64
60	69
60	72
60	79
60	81
61	2
61	15
61	44
61	48
61	58
61	60
61	64
61	66
61	70
61	72
61	73
61	74
61	75
61	79
61	81
62	5
62	7
62	17
62	19
62	23
62	29
62	31
62	44
62	50
62	52
62	59
62	60
62	69
62	71
62	81
63	4
63	16
63	17
63	40
63	44
63	50
63	54
63	67
63	69
63	70
63	72
63	73
63	77
63	80
63	81
64	10
64	20
64	27
64	36
64	43
64	54
64	57
64	60
64	61
64	67
64	72
64	77
64	78
64	79
64	80
65	1
65	14
65	18
65	20
65	22
65	24
65	28
65	37
65	39
65	40
65	42
65	46
65	59
65	68
65	76
65	78
66	6
66	21
66	28
66	30
66	39
66	41
66	44
66	49
66	57
66	61
66	68
66	71
66	73
66	75
66	77
66	80
67	2
67	9
67	10
67	13
67	43
67	47
67	48
67	52
67	55
67	56
67	58
67	63
67	64
67	76
67	77
67	80
68	13
68	14
68	20
68	22
68	24
68	39
68	40
68	42
68	47
68	59
68	65
68	66
68	72
68	73
68	75
68	79
69	5
69	7
69	12
69	14
69	23
69	31
69	33
69	46
69	48
69	59
69	60
69	62
69	63
69	76
69	77
69	79
70	1
70	6
70	17
70	19
70	32
70	35
70	40
70	41
70	55
70	59
70	61
70	63
70	74
70	76
70	78
70	81
71	6
71	8
71	9
71	21
71	24
71	30
71	39
71	41
71	46
71	48
71	49
71	52
71	57
71	62
71	66
71	72
71	78
72	1
72	17
72	21
72	42
72	51
72	54
72	57
72	60
72	61
72	63
72	64
72	68
72	71
72	73
72	76
72	78
72	79
72	80
73	4
73	8
73	13
73	18
73	19
73	21
73	32
73	37
73	43
73	46
73	58
73	61
73	63
73	66
73	68
73	72
73	74
73	77
73	81
74	26
74	31
74	32
74	33
74	35
74	43
74	47
74	49
74	50
74	56
74	59
74	61
74	70
74	73
74	75
74	77
74	78
74	79
74	80
75	7
75	9
75	12
75	19
75	26
75	31
75	36
75	41
75	45
75	46
75	50
75	51
75	54
75	61
75	66
75	68
75	74
75	76
75	80
75	81
76	9
76	11
76	12
76	18
76	35
76	36
76	38
76	50
76	51
76	54
76	58
76	65
76	67
76	69
76	70
76	72
76	75
76	77
76	78
76	81
77	6
77	13
77	16
77	23
77	27
77	46
77	49
77	55
77	58
77	63
77	64
77	66
77	67
77	69
77	73
77	74
77	76
77	78
77	79
77	80
77	81
78	16
78	20
78	25
78	30
78	33
78	40
78	44
78	48
78	49
78	53
78	54
78	58
78	64
78	65
78	70
78	71
78	72
78	74
78	76
78	77
78	79
78	80
79	12
79	19
79	21
79	24
79	27
79	34
79	42
79	44
79	47
79	49
79	52
79	53
79	58
79	60
79	61
79	64
79	68
79	69
79	72
79	74
79	77
79	78
79	80
80	2
80	15
80	17
80	23
80	28
80	31
80	45
80	46
80	50
80	52
80	53
80	58
80	59
80	63
80	64
80	66
80	67
80	72
80	74
80	75
80	77
80	78
80	79
81	9
81	12
81	18
81	24
81	26
81	30
81	34
81	36
81	38
81	45
81	47
81	50
81	51
81	54
81	55
81	60
81	61
81	62
81	63
81	70
81	73
81	75
81	76
81	77
