1	10
1	18
1	19
1	68
1	70
1	72
2	11
2	29
2	40
2	56
2	78
2	80
3	19
3	55
3	63
3	68
3	76
3	79
4	11
4	55
4	56
4	68
4	69
4	79
5	25
5	40
5	46
5	59
5	61
5	78
6	45
6	48
6	66
6	68
6	79
6	81
7	21
7	40
7	47
7	61
7	74
7	77
8	9
8	39
8	74
8	75
8	76
8	81
9	8
9	23
9	55
9	65
9	78
9	81
10	1
10	22
10	34
10	53
10	76
10	77
11	2
11	4
11	41
11	67
11	71
11	79
12	14
12	62
12	65
12	75
12	77
12	80
13	42
13	62
13	65
13	70
13	74
13	76
14	12
14	56
14	57
14	58
14	63
14	66
15	35
15	39
15	44
15	57
15	59
15	81
16	30
16	42
16	58
16	64
16	65
16	76
17	48
17	50
17	64
17	68
17	71
17	79
18	1
18	42
18	63
18	67
18	71
18	74
19	1
19	3
19	20
19	27
19	67
19	71
19	79
20	19
20	30
20	34
20	44
20	55
20	61
20	68
21	7
21	53
21	59
21	66
21	67
21	72
21	80
22	10
22	27
22	37
22	67
22	69
22	72
22	73
23	9
23	30
23	45
23	68
23	71
23	78
23	79
24	43
24	50
24	72
24	74
24	78
24	79
24	80
25	5
25	31
25	53
25	63
25	69
25	77
25	81
26	46
26	49
26	72
26	73
26	75
26	76
26	80
27	19
27	22
27	31
27	32
27	55
27	72
27	73
28	41
28	42
28	52
28	70
28	71
28	78
28	79
29	2
29	40
29	59
29	69
29	77
29	79
29	81
30	16
30	20
30	23
30	38
30	48
30	69
30	78
30	80
31	25
31	27
31	38
31	39
31	43
31	64
31	69
31	78
32	27
32	33
32	46
32	65
32	70
32	72
32	75
32	80
33	32
33	43
33	45
33	53
33	63
33	66
33	70
33	76
34	10
34	20
34	51
34	53
34	54
34	72
34	77
34	79
35	15
35	47
35	54
35	57
35	59
35	61
35	72
35	75
36	54
36	59
36	61
36	66
36	74
36	75
36	77
36	80
37	22
37	40
37	41
37	44
37	57
37	59
37	60
37	67
38	30
38	31
38	46
38	47
38	54
38	61
38	74
38	81
39	8
39	15
39	31
39	57
39	58
39	62
39	64
39	65
39	67
40	2
40	5
40	7
40	29
40	37
40	44
40	48
40	53
40	54
41	11
41	28
41	37
41	42
41	46
41	50
41	55
41	73
41	77
42	13
42	16
42	18
42	28
42	41
42	53
42	60
42	68
42	71
42	79
43	24
43	31
43	33
43	52
43	62
43	71
43	74
43	75
43	80
43	81
44	15
44	20
44	37
44	40
44	51
44	65
44	67
44	68
44	72
44	80
45	6
45	23
45	33
45	50
45	54
45	69
45	72
45	73
45	75
45	77
45	80
46	5
46	26
46	32
46	38
46	41
46	51
46	63
46	64
46	65
46	66
46	69
47	7
47	35
47	38
47	48
47	52
47	55
47	59
47	69
47	74
47	78
47	80
48	6
48	17
48	30
48	40
48	47
48	51
48	54
48	70
48	74
48	75
48	78
49	26
49	51
49	52
49	56
49	60
49	64
49	66
49	75
49	78
49	79
49	80
50	17
50	24
50	41
50	45
50	53
50	67
50	69
50	75
50	77
50	80
50	81
51	34
51	44
51	46
51	48
51	49
51	60
51	63
51	64
51	73
51	74
51	76
52	28
52	43
52	47
52	49
52	60
52	63
52	64
52	65
52	68
52	70
52	75
52	76
53	10
53	21
53	25
53	33
53	34
53	40
53	42
53	50
53	60
53	61
53	65
53	72
54	34
54	35
54	36
54	38
54	40
54	45
54	48
54	58
54	66
54	74
54	78
54	80
55	3
55	4
55	9
55	20
55	27
55	41
55	47
55	64
55	67
55	73
55	77
55	78
56	2
56	4
56	14
56	49
56	58
56	62
56	71
56	73
56	75
56	78
56	80
56	81
57	14
57	15
57	35
57	37
57	39
57	63
57	69
57	71
57	73
57	74
57	77
57	81
58	14
58	16
58	39
58	54
58	56
58	66
58	69
58	70
58	72
58	73
58	75
58	77
59	5
59	15
59	21
59	29
59	35
59	36
59	37
59	47
59	72
59	76
59	77
59	78
60	37
60	42
60	49
60	51
60	52
60	53
60	61
60	63
60	64
60	66
60	70
60	71
60	76
61	5
61	7
61	20
61	35
61	36
61	38
61	53
61	60
61	63
61	67
61	68
61	69
61	72
62	12
62	13
62	39
62	43
62	56
62	65
62	70
62	71
62	73
62	74
62	75
62	77
62	78
62	80
62	81
63	3
63	14
63	18
63	25
63	33
63	46
63	51
63	52
63	57
63	60
63	61
63	65
63	70
63	76
63	81
64	16
64	17
64	31
64	39
64	46
64	49
64	51
64	52
64	55
64	60
64	65
64	70
64	72
64	76
64	79
65	9
65	12
65	13
65	16
65	32
65	39
65	44
65	46
65	52
65	53
65	62
65	63
65	64
65	69
65	76
66	6
66	14
66	21
66	33
66	36
66	46
66	49
66	54
66	58
66	60
66	67
66	73
66	77
66	79
66	81
67	11
67	18
67	19
67	21
67	22
67	37
67	39
67	44
67	50
67	55
67	61
67	66
67	73
67	80
67	81
68	1
68	3
68	4
68	6
68	17
68	20
68	23
68	42
68	44
68	52
68	61
68	69
68	71
68	79
68	80
68	81
69	4
69	22
69	25
69	29
69	30
69	31
69	45
69	46
69	47
69	50
69	57
69	58
69	61
69	65
69	68
69	79
69	81
70	1
70	13
70	28
70	32
70	33
70	48
70	52
70	58
70	60
70	62
70	63
70	64
70	73
70	76
70	78
70	79
70	81
71	11
71	17
71	18
71	19
71	23
71	28
71	42
71	43
71	56
71	57
71	60
71	62
71	68
71	74
71	76
71	78
71	79
72	1
72	21
72	22
72	24
72	26
72	27
72	32
72	34
72	35
72	44
72	45
72	53
72	58
72	59
72	61
72	64
72	76
73	22
73	26
73	27
73	41
73	45
73	51
73	55
73	56
73	57
73	58
73	62
73	66
73	67
73	70
73	74
73	80
73	81
74	7
74	8
74	13
74	18
74	24
74	36
74	38
74	43
74	47
74	48
74	51
74	54
74	57
74	62
74	71
74	73
74	75
74	76
74	80
75	8
75	12
75	26
75	32
75	35
75	36
75	43
75	45
75	48
75	49
75	50
75	52
75	56
75	58
75	62
75	74
75	77
75	78
75	81
76	3
76	8
76	10
76	13
76	16
76	26
76	33
76	51
76	52
76	59
76	60
76	63
76	64
76	65
76	70
76	71
76	72
76	74
76	77
76	81
77	7
77	10
77	12
77	25
77	29
77	34
77	36
77	41
77	45
77	50
77	55
77	57
77	58
77	59
77	62
77	66
77	75
77	76
77	78
77	81
78	2
78	5
78	9
78	23
78	24
78	28
78	30
78	31
78	47
78	48
78	49
78	54
78	55
78	56
78	59
78	62
78	70
78	71
78	75
78	77
79	3
79	4
79	6
79	11
79	17
79	19
79	23
79	24
79	28
79	29
79	34
79	42
79	49
79	64
79	66
79	68
79	69
79	70
79	71
79	80
79	81
80	2
80	12
80	21
80	24
80	26
80	30
80	32
80	36
80	43
80	44
80	45
80	47
80	49
80	50
80	54
80	56
80	62
80	67
80	68
80	73
80	74
80	79
80	81
81	6
81	8
81	9
81	15
81	25
81	29
81	38
81	43
81	50
81	56
81	57
81	62
81	63
81	66
81	67
81	68
81	69
81	70
81	73
81	75
81	76
81	77
81	79
81	80
