1	20
1	49
1	60
1	64
1	72
1	79
2	11
2	41
2	69
2	71
2	76
2	80
3	64
3	68
3	73
3	75
3	77
3	81
4	12
4	28
4	30
4	43
4	68
4	71
5	14
5	42
5	44
5	58
5	62
5	72
6	40
6	68
6	69
6	71
6	72
6	80
7	27
7	35
7	43
7	52
7	79
7	81
8	22
8	24
8	35
8	39
8	59
8	75
9	32
9	40
9	53
9	72
9	76
9	80
10	29
10	49
10	65
10	67
10	68
10	79
11	2
11	26
11	46
11	50
11	75
11	80
12	4
12	35
12	43
12	52
12	75
12	81
13	31
13	37
13	41
13	47
13	69
13	78
14	5
14	17
14	63
14	64
14	76
14	81
15	26
15	50
15	55
15	71
15	73
15	81
16	28
16	40
16	48
16	61
16	64
16	78
17	14
17	21
17	43
17	57
17	64
17	71
18	47
18	63
18	64
18	65
18	66
18	72
19	72
19	73
19	74
19	77
19	78
19	81
20	1
20	49
20	54
20	69
20	77
20	81
21	17
21	42
21	45
21	67
21	69
21	76
22	8
22	62
22	69
22	74
22	79
22	80
23	36
23	37
23	47
23	67
23	72
23	78
24	8
24	48
24	61
24	72
24	76
24	80
25	44
25	52
25	53
25	68
25	70
25	80
26	11
26	15
26	56
26	58
26	62
26	77
27	7
27	28
27	35
27	43
27	45
27	46
27	72
28	4
28	16
28	27
28	40
28	43
28	56
28	60
29	10
29	61
29	67
29	73
29	77
29	79
29	81
30	4
30	46
30	60
30	61
30	70
30	74
30	75
31	13
31	34
31	65
31	67
31	71
31	75
31	80
32	9
32	38
32	48
32	56
32	58
32	62
32	77
33	34
33	57
33	66
33	73
33	76
33	77
33	81
34	31
34	33
34	57
34	63
34	66
34	74
34	79
35	7
35	8
35	12
35	27
35	59
35	69
35	75
36	23
36	37
36	41
36	47
36	50
36	54
36	59
37	13
37	23
37	36
37	47
37	50
37	51
37	66
37	79
38	32
38	42
38	51
38	59
38	69
38	75
38	77
38	78
39	8
39	59
39	63
39	68
39	69
39	74
39	75
39	80
40	6
40	9
40	16
40	28
40	65
40	68
40	69
40	72
40	74
41	2
41	13
41	36
41	47
41	48
41	70
41	78
41	79
41	81
42	5
42	21
42	38
42	48
42	56
42	58
42	62
42	66
42	77
43	4
43	7
43	12
43	17
43	27
43	28
43	50
43	70
43	75
44	5
44	25
44	45
44	52
44	53
44	67
44	74
44	78
44	80
45	21
45	27
45	44
45	63
45	65
45	66
45	75
45	78
45	80
46	11
46	27
46	30
46	53
46	57
46	67
46	72
46	73
46	78
46	80
47	13
47	18
47	23
47	36
47	37
47	41
47	62
47	73
47	79
47	80
48	16
48	24
48	32
48	41
48	42
48	56
48	58
48	62
48	75
48	79
49	1
49	10
49	20
49	54
49	64
49	68
49	71
49	76
49	78
49	81
50	11
50	15
50	36
50	37
50	43
50	60
50	63
50	65
50	66
50	74
50	79
51	37
51	38
51	52
51	59
51	63
51	65
51	66
51	69
51	75
51	76
51	78
52	7
52	12
52	25
52	44
52	51
52	64
52	65
52	67
52	73
52	76
52	80
53	9
53	25
53	44
53	46
53	60
53	65
53	71
53	73
53	76
53	78
53	79
54	20
54	36
54	49
54	57
54	58
54	61
54	63
54	67
54	70
54	77
54	81
55	15
55	57
55	59
55	61
55	63
55	68
55	69
55	70
55	73
55	77
55	79
55	81
56	26
56	28
56	32
56	42
56	48
56	58
56	59
56	60
56	61
56	62
56	74
56	76
57	17
57	33
57	34
57	46
57	54
57	55
57	59
57	61
57	65
57	73
57	76
57	77
57	81
58	5
58	26
58	32
58	42
58	48
58	54
58	56
58	60
58	62
58	66
58	68
58	73
58	77
58	81
59	8
59	35
59	36
59	38
59	39
59	51
59	55
59	56
59	57
59	67
59	72
59	73
59	75
59	80
60	1
60	28
60	30
60	50
60	53
60	56
60	58
60	61
60	66
60	68
60	72
60	77
60	78
60	79
61	16
61	24
61	29
61	30
61	54
61	55
61	56
61	57
61	60
61	62
61	66
61	73
61	77
61	81
62	5
62	22
62	26
62	32
62	42
62	47
62	48
62	56
62	58
62	61
62	64
62	65
62	72
62	76
62	79
63	14
63	18
63	34
63	39
63	45
63	50
63	51
63	54
63	55
63	70
63	72
63	73
63	76
63	79
63	80
64	1
64	3
64	14
64	16
64	17
64	18
64	49
64	52
64	62
64	65
64	67
64	70
64	74
64	75
64	78
65	10
65	18
65	31
65	40
65	45
65	50
65	51
65	52
65	53
65	57
65	62
65	64
65	70
65	71
65	73
65	78
66	18
66	33
66	34
66	37
66	42
66	45
66	50
66	51
66	58
66	60
66	61
66	70
66	71
66	74
66	76
66	79
67	10
67	21
67	23
67	29
67	31
67	44
67	46
67	52
67	54
67	59
67	64
67	70
67	71
67	72
67	74
67	75
67	80
68	3
68	4
68	6
68	10
68	25
68	39
68	40
68	49
68	55
68	58
68	60
68	69
68	70
68	71
68	74
68	77
68	80
68	81
69	2
69	6
69	13
69	20
69	21
69	22
69	35
69	38
69	39
69	40
69	51
69	55
69	68
69	70
69	71
69	74
69	76
69	78
69	80
70	25
70	30
70	41
70	43
70	54
70	55
70	63
70	64
70	65
70	66
70	67
70	68
70	69
70	71
70	73
70	74
70	76
70	77
70	79
70	80
71	2
71	4
71	6
71	15
71	17
71	31
71	49
71	53
71	65
71	66
71	67
71	68
71	69
71	70
71	73
71	74
71	75
71	76
71	78
71	81
72	1
72	5
72	6
72	9
72	18
72	19
72	23
72	24
72	27
72	40
72	46
72	59
72	60
72	62
72	63
72	67
72	74
72	75
72	76
72	78
73	3
73	15
73	19
73	29
73	33
73	46
73	47
73	52
73	53
73	55
73	57
73	58
73	59
73	61
73	63
73	65
73	70
73	71
73	77
73	81
74	19
74	22
74	30
74	34
74	39
74	40
74	44
74	50
74	56
74	64
74	66
74	67
74	68
74	69
74	70
74	71
74	72
74	78
74	79
74	80
74	81
75	3
75	8
75	11
75	12
75	30
75	31
75	35
75	38
75	39
75	43
75	45
75	48
75	51
75	59
75	64
75	67
75	71
75	72
75	76
75	77
75	78
75	81
76	2
76	9
76	14
76	21
76	24
76	33
76	49
76	51
76	52
76	53
76	56
76	57
76	62
76	63
76	66
76	69
76	70
76	71
76	72
76	75
76	77
76	79
77	3
77	19
77	20
77	26
77	29
77	32
77	33
77	38
77	42
77	54
77	55
77	57
77	58
77	60
77	61
77	68
77	70
77	73
77	75
77	76
77	79
77	81
78	13
78	16
78	19
78	23
78	38
78	41
78	44
78	45
78	46
78	49
78	51
78	53
78	60
78	64
78	65
78	69
78	71
78	72
78	74
78	75
78	79
78	80
79	1
79	7
79	10
79	22
79	29
79	34
79	37
79	41
79	47
79	48
79	50
79	53
79	55
79	60
79	62
79	63
79	66
79	70
79	74
79	76
79	77
79	78
79	80
79	81
80	2
80	6
80	9
80	11
80	22
80	24
80	25
80	31
80	39
80	44
80	45
80	46
80	47
80	52
80	59
80	63
80	67
80	68
80	69
80	70
80	74
80	78
80	79
80	81
81	3
81	7
81	12
81	14
81	15
81	19
81	20
81	29
81	33
81	41
81	49
81	54
81	55
81	57
81	58
81	61
81	68
81	71
81	73
81	74
81	75
81	77
81	79
81	80
