1	9
1	36
1	62
1	70
1	72
1	80
2	12
2	13
2	16
2	23
2	67
2	79
3	5
3	14
3	17
3	27
3	49
3	73
4	40
4	57
4	68
4	69
4	75
4	79
5	3
5	26
5	42
5	54
5	63
5	64
6	33
6	34
6	43
6	46
6	78
6	81
7	31
7	43
7	62
7	66
7	73
7	78
8	52
8	53
8	70
8	72
8	76
8	81
9	1
9	29
9	38
9	64
9	70
9	72
10	32
10	37
10	46
10	77
10	78
10	81
11	21
11	57
11	66
11	69
11	70
11	72
12	2
12	16
12	31
12	46
12	69
12	81
13	2
13	19
13	27
13	46
13	53
13	58
14	3
14	21
14	28
14	48
14	73
14	76
15	22
15	38
15	55
15	68
15	71
15	80
16	2
16	12
16	46
16	54
16	58
16	67
17	3
17	39
17	45
17	62
17	78
17	79
18	27
18	33
18	53
18	62
18	74
18	77
19	13
19	46
19	61
19	63
19	66
19	74
20	50
20	60
20	63
20	72
20	74
20	79
20	80
21	11
21	14
21	66
21	69
21	70
21	72
21	77
22	15
22	34
22	60
22	61
22	75
22	78
22	81
23	2
23	53
23	58
23	67
23	70
23	72
23	80
24	33
24	38
24	44
24	46
24	59
24	64
24	71
25	56
25	61
25	64
25	75
25	76
25	79
25	80
26	5
26	28
26	35
26	39
26	42
26	47
26	65
27	3
27	13
27	18
27	45
27	67
27	78
27	81
28	14
28	26
28	36
28	39
28	53
28	64
28	70
29	9
29	54
29	57
29	59
29	65
29	71
29	79
30	36
30	50
30	52
30	56
30	57
30	73
30	81
31	7
31	12
31	40
31	48
31	50
31	65
31	73
31	75
32	10
32	66
32	68
32	69
32	73
32	74
32	76
32	78
33	6
33	18
33	24
33	54
33	55
33	60
33	71
33	75
34	6
34	22
34	43
34	44
34	57
34	74
34	77
34	80
35	26
35	41
35	44
35	60
35	69
35	71
35	78
35	81
36	1
36	28
36	30
36	39
36	42
36	51
36	64
36	65
37	10
37	42
37	43
37	51
37	56
37	72
37	78
37	81
38	9
38	15
38	24
38	50
38	51
38	59
38	71
38	77
39	17
39	26
39	28
39	36
39	64
39	71
39	74
39	79
40	4
40	31
40	48
40	50
40	55
40	68
40	69
40	70
41	35
41	64
41	66
41	72
41	74
41	76
41	77
41	80
42	5
42	26
42	36
42	37
42	64
42	68
42	71
42	80
43	6
43	7
43	34
43	37
43	52
43	67
43	76
43	78
43	81
44	24
44	34
44	35
44	57
44	61
44	77
44	78
44	80
44	81
45	17
45	27
45	58
45	61
45	67
45	68
45	77
45	78
45	81
46	6
46	10
46	12
46	13
46	16
46	19
46	24
46	78
46	80
47	26
47	51
47	52
47	58
47	59
47	65
47	67
47	79
47	80
48	14
48	31
48	40
48	58
48	64
48	65
48	68
48	75
48	76
49	3
49	56
49	61
49	65
49	73
49	74
49	77
49	78
49	79
50	20
50	30
50	31
50	38
50	40
50	53
50	75
50	76
50	79
51	36
51	37
51	38
51	47
51	59
51	62
51	64
51	75
51	76
52	8
52	30
52	43
52	47
52	63
52	65
52	69
52	73
52	81
53	8
53	13
53	18
53	23
53	28
53	50
53	64
53	70
53	71
53	72
54	5
54	16
54	29
54	33
54	55
54	59
54	71
54	72
54	75
54	79
55	15
55	33
55	40
55	54
55	58
55	59
55	67
55	70
55	71
55	75
55	76
56	25
56	30
56	37
56	49
56	63
56	65
56	66
56	68
56	73
56	74
56	81
57	4
57	11
57	29
57	30
57	34
57	44
57	58
57	59
57	74
57	75
57	80
58	13
58	16
58	23
58	45
58	47
58	48
58	55
58	57
58	76
58	77
58	78
58	79
59	24
59	29
59	38
59	47
59	51
59	54
59	55
59	57
59	60
59	62
59	71
59	77
60	20
60	22
60	33
60	35
60	59
60	61
60	67
60	70
60	72
60	78
60	79
60	81
61	19
61	22
61	25
61	44
61	45
61	49
61	60
61	67
61	73
61	77
61	79
61	81
62	1
62	7
62	17
62	18
62	51
62	59
62	70
62	73
62	75
62	77
62	79
62	80
63	5
63	19
63	20
63	52
63	56
63	65
63	66
63	68
63	69
63	71
63	73
63	74
63	75
64	5
64	9
64	24
64	25
64	28
64	36
64	39
64	41
64	42
64	48
64	51
64	53
64	79
65	26
65	29
65	31
65	36
65	47
65	48
65	49
65	52
65	56
65	63
65	68
65	69
65	73
66	7
66	11
66	19
66	21
66	32
66	41
66	56
66	63
66	68
66	69
66	73
66	76
66	78
66	81
67	2
67	16
67	23
67	27
67	43
67	45
67	47
67	55
67	60
67	61
67	74
67	76
67	77
67	78
67	81
68	4
68	15
68	32
68	40
68	42
68	45
68	48
68	56
68	63
68	65
68	66
68	75
68	79
68	80
68	81
69	4
69	11
69	12
69	21
69	32
69	35
69	40
69	52
69	63
69	65
69	66
69	74
69	77
69	79
69	80
70	1
70	8
70	9
70	11
70	21
70	23
70	28
70	40
70	53
70	55
70	60
70	62
70	72
70	74
70	76
70	81
71	15
71	24
71	29
71	33
71	35
71	38
71	39
71	42
71	53
71	54
71	55
71	59
71	63
71	76
71	79
71	80
72	1
72	8
72	9
72	11
72	20
72	21
72	23
72	37
72	41
72	53
72	54
72	60
72	70
72	73
72	77
72	80
72	81
73	3
73	7
73	14
73	30
73	31
73	32
73	49
73	52
73	56
73	61
73	62
73	63
73	65
73	66
73	72
73	74
73	80
74	18
74	19
74	20
74	32
74	34
74	39
74	41
74	49
74	56
74	57
74	63
74	67
74	69
74	70
74	73
74	75
74	77
74	80
75	4
75	22
75	25
75	31
75	33
75	48
75	50
75	51
75	54
75	55
75	57
75	62
75	63
75	68
75	74
75	77
75	78
75	79
75	80
75	81
76	8
76	14
76	25
76	32
76	41
76	43
76	48
76	50
76	51
76	55
76	58
76	66
76	67
76	70
76	71
76	77
76	78
76	79
76	80
76	81
77	10
77	18
77	21
77	34
77	38
77	41
77	44
77	45
77	49
77	58
77	59
77	61
77	62
77	67
77	69
77	72
77	74
77	75
77	76
77	78
77	79
77	80
77	81
78	6
78	7
78	10
78	17
78	22
78	27
78	32
78	35
78	37
78	43
78	44
78	45
78	46
78	49
78	58
78	60
78	66
78	67
78	75
78	76
78	77
78	79
78	80
78	81
79	2
79	4
79	17
79	20
79	25
79	29
79	39
79	47
79	49
79	50
79	54
79	58
79	60
79	61
79	62
79	64
79	68
79	69
79	71
79	75
79	76
79	77
79	78
79	80
80	1
80	15
80	20
80	23
80	25
80	34
80	41
80	42
80	44
80	46
80	47
80	57
80	62
80	68
80	69
80	71
80	72
80	73
80	74
80	75
80	76
80	77
80	78
80	79
81	6
81	8
81	10
81	12
81	22
81	27
81	30
81	35
81	37
81	43
81	44
81	45
81	52
81	56
81	60
81	61
81	66
81	67
81	68
81	70
81	72
81	75
81	76
81	77
81	78
