1	38
1	44
1	50
1	52
1	78
1	81
2	3
2	18
2	32
2	59
2	72
2	81
3	2
3	45
3	54
3	68
3	71
3	74
4	17
4	46
4	52
4	60
4	71
4	78
5	11
5	14
5	42
5	50
5	71
5	80
6	33
6	55
6	58
6	62
6	64
6	74
7	20
7	39
7	58
7	60
7	63
7	72
8	15
8	17
8	36
8	47
8	68
8	80
9	26
9	40
9	42
9	45
9	56
9	69
10	21
10	53
10	61
10	66
10	78
10	81
11	5
11	37
11	45
11	70
11	72
11	81
12	36
12	40
12	55
12	65
12	67
12	73
13	29
13	38
13	50
13	67
13	76
13	80
14	5
14	25
14	49
14	50
14	54
14	71
15	8
15	29
15	34
15	35
15	45
15	47
15	53
16	23
16	44
16	49
16	72
16	74
16	80
16	81
17	4
17	8
17	26
17	45
17	46
17	76
17	79
18	2
18	39
18	44
18	57
18	70
18	72
18	81
19	37
19	38
19	46
19	48
19	54
19	59
19	74
20	7
20	28
20	35
20	50
20	66
20	67
20	75
21	10
21	37
21	48
21	69
21	71
21	75
21	77
22	39
22	54
22	63
22	67
22	76
22	78
22	79
23	16
23	44
23	53
23	56
23	59
23	77
23	79
24	26
24	57
24	59
24	61
24	73
24	74
24	76
25	14
25	26
25	31
25	40
25	51
25	55
25	58
25	67
26	9
26	17
26	24
26	25
26	47
26	67
26	69
26	75
27	39
27	47
27	48
27	63
27	65
27	69
27	72
27	81
28	20
28	40
28	44
28	47
28	66
28	68
28	70
28	73
29	13
29	15
29	32
29	56
29	66
29	73
29	79
29	80
30	55
30	71
30	74
30	75
30	76
30	77
30	79
30	80
31	25
31	40
31	51
31	55
31	66
31	74
31	80
31	81
32	2
32	29
32	42
32	44
32	55
32	62
32	63
32	70
32	73
33	6
33	35
33	41
33	42
33	59
33	67
33	69
33	73
33	81
34	15
34	35
34	38
34	41
34	46
34	48
34	72
34	79
34	81
35	15
35	20
35	33
35	34
35	41
35	46
35	56
35	61
35	81
36	8
36	12
36	41
36	48
36	49
36	53
36	58
36	69
36	78
37	11
37	19
37	21
37	62
37	65
37	75
37	77
37	78
37	79
38	1
38	13
38	19
38	34
38	43
38	62
38	68
38	74
38	77
39	7
39	18
39	22
39	27
39	48
39	58
39	68
39	79
39	81
40	9
40	12
40	25
40	28
40	31
40	43
40	50
40	51
40	63
40	80
41	33
41	34
41	35
41	36
41	42
41	57
41	58
41	67
41	69
41	79
42	5
42	9
42	32
42	33
42	41
42	55
42	62
42	69
42	73
42	81
43	38
43	40
43	52
43	69
43	70
43	75
43	76
43	77
43	78
43	79
44	1
44	16
44	18
44	23
44	28
44	32
44	52
44	59
44	60
44	78
45	3
45	9
45	11
45	15
45	17
45	51
45	60
45	63
45	65
45	66
45	80
46	4
46	17
46	19
46	34
46	35
46	65
46	71
46	77
46	79
46	80
46	81
47	8
47	15
47	26
47	27
47	28
47	60
47	61
47	66
47	67
47	71
47	80
48	19
48	21
48	27
48	34
48	36
48	39
48	54
48	61
48	70
48	74
48	79
49	14
49	16
49	36
49	61
49	64
49	71
49	72
49	74
49	77
49	78
49	79
49	81
50	1
50	5
50	13
50	14
50	20
50	40
50	51
50	54
50	61
50	62
50	63
50	66
51	25
51	31
51	40
51	45
51	50
51	62
51	63
51	69
51	72
51	77
51	79
51	80
52	1
52	4
52	43
52	44
52	59
52	68
52	69
52	70
52	72
52	73
52	75
52	80
53	10
53	15
53	23
53	36
53	58
53	61
53	65
53	75
53	76
53	78
53	79
53	81
54	3
54	14
54	19
54	22
54	48
54	50
54	57
54	59
54	61
54	64
54	66
54	74
55	6
55	12
55	25
55	30
55	31
55	32
55	42
55	58
55	64
55	67
55	68
55	73
56	9
56	23
56	29
56	35
56	60
56	61
56	75
56	76
56	77
56	78
56	79
56	81
57	18
57	24
57	41
57	54
57	60
57	64
57	68
57	70
57	74
57	77
57	79
57	80
58	6
58	7
58	25
58	36
58	39
58	41
58	53
58	55
58	67
58	69
58	73
58	76
58	81
59	2
59	19
59	23
59	24
59	33
59	44
59	52
59	54
59	66
59	70
59	71
59	73
59	75
60	4
60	7
60	44
60	45
60	47
60	56
60	57
60	63
60	64
60	66
60	74
60	78
60	80
61	10
61	24
61	35
61	47
61	48
61	49
61	50
61	53
61	54
61	56
61	71
61	72
61	81
62	6
62	32
62	37
62	38
62	42
62	50
62	51
62	64
62	68
62	70
62	73
62	76
62	80
63	7
63	22
63	27
63	32
63	40
63	45
63	50
63	51
63	60
63	67
63	72
63	75
63	77
63	80
64	6
64	49
64	54
64	55
64	57
64	60
64	62
64	67
64	68
64	69
64	70
64	73
64	74
64	81
65	12
65	27
65	37
65	45
65	46
65	53
65	67
65	68
65	74
65	75
65	76
65	77
65	78
65	79
65	81
66	10
66	20
66	28
66	29
66	31
66	45
66	47
66	50
66	54
66	59
66	60
66	71
66	79
66	80
66	81
67	12
67	13
67	20
67	22
67	25
67	26
67	33
67	41
67	47
67	55
67	58
67	63
67	64
67	65
67	69
68	3
68	8
68	28
68	38
68	39
68	52
68	55
68	57
68	62
68	64
68	65
68	72
68	73
68	76
68	77
69	9
69	21
69	26
69	27
69	33
69	36
69	41
69	42
69	43
69	51
69	52
69	58
69	64
69	67
69	71
69	80
70	11
70	18
70	28
70	32
70	43
70	48
70	52
70	57
70	59
70	62
70	64
70	74
70	75
70	78
70	80
70	81
71	3
71	4
71	5
71	14
71	21
71	30
71	46
71	47
71	49
71	59
71	61
71	66
71	69
71	72
71	73
71	75
71	78
72	2
72	7
72	11
72	16
72	18
72	27
72	34
72	49
72	51
72	52
72	61
72	63
72	68
72	71
72	74
72	75
72	77
72	78
73	12
73	24
73	28
73	29
73	32
73	33
73	42
73	52
73	55
73	58
73	59
73	62
73	64
73	68
73	71
73	74
73	75
73	76
74	3
74	6
74	16
74	19
74	24
74	30
74	31
74	38
74	48
74	49
74	54
74	57
74	60
74	64
74	65
74	70
74	72
74	73
74	76
75	20
75	21
75	26
75	30
75	37
75	43
75	52
75	53
75	56
75	59
75	63
75	65
75	70
75	71
75	72
75	73
75	76
75	77
75	78
75	79
76	13
76	17
76	22
76	24
76	30
76	43
76	53
76	56
76	58
76	62
76	65
76	68
76	73
76	74
76	75
76	77
76	78
76	79
76	80
76	81
77	21
77	23
77	30
77	37
77	38
77	43
77	46
77	49
77	51
77	56
77	57
77	63
77	65
77	68
77	72
77	75
77	76
77	78
77	79
77	80
78	1
78	4
78	10
78	22
78	36
78	37
78	43
78	44
78	49
78	53
78	56
78	60
78	65
78	70
78	71
78	72
78	75
78	76
78	77
78	79
79	17
79	22
79	23
79	29
79	30
79	34
79	37
79	39
79	41
79	43
79	46
79	48
79	49
79	51
79	53
79	56
79	57
79	65
79	66
79	75
79	76
79	77
79	78
80	5
80	8
80	13
80	16
80	29
80	30
80	31
80	40
80	45
80	46
80	47
80	51
80	52
80	57
80	60
80	62
80	63
80	66
80	69
80	70
80	76
80	77
80	81
81	1
81	2
81	10
81	11
81	16
81	18
81	27
81	31
81	33
81	34
81	35
81	39
81	42
81	46
81	49
81	53
81	56
81	58
81	61
81	64
81	65
81	66
81	70
81	76
81	80
