1	10
1	21
1	40
1	47
1	61
1	71
2	34
2	41
2	63
2	71
2	76
2	77
3	5
3	41
3	47
3	64
3	69
3	78
4	11
4	19
4	40
4	41
4	67
4	78
5	3
5	29
5	52
5	55
5	67
5	75
6	14
6	23
6	47
6	73
6	79
6	81
7	10
7	29
7	32
7	42
7	53
7	74
8	38
8	42
8	45
8	46
8	65
8	75
9	54
9	62
9	63
9	64
9	79
9	81
10	1
10	7
10	50
10	53
10	63
10	72
11	4
11	37
11	52
11	54
11	62
11	63
12	21
12	36
12	65
12	75
12	79
12	81
13	64
13	69
13	70
13	78
13	79
13	80
14	6
14	15
14	24
14	31
14	53
14	61
15	14
15	42
15	50
15	58
15	75
15	78
16	49
16	59
16	67
16	73
16	79
16	81
17	58
17	72
17	74
17	76
17	77
17	79
18	48
18	56
18	66
18	67
18	79
18	80
19	4
19	44
19	72
19	74
19	76
19	77
20	36
20	39
20	62
20	63
20	74
20	81
21	1
21	12
21	58
21	68
21	73
21	80
22	25
22	45
22	64
22	72
22	78
22	80
23	6
23	45
23	47
23	49
23	58
23	75
23	80
24	14
24	42
24	50
24	53
24	69
24	78
24	81
25	22
25	30
25	41
25	47
25	59
25	66
25	78
26	48
26	66
26	68
26	75
26	79
26	80
26	81
27	39
27	48
27	55
27	65
27	70
27	72
27	78
28	49
28	51
28	65
28	70
28	72
28	78
28	80
29	5
29	7
29	33
29	68
29	75
29	80
29	81
30	25
30	52
30	54
30	55
30	66
30	73
30	75
31	14
31	36
31	45
31	54
31	62
31	63
31	67
31	72
32	7
32	39
32	41
32	43
32	55
32	60
32	70
32	71
33	29
33	43
33	51
33	56
33	65
33	69
33	72
33	76
34	2
34	37
34	41
34	45
34	46
34	61
34	62
34	73
35	48
35	50
35	51
35	60
35	61
35	67
35	76
35	80
36	12
36	20
36	31
36	48
36	54
36	62
36	63
36	64
36	77
37	11
37	34
37	38
37	39
37	43
37	46
37	64
37	65
37	75
38	8
38	37
38	39
38	45
38	46
38	51
38	52
38	54
38	79
39	20
39	27
39	32
39	37
39	38
39	45
39	46
39	69
39	78
40	1
40	4
40	51
40	59
40	60
40	68
40	71
40	80
40	81
41	2
41	3
41	4
41	25
41	32
41	34
41	43
41	44
41	74
41	80
42	7
42	8
42	15
42	24
42	50
42	53
42	58
42	59
42	79
42	81
43	32
43	33
43	37
43	41
43	46
43	53
43	58
43	60
43	67
43	74
44	19
44	41
44	45
44	64
44	65
44	68
44	69
44	72
44	75
44	78
45	8
45	22
45	23
45	31
45	34
45	38
45	39
45	44
45	46
45	77
46	8
46	34
46	37
46	38
46	39
46	43
46	45
46	55
46	56
46	69
46	80
47	1
47	3
47	6
47	23
47	25
47	51
47	52
47	60
47	64
47	70
47	77
48	18
48	26
48	27
48	35
48	36
48	58
48	60
48	64
48	66
48	67
48	80
49	16
49	23
49	28
49	57
49	61
49	71
49	72
49	74
49	75
49	76
49	77
50	10
50	15
50	24
50	35
50	42
50	53
50	62
50	65
50	76
50	80
50	81
51	28
51	33
51	35
51	38
51	40
51	47
51	64
51	69
51	72
51	78
51	79
52	5
52	11
52	30
52	38
52	47
52	55
52	67
52	69
52	73
52	74
52	80
53	7
53	10
53	14
53	24
53	42
53	43
53	50
53	62
53	68
53	69
53	73
53	75
54	9
54	11
54	30
54	31
54	36
54	38
54	59
54	60
54	62
54	63
54	64
54	67
55	5
55	27
55	30
55	32
55	46
55	52
55	56
55	58
55	63
55	73
55	77
55	80
56	18
56	33
56	46
56	55
56	59
56	61
56	63
56	66
56	71
56	74
56	76
56	77
57	49
57	59
57	61
57	66
57	67
57	68
57	72
57	73
57	75
57	76
57	79
57	81
58	15
58	17
58	21
58	23
58	42
58	43
58	48
58	55
58	70
58	74
58	76
58	78
58	80
59	16
59	25
59	40
59	42
59	54
59	56
59	57
59	61
59	63
59	71
59	74
59	76
59	77
60	32
60	35
60	40
60	43
60	47
60	48
60	54
60	61
60	68
60	69
60	76
60	78
60	80
60	81
61	1
61	14
61	34
61	35
61	49
61	56
61	57
61	59
61	60
61	71
61	72
61	74
61	76
61	77
62	9
62	11
62	20
62	31
62	34
62	36
62	50
62	53
62	54
62	63
62	67
62	77
62	79
62	81
63	2
63	9
63	10
63	11
63	20
63	31
63	36
63	54
63	55
63	56
63	59
63	62
63	76
63	77
64	3
64	9
64	13
64	22
64	36
64	37
64	44
64	47
64	48
64	51
64	54
64	65
64	69
64	74
64	78
65	8
65	12
65	27
65	28
65	33
65	37
65	44
65	50
65	64
65	67
65	68
65	69
65	72
65	76
65	78
65	81
66	18
66	25
66	26
66	30
66	48
66	56
66	57
66	68
66	70
66	71
66	73
66	74
66	75
66	77
66	79
66	81
67	4
67	5
67	16
67	18
67	31
67	35
67	43
67	48
67	52
67	54
67	57
67	62
67	65
67	71
67	77
67	80
68	21
68	26
68	29
68	40
68	44
68	53
68	57
68	60
68	65
68	66
68	70
68	71
68	73
68	75
68	78
68	79
68	81
69	3
69	13
69	24
69	33
69	39
69	44
69	46
69	51
69	52
69	53
69	60
69	64
69	65
69	70
69	72
69	78
69	80
70	13
70	27
70	28
70	32
70	47
70	58
70	66
70	68
70	69
70	73
70	74
70	75
70	76
70	79
70	81
71	1
71	2
71	32
71	40
71	49
71	56
71	59
71	61
71	66
71	67
71	68
71	73
71	74
71	76
71	77
71	80
72	10
72	17
72	19
72	22
72	27
72	28
72	31
72	33
72	44
72	49
72	51
72	57
72	61
72	65
72	69
72	78
72	79
72	81
73	6
73	16
73	21
73	30
73	34
73	52
73	53
73	55
73	57
73	66
73	68
73	70
73	71
73	74
73	75
73	78
73	79
73	81
74	7
74	17
74	19
74	20
74	41
74	43
74	49
74	52
74	56
74	58
74	59
74	61
74	64
74	66
74	70
74	71
74	73
74	76
74	77
75	5
75	8
75	12
75	15
75	23
75	26
75	29
75	30
75	37
75	44
75	49
75	53
75	57
75	66
75	68
75	70
75	73
75	78
75	79
75	81
76	2
76	17
76	19
76	33
76	35
76	49
76	50
76	56
76	57
76	58
76	59
76	60
76	61
76	63
76	65
76	70
76	71
76	74
76	77
76	79
76	80
77	2
77	17
77	19
77	36
77	45
77	47
77	49
77	55
77	56
77	59
77	61
77	62
77	63
77	66
77	67
77	71
77	74
77	76
77	78
77	79
77	81
78	3
78	4
78	13
78	15
78	22
78	24
78	25
78	27
78	28
78	39
78	44
78	51
78	58
78	60
78	64
78	65
78	68
78	69
78	72
78	73
78	75
78	77
79	6
79	9
79	12
79	13
79	16
79	17
79	18
79	26
79	38
79	42
79	51
79	57
79	62
79	66
79	68
79	70
79	72
79	73
79	75
79	76
79	77
79	80
79	81
80	13
80	18
80	21
80	22
80	23
80	26
80	28
80	29
80	35
80	40
80	41
80	46
80	48
80	50
80	52
80	55
80	58
80	60
80	67
80	69
80	71
80	76
80	79
80	81
81	6
81	9
81	12
81	16
81	20
81	24
81	26
81	29
81	40
81	42
81	50
81	57
81	60
81	62
81	65
81	66
81	68
81	70
81	72
81	73
81	75
81	77
81	79
81	80
