1	17
1	23
1	47
1	59
1	75
1	76
2	37
2	51
2	66
2	70
2	74
2	79
3	35
3	49
3	53
3	57
3	62
3	75
4	22
4	40
4	44
4	65
4	72
4	78
5	14
5	35
5	63
5	69
5	70
5	76
6	54
6	72
6	73
6	75
6	77
6	81
7	12
7	35
7	40
7	53
7	60
7	80
8	34
8	47
8	55
8	63
8	64
8	71
9	28
9	40
9	49
9	53
9	58
9	67
10	27
10	33
10	55
10	61
10	68
10	78
11	21
11	40
11	43
11	60
11	72
11	76
12	7
12	15
12	17
12	19
12	49
12	53
13	30
13	54
13	67
13	70
13	75
13	76
14	5
14	19
14	23
14	49
14	53
14	66
15	12
15	56
15	68
15	71
15	76
15	80
16	39
16	64
16	66
16	74
16	78
16	80
17	1
17	12
17	18
17	27
17	59
17	79
18	17
18	27
18	62
18	64
18	69
18	74
18	80
19	12
19	14
19	50
19	68
19	71
19	74
19	80
20	24
20	48
20	57
20	64
20	69
20	76
20	77
21	11
21	59
21	63
21	66
21	67
21	76
21	81
22	4
22	36
22	41
22	50
22	51
22	61
22	75
23	1
23	14
23	29
23	58
23	70
23	71
23	72
24	20
24	34
24	50
24	53
24	59
24	74
24	77
25	30
25	38
25	46
25	68
25	69
25	79
25	80
26	28
26	32
26	46
26	61
26	64
26	65
26	70
27	10
27	17
27	18
27	48
27	61
27	66
27	74
28	9
28	26
28	42
28	50
28	54
28	69
28	70
28	72
29	23
29	38
29	44
29	55
29	61
29	73
29	78
29	79
30	13
30	25
30	41
30	43
30	57
30	73
30	75
30	79
31	32
31	35
31	37
31	50
31	55
31	56
31	73
31	81
32	26
32	31
32	38
32	51
32	56
32	75
32	78
32	79
32	81
33	10
33	51
33	55
33	59
33	60
33	61
33	73
33	78
33	79
34	8
34	24
34	44
34	57
34	65
34	66
34	71
34	76
34	81
35	3
35	5
35	7
35	31
35	40
35	49
35	51
35	53
35	75
36	22
36	39
36	43
36	55
36	69
36	72
36	73
36	74
36	80
37	2
37	31
37	39
37	44
37	47
37	71
37	72
37	73
37	79
38	25
38	29
38	32
38	48
38	55
38	57
38	59
38	75
38	81
39	16
39	36
39	37
39	45
39	56
39	59
39	75
39	78
39	79
40	4
40	7
40	9
40	11
40	35
40	49
40	51
40	53
40	73
41	22
41	30
41	51
41	58
41	69
41	73
41	74
41	78
41	79
42	28
42	45
42	46
42	50
42	52
42	60
42	62
42	65
42	68
42	81
43	11
43	30
43	36
43	56
43	63
43	64
43	67
43	72
43	74
43	80
44	4
44	29
44	34
44	37
44	45
44	46
44	48
44	57
44	65
44	74
44	78
45	39
45	42
45	44
45	62
45	63
45	66
45	67
45	71
45	77
45	79
45	80
46	25
46	26
46	42
46	44
46	48
46	59
46	63
46	69
46	71
46	76
46	79
47	1
47	8
47	37
47	52
47	54
47	61
47	66
47	68
47	72
47	78
47	80
48	20
48	27
48	38
48	44
48	46
48	57
48	62
48	66
48	67
48	71
48	76
48	77
49	3
49	9
49	12
49	14
49	35
49	40
49	52
49	53
49	57
49	66
49	72
49	81
50	19
50	22
50	24
50	28
50	31
50	42
50	58
50	60
50	67
50	74
50	77
50	81
51	2
51	22
51	32
51	33
51	35
51	40
51	41
51	52
51	56
51	67
51	75
51	77
52	42
52	47
52	49
52	51
52	61
52	65
52	66
52	70
52	72
52	73
52	77
52	79
53	3
53	7
53	9
53	12
53	14
53	24
53	35
53	40
53	49
53	61
53	68
53	71
53	79
54	6
54	13
54	28
54	47
54	58
54	62
54	65
54	66
54	67
54	73
54	75
54	79
54	81
55	8
55	10
55	29
55	31
55	33
55	36
55	38
55	62
55	63
55	64
55	73
55	75
55	79
55	80
56	15
56	31
56	32
56	39
56	43
56	51
56	64
56	65
56	68
56	69
56	70
56	74
56	77
56	80
57	3
57	20
57	30
57	34
57	38
57	44
57	48
57	49
57	58
57	65
57	71
57	76
57	77
57	81
58	9
58	23
58	41
58	50
58	54
58	57
58	59
58	60
58	64
58	65
58	73
58	75
58	77
58	81
59	1
59	17
59	21
59	24
59	33
59	38
59	39
59	46
59	58
59	72
59	73
59	74
59	75
59	80
60	7
60	11
60	33
60	42
60	50
60	58
60	61
60	63
60	65
60	67
60	70
60	76
60	77
60	79
60	81
61	10
61	22
61	26
61	27
61	29
61	33
61	47
61	52
61	53
61	60
61	62
61	69
61	72
61	73
61	78
62	3
62	18
62	42
62	45
62	48
62	54
62	55
62	61
62	63
62	72
62	74
62	76
62	78
62	80
62	81
63	5
63	8
63	21
63	43
63	45
63	46
63	55
63	60
63	62
63	66
63	71
63	76
63	77
63	78
63	79
64	8
64	16
64	18
64	20
64	26
64	43
64	55
64	56
64	58
64	68
64	69
64	70
64	74
64	80
64	81
65	4
65	26
65	34
65	42
65	44
65	52
65	54
65	56
65	57
65	58
65	60
65	66
65	68
65	77
65	81
66	2
66	14
66	16
66	21
66	27
66	34
66	45
66	47
66	48
66	49
66	52
66	54
66	63
66	65
66	77
66	78
67	9
67	13
67	21
67	43
67	45
67	48
67	50
67	51
67	54
67	60
67	68
67	70
67	73
67	76
67	77
67	81
68	10
68	15
68	19
68	25
68	42
68	47
68	53
68	56
68	64
68	65
68	67
68	69
68	74
68	76
68	77
68	80
69	5
69	18
69	20
69	25
69	28
69	36
69	41
69	46
69	56
69	61
69	64
69	68
69	74
69	75
69	76
69	80
70	2
70	5
70	13
70	23
70	26
70	28
70	52
70	56
70	60
70	64
70	67
70	71
70	72
70	75
70	78
70	80
70	81
71	8
71	15
71	19
71	23
71	34
71	37
71	45
71	46
71	48
71	53
71	57
71	63
71	70
71	72
71	75
71	76
71	78
71	80
72	4
72	6
72	11
72	23
72	28
72	36
72	37
72	43
72	47
72	49
72	52
72	59
72	61
72	62
72	70
72	71
72	74
72	76
72	78
73	6
73	29
73	30
73	31
73	33
73	36
73	37
73	40
73	41
73	52
73	54
73	55
73	58
73	59
73	61
73	67
73	75
73	77
73	78
73	79
74	2
74	16
74	18
74	19
74	24
74	27
74	36
74	41
74	43
74	44
74	50
74	56
74	59
74	62
74	64
74	68
74	69
74	72
74	79
74	80
75	1
75	3
75	6
75	13
75	22
75	30
75	32
75	35
75	38
75	39
75	51
75	54
75	55
75	58
75	59
75	69
75	70
75	71
75	73
75	80
75	81
76	1
76	5
76	11
76	13
76	15
76	20
76	21
76	34
76	46
76	48
76	57
76	60
76	62
76	63
76	67
76	68
76	69
76	71
76	72
76	77
76	81
77	6
77	20
77	24
77	45
77	48
77	50
77	51
77	52
77	56
77	57
77	58
77	60
77	63
77	65
77	66
77	67
77	68
77	73
77	76
77	78
77	79
77	81
78	4
78	10
78	16
78	29
78	32
78	33
78	39
78	41
78	44
78	47
78	61
78	62
78	63
78	66
78	70
78	71
78	72
78	73
78	77
78	79
78	80
78	81
79	2
79	17
79	25
79	29
79	30
79	32
79	33
79	37
79	39
79	41
79	45
79	46
79	52
79	53
79	54
79	55
79	60
79	63
79	73
79	74
79	77
79	78
80	7
80	15
80	16
80	18
80	19
80	25
80	36
80	43
80	45
80	47
80	55
80	56
80	59
80	62
80	64
80	68
80	69
80	70
80	71
80	74
80	75
80	78
80	81
81	6
81	21
81	31
81	32
81	34
81	38
81	42
81	49
81	50
81	54
81	57
81	58
81	60
81	62
81	64
81	65
81	67
81	70
81	75
81	76
81	77
81	78
81	80
