1	6
1	15
1	26
1	70
1	71
1	72
2	11
2	18
2	53
2	70
2	77
2	80
3	13
3	33
3	48
3	75
3	76
3	81
4	11
4	30
4	47
4	64
4	72
4	73
5	26
5	39
5	45
5	55
5	73
5	80
6	1
6	34
6	44
6	49
6	68
6	74
7	41
7	55
7	57
7	68
7	71
7	80
8	48
8	58
8	70
8	71
8	72
8	77
9	35
9	42
9	53
9	67
9	69
9	74
10	21
10	22
10	45
10	47
10	65
10	79
11	2
11	4
11	55
11	66
11	78
11	81
12	30
12	35
12	38
12	65
12	73
12	74
12	75
13	3
13	33
13	42
13	51
13	64
13	76
13	79
14	19
14	27
14	31
14	52
14	69
14	76
14	80
15	1
15	45
15	60
15	64
15	66
15	67
15	78
16	28
16	47
16	50
16	58
16	73
16	75
16	77
17	52
17	55
17	58
17	64
17	71
17	73
17	77
18	2
18	24
18	37
18	58
18	63
18	73
18	80
19	14
19	32
19	71
19	73
19	76
19	79
19	80
20	21
20	28
20	45
20	62
20	64
20	68
20	77
21	10
21	20
21	29
21	60
21	63
21	67
21	73
22	10
22	37
22	63
22	67
22	74
22	79
22	80
22	81
23	36
23	41
23	44
23	57
23	68
23	72
23	78
23	79
24	18
24	47
24	57
24	66
24	68
24	78
24	79
24	81
25	27
25	33
25	41
25	44
25	53
25	59
25	76
25	80
26	1
26	5
26	27
26	34
26	56
26	61
26	76
26	80
27	14
27	25
27	26
27	66
27	74
27	76
27	77
27	79
28	16
28	20
28	32
28	51
28	72
28	78
28	79
28	80
29	21
29	51
29	62
29	69
29	76
29	79
29	80
29	81
30	4
30	12
30	36
30	43
30	48
30	63
30	68
30	77
31	14
31	36
31	42
31	56
31	65
31	66
31	69
31	74
32	19
32	28
32	51
32	59
32	60
32	77
32	79
32	81
33	3
33	13
33	25
33	58
33	62
33	66
33	70
33	78
33	81
34	6
34	26
34	43
34	44
34	53
34	57
34	64
34	68
34	80
35	9
35	12
35	55
35	56
35	62
35	70
35	71
35	72
35	81
36	23
36	30
36	31
36	55
36	64
36	65
36	72
36	75
36	77
37	18
37	22
37	39
37	44
37	45
37	54
37	55
37	69
37	75
38	12
38	54
38	55
38	60
38	66
38	67
38	75
38	78
38	81
39	5
39	37
39	58
39	60
39	66
39	76
39	78
39	79
39	80
39	81
40	41
40	46
40	60
40	63
40	66
40	75
40	78
40	79
40	80
40	81
41	7
41	23
41	25
41	40
41	43
41	57
41	67
41	68
41	72
41	76
42	9
42	13
42	31
42	49
42	62
42	70
42	71
42	72
42	73
42	78
43	30
43	34
43	41
43	44
43	51
43	53
43	57
43	61
43	68
43	76
44	6
44	23
44	25
44	34
44	37
44	43
44	68
44	72
44	80
44	81
45	5
45	10
45	15
45	20
45	37
45	47
45	59
45	64
45	66
45	75
46	40
46	48
46	49
46	54
46	60
46	74
46	75
46	78
46	79
46	81
47	4
47	10
47	16
47	24
47	45
47	48
47	53
47	60
47	78
47	81
48	3
48	8
48	30
48	46
48	47
48	74
48	76
48	77
48	78
48	79
48	81
49	6
49	42
49	46
49	56
49	58
49	62
49	65
49	69
49	70
49	71
49	72
50	16
50	60
50	61
50	63
50	65
50	66
50	67
50	69
50	70
50	74
50	77
51	13
51	28
51	29
51	32
51	43
51	56
51	62
51	75
51	77
51	79
51	80
52	14
52	17
52	53
52	63
52	65
52	66
52	68
52	69
52	72
52	74
52	79
53	2
53	9
53	25
53	34
53	43
53	47
53	52
53	58
53	63
53	76
53	79
54	37
54	38
54	46
54	55
54	59
54	61
54	65
54	73
54	74
54	75
54	76
54	80
55	5
55	7
55	11
55	17
55	35
55	36
55	37
55	38
55	54
55	57
55	61
55	77
56	26
56	31
56	35
56	49
56	51
56	62
56	70
56	71
56	72
56	77
56	80
56	81
57	7
57	23
57	24
57	34
57	41
57	43
57	55
57	61
57	68
57	70
57	79
57	80
58	8
58	16
58	17
58	18
58	33
58	39
58	49
58	53
58	61
58	65
58	76
58	79
58	80
59	25
59	32
59	45
59	54
59	61
59	64
59	65
59	70
59	73
59	74
59	75
59	77
59	78
60	15
60	21
60	32
60	38
60	39
60	40
60	46
60	47
60	50
60	63
60	76
60	78
60	81
61	26
61	43
61	50
61	54
61	55
61	57
61	58
61	59
61	68
61	73
61	75
61	77
61	80
62	20
62	29
62	33
62	35
62	42
62	49
62	51
62	56
62	70
62	71
62	72
62	73
62	75
62	77
63	18
63	21
63	22
63	30
63	40
63	50
63	52
63	53
63	60
63	67
63	71
63	74
63	78
63	79
64	4
64	13
64	15
64	17
64	20
64	34
64	36
64	45
64	59
64	66
64	67
64	68
64	77
64	80
65	10
65	12
65	31
65	36
65	49
65	50
65	52
65	54
65	58
65	59
65	67
65	69
65	74
65	78
66	11
66	15
66	24
66	27
66	31
66	33
66	38
66	39
66	40
66	45
66	50
66	52
66	64
66	74
66	78
66	81
67	9
67	15
67	21
67	22
67	38
67	41
67	50
67	63
67	64
67	65
67	68
67	69
67	73
67	74
67	75
67	81
68	6
68	7
68	20
68	23
68	24
68	30
68	34
68	41
68	43
68	44
68	52
68	57
68	61
68	64
68	67
68	75
69	9
69	14
69	29
69	31
69	37
69	49
69	50
69	52
69	65
69	67
69	71
69	72
69	74
69	75
69	78
69	81
70	1
70	2
70	8
70	33
70	35
70	42
70	49
70	50
70	56
70	57
70	59
70	62
70	71
70	72
70	76
70	78
70	81
71	1
71	7
71	8
71	17
71	19
71	35
71	42
71	49
71	56
71	62
71	63
71	69
71	70
71	72
71	74
71	77
71	79
71	81
72	1
72	4
72	8
72	23
72	28
72	35
72	36
72	41
72	42
72	44
72	49
72	52
72	56
72	62
72	69
72	70
72	71
72	73
73	4
73	5
73	12
73	16
73	17
73	18
73	19
73	21
73	42
73	54
73	59
73	61
73	62
73	67
73	72
73	75
73	77
73	78
73	80
74	6
74	9
74	12
74	22
74	27
74	31
74	46
74	48
74	50
74	52
74	54
74	59
74	63
74	65
74	66
74	67
74	69
74	71
74	78
75	3
75	12
75	16
75	36
75	37
75	38
75	40
75	45
75	46
75	51
75	54
75	59
75	61
75	62
75	67
75	68
75	69
75	73
75	77
75	79
76	3
76	13
76	14
76	19
76	25
76	26
76	27
76	29
76	39
76	41
76	43
76	48
76	53
76	54
76	58
76	60
76	70
76	77
76	79
76	81
77	2
77	8
77	16
77	17
77	20
77	27
77	30
77	32
77	36
77	48
77	50
77	51
77	55
77	56
77	59
77	61
77	62
77	64
77	71
77	73
77	75
77	76
78	11
78	15
78	23
78	24
78	28
78	33
78	38
78	39
78	40
78	42
78	46
78	47
78	48
78	59
78	60
78	63
78	65
78	66
78	69
78	70
78	73
78	74
78	81
79	10
79	13
79	19
79	22
79	23
79	24
79	27
79	28
79	29
79	32
79	39
79	40
79	46
79	48
79	51
79	52
79	53
79	57
79	58
79	63
79	71
79	75
79	76
79	80
80	2
80	5
80	7
80	14
80	18
80	19
80	22
80	25
80	26
80	28
80	29
80	34
80	39
80	40
80	44
80	51
80	54
80	56
80	57
80	58
80	61
80	64
80	73
80	79
80	81
81	3
81	11
81	22
81	24
81	29
81	32
81	33
81	35
81	38
81	39
81	40
81	44
81	46
81	47
81	48
81	56
81	60
81	66
81	67
81	69
81	70
81	71
81	76
81	78
81	80
