1	5
1	13
1	24
1	43
1	51
1	71
2	35
2	56
2	67
2	68
2	69
2	78
3	22
3	24
3	25
3	49
3	77
3	78
4	21
4	63
4	71
4	74
4	76
4	78
5	1
5	55
5	66
5	67
5	68
5	72
6	38
6	46
6	48
6	72
6	76
6	77
7	30
7	39
7	46
7	55
7	68
7	76
8	37
8	54
8	59
8	76
8	79
8	80
9	54
9	58
9	67
9	73
9	74
9	78
10	37
10	53
10	66
10	70
10	71
10	81
11	56
11	60
11	64
11	65
11	73
11	81
12	18
12	28
12	50
12	65
12	71
12	73
13	1
13	24
13	53
13	70
13	76
13	79
14	27
14	38
14	53
14	72
14	76
14	80
15	16
15	20
15	47
15	58
15	59
15	77
16	15
16	46
16	61
16	64
16	68
16	81
17	32
17	51
17	52
17	63
17	76
17	80
18	12
18	44
18	50
18	52
18	65
18	75
18	81
19	31
19	36
19	41
19	53
19	62
19	66
19	75
20	15
20	27
20	33
20	54
20	59
20	69
20	71
21	4
21	26
21	36
21	57
21	60
21	61
21	72
22	3
22	51
22	61
22	72
22	75
22	79
22	80
23	31
23	49
23	52
23	62
23	70
23	72
23	81
24	1
24	3
24	13
24	48
24	60
24	74
24	77
25	3
25	27
25	34
25	45
25	55
25	79
25	81
26	21
26	28
26	31
26	53
26	57
26	75
26	81
27	14
27	20
27	25
27	50
27	51
27	58
27	75
28	12
28	26
28	45
28	49
28	54
28	69
28	78
29	45
29	51
29	71
29	76
29	79
29	80
29	81
30	7
30	38
30	42
30	56
30	62
30	68
30	71
31	19
31	23
31	26
31	67
31	73
31	76
31	80
32	17
32	34
32	40
32	57
32	68
32	79
32	80
32	81
33	20
33	39
33	44
33	47
33	54
33	60
33	65
33	67
34	25
34	32
34	38
34	48
34	66
34	72
34	75
34	80
35	2
35	51
35	55
35	63
35	70
35	76
35	77
35	79
36	19
36	21
36	45
36	54
36	63
36	69
36	78
36	79
37	8
37	10
37	40
37	58
37	64
37	67
37	76
37	78
38	6
38	14
38	30
38	34
38	47
38	55
38	74
38	77
39	7
39	33
39	49
39	65
39	70
39	71
39	74
39	78
40	32
40	37
40	43
40	46
40	61
40	68
40	73
40	75
40	79
41	19
41	47
41	56
41	57
41	58
41	60
41	75
41	78
41	81
42	30
42	44
42	46
42	53
42	56
42	61
42	74
42	75
42	77
43	1
43	40
43	44
43	60
43	68
43	69
43	70
43	73
43	75
44	18
44	33
44	42
44	43
44	46
44	48
44	68
44	78
44	80
45	25
45	28
45	29
45	36
45	52
45	62
45	64
45	65
45	80
45	81
46	6
46	7
46	16
46	40
46	42
46	44
46	47
46	51
46	56
46	74
47	15
47	33
47	38
47	41
47	46
47	59
47	60
47	68
47	75
47	77
48	6
48	24
48	34
48	44
48	55
48	63
48	67
48	68
48	70
48	71
48	78
49	3
49	23
49	28
49	39
49	53
49	56
49	59
49	67
49	74
49	77
49	81
50	12
50	18
50	27
50	54
50	57
50	61
50	64
50	65
50	66
50	76
50	81
51	1
51	17
51	22
51	27
51	29
51	35
51	46
51	58
51	65
51	67
51	76
52	17
52	18
52	23
52	45
52	54
52	58
52	61
52	62
52	71
52	73
52	81
53	10
53	13
53	14
53	19
53	26
53	42
53	49
53	66
53	78
53	79
53	80
54	8
54	9
54	20
54	28
54	33
54	36
54	50
54	52
54	63
54	64
54	69
54	73
55	5
55	7
55	25
55	35
55	38
55	48
55	63
55	65
55	70
55	76
55	79
55	80
56	2
56	11
56	30
56	41
56	42
56	46
56	49
56	59
56	61
56	74
56	77
56	79
57	21
57	26
57	32
57	41
57	50
57	60
57	62
57	64
57	66
57	70
57	72
57	73
58	9
58	15
58	27
58	37
58	41
58	51
58	52
58	59
58	70
58	72
58	74
58	77
59	8
59	15
59	20
59	47
59	49
59	56
59	58
59	63
59	70
59	71
59	74
59	77
59	78
60	11
60	21
60	24
60	33
60	41
60	43
60	47
60	57
60	67
60	69
60	72
60	73
60	80
61	16
61	21
61	22
61	40
61	42
61	50
61	52
61	56
61	62
61	64
61	72
61	77
61	81
62	19
62	23
62	30
62	45
62	52
62	57
62	61
62	64
62	65
62	75
62	76
62	80
62	81
63	4
63	17
63	35
63	36
63	48
63	54
63	55
63	59
63	66
63	68
63	71
63	77
63	78
64	11
64	16
64	37
64	45
64	50
64	54
64	57
64	61
64	62
64	69
64	74
64	77
64	79
64	81
65	11
65	12
65	18
65	33
65	39
65	45
65	50
65	51
65	55
65	62
65	69
65	77
65	80
65	81
66	5
66	10
66	19
66	34
66	50
66	53
66	57
66	63
66	67
66	70
66	73
66	74
66	76
66	79
66	80
67	2
67	5
67	9
67	31
67	33
67	37
67	48
67	49
67	51
67	60
67	66
67	72
67	73
67	79
67	81
68	2
68	5
68	7
68	16
68	30
68	32
68	40
68	43
68	44
68	47
68	48
68	63
68	69
68	74
68	78
69	2
69	20
69	28
69	36
69	43
69	54
69	60
69	64
69	65
69	68
69	71
69	73
69	78
69	79
69	80
69	81
70	10
70	13
70	23
70	35
70	39
70	43
70	48
70	55
70	57
70	58
70	59
70	66
70	75
70	76
70	79
70	80
71	1
71	4
71	10
71	12
71	20
71	29
71	30
71	39
71	48
71	52
71	59
71	63
71	69
71	72
71	78
71	79
72	5
72	6
72	14
72	21
72	22
72	23
72	34
72	57
72	58
72	60
72	61
72	67
72	71
72	75
72	76
72	81
73	9
73	11
73	12
73	31
73	40
73	43
73	52
73	54
73	57
73	60
73	66
73	67
73	69
73	75
73	77
73	78
73	79
74	4
74	9
74	24
74	38
74	39
74	42
74	46
74	49
74	56
74	58
74	59
74	64
74	66
74	68
74	76
74	77
74	79
75	18
75	19
75	22
75	26
75	27
75	34
75	40
75	41
75	42
75	43
75	47
75	62
75	70
75	72
75	73
75	77
75	78
75	80
76	4
76	6
76	7
76	8
76	13
76	14
76	17
76	29
76	31
76	35
76	37
76	50
76	51
76	55
76	62
76	66
76	70
76	72
76	74
76	78
76	79
76	80
77	3
77	6
77	15
77	24
77	35
77	38
77	42
77	47
77	49
77	56
77	58
77	59
77	61
77	63
77	64
77	65
77	73
77	74
77	75
77	78
77	80
77	81
78	2
78	3
78	4
78	9
78	28
78	36
78	37
78	39
78	41
78	44
78	48
78	53
78	59
78	63
78	68
78	69
78	71
78	73
78	75
78	76
78	77
78	79
79	8
79	13
79	22
79	25
79	29
79	32
79	35
79	36
79	40
79	53
79	55
79	56
79	64
79	66
79	67
79	69
79	70
79	71
79	73
79	74
79	76
79	78
79	80
80	8
80	14
80	17
80	22
80	29
80	31
80	32
80	34
80	44
80	45
80	53
80	55
80	60
80	62
80	65
80	66
80	69
80	70
80	75
80	76
80	77
80	79
80	81
81	10
81	11
81	16
81	18
81	23
81	25
81	26
81	29
81	32
81	41
81	45
81	49
81	50
81	52
81	61
81	62
81	64
81	65
81	67
81	69
81	72
81	77
81	80
