1	22
1	34
1	54
1	66
1	69
1	70
2	47
2	52
2	56
2	65
2	72
2	74
3	8
3	33
3	46
3	67
3	75
3	76
4	36
4	47
4	55
4	63
4	65
4	77
5	25
5	41
5	56
5	72
5	80
5	81
6	16
6	24
6	40
6	50
6	65
6	78
7	51
7	55
7	66
7	67
7	72
7	81
8	3
8	52
8	54
8	56
8	68
8	72
9	25
9	29
9	61
9	71
9	72
9	77
10	16
10	41
10	69
10	75
10	76
10	81
11	26
11	31
11	62
11	66
11	69
11	76
12	30
12	35
12	37
12	44
12	59
12	75
13	64
13	69
13	74
13	75
13	79
13	80
14	68
14	70
14	73
14	75
14	78
14	79
15	28
15	37
15	54
15	57
15	64
15	68
15	80
16	6
16	10
16	22
16	63
16	66
16	68
16	76
17	39
17	50
17	55
17	64
17	66
17	68
17	76
18	29
18	47
18	51
18	57
18	59
18	70
18	77
19	35
19	39
19	40
19	50
19	57
19	74
19	81
20	37
20	51
20	53
20	69
20	70
20	71
20	77
21	36
21	46
21	61
21	65
21	71
21	74
21	78
22	1
22	16
22	54
22	58
22	69
22	76
22	80
23	28
23	57
23	67
23	70
23	71
23	74
23	76
24	6
24	59
24	61
24	68
24	71
24	75
24	78
25	5
25	9
25	28
25	52
25	63
25	65
25	71
26	11
26	53
26	60
26	67
26	71
26	74
26	77
27	29
27	42
27	56
27	62
27	69
27	70
27	73
28	15
28	23
28	25
28	32
28	43
28	53
28	77
29	9
29	18
29	27
29	45
29	59
29	63
29	67
29	80
30	12
30	41
30	53
30	68
30	77
30	78
30	79
30	80
31	11
31	62
31	66
31	70
31	71
31	73
31	77
31	79
32	28
32	41
32	53
32	59
32	64
32	65
32	79
32	80
33	3
33	38
33	57
33	62
33	65
33	72
33	75
33	81
34	1
34	44
34	45
34	50
34	68
34	75
34	76
34	81
35	12
35	19
35	41
35	50
35	58
35	59
35	77
35	81
36	4
36	21
36	42
36	53
36	55
36	66
36	76
36	80
36	81
37	12
37	15
37	20
37	48
37	62
37	66
37	70
37	73
37	74
38	33
38	42
38	54
38	55
38	60
38	61
38	70
38	71
38	74
39	17
39	19
39	42
39	48
39	50
39	69
39	72
39	76
39	79
40	6
40	19
40	58
40	60
40	63
40	67
40	71
40	74
40	78
41	5
41	10
41	30
41	32
41	35
41	42
41	58
41	75
41	81
42	27
42	36
42	38
42	39
42	41
42	44
42	55
42	66
42	71
42	75
43	28
43	46
43	48
43	63
43	67
43	73
43	75
43	76
43	77
43	80
44	12
44	34
44	42
44	52
44	55
44	67
44	75
44	78
44	80
44	81
45	29
45	34
45	47
45	52
45	60
45	66
45	73
45	74
45	75
45	81
46	3
46	21
46	43
46	50
46	59
46	62
46	68
46	72
46	78
46	80
47	2
47	4
47	18
47	45
47	51
47	57
47	70
47	72
47	73
47	81
48	37
48	39
48	43
48	49
48	53
48	65
48	67
48	74
48	77
48	79
49	48
49	51
49	57
49	61
49	65
49	67
49	68
49	69
49	71
49	74
49	77
50	6
50	17
50	19
50	34
50	35
50	39
50	46
50	73
50	78
50	79
50	80
51	7
51	18
51	20
51	47
51	49
51	64
51	68
51	72
51	75
51	77
51	81
52	2
52	8
52	25
52	44
52	45
52	58
52	63
52	70
52	77
52	79
52	80
53	20
53	26
53	28
53	30
53	32
53	36
53	48
53	62
53	72
53	73
53	77
54	1
54	8
54	15
54	22
54	38
54	59
54	63
54	68
54	73
54	78
54	79
55	4
55	7
55	17
55	36
55	38
55	42
55	44
55	69
55	73
55	76
55	77
56	2
56	5
56	8
56	27
56	59
56	64
56	65
56	73
56	78
56	79
56	80
57	15
57	18
57	19
57	23
57	33
57	47
57	49
57	60
57	62
57	71
57	74
57	75
58	22
58	35
58	40
58	41
58	52
58	64
58	71
58	72
58	74
58	75
58	79
58	81
59	12
59	18
59	24
59	29
59	32
59	35
59	46
59	54
59	56
59	61
59	63
59	78
59	80
60	26
60	38
60	40
60	45
60	57
60	61
60	67
60	71
60	76
60	77
60	78
60	79
60	81
61	9
61	21
61	24
61	38
61	49
61	59
61	60
61	64
61	65
61	67
61	71
61	74
61	80
61	81
62	11
62	27
62	31
62	33
62	37
62	46
62	53
62	57
62	64
62	65
62	66
62	70
62	73
62	74
63	4
63	16
63	25
63	29
63	40
63	43
63	52
63	54
63	59
63	65
63	70
63	73
63	74
63	76
63	77
64	13
64	15
64	17
64	32
64	51
64	56
64	58
64	61
64	62
64	68
64	72
64	76
64	78
64	79
64	80
64	81
65	2
65	4
65	6
65	21
65	25
65	32
65	33
65	48
65	49
65	56
65	61
65	62
65	63
65	68
65	70
65	73
66	1
66	7
66	11
66	16
66	17
66	31
66	36
66	37
66	42
66	45
66	62
66	69
66	72
66	73
66	75
66	76
67	3
67	7
67	23
67	26
67	29
67	40
67	43
67	44
67	48
67	49
67	60
67	61
67	71
67	74
67	75
67	78
68	8
68	14
68	15
68	16
68	17
68	24
68	30
68	34
68	46
68	49
68	51
68	54
68	64
68	65
68	69
68	79
68	80
69	1
69	10
69	11
69	13
69	20
69	22
69	27
69	39
69	49
69	55
69	66
69	68
69	72
69	74
69	76
69	79
69	81
70	1
70	14
70	18
70	20
70	23
70	27
70	31
70	37
70	38
70	47
70	52
70	62
70	63
70	65
70	73
70	78
70	81
71	9
71	20
71	21
71	23
71	24
71	25
71	26
71	31
71	38
71	40
71	42
71	49
71	57
71	58
71	60
71	61
71	67
71	77
71	80
72	2
72	5
72	7
72	8
72	9
72	33
72	39
72	46
72	47
72	51
72	53
72	58
72	64
72	66
72	69
72	75
72	79
72	80
72	81
73	14
73	27
73	31
73	37
73	43
73	45
73	47
73	50
73	53
73	54
73	55
73	56
73	62
73	63
73	65
73	66
73	70
73	76
73	77
73	79
74	2
74	13
74	19
74	21
74	23
74	26
74	37
74	38
74	40
74	45
74	48
74	49
74	57
74	58
74	61
74	62
74	63
74	67
74	69
74	78
75	3
75	10
75	12
75	13
75	14
75	24
75	33
75	34
75	41
75	42
75	43
75	44
75	45
75	51
75	57
75	58
75	66
75	67
75	72
75	78
76	3
76	10
76	11
76	16
76	17
76	22
76	23
76	34
76	36
76	39
76	43
76	55
76	60
76	63
76	64
76	66
76	69
76	73
76	77
76	78
77	4
77	9
77	18
77	20
77	26
77	28
77	30
77	31
77	35
77	43
77	48
77	49
77	51
77	52
77	53
77	55
77	60
77	63
77	71
77	73
77	76
78	6
78	14
78	21
78	24
78	30
78	40
78	44
78	46
78	50
78	54
78	56
78	59
78	60
78	64
78	67
78	70
78	74
78	75
78	76
78	79
78	81
79	13
79	14
79	30
79	31
79	32
79	39
79	48
79	50
79	52
79	54
79	56
79	58
79	60
79	64
79	68
79	69
79	72
79	73
79	78
79	80
79	81
80	5
80	13
80	15
80	22
80	29
80	30
80	32
80	36
80	43
80	44
80	46
80	50
80	52
80	56
80	59
80	61
80	64
80	68
80	71
80	72
80	79
80	81
81	5
81	7
81	10
81	19
81	33
81	34
81	35
81	36
81	41
81	44
81	45
81	47
81	51
81	58
81	60
81	61
81	64
81	69
81	70
81	72
81	78
81	79
81	80
