1	13
1	32
1	58
1	67
1	71
1	78
2	10
2	11
2	13
2	31
2	44
2	80
3	32
3	53
3	64
3	67
3	75
3	81
4	17
4	48
4	55
4	68
4	72
4	80
5	6
5	34
5	36
5	40
5	77
5	81
6	5
6	24
6	38
6	64
6	74
6	75
7	10
7	23
7	25
7	32
7	40
7	73
8	26
8	61
8	63
8	71
8	75
8	80
9	21
9	38
9	42
9	74
9	76
9	80
10	2
10	7
10	43
10	55
10	60
10	62
11	2
11	40
11	54
11	61
11	62
11	81
12	19
12	20
12	22
12	37
12	57
12	76
13	1
13	2
13	14
13	34
13	50
13	81
14	13
14	15
14	30
14	37
14	40
14	71
15	14
15	52
15	59
15	69
15	74
15	78
16	22
16	41
16	63
16	75
16	77
16	79
17	4
17	32
17	50
17	61
17	72
17	79
18	23
18	31
18	44
18	47
18	69
18	73
19	12
19	52
19	54
19	62
19	66
19	68
19	81
20	12
20	50
20	66
20	68
20	77
20	78
20	79
21	9
21	31
21	48
21	50
21	62
21	72
21	75
22	12
22	16
22	34
22	58
22	72
22	76
22	81
23	7
23	18
23	56
23	70
23	75
23	76
23	78
24	6
24	52
24	55
24	65
24	67
24	77
24	78
25	7
25	29
25	39
25	43
25	51
25	56
25	68
26	8
26	38
26	50
26	54
26	59
26	72
26	80
27	50
27	51
27	57
27	59
27	69
27	72
27	80
28	58
28	62
28	63
28	66
28	71
28	76
28	80
29	25
29	41
29	49
29	55
29	58
29	66
29	77
29	80
30	14
30	38
30	48
30	54
30	58
30	59
30	63
30	80
31	2
31	18
31	21
31	48
31	57
31	71
31	79
31	80
32	1
32	3
32	7
32	17
32	71
32	74
32	78
32	81
33	34
33	35
33	39
33	47
33	55
33	69
33	79
33	81
34	5
34	13
34	22
34	33
34	44
34	69
34	73
34	78
35	33
35	43
35	47
35	54
35	60
35	72
35	78
35	81
36	5
36	37
36	52
36	60
36	63
36	64
36	66
36	81
37	12
37	14
37	36
37	53
37	60
37	61
37	62
37	76
38	6
38	9
38	26
38	30
38	40
38	68
38	78
38	81
39	25
39	33
39	40
39	41
39	64
39	65
39	73
39	74
39	78
40	5
40	7
40	11
40	14
40	38
40	39
40	71
40	75
40	81
41	16
41	29
41	39
41	52
41	59
41	62
41	76
41	77
41	80
42	9
42	44
42	52
42	65
42	66
42	68
42	72
42	79
42	80
43	10
43	25
43	35
43	53
43	54
43	65
43	70
43	80
43	81
44	2
44	18
44	34
44	42
44	55
44	60
44	74
44	77
44	78
45	47
45	49
45	52
45	55
45	58
45	64
45	65
45	69
45	73
46	51
46	53
46	59
46	61
46	71
46	72
46	75
46	76
46	77
47	18
47	33
47	35
47	45
47	49
47	53
47	68
47	77
47	79
48	4
48	21
48	30
48	31
48	50
48	51
48	62
48	69
48	76
48	80
49	29
49	45
49	47
49	56
49	57
49	67
49	73
49	78
49	79
49	81
50	13
50	17
50	20
50	21
50	26
50	27
50	48
50	51
50	73
50	77
51	25
51	27
51	46
51	48
51	50
51	56
51	58
51	66
51	70
51	80
52	15
52	19
52	24
52	36
52	41
52	42
52	45
52	60
52	67
52	81
53	3
53	37
53	43
53	46
53	47
53	55
53	60
53	66
53	80
53	81
54	11
54	19
54	26
54	30
54	35
54	43
54	58
54	63
54	75
54	79
54	81
55	4
55	10
55	24
55	29
55	33
55	44
55	45
55	53
55	74
55	78
55	79
56	23
56	25
56	49
56	51
56	65
56	66
56	70
56	74
56	75
56	77
56	79
57	12
57	27
57	31
57	49
57	59
57	61
57	62
57	63
57	64
57	65
57	76
58	1
58	22
58	28
58	29
58	30
58	45
58	51
58	54
58	70
58	77
58	79
58	81
59	15
59	26
59	27
59	30
59	41
59	46
59	57
59	60
59	68
59	71
59	74
59	77
60	10
60	35
60	36
60	37
60	44
60	52
60	53
60	59
60	63
60	64
60	67
60	79
61	8
61	11
61	17
61	37
61	46
61	57
61	62
61	65
61	67
61	76
61	77
61	79
62	10
62	11
62	19
62	21
62	28
62	37
62	41
62	48
62	57
62	61
62	75
62	76
63	8
63	16
63	28
63	30
63	36
63	54
63	57
63	60
63	71
63	72
63	76
63	78
64	3
64	6
64	36
64	39
64	45
64	57
64	60
64	65
64	69
64	70
64	73
64	81
65	24
65	39
65	42
65	43
65	45
65	56
65	57
65	61
65	64
65	71
65	74
65	78
66	19
66	20
66	28
66	29
66	36
66	42
66	51
66	53
66	56
66	67
66	69
66	70
66	79
67	1
67	3
67	24
67	49
67	52
67	60
67	61
67	66
67	76
67	77
67	78
67	79
67	81
68	4
68	19
68	20
68	25
68	38
68	42
68	47
68	59
68	69
68	70
68	71
68	72
68	73
68	80
69	15
69	18
69	27
69	33
69	34
69	45
69	48
69	64
69	66
69	68
69	73
69	75
69	78
69	80
70	23
70	43
70	51
70	56
70	58
70	64
70	66
70	68
70	74
70	75
70	76
70	77
70	79
70	81
71	1
71	8
71	14
71	28
71	31
71	32
71	40
71	46
71	59
71	63
71	65
71	68
71	72
71	74
71	76
72	4
72	17
72	21
72	22
72	26
72	27
72	35
72	42
72	46
72	63
72	68
72	71
72	75
72	80
72	81
73	7
73	18
73	34
73	39
73	45
73	49
73	50
73	64
73	68
73	69
73	74
73	77
73	78
73	79
73	80
73	81
74	6
74	9
74	15
74	32
74	39
74	44
74	55
74	56
74	59
74	65
74	70
74	71
74	73
74	76
74	78
74	79
74	80
75	3
75	6
75	8
75	16
75	21
75	23
75	40
75	46
75	54
75	56
75	62
75	69
75	70
75	72
75	77
75	78
75	79
75	80
76	9
76	12
76	22
76	23
76	28
76	37
76	41
76	46
76	48
76	57
76	61
76	62
76	63
76	67
76	70
76	71
76	74
76	80
76	81
77	5
77	16
77	20
77	24
77	29
77	41
77	44
77	46
77	47
77	50
77	56
77	58
77	59
77	61
77	67
77	70
77	73
77	75
77	81
78	1
78	15
78	20
78	23
78	24
78	32
78	34
78	35
78	38
78	39
78	44
78	49
78	55
78	63
78	65
78	67
78	69
78	73
78	74
78	75
79	16
79	17
79	20
79	31
79	33
79	42
79	47
79	49
79	54
79	55
79	56
79	58
79	60
79	61
79	66
79	67
79	70
79	73
79	74
79	75
79	80
80	2
80	4
80	8
80	9
80	26
80	27
80	28
80	29
80	30
80	31
80	41
80	42
80	43
80	48
80	51
80	53
80	68
80	69
80	72
80	73
80	74
80	75
80	76
80	79
81	3
81	5
81	11
81	13
81	19
81	22
81	32
81	33
81	35
81	36
81	38
81	40
81	43
81	49
81	52
81	53
81	54
81	58
81	64
81	67
81	70
81	72
81	73
81	76
81	77
