1	40
1	57
1	60
1	65
1	73
1	76
2	11
2	40
2	55
2	57
2	73
2	79
3	4
3	40
3	42
3	47
3	70
3	72
4	3
4	40
4	49
4	54
4	61
4	64
5	31
5	38
5	56
5	59
5	69
5	75
6	24
6	25
6	43
6	48
6	55
6	64
7	47
7	68
7	72
7	74
7	77
7	80
8	22
8	29
8	53
8	66
8	74
8	80
9	21
9	28
9	53
9	61
9	70
9	81
10	12
10	41
10	46
10	52
10	76
10	81
11	2
11	17
11	38
11	72
11	77
11	80
12	10
12	21
12	35
12	59
12	69
12	75
13	32
13	56
13	61
13	71
13	73
13	75
14	35
14	39
14	57
14	65
14	73
14	76
14	77
15	16
15	40
15	45
15	65
15	67
15	74
15	76
16	15
16	44
16	51
16	52
16	60
16	73
16	76
17	11
17	20
17	33
17	42
17	59
17	60
17	70
18	57
18	62
18	68
18	73
18	74
18	76
18	78
19	34
19	37
19	53
19	55
19	57
19	68
19	73
19	76
20	17
20	41
20	56
20	69
20	71
20	72
20	75
20	80
21	9
21	12
21	59
21	66
21	70
21	71
21	75
21	79
22	8
22	41
22	43
22	52
22	56
22	71
22	75
22	81
23	30
23	57
23	62
23	66
23	67
23	77
23	79
23	80
24	6
24	36
24	43
24	46
24	50
24	61
24	77
24	78
25	6
25	30
25	41
25	42
25	48
25	53
25	69
25	79
26	30
26	33
26	45
26	49
26	63
26	74
26	78
26	80
27	31
27	35
27	44
27	50
27	54
27	64
27	66
27	73
28	9
28	47
28	60
28	67
28	70
28	75
28	79
28	80
29	8
29	31
29	62
29	65
29	68
29	72
29	77
29	80
30	23
30	25
30	26
30	34
30	59
30	69
30	79
30	80
31	5
31	27
31	29
31	44
31	54
31	58
31	61
31	65
31	81
32	13
32	37
32	54
32	62
32	63
32	67
32	70
32	77
32	80
33	17
33	26
33	37
33	40
33	67
33	72
33	75
33	78
33	80
34	19
34	30
34	64
34	65
34	66
34	69
34	73
34	74
34	79
35	12
35	14
35	27
35	46
35	51
35	52
35	63
35	68
35	81
36	24
36	43
36	48
36	58
36	63
36	75
36	78
36	79
36	81
37	19
37	32
37	33
37	48
37	49
37	72
37	77
37	78
37	80
38	5
38	11
38	42
38	47
38	60
38	67
38	70
38	71
38	78
39	14
39	51
39	59
39	62
39	68
39	69
39	73
39	76
39	81
40	1
40	2
40	3
40	4
40	15
40	33
40	53
40	65
40	76
40	79
41	10
41	20
41	22
41	25
41	55
41	59
41	71
41	74
41	75
41	80
42	3
42	17
42	25
42	38
42	45
42	47
42	60
42	65
42	70
42	72
42	74
43	6
43	22
43	24
43	36
43	44
43	50
43	61
43	64
43	70
43	80
43	81
44	16
44	27
44	31
44	43
44	49
44	54
44	59
44	60
44	61
44	64
44	66
45	15
45	26
45	42
45	48
45	52
45	54
45	58
45	76
45	78
45	79
45	81
46	10
46	24
46	35
46	52
46	56
46	57
46	58
46	68
46	72
46	78
46	81
47	3
47	7
47	28
47	38
47	42
47	51
47	53
47	60
47	70
47	79
47	81
48	6
48	25
48	36
48	37
48	45
48	49
48	54
48	61
48	63
48	78
48	81
49	4
49	26
49	37
49	44
49	48
49	58
49	61
49	64
49	66
49	78
49	81
50	24
50	27
50	43
50	54
50	61
50	63
50	64
50	70
50	71
50	79
50	81
51	16
51	35
51	39
51	47
51	58
51	68
51	71
51	73
51	74
51	75
51	76
52	10
52	16
52	22
52	35
52	45
52	46
52	59
52	61
52	76
52	77
52	78
52	81
53	8
53	9
53	19
53	25
53	40
53	47
53	64
53	66
53	71
53	74
53	76
53	79
54	4
54	27
54	31
54	32
54	44
54	45
54	48
54	50
54	56
54	64
54	72
54	77
55	2
55	6
55	19
55	41
55	65
55	66
55	67
55	69
55	73
55	74
55	75
55	79
56	5
56	13
56	20
56	22
56	46
56	54
56	58
56	59
56	64
56	71
56	75
56	77
56	80
57	1
57	2
57	14
57	18
57	19
57	23
57	46
57	61
57	68
57	72
57	73
57	76
57	77
58	31
58	36
58	45
58	46
58	49
58	51
58	56
58	60
58	63
58	65
58	72
58	78
58	81
59	5
59	12
59	17
59	21
59	30
59	39
59	41
59	44
59	52
59	56
59	71
59	75
59	78
60	1
60	16
60	17
60	28
60	38
60	42
60	44
60	47
60	58
60	69
60	70
60	77
60	78
61	4
61	9
61	13
61	24
61	31
61	43
61	44
61	48
61	49
61	50
61	52
61	57
61	63
62	18
62	23
62	29
62	32
62	39
62	63
62	67
62	70
62	72
62	73
62	76
62	77
62	80
62	81
63	26
63	32
63	35
63	36
63	48
63	50
63	58
63	61
63	62
63	71
63	78
63	79
63	80
63	81
64	4
64	6
64	27
64	34
64	43
64	44
64	49
64	50
64	53
64	54
64	56
64	66
64	67
64	81
65	1
65	14
65	15
65	29
65	31
65	34
65	40
65	42
65	55
65	58
65	67
65	69
65	74
65	79
66	8
66	21
66	23
66	27
66	34
66	44
66	49
66	53
66	55
66	64
66	69
66	74
66	79
66	81
67	15
67	23
67	28
67	32
67	33
67	38
67	55
67	62
67	64
67	65
67	72
67	75
67	77
67	78
67	80
68	7
68	18
68	19
68	29
68	35
68	39
68	46
68	51
68	57
68	69
68	73
68	74
68	76
68	79
68	80
69	5
69	12
69	20
69	25
69	30
69	34
69	39
69	55
69	60
69	65
69	66
69	68
69	74
69	75
69	79
69	80
70	3
70	9
70	17
70	21
70	28
70	32
70	38
70	42
70	43
70	47
70	50
70	60
70	62
70	73
70	76
70	77
71	13
71	20
71	21
71	22
71	38
71	41
71	50
71	51
71	53
71	56
71	59
71	63
71	74
71	75
71	76
71	77
72	3
72	7
72	11
72	20
72	29
72	33
72	37
72	42
72	46
72	54
72	57
72	58
72	62
72	67
72	77
72	79
72	80
73	1
73	2
73	13
73	14
73	16
73	18
73	19
73	27
73	34
73	39
73	51
73	55
73	57
73	62
73	68
73	70
73	75
73	76
73	81
74	7
74	8
74	15
74	18
74	26
74	34
74	41
74	42
74	51
74	53
74	55
74	65
74	66
74	68
74	69
74	71
74	75
74	78
74	79
75	5
75	12
75	13
75	20
75	21
75	22
75	28
75	33
75	36
75	41
75	51
75	55
75	56
75	59
75	67
75	69
75	71
75	73
75	74
75	81
76	1
76	10
76	14
76	15
76	16
76	18
76	19
76	39
76	40
76	45
76	51
76	52
76	53
76	57
76	62
76	68
76	70
76	71
76	73
76	77
77	7
77	11
77	14
77	23
77	24
77	29
77	32
77	37
77	52
77	54
77	56
77	57
77	60
77	62
77	67
77	70
77	71
77	72
77	76
77	78
77	80
78	18
78	24
78	26
78	33
78	36
78	37
78	38
78	45
78	46
78	48
78	49
78	52
78	58
78	59
78	60
78	63
78	67
78	74
78	77
78	79
78	81
79	2
79	21
79	23
79	25
79	28
79	30
79	34
79	36
79	40
79	45
79	47
79	50
79	53
79	55
79	63
79	65
79	66
79	68
79	69
79	72
79	74
79	78
80	7
80	8
80	11
80	20
80	23
80	26
80	28
80	29
80	30
80	32
80	33
80	37
80	41
80	43
80	56
80	62
80	63
80	67
80	68
80	69
80	72
80	77
81	9
81	10
81	22
81	31
81	35
81	36
81	39
81	43
81	45
81	46
81	47
81	48
81	49
81	50
81	52
81	58
81	62
81	63
81	64
81	66
81	73
81	75
81	78
