1	14
1	47
1	62
1	71
1	72
1	73
2	51
2	65
2	67
2	68
2	72
2	78
3	6
3	12
3	19
3	55
3	66
3	76
4	50
4	55
4	60
4	62
4	65
4	79
5	8
5	50
5	65
5	70
5	73
5	76
6	3
6	20
6	45
6	66
6	73
6	80
7	36
7	39
7	59
7	60
7	66
7	72
8	5
8	54
8	64
8	69
8	72
8	76
9	12
9	39
9	41
9	47
9	68
9	78
10	45
10	53
10	55
10	62
10	64
10	80
11	31
11	38
11	39
11	46
11	59
11	74
12	3
12	9
12	36
12	48
12	71
12	75
13	31
13	60
13	67
13	78
13	79
13	81
14	1
14	28
14	41
14	46
14	73
14	79
15	19
15	28
15	45
15	66
15	71
15	77
16	44
16	46
16	57
16	58
16	67
16	74
17	21
17	26
17	27
17	31
17	55
17	74
18	35
18	38
18	42
18	48
18	59
18	78
19	3
19	15
19	60
19	66
19	69
19	75
20	6
20	45
20	49
20	66
20	69
20	79
21	17
21	60
21	65
21	67
21	68
21	75
22	54
22	64
22	68
22	70
22	76
22	80
23	34
23	35
23	50
23	56
23	69
23	72
23	74
24	27
24	30
24	50
24	53
24	55
24	62
24	81
25	36
25	56
25	69
25	71
25	73
25	74
25	79
26	17
26	62
26	66
26	76
26	78
26	79
26	81
27	17
27	24
27	45
27	46
27	58
27	74
27	80
28	14
28	15
28	50
28	53
28	62
28	64
28	76
29	38
29	42
29	51
29	63
29	70
29	73
29	78
30	24
30	39
30	47
30	70
30	78
30	79
30	81
31	11
31	13
31	17
31	33
31	46
31	70
31	74
32	33
32	42
32	43
32	64
32	67
32	71
32	75
33	31
33	32
33	49
33	52
33	58
33	74
33	77
34	23
34	64
34	69
34	78
34	79
34	80
34	81
35	18
35	23
35	39
35	48
35	61
35	67
35	78
36	7
36	12
36	25
36	41
36	43
36	51
36	59
36	71
37	39
37	41
37	43
37	67
37	68
37	73
37	75
37	79
38	11
38	18
38	29
38	54
38	60
38	69
38	71
38	76
39	7
39	9
39	11
39	30
39	35
39	37
39	51
39	73
40	42
40	49
40	58
40	65
40	68
40	72
40	75
40	79
41	9
41	14
41	36
41	37
41	48
41	59
41	72
41	81
42	18
42	29
42	32
42	40
42	43
42	65
42	70
42	81
43	32
43	36
43	37
43	42
43	47
43	56
43	58
43	66
43	75
44	16
44	54
44	60
44	67
44	70
44	71
44	72
44	74
44	79
45	6
45	10
45	15
45	20
45	27
45	66
45	68
45	74
45	77
46	11
46	14
46	16
46	27
46	31
46	49
46	63
46	69
46	74
47	1
47	9
47	30
47	43
47	63
47	64
47	70
47	76
47	80
48	12
48	18
48	35
48	41
48	58
48	59
48	66
48	73
48	80
49	20
49	33
49	40
49	46
49	58
49	61
49	74
49	75
49	78
50	4
50	5
50	23
50	24
50	28
50	51
50	53
50	55
50	62
50	81
51	2
51	29
51	36
51	39
51	50
51	77
51	78
51	79
51	80
51	81
52	33
52	53
52	67
52	72
52	74
52	77
52	78
52	79
52	80
52	81
53	10
53	24
53	28
53	50
53	52
53	55
53	59
53	62
53	66
53	79
54	8
54	22
54	38
54	44
54	60
54	61
54	71
54	72
54	79
54	81
55	3
55	4
55	10
55	17
55	24
55	50
55	53
55	56
55	62
55	76
55	78
56	23
56	25
56	43
56	55
56	57
56	68
56	69
56	70
56	71
56	72
56	80
57	16
57	56
57	68
57	69
57	73
57	75
57	77
57	78
57	79
57	80
57	81
58	16
58	27
58	33
58	40
58	43
58	48
58	49
58	61
58	63
58	74
58	81
59	7
59	11
59	18
59	36
59	41
59	48
59	53
59	68
59	69
59	76
59	77
60	4
60	7
60	13
60	19
60	21
60	38
60	44
60	54
60	69
60	71
60	72
60	80
61	35
61	49
61	54
61	58
61	70
61	71
61	77
61	78
61	79
61	80
61	81
62	1
62	4
62	10
62	24
62	26
62	28
62	50
62	53
62	55
62	71
62	80
62	81
63	29
63	46
63	47
63	58
63	64
63	65
63	70
63	73
63	76
63	77
63	79
63	80
64	8
64	10
64	22
64	28
64	32
64	34
64	47
64	63
64	70
64	73
64	76
64	79
64	81
65	2
65	4
65	5
65	21
65	40
65	42
65	63
65	67
65	68
65	71
65	75
65	77
65	81
66	3
66	6
66	7
66	15
66	19
66	20
66	26
66	43
66	45
66	48
66	53
66	77
66	80
67	2
67	13
67	16
67	21
67	32
67	35
67	37
67	44
67	52
67	65
67	68
67	73
67	75
67	78
68	2
68	9
68	21
68	22
68	37
68	40
68	45
68	56
68	57
68	59
68	65
68	67
68	74
68	75
68	78
69	8
69	19
69	20
69	23
69	25
69	34
69	38
69	46
69	56
69	57
69	59
69	60
69	71
69	72
69	74
69	78
70	5
70	22
70	29
70	30
70	31
70	42
70	44
70	47
70	56
70	61
70	63
70	64
70	73
70	76
70	80
70	81
71	1
71	12
71	15
71	25
71	32
71	36
71	38
71	44
71	54
71	56
71	60
71	61
71	62
71	65
71	69
71	72
72	1
72	2
72	7
72	8
72	23
72	40
72	41
72	44
72	52
72	54
72	56
72	60
72	69
72	71
72	75
72	81
73	1
73	5
73	6
73	14
73	25
73	29
73	37
73	39
73	48
73	57
73	63
73	64
73	67
73	70
73	76
73	80
74	11
74	16
74	17
74	23
74	25
74	27
74	31
74	33
74	44
74	45
74	46
74	49
74	52
74	58
74	68
74	69
75	12
75	19
75	21
75	32
75	37
75	40
75	43
75	49
75	57
75	65
75	67
75	68
75	72
75	77
75	78
75	81
76	3
76	5
76	8
76	22
76	26
76	28
76	38
76	47
76	55
76	59
76	63
76	64
76	70
76	73
76	77
76	79
76	81
77	15
77	33
77	45
77	51
77	52
77	57
77	59
77	61
77	63
77	65
77	66
77	75
77	76
77	78
77	79
77	80
77	81
78	2
78	9
78	13
78	18
78	26
78	29
78	30
78	34
78	35
78	49
78	51
78	52
78	55
78	57
78	61
78	67
78	68
78	69
78	75
78	77
78	79
78	80
78	81
79	4
79	13
79	14
79	20
79	25
79	26
79	30
79	34
79	37
79	40
79	44
79	51
79	52
79	53
79	54
79	57
79	61
79	63
79	64
79	76
79	77
79	78
79	80
79	81
80	6
80	10
80	22
80	27
80	34
80	47
80	48
80	51
80	52
80	56
80	57
80	60
80	61
80	62
80	63
80	66
80	70
80	73
80	77
80	78
80	79
80	81
81	13
81	24
81	26
81	30
81	34
81	41
81	42
81	50
81	51
81	52
81	54
81	57
81	58
81	61
81	62
81	64
81	65
81	70
81	72
81	75
81	76
81	77
81	78
81	79
81	80
