1	7
1	12
1	36
1	52
1	71
1	80
2	11
2	30
2	41
2	70
2	79
2	80
3	48
3	57
3	59
3	66
3	70
3	79
4	13
4	18
4	21
4	31
4	43
4	66
5	44
5	64
5	72
5	76
5	77
5	78
6	30
6	50
6	68
6	70
6	77
6	78
7	1
7	35
7	56
7	65
7	73
7	80
8	16
8	22
8	56
8	67
8	74
8	79
9	50
9	53
9	55
9	58
9	68
9	81
10	13
10	23
10	47
10	52
10	55
10	57
11	2
11	55
11	56
11	60
11	64
11	70
12	1
12	24
12	52
12	56
12	63
12	74
13	4
13	10
13	16
13	36
13	47
13	61
14	46
14	59
14	64
14	65
14	66
14	69
15	17
15	30
15	49
15	65
15	80
15	81
16	8
16	13
16	20
16	51
16	66
16	70
17	15
17	36
17	63
17	72
17	78
17	80
18	4
18	21
18	23
18	58
18	71
18	73
18	76
19	33
19	40
19	43
19	55
19	57
19	67
19	81
20	16
20	66
20	69
20	70
20	79
20	80
20	81
21	4
21	18
21	33
21	39
21	40
21	43
21	74
22	8
22	26
22	50
22	61
22	67
22	75
22	81
23	10
23	18
23	24
23	40
23	42
23	43
23	79
24	12
24	23
24	40
24	43
24	44
24	56
24	63
25	53
25	64
25	68
25	70
25	75
25	76
25	81
26	22
26	47
26	65
26	70
26	75
26	77
26	81
27	46
27	47
27	49
27	62
27	65
27	66
27	73
28	43
28	56
28	61
28	62
28	68
28	75
28	79
29	45
29	63
29	67
29	72
29	77
29	78
29	80
30	2
30	6
30	15
30	33
30	37
30	72
30	77
30	78
31	4
31	42
31	65
31	67
31	72
31	76
31	77
31	78
32	42
32	47
32	54
32	65
32	71
32	74
32	79
32	81
33	19
33	21
33	30
33	41
33	57
33	68
33	76
33	81
34	40
34	44
34	65
34	68
34	72
34	75
34	76
34	81
35	7
35	48
35	55
35	58
35	59
35	71
35	73
35	79
36	1
36	13
36	17
36	49
36	59
36	74
36	76
36	79
37	30
37	48
37	58
37	62
37	72
37	77
37	78
37	80
38	42
38	45
38	48
38	62
38	65
38	69
38	73
38	75
38	80
39	21
39	41
39	45
39	49
39	53
39	58
39	66
39	69
39	78
40	19
40	21
40	23
40	24
40	34
40	43
40	55
40	59
40	62
41	2
41	33
41	39
41	63
41	64
41	68
41	69
41	77
41	81
42	23
42	31
42	32
42	38
42	71
42	72
42	75
42	77
42	78
43	4
43	19
43	21
43	23
43	24
43	28
43	40
43	45
43	47
44	5
44	24
44	34
44	46
44	52
44	53
44	63
44	73
44	75
44	80
45	29
45	38
45	39
45	43
45	54
45	64
45	67
45	68
45	76
45	81
46	14
46	27
46	44
46	60
46	61
46	62
46	78
46	79
46	80
46	81
47	10
47	13
47	26
47	27
47	32
47	43
47	48
47	59
47	62
47	74
48	3
48	35
48	37
48	38
48	47
48	57
48	71
48	77
48	79
48	80
49	15
49	27
49	36
49	39
49	64
49	65
49	66
49	69
49	70
49	77
50	6
50	9
50	22
50	51
50	55
50	57
50	58
50	63
50	70
50	75
51	16
51	50
51	52
51	55
51	57
51	58
51	71
51	73
51	74
51	81
52	1
52	10
52	12
52	44
52	51
52	55
52	57
52	58
52	77
52	79
52	81
53	9
53	25
53	39
53	44
53	59
53	60
53	63
53	64
53	69
53	73
53	79
53	80
54	32
54	45
54	59
54	61
54	67
54	68
54	69
54	74
54	75
54	76
54	77
54	81
55	9
55	10
55	11
55	19
55	35
55	40
55	50
55	51
55	52
55	58
55	60
55	76
56	7
56	8
56	11
56	12
56	24
56	28
56	59
56	60
56	61
56	64
56	71
56	81
57	3
57	10
57	19
57	33
57	48
57	50
57	51
57	52
57	58
57	62
57	67
57	71
58	9
58	18
58	35
58	37
58	39
58	50
58	51
58	52
58	55
58	57
58	61
58	73
58	75
59	3
59	14
59	35
59	36
59	40
59	47
59	53
59	54
59	56
59	74
59	76
59	79
59	80
60	11
60	46
60	53
60	55
60	56
60	62
60	65
60	68
60	71
60	73
60	74
60	76
60	80
61	13
61	22
61	28
61	46
61	54
61	56
61	58
61	64
61	68
61	71
61	73
61	74
61	79
62	27
62	28
62	37
62	38
62	40
62	46
62	47
62	57
62	60
62	63
62	65
62	74
62	77
62	80
63	12
63	17
63	24
63	29
63	41
63	44
63	50
63	53
63	62
63	65
63	66
63	71
63	73
63	80
64	5
64	11
64	14
64	25
64	41
64	45
64	49
64	53
64	56
64	61
64	66
64	69
64	70
64	71
65	7
65	14
65	15
65	26
65	27
65	31
65	32
65	34
65	38
65	49
65	60
65	62
65	63
65	66
65	69
66	3
66	4
66	14
66	16
66	20
66	27
66	39
66	49
66	63
66	64
66	65
66	67
66	69
66	70
66	73
67	8
67	19
67	22
67	29
67	31
67	45
67	54
67	57
67	66
67	73
67	75
67	76
67	78
67	80
67	81
68	6
68	9
68	25
68	28
68	33
68	34
68	41
68	45
68	54
68	60
68	61
68	75
68	76
68	78
68	81
69	14
69	20
69	38
69	39
69	41
69	49
69	53
69	54
69	64
69	65
69	66
69	70
69	72
69	78
69	79
69	81
70	2
70	3
70	6
70	11
70	16
70	20
70	25
70	26
70	49
70	50
70	64
70	66
70	69
70	75
70	77
70	78
71	1
71	18
71	32
71	35
71	42
71	48
71	51
71	56
71	57
71	60
71	61
71	63
71	64
71	74
71	79
71	80
72	5
72	17
72	29
72	30
72	31
72	34
72	37
72	42
72	69
72	73
72	74
72	76
72	77
72	78
72	79
72	81
73	7
73	18
73	27
73	35
73	38
73	44
73	51
73	53
73	58
73	60
73	61
73	63
73	66
73	67
73	72
73	78
73	80
74	8
74	12
74	21
74	32
74	36
74	47
74	51
74	54
74	59
74	60
74	61
74	62
74	71
74	72
74	76
74	78
74	79
75	22
75	25
75	26
75	28
75	34
75	38
75	42
75	44
75	50
75	54
75	58
75	67
75	68
75	70
75	76
75	77
75	79
75	81
76	5
76	18
76	25
76	31
76	33
76	34
76	36
76	45
76	54
76	55
76	59
76	60
76	67
76	68
76	72
76	74
76	75
76	81
77	5
77	6
77	26
77	29
77	30
77	31
77	37
77	41
77	42
77	48
77	49
77	52
77	54
77	62
77	70
77	72
77	75
77	78
78	5
78	6
78	17
78	29
78	30
78	31
78	37
78	39
78	42
78	46
78	67
78	68
78	69
78	70
78	72
78	73
78	74
78	77
79	2
79	3
79	8
79	20
79	23
79	28
79	32
79	35
79	36
79	46
79	48
79	52
79	53
79	59
79	61
79	69
79	71
79	72
79	74
79	75
79	80
80	1
80	2
80	7
80	15
80	17
80	20
80	29
80	37
80	38
80	44
80	46
80	48
80	53
80	59
80	60
80	62
80	63
80	67
80	71
80	73
80	79
81	9
81	15
81	19
81	20
81	22
81	25
81	26
81	32
81	33
81	34
81	41
81	45
81	46
81	51
81	52
81	54
81	56
81	67
81	68
81	69
81	72
81	75
81	76
