1	2
1	65
1	66
1	67
1	70
1	81
2	1
2	33
2	39
2	54
2	65
2	66
3	14
3	33
3	66
3	73
3	74
3	75
4	26
4	51
4	56
4	71
4	77
4	81
5	21
5	22
5	56
5	73
5	77
5	79
6	9
6	29
6	34
6	40
6	79
6	80
7	18
7	25
7	36
7	48
7	76
7	77
8	47
8	53
8	72
8	73
8	74
8	75
9	6
9	25
9	32
9	48
9	69
9	81
10	65
10	69
10	75
10	76
10	80
10	81
11	13
11	23
11	37
11	48
11	65
11	70
12	16
12	26
12	43
12	71
12	73
12	80
13	11
13	16
13	31
13	39
13	43
13	69
13	78
14	3
14	21
14	23
14	57
14	66
14	71
14	78
15	17
15	42
15	49
15	57
15	66
15	67
15	72
16	12
16	13
16	39
16	43
16	51
16	73
16	81
17	15
17	33
17	38
17	57
17	64
17	66
17	70
18	7
18	19
18	42
18	44
18	64
18	65
18	78
19	18
19	30
19	48
19	61
19	68
19	70
19	76
20	29
20	44
20	51
20	59
20	76
20	77
20	79
21	5
21	14
21	66
21	67
21	71
21	75
21	81
22	5
22	43
22	48
22	55
22	74
22	75
22	81
23	11
23	14
23	29
23	38
23	48
23	50
23	67
24	32
24	36
24	41
24	42
24	60
24	63
24	74
25	7
25	9
25	27
25	36
25	73
25	74
25	78
26	4
26	12
26	39
26	43
26	69
26	71
26	78
27	25
27	45
27	52
27	54
27	58
27	78
27	79
28	35
28	46
28	56
28	60
28	61
28	63
28	73
29	6
29	20
29	23
29	49
29	57
29	67
29	72
29	80
30	19
30	38
30	41
30	46
30	60
30	64
30	74
30	78
31	13
31	39
31	44
31	52
31	56
31	72
31	77
31	81
32	9
32	24
32	37
32	42
32	52
32	73
32	76
32	77
33	2
33	3
33	17
33	65
33	67
33	74
33	76
33	78
34	6
34	48
34	49
34	59
34	60
34	67
34	71
34	81
35	28
35	43
35	49
35	56
35	68
35	79
35	80
35	81
36	7
36	24
36	25
36	55
36	72
36	76
36	79
36	81
37	11
37	32
37	50
37	59
37	66
37	70
37	74
37	79
38	17
38	23
38	30
38	41
38	45
38	60
38	63
38	77
39	2
39	13
39	16
39	26
39	31
39	43
39	61
39	73
39	80
40	6
40	46
40	57
40	73
40	74
40	75
40	78
40	80
40	81
41	24
41	30
41	38
41	46
41	49
41	63
41	76
41	77
41	78
42	15
42	18
42	24
42	32
42	50
42	54
42	72
42	76
42	77
43	12
43	13
43	16
43	22
43	26
43	35
43	39
43	68
43	80
44	18
44	20
44	31
44	60
44	61
44	63
44	74
44	76
44	77
44	79
45	27
45	38
45	54
45	62
45	64
45	69
45	71
45	75
45	76
45	81
46	28
46	30
46	40
46	41
46	51
46	60
46	62
46	63
46	73
46	75
47	8
47	49
47	52
47	57
47	62
47	66
47	72
47	73
47	74
47	80
48	7
48	9
48	11
48	19
48	22
48	23
48	34
48	51
48	53
48	56
49	15
49	29
49	34
49	35
49	41
49	47
49	61
49	70
49	79
49	80
50	23
50	37
50	42
50	55
50	57
50	60
50	61
50	72
50	76
50	79
51	4
51	16
51	20
51	46
51	48
51	64
51	68
51	78
51	79
51	80
52	27
52	31
52	32
52	47
52	62
52	70
52	71
52	72
52	76
52	77
52	80
53	8
53	48
53	57
53	58
53	63
53	68
53	69
53	71
53	75
53	77
53	78
54	2
54	27
54	42
54	45
54	57
54	59
54	64
54	65
54	73
54	74
54	78
55	22
55	36
55	50
55	58
55	59
55	61
55	73
55	74
55	76
55	77
55	81
56	4
56	5
56	28
56	31
56	35
56	48
56	58
56	65
56	75
56	77
56	81
57	14
57	15
57	17
57	29
57	40
57	47
57	50
57	53
57	54
57	63
57	67
58	27
58	53
58	55
58	56
58	59
58	62
58	69
58	70
58	77
58	79
58	81
59	20
59	34
59	37
59	54
59	55
59	58
59	62
59	63
59	69
59	71
59	75
60	24
60	28
60	30
60	34
60	38
60	44
60	46
60	50
60	62
60	63
60	64
60	79
61	19
61	28
61	39
61	44
61	49
61	50
61	55
61	72
61	74
61	76
61	77
61	78
62	45
62	46
62	47
62	52
62	58
62	59
62	60
62	71
62	75
62	76
62	80
62	81
63	24
63	28
63	38
63	41
63	44
63	46
63	53
63	57
63	59
63	60
63	76
63	78
64	17
64	18
64	30
64	45
64	51
64	54
64	60
64	65
64	67
64	78
64	79
64	80
64	81
65	1
65	2
65	10
65	11
65	18
65	33
65	54
65	56
65	64
65	71
65	72
65	78
65	79
65	80
66	1
66	2
66	3
66	14
66	15
66	17
66	21
66	37
66	47
66	67
66	71
66	74
66	75
66	78
67	1
67	15
67	21
67	23
67	29
67	33
67	34
67	57
67	64
67	66
67	68
67	70
67	71
67	79
68	19
68	35
68	43
68	51
68	53
68	67
68	69
68	70
68	71
68	73
68	74
68	75
68	77
68	78
68	80
69	9
69	10
69	13
69	26
69	45
69	53
69	58
69	59
69	68
69	70
69	73
69	74
69	75
69	79
69	80
69	81
70	1
70	11
70	17
70	19
70	37
70	49
70	52
70	58
70	67
70	68
70	69
70	73
70	74
70	77
70	79
70	81
71	4
71	12
71	14
71	21
71	26
71	34
71	45
71	52
71	53
71	59
71	62
71	65
71	66
71	67
71	68
71	75
71	81
72	8
72	15
72	29
72	31
72	36
72	42
72	47
72	50
72	52
72	61
72	65
72	75
72	76
72	77
72	79
72	80
72	81
73	3
73	5
73	8
73	12
73	16
73	25
73	28
73	32
73	39
73	40
73	46
73	47
73	54
73	55
73	68
73	69
73	70
73	74
73	78
73	79
73	80
74	3
74	8
74	22
74	24
74	25
74	30
74	33
74	37
74	40
74	44
74	47
74	54
74	55
74	61
74	66
74	68
74	69
74	70
74	73
74	76
74	79
75	3
75	8
75	10
75	21
75	22
75	40
75	45
75	46
75	53
75	56
75	59
75	62
75	66
75	68
75	69
75	71
75	72
75	76
75	77
75	78
75	80
75	81
76	7
76	10
76	19
76	20
76	32
76	33
76	36
76	41
76	42
76	44
76	45
76	50
76	52
76	55
76	61
76	62
76	63
76	72
76	74
76	75
76	77
76	79
76	81
77	4
77	5
77	7
77	20
77	31
77	32
77	38
77	41
77	42
77	44
77	52
77	53
77	55
77	56
77	58
77	61
77	68
77	70
77	72
77	75
77	76
77	78
77	80
78	13
78	14
78	18
78	25
78	26
78	27
78	30
78	33
78	40
78	41
78	51
78	53
78	54
78	61
78	63
78	64
78	65
78	66
78	68
78	73
78	75
78	77
78	79
78	80
79	5
79	6
79	20
79	27
79	35
79	36
79	37
79	44
79	49
79	50
79	51
79	58
79	60
79	64
79	65
79	67
79	69
79	70
79	72
79	73
79	74
79	76
79	78
79	80
80	6
80	10
80	12
80	29
80	35
80	39
80	40
80	43
80	47
80	49
80	51
80	52
80	62
80	64
80	65
80	68
80	69
80	72
80	73
80	75
80	77
80	78
80	79
80	81
81	1
81	4
81	9
81	10
81	16
81	21
81	22
81	31
81	34
81	35
81	36
81	40
81	45
81	55
81	56
81	58
81	62
81	64
81	69
81	70
81	71
81	72
81	75
81	76
81	80
