1	59
1	65
1	66
1	71
1	79
1	81
2	4
2	28
2	46
2	49
2	69
2	72
3	51
3	64
3	68
3	75
3	79
3	80
4	2
4	7
4	43
4	45
4	75
4	78
5	41
5	42
5	62
5	73
5	74
5	75
6	52
6	63
6	67
6	71
6	73
6	81
7	4
7	36
7	49
7	68
7	75
7	81
8	39
8	41
8	45
8	48
8	79
8	81
9	50
9	65
9	72
9	76
9	77
9	80
10	12
10	25
10	38
10	63
10	65
10	70
11	37
11	40
11	51
11	55
11	58
11	59
12	10
12	25
12	28
12	40
12	67
12	77
13	38
13	45
13	59
13	71
13	74
13	77
14	25
14	31
14	36
14	47
14	79
14	81
15	55
15	60
15	67
15	70
15	75
15	77
16	20
16	49
16	56
16	60
16	69
16	73
16	80
17	18
17	29
17	71
17	77
17	78
17	80
17	81
18	17
18	36
18	42
18	56
18	61
18	76
18	80
19	23
19	42
19	47
19	58
19	68
19	69
19	75
20	16
20	23
20	37
20	43
20	48
20	58
20	76
21	42
21	49
21	59
21	62
21	67
21	72
21	81
22	26
22	32
22	41
22	46
22	56
22	60
22	80
23	19
23	20
23	30
23	44
23	51
23	68
23	75
24	48
24	51
24	53
24	69
24	74
24	78
24	80
25	10
25	12
25	14
25	51
25	62
25	71
25	79
26	22
26	27
26	43
26	44
26	54
26	56
26	74
27	26
27	33
27	63
27	71
27	72
27	73
27	81
28	2
28	12
28	36
28	50
28	72
28	73
28	75
29	17
29	46
29	57
29	58
29	66
29	73
29	80
30	23
30	39
30	42
30	56
30	69
30	76
30	78
31	14
31	34
31	35
31	64
31	70
31	78
31	79
32	22
32	54
32	57
32	68
32	74
32	79
32	80
33	27
33	39
33	52
33	65
33	76
33	78
33	79
33	80
34	31
34	52
34	58
34	64
34	65
34	66
34	70
34	72
35	31
35	53
35	62
35	63
35	67
35	68
35	79
35	80
36	7
36	14
36	18
36	28
36	43
36	59
36	62
36	71
37	11
37	20
37	41
37	47
37	53
37	54
37	58
37	66
38	10
38	13
38	47
38	57
38	62
38	65
38	75
38	81
39	8
39	30
39	33
39	50
39	55
39	63
39	80
39	81
40	11
40	12
40	58
40	67
40	70
40	73
40	74
40	81
41	5
41	8
41	22
41	37
41	69
41	72
41	78
41	81
42	5
42	18
42	19
42	21
42	30
42	50
42	61
42	69
42	76
43	4
43	20
43	26
43	36
43	44
43	59
43	74
43	76
43	78
44	23
44	26
44	43
44	48
44	56
44	64
44	71
44	78
44	79
45	4
45	8
45	13
45	51
45	54
45	55
45	68
45	75
45	77
46	2
46	22
46	29
46	48
46	50
46	60
46	61
46	71
46	81
47	14
47	19
47	37
47	38
47	52
47	54
47	77
47	78
47	79
48	8
48	20
48	24
48	44
48	46
48	53
48	65
48	68
48	80
49	2
49	7
49	16
49	21
49	50
49	51
49	61
49	69
49	81
50	9
50	28
50	39
50	42
50	46
50	49
50	60
50	69
50	80
50	81
51	3
51	11
51	23
51	24
51	25
51	45
51	49
51	59
51	68
51	75
52	6
52	33
52	34
52	47
52	59
52	64
52	67
52	69
52	70
52	73
52	76
53	24
53	35
53	37
53	48
53	57
53	66
53	70
53	75
53	76
53	77
53	80
54	26
54	32
54	37
54	45
54	47
54	55
54	58
54	60
54	69
54	77
54	80
55	11
55	15
55	39
55	45
55	54
55	59
55	72
55	73
55	76
55	77
55	81
56	16
56	18
56	22
56	26
56	30
56	44
56	60
56	61
56	66
56	70
56	76
57	29
57	32
57	38
57	53
57	59
57	63
57	65
57	67
57	68
57	71
57	78
57	79
58	11
58	19
58	20
58	29
58	34
58	37
58	40
58	54
58	63
58	66
58	67
58	77
59	1
59	11
59	13
59	21
59	36
59	43
59	51
59	52
59	55
59	57
59	63
59	81
60	15
60	16
60	22
60	46
60	50
60	54
60	56
60	69
60	76
60	78
60	79
60	80
61	18
61	42
61	46
61	49
61	56
61	63
61	66
61	69
61	70
61	73
61	74
61	78
62	5
62	21
62	25
62	35
62	36
62	38
62	64
62	65
62	72
62	73
62	78
62	79
63	6
63	10
63	27
63	35
63	39
63	57
63	58
63	59
63	61
63	72
63	73
63	80
64	3
64	31
64	34
64	44
64	52
64	62
64	66
64	70
64	72
64	77
64	78
64	79
64	80
65	1
65	9
65	10
65	33
65	34
65	38
65	48
65	57
65	62
65	67
65	68
65	74
65	76
66	1
66	29
66	34
66	37
66	53
66	56
66	58
66	61
66	64
66	72
66	79
66	80
66	81
67	6
67	12
67	15
67	21
67	35
67	40
67	52
67	57
67	58
67	65
67	74
67	76
67	81
68	3
68	7
68	19
68	23
68	32
68	35
68	45
68	48
68	51
68	57
68	65
68	75
68	77
68	81
69	2
69	16
69	19
69	24
69	30
69	41
69	42
69	49
69	50
69	52
69	54
69	60
69	61
69	77
69	79
70	10
70	15
70	31
70	34
70	40
70	52
70	53
70	56
70	61
70	64
70	73
70	74
70	77
70	79
70	81
71	1
71	6
71	13
71	17
71	25
71	27
71	36
71	44
71	46
71	57
71	72
71	77
71	78
71	79
71	80
72	2
72	9
72	21
72	27
72	28
72	34
72	41
72	55
72	62
72	63
72	64
72	66
72	71
72	80
72	81
73	5
73	6
73	16
73	27
73	28
73	29
73	40
73	52
73	55
73	61
73	62
73	63
73	70
73	75
73	79
73	81
74	5
74	13
74	24
74	26
74	32
74	40
74	43
74	61
74	65
74	67
74	70
74	75
74	76
74	77
74	78
74	80
75	3
75	4
75	5
75	7
75	15
75	19
75	23
75	28
75	38
75	45
75	51
75	53
75	68
75	73
75	74
75	78
76	9
76	18
76	20
76	30
76	33
76	42
76	43
76	52
76	53
76	55
76	56
76	60
76	65
76	67
76	74
76	77
76	81
77	9
77	12
77	13
77	15
77	17
77	45
77	47
77	53
77	54
77	55
77	58
77	64
77	68
77	69
77	70
77	71
77	74
77	76
78	4
78	17
78	24
78	30
78	31
78	33
78	41
78	43
78	44
78	47
78	57
78	60
78	61
78	62
78	64
78	71
78	74
78	75
78	79
78	80
79	1
79	3
79	8
79	14
79	25
79	31
79	32
79	33
79	35
79	44
79	47
79	57
79	60
79	62
79	64
79	66
79	69
79	70
79	71
79	73
79	78
80	3
80	9
80	16
80	17
80	18
80	22
80	24
80	29
80	32
80	33
80	35
80	39
80	48
80	50
80	53
80	54
80	60
80	63
80	64
80	66
80	71
80	72
80	74
80	78
81	1
81	6
81	7
81	8
81	14
81	17
81	21
81	27
81	38
81	39
81	40
81	41
81	46
81	49
81	50
81	55
81	59
81	66
81	67
81	68
81	70
81	72
81	73
81	76
