1	2
1	9
1	11
1	63
1	66
1	71
2	1
2	3
2	27
2	45
2	63
2	71
3	2
3	15
3	75
3	76
3	79
3	80
4	54
4	59
4	61
4	72
4	75
4	76
5	10
5	37
5	52
5	63
5	71
5	80
6	43
6	45
6	72
6	76
6	79
6	81
7	31
7	44
7	59
7	65
7	74
7	77
8	40
8	66
8	72
8	76
8	78
8	81
9	1
9	14
9	54
9	75
9	79
9	80
10	5
10	29
10	46
10	52
10	67
10	68
11	1
11	24
11	43
11	52
11	55
11	63
12	29
12	41
12	70
12	71
12	78
12	79
13	25
13	57
13	60
13	70
13	73
13	77
14	9
14	36
14	50
14	74
14	76
14	81
15	3
15	38
15	68
15	72
15	76
15	81
16	45
16	50
16	65
16	66
16	71
16	76
17	19
17	69
17	72
17	76
17	77
17	81
18	35
18	41
18	43
18	50
18	53
18	66
18	78
19	17
19	42
19	44
19	61
19	73
19	75
19	77
20	44
20	48
20	51
20	64
20	76
20	80
20	81
21	42
21	49
21	69
21	70
21	76
21	78
21	80
22	29
22	46
22	48
22	69
22	72
22	76
22	81
23	30
23	41
23	43
23	53
23	68
23	70
23	74
24	11
24	28
24	54
24	64
24	74
24	75
24	80
25	13
25	26
25	31
25	32
25	56
25	67
25	75
26	25
26	39
26	71
26	73
26	75
26	76
26	78
27	2
27	52
27	54
27	57
27	63
27	70
27	76
28	24
28	46
28	71
28	72
28	74
28	76
28	81
29	10
29	12
29	22
29	52
29	63
29	74
29	80
30	23
30	37
30	42
30	45
30	48
30	50
30	62
30	78
31	7
31	25
31	34
31	37
31	47
31	55
31	57
31	77
32	25
32	58
32	69
32	70
32	71
32	75
32	77
32	80
33	40
33	41
33	45
33	50
33	53
33	62
33	63
33	80
34	31
34	42
34	55
34	63
34	73
34	77
34	79
34	81
35	18
35	39
35	58
35	64
35	69
35	74
35	78
35	81
36	14
36	41
36	46
36	55
36	60
36	72
36	76
36	77
36	81
37	5
37	30
37	31
37	41
37	43
37	45
37	53
37	66
37	72
38	15
38	47
38	49
38	53
38	59
38	61
38	69
38	70
38	78
39	26
39	35
39	48
39	51
39	54
39	66
39	67
39	73
39	81
40	8
40	33
40	48
40	53
40	60
40	65
40	67
40	69
40	72
41	12
41	18
41	23
41	33
41	36
41	37
41	53
41	66
41	68
41	72
42	19
42	21
42	30
42	34
42	48
42	60
42	73
42	77
42	78
42	79
43	6
43	11
43	18
43	23
43	37
43	45
43	50
43	63
43	70
43	74
44	7
44	19
44	20
44	61
44	68
44	73
44	74
44	75
44	79
44	80
45	2
45	6
45	16
45	30
45	33
45	37
45	43
45	50
45	78
45	81
46	10
46	22
46	28
46	36
46	69
46	76
46	78
46	79
46	80
46	81
47	31
47	38
47	60
47	61
47	68
47	71
47	73
47	75
47	77
47	78
48	20
48	22
48	30
48	39
48	40
48	42
48	56
48	66
48	68
48	70
49	21
49	38
49	52
49	59
49	69
49	70
49	75
49	78
49	79
49	81
50	14
50	16
50	18
50	30
50	33
50	43
50	45
50	60
50	73
50	75
50	80
51	20
51	39
51	56
51	57
51	58
51	62
51	66
51	74
51	76
51	79
51	80
52	5
52	10
52	11
52	27
52	29
52	49
52	55
52	63
52	67
52	74
52	81
53	18
53	23
53	33
53	37
53	38
53	40
53	41
53	57
53	60
53	72
53	73
54	4
54	9
54	24
54	27
54	39
54	59
54	60
54	61
54	73
54	77
54	81
55	11
55	31
55	34
55	36
55	52
55	56
55	57
55	74
55	75
55	79
55	80
56	25
56	48
56	51
56	55
56	57
56	58
56	61
56	64
56	65
56	67
56	78
57	13
57	27
57	31
57	51
57	53
57	55
57	56
57	67
57	74
57	75
57	79
57	80
58	32
58	35
58	51
58	56
58	62
58	65
58	67
58	68
58	75
58	77
58	79
58	80
59	4
59	7
59	38
59	49
59	54
59	61
59	70
59	73
59	74
59	77
59	78
59	79
60	13
60	36
60	40
60	42
60	47
60	50
60	53
60	54
60	65
60	70
60	73
60	77
61	4
61	19
61	38
61	44
61	47
61	54
61	56
61	59
61	62
61	71
61	73
61	77
61	79
62	30
62	33
62	51
62	58
62	61
62	65
62	68
62	69
62	74
62	75
62	77
62	79
62	80
63	1
63	2
63	5
63	11
63	27
63	29
63	33
63	34
63	43
63	52
63	64
63	76
63	78
64	20
64	24
64	35
64	56
64	63
64	66
64	67
64	68
64	71
64	72
64	76
64	78
64	81
65	7
65	16
65	40
65	56
65	58
65	60
65	62
65	66
65	67
65	69
65	71
65	73
65	77
65	79
66	1
66	8
66	16
66	18
66	37
66	39
66	41
66	48
66	51
66	64
66	65
66	70
66	72
66	78
67	10
67	25
67	39
67	40
67	52
67	56
67	57
67	58
67	64
67	65
67	74
67	76
67	77
67	78
68	10
68	15
68	23
68	41
68	44
68	47
68	48
68	58
68	62
68	64
68	74
68	75
68	79
68	80
69	17
69	21
69	22
69	32
69	35
69	38
69	40
69	46
69	49
69	62
69	65
69	71
69	75
69	77
69	79
70	12
70	13
70	21
70	23
70	27
70	32
70	38
70	43
70	48
70	49
70	59
70	60
70	66
70	71
70	72
70	73
70	78
70	81
71	1
71	2
71	5
71	12
71	16
71	26
71	28
71	32
71	47
71	61
71	64
71	65
71	69
71	70
71	77
71	78
71	79
71	80
72	4
72	6
72	8
72	15
72	17
72	22
72	28
72	36
72	37
72	40
72	41
72	53
72	64
72	66
72	70
72	76
72	77
72	81
73	13
73	19
73	26
73	34
73	39
73	42
73	44
73	47
73	50
73	53
73	54
73	59
73	60
73	61
73	65
73	70
73	77
73	79
73	80
74	7
74	14
74	23
74	24
74	28
74	29
74	35
74	43
74	44
74	51
74	52
74	55
74	57
74	59
74	62
74	67
74	68
74	75
74	79
74	80
75	3
75	4
75	9
75	19
75	24
75	25
75	26
75	32
75	44
75	47
75	49
75	50
75	55
75	57
75	58
75	62
75	68
75	69
75	74
75	78
75	79
75	80
75	81
76	3
76	4
76	6
76	8
76	14
76	15
76	16
76	17
76	20
76	21
76	22
76	26
76	27
76	28
76	36
76	46
76	51
76	63
76	64
76	67
76	72
76	78
76	81
77	7
77	13
77	17
77	19
77	31
77	32
77	34
77	36
77	42
77	47
77	54
77	58
77	59
77	60
77	61
77	62
77	65
77	67
77	69
77	71
77	72
77	73
77	80
77	81
78	8
78	12
78	18
78	21
78	26
78	30
78	35
78	38
78	42
78	45
78	46
78	47
78	49
78	56
78	59
78	63
78	64
78	66
78	67
78	70
78	71
78	75
78	76
78	81
79	3
79	6
79	9
79	12
79	34
79	42
79	44
79	46
79	49
79	51
79	55
79	57
79	58
79	59
79	61
79	62
79	65
79	68
79	69
79	71
79	73
79	74
79	75
79	80
80	3
80	5
80	9
80	20
80	21
80	24
80	29
80	32
80	33
80	44
80	46
80	50
80	51
80	55
80	57
80	58
80	62
80	68
80	71
80	73
80	74
80	75
80	77
80	79
80	81
81	6
81	8
81	14
81	15
81	17
81	20
81	22
81	28
81	34
81	35
81	36
81	39
81	45
81	46
81	49
81	52
81	54
81	64
81	70
81	72
81	75
81	76
81	77
81	78
81	80
