1	47
1	50
1	63
1	68
1	76
1	79
2	8
2	28
2	67
2	70
2	76
2	79
3	7
3	16
3	49
3	51
3	59
3	69
4	11
4	27
4	52
4	56
4	73
4	78
5	21
5	29
5	41
5	51
5	62
5	64
6	13
6	24
6	62
6	64
6	74
6	76
7	3
7	34
7	52
7	75
7	77
7	81
8	2
8	39
8	49
8	58
8	65
8	68
9	47
9	53
9	54
9	61
9	73
9	78
10	14
10	35
10	48
10	58
10	60
10	65
11	4
11	57
11	60
11	66
11	67
11	75
12	44
12	50
12	69
12	73
12	77
12	78
13	6
13	26
13	37
13	41
13	61
13	70
14	10
14	57
14	64
14	72
14	76
14	79
15	57
15	60
15	66
15	68
15	73
15	80
16	3
16	34
16	40
16	62
16	64
16	69
17	40
17	42
17	59
17	62
17	64
17	81
18	49
18	50
18	57
18	66
18	73
18	81
19	45
19	58
19	60
19	65
19	71
19	79
20	49
20	51
20	58
20	59
20	68
20	81
21	5
21	35
21	52
21	62
21	64
21	65
21	67
22	23
22	30
22	37
22	41
22	61
22	71
22	73
23	22
23	24
23	27
23	61
23	65
23	78
23	80
24	6
24	23
24	40
24	62
24	64
24	70
24	81
25	40
25	44
25	69
25	70
25	73
25	76
25	78
26	13
26	30
26	31
26	32
26	55
26	61
26	78
27	4
27	23
27	30
27	36
27	41
27	61
27	74
28	2
28	41
28	46
28	69
28	78
28	79
28	80
29	5
29	34
29	48
29	67
29	74
29	80
29	81
30	22
30	26
30	27
30	36
30	48
30	61
30	73
31	26
31	35
31	36
31	49
31	51
31	59
31	78
32	26
32	41
32	51
32	61
32	64
32	79
32	80
33	35
33	37
33	50
33	52
33	60
33	65
33	66
34	7
34	16
34	29
34	54
34	69
34	72
34	73
34	78
35	10
35	21
35	31
35	33
35	42
35	51
35	56
35	59
36	27
36	30
36	31
36	67
36	70
36	72
36	76
36	79
37	13
37	22
37	33
37	41
37	55
37	63
37	72
37	79
38	39
38	73
38	75
38	77
38	78
38	79
38	80
38	81
39	8
39	38
39	48
39	55
39	58
39	63
39	65
39	78
40	16
40	17
40	24
40	25
40	62
40	64
40	68
40	69
40	80
41	5
41	13
41	22
41	27
41	28
41	32
41	37
41	62
41	66
42	17
42	35
42	44
42	49
42	51
42	59
42	64
42	80
42	81
43	53
43	57
43	59
43	64
43	65
43	74
43	77
43	80
43	81
44	12
44	25
44	42
44	45
44	48
44	58
44	65
44	70
44	75
45	19
45	44
45	48
45	58
45	65
45	69
45	74
45	75
45	78
45	80
46	28
46	52
46	54
46	58
46	62
46	69
46	72
46	75
46	78
46	80
47	1
47	9
47	57
47	60
47	65
47	74
47	75
47	77
47	80
47	81
48	10
48	29
48	30
48	39
48	44
48	45
48	58
48	60
48	65
48	76
48	80
49	3
49	8
49	18
49	20
49	31
49	42
49	51
49	59
49	60
49	77
49	81
50	1
50	12
50	18
50	33
50	56
50	57
50	60
50	66
50	70
50	76
50	80
51	3
51	5
51	20
51	31
51	32
51	35
51	42
51	49
51	59
51	69
51	70
52	4
52	7
52	21
52	33
52	46
52	54
52	66
52	69
52	70
52	73
52	77
52	78
53	9
53	43
53	55
53	57
53	62
53	63
53	70
53	72
53	76
53	77
53	79
53	81
54	9
54	34
54	46
54	52
54	63
54	67
54	69
54	71
54	73
54	74
54	77
54	78
54	79
55	26
55	37
55	39
55	53
55	59
55	61
55	63
55	69
55	70
55	72
55	74
55	76
55	79
56	4
56	35
56	50
56	57
56	60
56	63
56	64
56	66
56	68
56	71
56	76
57	11
57	14
57	15
57	18
57	43
57	47
57	50
57	53
57	56
57	59
57	60
57	63
57	66
58	8
58	10
58	19
58	20
58	39
58	44
58	45
58	46
58	48
58	62
58	65
58	66
58	68
58	71
59	3
59	17
59	20
59	31
59	35
59	42
59	43
59	49
59	51
59	55
59	57
59	61
59	71
59	77
60	10
60	11
60	15
60	19
60	33
60	47
60	48
60	49
60	50
60	56
60	57
60	66
60	76
60	77
61	9
61	13
61	22
61	23
61	26
61	27
61	30
61	32
61	55
61	59
61	68
61	69
61	77
61	79
61	81
62	5
62	6
62	16
62	17
62	21
62	24
62	40
62	41
62	46
62	53
62	58
62	64
62	66
62	78
62	81
63	1
63	37
63	39
63	53
63	54
63	55
63	56
63	57
63	69
63	70
63	72
63	75
63	76
63	79
63	81
64	5
64	6
64	14
64	16
64	17
64	21
64	24
64	32
64	40
64	42
64	43
64	56
64	62
64	65
64	75
65	8
65	10
65	19
65	21
65	23
65	33
65	39
65	43
65	44
65	45
65	47
65	48
65	58
65	64
65	67
65	74
66	11
66	15
66	18
66	33
66	41
66	50
66	52
66	56
66	57
66	58
66	60
66	62
66	71
66	74
66	79
66	80
67	2
67	11
67	21
67	29
67	36
67	54
67	65
67	68
67	71
67	72
67	74
67	75
67	76
67	77
67	80
67	81
68	1
68	8
68	15
68	20
68	40
68	56
68	58
68	61
68	67
68	71
68	74
68	75
68	77
68	80
68	81
69	3
69	12
69	16
69	25
69	28
69	34
69	40
69	45
69	46
69	51
69	52
69	54
69	55
69	61
69	63
69	73
69	78
70	2
70	13
70	24
70	25
70	36
70	44
70	50
70	51
70	52
70	53
70	55
70	63
70	71
70	72
70	76
70	78
70	79
71	19
71	22
71	54
71	56
71	58
71	59
71	66
71	67
71	68
71	70
71	72
71	74
71	75
71	77
71	80
71	81
72	14
72	34
72	36
72	37
72	46
72	53
72	55
72	63
72	67
72	70
72	71
72	73
72	75
72	76
72	77
72	78
72	79
72	80
73	4
73	9
73	12
73	15
73	18
73	22
73	25
73	30
73	34
73	38
73	52
73	54
73	69
73	72
73	75
73	76
73	78
73	79
73	81
74	6
74	27
74	29
74	43
74	45
74	47
74	54
74	55
74	65
74	66
74	67
74	68
74	71
74	75
74	76
74	77
74	79
74	80
74	81
75	7
75	11
75	38
75	44
75	45
75	46
75	47
75	63
75	64
75	67
75	68
75	71
75	72
75	73
75	74
75	77
75	78
75	80
75	81
76	1
76	2
76	6
76	14
76	25
76	36
76	48
76	50
76	53
76	55
76	56
76	60
76	63
76	67
76	70
76	72
76	73
76	74
76	79
76	81
77	7
77	12
77	38
77	43
77	47
77	49
77	52
77	53
77	54
77	59
77	60
77	61
77	67
77	68
77	71
77	72
77	74
77	75
77	79
77	80
77	81
78	4
78	9
78	12
78	23
78	25
78	26
78	28
78	31
78	34
78	38
78	39
78	45
78	46
78	52
78	54
78	62
78	69
78	70
78	72
78	73
78	75
78	79
79	1
79	2
79	14
79	19
79	28
79	32
79	36
79	37
79	38
79	53
79	54
79	55
79	61
79	63
79	66
79	70
79	72
79	73
79	74
79	76
79	77
79	78
80	15
80	23
80	28
80	29
80	32
80	38
80	40
80	42
80	43
80	45
80	46
80	47
80	48
80	50
80	66
80	67
80	68
80	71
80	72
80	74
80	75
80	77
80	81
81	7
81	17
81	18
81	20
81	24
81	29
81	38
81	42
81	43
81	47
81	49
81	53
81	61
81	62
81	63
81	67
81	68
81	71
81	73
81	74
81	75
81	76
81	77
81	80
