1	10
1	11
1	20
1	57
1	58
1	70
2	44
2	58
2	60
2	61
2	72
2	75
3	49
3	50
3	68
3	70
3	74
3	78
4	46
4	52
4	65
4	66
4	78
4	81
5	14
5	66
5	68
5	73
5	79
5	80
6	15
6	26
6	42
6	61
6	75
6	76
7	20
7	57
7	61
7	62
7	65
7	81
8	59
8	66
8	72
8	78
8	79
8	81
9	29
9	57
9	63
9	64
9	68
9	80
10	1
10	47
10	58
10	59
10	60
10	61
11	1
11	27
11	58
11	74
11	75
11	80
12	23
12	53
12	66
12	71
12	73
12	80
13	49
13	54
13	69
13	72
13	73
13	77
14	5
14	41
14	66
14	69
14	71
14	74
15	6
15	27
15	53
15	63
15	64
15	72
16	27
16	60
16	75
16	76
16	78
16	81
17	67
17	72
17	73
17	74
17	77
17	81
18	40
18	69
18	70
18	71
18	79
18	81
19	22
19	36
19	55
19	59
19	71
19	78
20	1
20	7
20	34
20	57
20	70
20	77
21	28
21	39
21	46
21	54
21	65
21	70
21	72
22	19
22	42
22	56
22	59
22	63
22	77
22	81
23	12
23	43
23	62
23	68
23	78
23	79
23	81
24	35
24	47
24	60
24	63
24	69
24	75
24	80
25	46
25	49
25	63
25	73
25	74
25	76
25	80
26	6
26	32
26	39
26	50
26	51
26	65
26	69
26	79
27	11
27	15
27	16
27	46
27	51
27	70
27	71
27	75
28	21
28	35
28	48
28	58
28	65
28	78
28	79
28	81
29	9
29	48
29	51
29	54
29	67
29	72
29	77
29	81
30	38
30	41
30	42
30	58
30	65
30	75
30	80
30	81
31	35
31	40
31	48
31	59
31	61
31	67
31	69
31	78
32	26
32	38
32	40
32	42
32	52
32	57
32	66
32	81
33	57
33	60
33	61
33	63
33	70
33	71
33	74
33	75
34	20
34	55
34	56
34	63
34	64
34	69
34	73
34	80
35	24
35	28
35	31
35	45
35	51
35	73
35	76
35	80
36	19
36	38
36	49
36	52
36	57
36	62
36	71
36	72
37	50
37	56
37	64
37	69
37	74
37	75
37	76
37	80
38	30
38	32
38	36
38	40
38	59
38	74
38	75
38	78
38	80
39	21
39	26
39	52
39	67
39	68
39	76
39	77
39	78
39	81
40	18
40	31
40	32
40	38
40	53
40	59
40	62
40	66
40	71
41	14
41	30
41	46
41	50
41	54
41	70
41	72
41	75
41	78
42	6
42	22
42	30
42	32
42	50
42	65
42	73
42	77
42	78
43	23
43	46
43	54
43	56
43	64
43	66
43	74
43	76
43	80
44	2
44	58
44	64
44	69
44	71
44	74
44	75
44	78
44	79
45	35
45	47
45	56
45	61
45	66
45	67
45	68
45	76
45	79
45	80
46	4
46	21
46	25
46	27
46	41
46	43
46	53
46	60
46	70
46	72
47	10
47	24
47	45
47	54
47	60
47	61
47	62
47	63
47	73
47	79
48	28
48	29
48	31
48	56
48	60
48	62
48	70
48	78
48	80
48	81
49	3
49	13
49	25
49	36
49	51
49	53
49	54
49	66
49	70
49	72
49	77
50	3
50	26
50	37
50	41
50	42
50	53
50	56
50	68
50	70
50	72
50	79
51	26
51	27
51	29
51	35
51	49
51	61
51	64
51	65
51	68
51	77
51	79
52	4
52	32
52	36
52	39
52	53
52	55
52	58
52	71
52	75
52	78
52	79
53	12
53	15
53	40
53	46
53	49
53	50
53	52
53	62
53	70
53	72
53	78
54	13
54	21
54	29
54	41
54	43
54	47
54	49
54	57
54	65
54	66
54	70
54	72
55	19
55	34
55	52
55	60
55	68
55	72
55	73
55	74
55	75
55	77
55	79
55	80
56	22
56	34
56	37
56	43
56	45
56	48
56	50
56	57
56	68
56	73
56	76
56	79
56	80
57	1
57	7
57	9
57	20
57	32
57	33
57	36
57	54
57	56
57	66
57	67
57	74
57	79
58	1
58	2
58	10
58	11
58	28
58	30
58	44
58	52
58	59
58	62
58	71
58	74
58	77
58	79
59	8
59	10
59	19
59	22
59	31
59	38
59	40
59	58
59	62
59	71
59	74
59	78
59	79
59	80
60	2
60	10
60	16
60	24
60	33
60	46
60	47
60	48
60	55
60	63
60	69
60	75
60	77
60	78
60	81
61	2
61	6
61	7
61	10
61	31
61	33
61	45
61	47
61	51
61	63
61	67
61	75
61	77
61	78
61	79
62	7
62	23
62	36
62	40
62	47
62	48
62	53
62	58
62	59
62	63
62	65
62	76
62	77
62	78
62	81
63	9
63	15
63	22
63	24
63	25
63	33
63	34
63	47
63	60
63	61
63	62
63	73
63	75
63	76
63	79
64	9
64	15
64	34
64	37
64	43
64	44
64	51
64	65
64	66
64	68
64	71
64	73
64	76
64	77
64	80
65	4
65	7
65	21
65	26
65	28
65	30
65	42
65	51
65	54
65	62
65	64
65	71
65	74
65	75
65	78
65	81
66	4
66	5
66	8
66	12
66	14
66	32
66	40
66	43
66	45
66	49
66	54
66	57
66	64
66	73
66	76
66	77
66	80
67	17
67	29
67	31
67	39
67	45
67	57
67	61
67	69
67	70
67	72
67	73
67	74
67	76
67	77
67	79
67	80
67	81
68	3
68	5
68	9
68	23
68	39
68	45
68	50
68	51
68	55
68	56
68	64
68	69
68	71
68	74
68	76
68	77
68	79
68	81
69	13
69	14
69	18
69	24
69	26
69	31
69	34
69	37
69	44
69	60
69	67
69	68
69	73
69	74
69	77
69	79
69	80
69	81
70	1
70	3
70	18
70	20
70	21
70	27
70	33
70	41
70	46
70	48
70	49
70	50
70	53
70	54
70	67
70	72
70	76
70	77
71	12
71	14
71	18
71	19
71	27
71	33
71	36
71	40
71	44
71	52
71	58
71	59
71	64
71	65
71	68
71	75
71	79
71	81
72	2
72	8
72	13
72	15
72	17
72	21
72	29
72	36
72	41
72	46
72	49
72	50
72	53
72	54
72	55
72	67
72	70
72	78
72	80
73	5
73	12
73	13
73	17
73	25
73	34
73	35
73	42
73	47
73	55
73	56
73	63
73	64
73	66
73	67
73	69
73	76
73	77
73	80
73	81
74	3
74	11
74	14
74	17
74	25
74	33
74	37
74	38
74	43
74	44
74	55
74	57
74	58
74	59
74	65
74	67
74	68
74	69
74	76
74	77
75	2
75	6
75	11
75	16
75	24
75	27
75	30
75	33
75	37
75	38
75	41
75	44
75	52
75	55
75	60
75	61
75	63
75	65
75	71
75	81
76	6
76	16
76	25
76	35
76	37
76	39
76	43
76	45
76	56
76	62
76	63
76	64
76	66
76	67
76	68
76	70
76	73
76	74
76	78
76	80
77	13
77	17
77	20
77	22
77	29
77	39
77	42
77	49
77	51
77	55
77	58
77	60
77	61
77	62
77	64
77	66
77	67
77	68
77	69
77	70
77	73
77	74
77	80
78	3
78	4
78	8
78	16
78	19
78	23
78	28
78	31
78	38
78	39
78	41
78	42
78	44
78	48
78	52
78	53
78	59
78	60
78	61
78	62
78	65
78	72
78	76
78	81
79	5
79	8
79	18
79	23
79	26
79	28
79	44
79	45
79	47
79	50
79	51
79	52
79	55
79	56
79	57
79	58
79	59
79	61
79	63
79	67
79	68
79	69
79	71
79	81
80	5
80	9
80	11
80	12
80	24
80	25
80	30
80	34
80	35
80	37
80	38
80	43
80	45
80	48
80	55
80	56
80	59
80	64
80	66
80	67
80	69
80	72
80	73
80	76
80	77
81	4
81	7
81	8
81	16
81	17
81	18
81	22
81	23
81	28
81	29
81	30
81	32
81	39
81	48
81	60
81	62
81	65
81	67
81	68
81	69
81	71
81	73
81	75
81	78
81	79
