1	7
1	40
1	57
1	71
1	78
1	81
2	21
2	49
2	69
2	71
2	74
2	75
3	8
3	29
3	64
3	68
3	69
3	77
4	30
4	56
4	69
4	72
4	73
4	79
5	11
5	14
5	55
5	57
5	76
5	79
6	50
6	68
6	71
6	73
6	76
6	80
7	1
7	8
7	19
7	56
7	65
7	81
8	3
8	7
8	17
8	41
8	62
8	79
9	59
9	61
9	65
9	71
9	78
9	79
10	18
10	62
10	74
10	75
10	76
10	79
11	5
11	24
11	25
11	54
11	67
11	75
12	13
12	29
12	37
12	42
12	64
12	70
13	12
13	20
13	23
13	65
13	78
13	81
14	5
14	27
14	57
14	67
14	75
14	77
15	17
15	31
15	48
15	76
15	78
15	79
16	37
16	48
16	50
16	55
16	72
16	74
17	8
17	15
17	51
17	56
17	68
17	72
17	74
18	10
18	34
18	45
18	47
18	68
18	75
18	78
19	7
19	30
19	51
19	65
19	75
19	80
19	81
20	13
20	56
20	68
20	71
20	74
20	79
20	81
21	2
21	66
21	67
21	71
21	76
21	79
21	80
22	49
22	60
22	66
22	71
22	76
22	78
22	80
23	13
23	36
23	37
23	49
23	66
23	74
23	80
24	11
24	48
24	56
24	69
24	72
24	74
24	81
25	11
25	41
25	64
25	66
25	68
25	69
25	72
26	35
26	51
26	61
26	63
26	66
26	70
26	77
27	14
27	35
27	46
27	68
27	70
27	74
27	81
28	54
28	62
28	69
28	74
28	75
28	78
28	80
29	3
29	12
29	34
29	42
29	51
29	68
29	77
30	4
30	19
30	50
30	69
30	74
30	75
30	77
31	15
31	36
31	57
31	62
31	65
31	75
31	81
32	50
32	53
32	65
32	72
32	73
32	76
32	78
33	37
33	50
33	58
33	59
33	62
33	64
33	67
33	81
34	18
34	29
34	49
34	61
34	73
34	77
34	80
34	81
35	26
35	27
35	39
35	53
35	61
35	72
35	75
35	81
36	23
36	31
36	53
36	61
36	71
36	72
36	76
36	80
37	12
37	16
37	23
37	33
37	60
37	71
37	73
37	77
38	44
38	46
38	48
38	51
38	60
38	65
38	72
38	76
39	35
39	52
39	57
39	62
39	67
39	70
39	74
39	75
40	1
40	48
40	52
40	53
40	69
40	75
40	79
40	80
40	81
41	8
41	25
41	58
41	59
41	61
41	64
41	66
41	67
41	74
42	12
42	29
42	45
42	54
42	56
42	61
42	62
42	72
42	77
43	47
43	52
43	54
43	55
43	65
43	70
43	76
43	78
43	80
44	38
44	52
44	62
44	69
44	72
44	73
44	75
44	77
44	80
45	18
45	42
45	49
45	54
45	58
45	63
45	64
45	74
45	78
45	79
46	27
46	38
46	54
46	61
46	63
46	65
46	77
46	78
46	79
46	80
47	18
47	43
47	53
47	55
47	58
47	60
47	67
47	71
47	76
47	80
48	15
48	16
48	24
48	38
48	40
48	56
48	61
48	64
48	69
48	77
49	2
49	22
49	23
49	34
49	45
49	70
49	72
49	73
49	77
49	80
50	6
50	16
50	30
50	32
50	33
50	54
50	63
50	65
50	67
50	79
51	17
51	19
51	26
51	29
51	38
51	53
51	59
51	65
51	67
51	73
51	79
52	39
52	40
52	43
52	44
52	66
52	68
52	71
52	73
52	76
52	80
52	81
53	32
53	35
53	36
53	40
53	47
53	51
53	58
53	68
53	69
53	78
53	79
54	11
54	28
54	42
54	43
54	45
54	46
54	50
54	63
54	78
54	79
54	81
55	5
55	16
55	43
55	47
55	59
55	60
55	66
55	69
55	71
55	76
55	78
55	80
56	4
56	7
56	17
56	20
56	24
56	42
56	48
56	68
56	70
56	73
56	77
56	81
57	1
57	5
57	14
57	31
57	39
57	58
57	59
57	64
57	66
57	67
57	70
57	80
58	33
58	41
58	45
58	47
58	53
58	57
58	59
58	64
58	67
58	70
58	75
58	79
59	9
59	33
59	41
59	51
59	55
59	57
59	58
59	64
59	67
59	70
59	73
59	75
59	77
60	22
60	37
60	38
60	47
60	55
60	68
60	70
60	71
60	72
60	73
60	74
60	77
60	78
61	9
61	26
61	34
61	35
61	36
61	41
61	42
61	46
61	48
61	62
61	63
61	70
61	73
61	77
62	8
62	10
62	28
62	31
62	33
62	39
62	42
62	44
62	61
62	63
62	69
62	74
62	77
62	81
63	26
63	45
63	46
63	50
63	54
63	61
63	62
63	64
63	67
63	68
63	74
63	75
63	78
63	79
64	3
64	12
64	25
64	33
64	41
64	45
64	48
64	57
64	58
64	59
64	63
64	67
64	70
64	77
64	78
65	7
65	9
65	13
65	19
65	31
65	32
65	38
65	43
65	46
65	50
65	51
65	68
65	70
65	73
65	81
66	21
66	22
66	23
66	25
66	26
66	41
66	52
66	55
66	57
66	70
66	71
66	73
66	76
66	78
66	79
66	80
67	11
67	14
67	21
67	33
67	39
67	41
67	47
67	50
67	51
67	57
67	58
67	59
67	63
67	64
67	75
67	79
67	81
68	3
68	6
68	17
68	18
68	20
68	25
68	27
68	29
68	52
68	53
68	56
68	60
68	63
68	65
68	76
68	78
68	80
69	2
69	3
69	4
69	24
69	25
69	28
69	30
69	40
69	44
69	48
69	53
69	55
69	62
69	74
69	75
69	77
69	79
69	81
70	12
70	26
70	27
70	39
70	43
70	49
70	56
70	57
70	58
70	59
70	60
70	61
70	64
70	65
70	66
70	71
70	72
70	73
70	77
71	1
71	2
71	6
71	9
71	20
71	21
71	22
71	36
71	37
71	47
71	52
71	55
71	60
71	66
71	70
71	73
71	76
71	78
71	80
72	4
72	16
72	17
72	24
72	25
72	32
72	35
72	36
72	38
72	42
72	44
72	49
72	60
72	70
72	73
72	75
72	76
72	77
72	78
73	4
73	6
73	32
73	34
73	37
73	44
73	49
73	51
73	52
73	56
73	59
73	60
73	61
73	65
73	66
73	70
73	71
73	72
73	80
74	2
74	10
74	16
74	17
74	20
74	23
74	24
74	27
74	28
74	30
74	39
74	41
74	45
74	60
74	62
74	63
74	69
74	76
74	77
74	79
74	81
75	2
75	10
75	11
75	14
75	18
75	19
75	28
75	30
75	31
75	35
75	39
75	40
75	44
75	58
75	59
75	63
75	67
75	69
75	72
75	76
75	80
75	81
76	5
76	6
76	10
76	15
76	21
76	22
76	32
76	36
76	38
76	43
76	47
76	52
76	55
76	66
76	68
76	71
76	72
76	74
76	75
76	77
76	80
76	81
77	3
77	14
77	26
77	29
77	30
77	34
77	37
77	42
77	44
77	46
77	48
77	49
77	56
77	59
77	60
77	61
77	62
77	64
77	69
77	70
77	72
77	74
77	76
78	1
78	9
78	13
78	15
78	18
78	22
78	28
78	32
78	43
78	45
78	46
78	53
78	54
78	55
78	60
78	63
78	64
78	66
78	68
78	71
78	72
78	79
78	81
79	4
79	5
79	8
79	9
79	10
79	15
79	20
79	21
79	40
79	45
79	46
79	50
79	51
79	53
79	54
79	58
79	63
79	66
79	67
79	69
79	74
79	78
79	80
79	81
80	6
80	19
80	21
80	22
80	23
80	28
80	34
80	36
80	40
80	43
80	44
80	46
80	47
80	49
80	52
80	55
80	57
80	66
80	68
80	71
80	73
80	75
80	76
80	79
81	1
81	7
81	13
81	19
81	20
81	24
81	27
81	31
81	33
81	34
81	35
81	40
81	52
81	54
81	56
81	62
81	65
81	67
81	69
81	74
81	75
81	76
81	78
81	79
