1	24
1	36
1	41
1	58
1	62
1	73
2	25
2	50
2	52
2	55
2	56
2	77
3	9
3	10
3	25
3	56
3	64
3	65
4	48
4	51
4	56
4	57
4	71
4	81
5	9
5	16
5	50
5	56
5	74
5	80
6	21
6	59
6	75
6	77
6	80
6	81
7	22
7	68
7	74
7	76
7	79
7	80
8	11
8	13
8	38
8	43
8	64
8	81
9	3
9	5
9	50
9	69
9	78
9	80
10	3
10	31
10	51
10	53
10	68
10	78
11	8
11	26
11	35
11	66
11	79
11	81
12	35
12	60
12	71
12	76
12	77
12	79
13	8
13	32
13	36
13	60
13	74
13	76
14	43
14	52
14	61
14	63
14	76
14	80
14	81
15	46
15	56
15	62
15	65
15	67
15	72
15	75
16	5
16	28
16	45
16	48
16	73
16	77
16	78
17	28
17	31
17	43
17	62
17	77
17	80
17	81
18	45
18	57
18	60
18	66
18	67
18	70
18	71
19	38
19	50
19	53
19	61
19	70
19	74
19	77
20	47
20	59
20	68
20	69
20	72
20	75
20	81
21	6
21	33
21	46
21	54
21	64
21	67
21	75
22	7
22	24
22	45
22	49
22	51
22	52
22	64
23	29
23	45
23	64
23	68
23	69
23	71
23	78
24	1
24	22
24	54
24	59
24	62
24	64
24	71
25	2
25	3
25	40
25	50
25	56
25	62
25	73
26	11
26	52
26	68
26	75
26	77
26	79
26	81
27	35
27	41
27	49
27	50
27	73
27	78
27	79
28	16
28	17
28	36
28	64
28	66
28	72
28	75
29	23
29	52
29	55
29	56
29	63
29	73
29	78
30	38
30	46
30	54
30	57
30	59
30	67
30	77
31	10
31	17
31	40
31	45
31	56
31	75
31	80
32	13
32	43
32	58
32	69
32	73
32	75
32	78
32	79
33	21
33	39
33	57
33	59
33	62
33	67
33	70
33	71
34	43
34	49
34	62
34	71
34	73
34	75
34	76
34	78
35	11
35	12
35	27
35	44
35	48
35	65
35	77
35	81
36	1
36	13
36	28
36	60
36	64
36	67
36	77
36	80
37	45
37	53
37	54
37	67
37	72
37	77
37	79
37	80
38	8
38	19
38	30
38	65
38	66
38	72
38	75
38	79
39	33
39	52
39	60
39	69
39	75
39	78
39	80
39	81
40	25
40	31
40	58
40	65
40	70
40	71
40	76
40	79
41	1
41	27
41	44
41	55
41	66
41	73
41	74
41	78
42	52
42	70
42	72
42	73
42	76
42	77
42	79
42	81
43	8
43	14
43	17
43	32
43	34
43	50
43	62
43	78
44	35
44	41
44	53
44	58
44	67
44	70
44	71
44	76
45	16
45	18
45	22
45	23
45	31
45	37
45	53
45	64
45	78
46	15
46	21
46	30
46	62
46	63
46	64
46	66
46	67
46	79
47	20
47	63
47	66
47	70
47	72
47	77
47	78
47	79
47	80
48	4
48	16
48	35
48	60
48	65
48	71
48	73
48	76
48	80
49	22
49	27
49	34
49	53
49	59
49	69
49	74
49	78
49	79
50	2
50	5
50	9
50	19
50	25
50	27
50	43
50	53
50	56
50	79
50	81
51	4
51	10
51	22
51	61
51	62
51	64
51	65
51	66
51	75
51	80
51	81
52	2
52	14
52	22
52	26
52	29
52	39
52	42
52	68
52	69
52	80
52	81
53	10
53	19
53	37
53	44
53	45
53	49
53	50
53	55
53	66
53	72
53	76
54	21
54	24
54	30
54	37
54	59
54	62
54	63
54	65
54	67
54	69
54	74
54	75
55	2
55	29
55	41
55	53
55	61
55	63
55	68
55	74
55	76
55	77
55	79
55	81
56	2
56	3
56	4
56	5
56	15
56	25
56	29
56	31
56	50
56	68
56	74
56	78
57	4
57	18
57	30
57	33
57	60
57	65
57	66
57	70
57	71
57	72
57	74
57	79
58	1
58	32
58	40
58	44
58	60
58	63
58	65
58	67
58	70
58	71
58	74
58	78
59	6
59	20
59	24
59	30
59	33
59	49
59	54
59	60
59	62
59	63
59	67
59	74
59	80
60	12
60	13
60	18
60	36
60	39
60	48
60	57
60	58
60	59
60	64
60	70
60	73
60	80
61	14
61	19
61	51
61	55
61	65
61	66
61	68
61	69
61	70
61	73
61	74
61	75
61	80
61	81
62	1
62	15
62	17
62	24
62	25
62	33
62	34
62	43
62	46
62	51
62	54
62	59
62	67
62	80
63	14
63	29
63	46
63	47
63	54
63	55
63	58
63	59
63	66
63	71
63	72
63	74
63	76
63	79
63	81
64	3
64	8
64	21
64	22
64	23
64	24
64	28
64	36
64	45
64	46
64	51
64	60
64	69
64	73
64	78
65	3
65	15
65	35
65	38
65	40
65	48
65	51
65	54
65	57
65	58
65	61
65	70
65	71
65	73
65	79
66	11
66	18
66	28
66	38
66	41
66	46
66	47
66	51
66	53
66	57
66	61
66	63
66	72
66	74
66	76
66	78
67	15
67	18
67	21
67	30
67	33
67	36
67	37
67	44
67	46
67	54
67	58
67	59
67	62
67	69
67	73
67	81
68	7
68	10
68	20
68	23
68	26
68	52
68	55
68	56
68	61
68	69
68	71
68	72
68	75
68	79
68	80
68	81
69	9
69	20
69	23
69	32
69	39
69	49
69	52
69	54
69	61
69	64
69	67
69	68
69	75
69	76
69	78
69	80
69	81
70	18
70	19
70	33
70	40
70	42
70	44
70	47
70	57
70	58
70	60
70	61
70	65
70	71
70	77
70	78
70	80
70	81
71	4
71	12
71	18
71	23
71	24
71	33
71	34
71	40
71	44
71	48
71	57
71	58
71	63
71	65
71	68
71	70
71	77
71	78
72	15
72	20
72	28
72	37
72	38
72	42
72	47
72	53
72	57
72	63
72	66
72	68
72	73
72	74
72	76
72	77
72	78
72	81
73	1
73	16
73	25
73	27
73	29
73	32
73	34
73	41
73	42
73	48
73	60
73	61
73	64
73	65
73	67
73	72
73	76
73	78
73	80
74	5
74	7
74	13
74	19
74	41
74	49
74	54
74	55
74	56
74	57
74	58
74	59
74	61
74	63
74	66
74	72
74	76
74	77
74	79
75	6
75	15
75	20
75	21
75	26
75	28
75	31
75	32
75	34
75	38
75	39
75	51
75	54
75	61
75	68
75	69
75	76
75	79
75	80
75	81
76	7
76	12
76	13
76	14
76	34
76	40
76	42
76	44
76	48
76	53
76	55
76	63
76	66
76	69
76	72
76	73
76	74
76	75
76	77
76	79
77	2
77	6
77	12
77	16
77	17
77	19
77	26
77	30
77	35
77	36
77	37
77	42
77	47
77	55
77	70
77	71
77	72
77	74
77	76
77	79
78	9
78	10
78	16
78	23
78	27
78	29
78	32
78	34
78	39
78	41
78	43
78	45
78	47
78	49
78	56
78	58
78	64
78	66
78	69
78	70
78	71
78	72
78	73
79	7
79	11
79	12
79	26
79	27
79	32
79	37
79	38
79	40
79	42
79	46
79	47
79	49
79	50
79	55
79	57
79	63
79	65
79	68
79	74
79	75
79	76
79	77
80	5
80	6
80	7
80	9
80	14
80	17
80	31
80	36
80	37
80	39
80	47
80	48
80	51
80	52
80	59
80	60
80	61
80	62
80	68
80	69
80	70
80	73
80	75
80	81
81	4
81	6
81	8
81	11
81	14
81	17
81	20
81	26
81	35
81	39
81	42
81	50
81	51
81	52
81	55
81	61
81	63
81	67
81	68
81	69
81	70
81	72
81	75
81	80
