1	5
1	20
1	36
1	62
1	69
1	77
2	15
2	41
2	54
2	60
2	78
2	80
3	53
3	60
3	64
3	68
3	70
3	81
4	23
4	56
4	68
4	74
4	76
4	77
5	1
5	14
5	25
5	45
5	74
5	76
6	18
6	46
6	63
6	67
6	70
6	81
7	38
7	40
7	42
7	43
7	61
7	78
8	26
8	54
8	64
8	75
8	77
8	78
9	10
9	19
9	31
9	32
9	54
9	56
10	9
10	23
10	36
10	65
10	72
10	81
11	15
11	52
11	62
11	76
11	77
11	81
12	15
12	25
12	46
12	77
12	79
12	81
13	28
13	37
13	58
13	63
13	66
13	75
14	5
14	53
14	59
14	66
14	67
14	79
15	2
15	11
15	12
15	22
15	64
15	81
16	40
16	48
16	66
16	70
16	72
16	79
17	20
17	30
17	53
17	60
17	63
17	79
18	6
18	37
18	49
18	61
18	66
18	79
19	9
19	32
19	53
19	64
19	71
19	79
20	1
20	17
20	65
20	70
20	71
20	79
21	34
21	51
21	64
21	71
21	72
21	77
22	15
22	59
22	68
22	72
22	76
22	77
23	4
23	10
23	24
23	25
23	76
23	80
24	23
24	26
24	58
24	60
24	70
24	81
25	5
25	12
25	23
25	41
25	42
25	65
26	8
26	24
26	35
26	48
26	68
26	76
27	28
27	51
27	62
27	69
27	72
27	73
27	78
28	13
28	27
28	47
28	61
28	62
28	66
28	77
29	35
29	47
29	48
29	59
29	74
29	76
29	80
30	17
30	48
30	63
30	66
30	68
30	69
30	79
31	9
31	33
31	43
31	58
31	64
31	76
31	78
32	9
32	19
32	45
32	60
32	68
32	70
32	81
33	31
33	48
33	53
33	62
33	66
33	73
33	79
34	21
34	38
34	58
34	60
34	63
34	72
34	78
35	26
35	29
35	48
35	64
35	75
35	77
35	80
36	1
36	10
36	41
36	54
36	64
36	71
36	74
36	80
37	13
37	18
37	39
37	56
37	57
37	61
37	67
37	76
38	7
38	34
38	53
38	65
38	71
38	76
38	77
38	78
39	37
39	42
39	43
39	44
39	56
39	64
39	65
39	73
40	7
40	16
40	51
40	69
40	73
40	74
40	80
40	81
41	2
41	25
41	36
41	55
41	61
41	65
41	69
41	73
41	80
42	7
42	25
42	39
42	47
42	67
42	68
42	73
42	78
42	80
43	7
43	31
43	39
43	59
43	62
43	68
43	72
43	75
43	76
43	81
44	39
44	49
44	55
44	56
44	57
44	69
44	73
44	74
44	80
44	81
45	5
45	32
45	52
45	57
45	60
45	62
45	70
45	79
45	80
45	81
46	6
46	12
46	47
46	52
46	55
46	60
46	66
46	71
46	77
46	81
47	28
47	29
47	42
47	46
47	48
47	54
47	58
47	69
47	74
47	80
48	16
48	26
48	29
48	30
48	33
48	35
48	47
48	53
48	75
48	79
49	18
49	44
49	51
49	55
49	57
49	61
49	62
49	72
49	73
49	80
50	52
50	61
50	63
50	66
50	67
50	71
50	72
50	75
50	78
50	79
51	21
51	27
51	40
51	49
51	55
51	58
51	69
51	74
51	77
51	80
52	11
52	45
52	46
52	50
52	66
52	70
52	71
52	75
52	78
52	81
53	3
53	14
53	17
53	19
53	33
53	38
53	48
53	55
53	66
53	78
53	79
54	2
54	8
54	9
54	36
54	47
54	63
54	69
54	74
54	77
54	80
54	81
55	41
55	44
55	46
55	49
55	51
55	53
55	67
55	69
55	74
55	76
55	80
56	4
56	9
56	37
56	39
56	44
56	62
56	69
56	70
56	73
56	76
56	79
57	37
57	44
57	45
57	49
57	61
57	62
57	68
57	73
57	76
57	80
57	81
58	13
58	24
58	31
58	34
58	47
58	51
58	63
58	68
58	70
58	75
58	78
59	14
59	22
59	29
59	43
59	60
59	64
59	67
59	72
59	74
59	75
59	78
60	2
60	3
60	17
60	24
60	32
60	34
60	45
60	46
60	59
60	67
60	68
60	81
61	7
61	18
61	28
61	37
61	41
61	49
61	50
61	57
61	62
61	67
61	73
61	80
62	1
62	11
62	27
62	28
62	33
62	43
62	45
62	49
62	56
62	57
62	61
62	73
62	81
63	6
63	13
63	17
63	30
63	34
63	50
63	54
63	58
63	67
63	72
63	74
63	75
63	77
64	3
64	8
64	15
64	19
64	21
64	31
64	35
64	36
64	39
64	59
64	65
64	77
64	81
65	10
65	20
65	25
65	38
65	39
65	41
65	64
65	71
65	76
65	78
65	79
65	80
65	81
66	13
66	14
66	16
66	18
66	28
66	30
66	33
66	46
66	50
66	52
66	53
66	67
66	79
67	6
67	14
67	37
67	42
67	50
67	55
67	59
67	60
67	61
67	63
67	66
67	68
67	72
67	78
68	3
68	4
68	22
68	26
68	30
68	32
68	42
68	43
68	57
68	58
68	60
68	67
68	75
68	78
69	1
69	27
69	30
69	40
69	41
69	44
69	47
69	51
69	54
69	55
69	56
69	71
69	75
69	80
70	3
70	6
70	16
70	20
70	24
70	32
70	45
70	52
70	56
70	58
70	73
70	75
70	80
70	81
71	19
71	20
71	21
71	36
71	38
71	46
71	50
71	52
71	65
71	69
71	72
71	74
71	76
71	77
72	10
72	16
72	21
72	22
72	27
72	34
72	43
72	49
72	50
72	59
72	63
72	67
72	71
72	75
72	79
73	27
73	33
73	39
73	40
73	41
73	42
73	44
73	49
73	56
73	57
73	61
73	62
73	70
73	74
73	75
73	79
74	4
74	5
74	29
74	36
74	40
74	44
74	47
74	51
74	54
74	55
74	59
74	63
74	71
74	73
74	75
74	80
74	81
75	8
75	13
75	35
75	43
75	48
75	50
75	52
75	58
75	59
75	63
75	68
75	69
75	70
75	72
75	73
75	74
75	78
75	81
76	4
76	5
76	11
76	22
76	23
76	26
76	29
76	31
76	37
76	38
76	43
76	55
76	56
76	57
76	65
76	71
76	77
76	80
77	1
77	4
77	8
77	11
77	12
77	21
77	22
77	28
77	35
77	38
77	46
77	51
77	54
77	63
77	64
77	71
77	76
77	80
78	2
78	7
78	8
78	27
78	31
78	34
78	38
78	42
78	50
78	52
78	53
78	58
78	59
78	65
78	67
78	68
78	75
78	81
79	12
79	14
79	16
79	17
79	18
79	19
79	20
79	30
79	33
79	45
79	48
79	50
79	53
79	56
79	65
79	66
79	72
79	73
79	81
80	2
80	23
80	29
80	35
80	36
80	40
80	41
80	42
80	44
80	45
80	47
80	49
80	51
80	54
80	55
80	57
80	61
80	65
80	69
80	70
80	74
80	76
80	77
81	3
81	6
81	10
81	11
81	12
81	15
81	24
81	32
81	40
81	43
81	44
81	45
81	46
81	52
81	54
81	57
81	60
81	62
81	64
81	65
81	70
81	74
81	75
81	78
81	79
