1	5
1	24
1	42
1	73
1	75
1	77
2	24
2	37
2	41
2	63
2	73
2	79
3	29
3	31
3	54
3	62
3	65
3	75
4	11
4	14
4	29
4	41
4	56
4	75
5	1
5	53
5	60
5	70
5	73
5	79
6	35
6	41
6	53
6	67
6	69
6	76
7	26
7	37
7	59
7	75
7	76
7	81
8	53
8	57
8	61
8	63
8	72
8	80
9	22
9	42
9	67
9	70
9	76
9	80
10	13
10	18
10	49
10	66
10	74
10	81
11	4
11	54
11	62
11	65
11	77
11	80
12	24
12	37
12	51
12	53
12	67
12	74
13	10
13	54
13	68
13	70
13	75
13	76
14	4
14	17
14	28
14	37
14	68
14	74
15	43
15	49
15	57
15	59
15	70
15	76
16	39
16	52
16	63
16	67
16	73
16	81
17	14
17	24
17	28
17	34
17	39
17	72
17	79
18	10
18	47
18	54
18	62
18	63
18	65
18	80
19	25
19	32
19	48
19	52
19	54
19	55
19	79
20	30
20	31
20	36
20	40
20	65
20	74
20	76
21	22
21	29
21	34
21	71
21	77
21	78
21	80
22	9
22	21
22	28
22	66
22	72
22	77
22	79
23	26
23	69
23	72
23	75
23	77
23	78
23	79
24	1
24	2
24	12
24	17
24	43
24	71
24	81
25	19
25	30
25	46
25	48
25	53
25	72
25	73
26	7
26	23
26	28
26	44
26	53
26	73
26	76
27	38
27	55
27	56
27	69
27	77
27	79
27	81
28	14
28	17
28	22
28	26
28	33
28	44
28	73
28	79
29	3
29	4
29	21
29	64
29	69
29	77
29	78
29	79
30	20
30	25
30	41
30	45
30	61
30	74
30	76
30	79
31	3
31	20
31	44
31	46
31	51
31	67
31	68
31	79
32	19
32	33
32	35
32	40
32	45
32	46
32	49
32	55
33	28
33	32
33	38
33	45
33	46
33	50
33	75
33	81
34	17
34	21
34	44
34	48
34	52
34	53
34	73
34	80
35	6
35	32
35	41
35	50
35	56
35	74
35	76
35	79
36	20
36	39
36	52
36	53
36	57
36	58
36	61
36	63
37	2
37	7
37	12
37	14
37	50
37	62
37	73
37	81
38	27
38	33
38	60
38	62
38	72
38	74
38	77
38	79
39	16
39	17
39	36
39	47
39	54
39	62
39	65
39	69
40	20
40	32
40	46
40	48
40	55
40	64
40	68
40	74
41	2
41	4
41	6
41	30
41	35
41	42
41	55
41	65
41	80
42	1
42	9
42	41
42	45
42	49
42	70
42	74
42	77
42	81
43	15
43	24
43	60
43	66
43	67
43	73
43	78
43	80
43	81
44	26
44	28
44	31
44	34
44	47
44	68
44	69
44	77
44	79
45	30
45	32
45	33
45	42
45	50
45	63
45	65
45	71
45	80
46	25
46	31
46	32
46	33
46	40
46	48
46	51
46	55
46	77
46	81
47	18
47	39
47	44
47	52
47	54
47	62
47	65
47	67
47	73
47	78
48	19
48	25
48	34
48	40
48	46
48	52
48	55
48	66
48	78
48	81
49	10
49	15
49	32
49	42
49	70
49	71
49	72
49	74
49	80
49	81
50	33
50	35
50	37
50	45
50	60
50	61
50	65
50	79
50	80
50	81
51	12
51	31
51	46
51	60
51	68
51	72
51	74
51	77
51	78
51	79
52	16
52	19
52	34
52	36
52	47
52	48
52	64
52	67
52	75
52	81
53	5
53	6
53	8
53	12
53	25
53	26
53	34
53	36
53	56
53	64
53	73
54	3
54	11
54	13
54	18
54	19
54	39
54	47
54	58
54	62
54	65
54	75
55	19
55	27
55	32
55	40
55	41
55	46
55	48
55	66
55	75
55	76
55	78
56	4
56	27
56	35
56	53
56	59
56	65
56	75
56	76
56	77
56	78
56	80
56	81
57	8
57	15
57	36
57	58
57	61
57	63
57	66
57	71
57	72
57	74
57	77
57	80
58	36
58	54
58	57
58	60
58	61
58	62
58	63
58	64
58	66
58	71
58	79
59	7
59	15
59	56
59	64
59	65
59	68
59	69
59	75
59	76
59	77
59	78
59	80
60	5
60	38
60	43
60	50
60	51
60	58
60	62
60	63
60	71
60	78
60	80
60	81
61	8
61	30
61	36
61	50
61	57
61	58
61	63
61	66
61	67
61	69
61	70
61	72
62	3
62	11
62	18
62	37
62	38
62	39
62	47
62	54
62	58
62	60
62	64
62	65
62	74
63	2
63	8
63	16
63	18
63	36
63	45
63	57
63	58
63	60
63	61
63	66
63	79
63	81
64	29
64	40
64	52
64	53
64	58
64	59
64	62
64	67
64	71
64	77
64	78
64	80
64	81
65	3
65	11
65	18
65	20
65	39
65	41
65	45
65	47
65	50
65	54
65	56
65	59
65	62
66	10
66	22
66	43
66	48
66	55
66	57
66	58
66	61
66	63
66	68
66	71
66	79
67	6
67	9
67	12
67	16
67	31
67	43
67	47
67	52
67	61
67	64
67	70
67	71
67	78
67	80
68	13
68	14
68	31
68	40
68	44
68	51
68	59
68	66
68	69
68	70
68	72
68	77
68	79
68	81
69	6
69	23
69	27
69	29
69	39
69	44
69	59
69	61
69	68
69	70
69	72
69	73
69	75
69	77
69	79
70	5
70	9
70	13
70	15
70	42
70	49
70	61
70	67
70	68
70	69
70	71
70	74
70	76
70	78
70	80
71	21
71	24
71	45
71	49
71	57
71	58
71	60
71	64
71	66
71	67
71	70
71	77
71	78
71	80
71	81
72	8
72	17
72	22
72	23
72	25
72	38
72	49
72	51
72	57
72	61
72	68
72	69
72	77
72	78
72	79
72	81
73	1
73	2
73	5
73	16
73	25
73	26
73	28
73	34
73	37
73	43
73	47
73	53
73	69
73	75
73	76
73	78
74	10
74	12
74	14
74	20
74	30
74	35
74	38
74	40
74	42
74	49
74	51
74	57
74	62
74	70
74	76
74	80
75	1
75	3
75	4
75	7
75	13
75	23
75	33
75	52
75	54
75	55
75	56
75	59
75	69
75	73
75	78
75	81
76	6
76	7
76	9
76	13
76	15
76	20
76	26
76	30
76	35
76	55
76	56
76	59
76	70
76	73
76	74
76	78
76	80
76	81
77	1
77	11
77	21
77	22
77	23
77	27
77	29
77	38
77	42
77	44
77	46
77	51
77	56
77	57
77	59
77	64
77	68
77	69
77	71
77	72
77	78
77	79
78	21
78	23
78	29
78	43
78	47
78	48
78	51
78	55
78	56
78	59
78	60
78	64
78	67
78	70
78	71
78	72
78	73
78	75
78	76
78	77
78	80
78	81
79	2
79	5
79	17
79	19
79	22
79	23
79	27
79	28
79	29
79	30
79	31
79	35
79	38
79	44
79	50
79	51
79	58
79	63
79	66
79	68
79	69
79	72
79	77
79	80
80	8
80	9
80	11
80	18
80	21
80	34
80	41
80	43
80	45
80	49
80	50
80	56
80	57
80	59
80	60
80	64
80	67
80	70
80	71
80	74
80	76
80	78
80	79
80	81
81	7
81	10
81	16
81	24
81	27
81	33
81	37
81	42
81	43
81	46
81	48
81	49
81	50
81	52
81	56
81	60
81	63
81	64
81	68
81	71
81	72
81	75
81	76
81	78
81	80
