1	36
1	37
1	53
1	54
1	75
1	79
2	40
2	42
2	49
2	59
2	63
2	77
3	36
3	62
3	73
3	75
3	77
3	79
4	41
4	55
4	66
4	67
4	72
4	81
5	9
5	21
5	45
5	67
5	78
5	80
6	13
6	25
6	46
6	49
6	61
6	70
7	34
7	52
7	75
7	76
7	80
7	81
8	33
8	65
8	68
8	72
8	77
8	81
9	5
9	10
9	42
9	46
9	65
9	76
10	9
10	24
10	35
10	59
10	64
10	69
11	18
11	21
11	31
11	44
11	73
11	78
12	17
12	48
12	57
12	64
12	69
12	76
13	6
13	18
13	44
13	54
13	57
13	74
14	27
14	32
14	47
14	49
14	54
14	58
15	28
15	51
15	63
15	66
15	70
15	76
16	48
16	61
16	67
16	68
16	79
16	81
17	12
17	19
17	33
17	38
17	54
17	60
17	77
18	11
18	13
18	21
18	29
18	43
18	66
18	76
19	17
19	42
19	64
19	71
19	73
19	77
19	79
20	48
20	55
20	56
20	57
20	68
20	77
20	78
21	5
21	11
21	18
21	41
21	50
21	67
21	80
22	30
22	41
22	47
22	49
22	71
22	72
22	73
23	30
23	50
23	59
23	72
23	77
23	78
23	79
24	10
24	29
24	56
24	62
24	67
24	77
24	78
25	6
25	46
25	55
25	63
25	64
25	76
25	81
26	45
26	47
26	52
26	54
26	72
26	73
26	79
27	14
27	58
27	62
27	66
27	76
27	78
27	79
28	15
28	34
28	35
28	55
28	65
28	69
28	80
29	18
29	24
29	34
29	47
29	61
29	71
29	73
29	78
30	22
30	23
30	42
30	55
30	58
30	62
30	67
30	76
31	11
31	46
31	48
31	58
31	60
31	68
31	74
31	80
32	14
32	64
32	70
32	71
32	73
32	74
32	75
32	78
33	8
33	17
33	60
33	65
33	71
33	73
33	80
33	81
34	7
34	28
34	29
34	60
34	64
34	65
34	66
34	81
35	10
35	28
35	51
35	54
35	65
35	69
35	73
35	79
36	1
36	3
36	45
36	60
36	66
36	69
36	75
36	76
37	1
37	48
37	51
37	55
37	67
37	72
37	74
37	79
37	81
38	17
38	51
38	53
38	60
38	62
38	66
38	69
38	71
38	76
39	40
39	47
39	68
39	71
39	74
39	75
39	76
39	80
39	81
40	2
40	39
40	45
40	50
40	57
40	58
40	76
40	80
40	81
41	4
41	21
41	22
41	58
41	61
41	62
41	70
41	75
41	79
42	2
42	9
42	19
42	30
42	54
42	63
42	64
42	66
42	75
43	18
43	51
43	56
43	59
43	63
43	70
43	75
43	76
43	80
44	11
44	13
44	63
44	69
44	71
44	74
44	75
44	79
44	80
45	5
45	26
45	36
45	40
45	51
45	58
45	67
45	68
45	80
45	81
46	6
46	9
46	25
46	31
46	68
46	70
46	76
46	77
46	80
46	81
47	14
47	22
47	26
47	29
47	39
47	62
47	68
47	69
47	74
47	81
48	12
48	16
48	20
48	31
48	37
48	50
48	61
48	68
48	80
48	81
49	2
49	6
49	14
49	22
49	52
49	60
49	66
49	76
49	77
49	79
50	21
50	23
50	40
50	48
50	52
50	59
50	69
50	72
50	76
50	80
51	15
51	35
51	37
51	38
51	43
51	45
51	70
51	71
51	77
51	79
52	7
52	26
52	49
52	50
52	53
52	59
52	67
52	71
52	72
52	74
52	75
53	1
53	38
53	52
53	54
53	56
53	63
53	64
53	69
53	70
53	76
53	81
54	1
54	13
54	14
54	17
54	26
54	35
54	42
54	53
54	68
54	71
54	72
55	4
55	20
55	25
55	28
55	30
55	37
55	56
55	59
55	71
55	74
55	80
56	20
56	24
56	43
56	53
56	55
56	57
56	67
56	69
56	73
56	75
56	78
56	80
57	12
57	13
57	20
57	40
57	56
57	62
57	63
57	64
57	71
57	73
57	74
57	77
57	81
58	14
58	27
58	30
58	31
58	40
58	41
58	45
58	66
58	71
58	74
58	77
58	78
58	79
59	2
59	10
59	23
59	43
59	50
59	52
59	55
59	65
59	72
59	73
59	78
59	79
59	80
60	17
60	31
60	33
60	34
60	36
60	38
60	49
60	63
60	66
60	70
60	71
60	74
60	76
61	6
61	16
61	29
61	41
61	48
61	67
61	70
61	73
61	74
61	75
61	78
61	79
61	80
62	3
62	24
62	27
62	30
62	38
62	41
62	47
62	57
62	69
62	72
62	77
62	80
62	81
63	2
63	15
63	25
63	42
63	43
63	44
63	53
63	57
63	60
63	64
63	67
63	76
63	78
63	80
64	10
64	12
64	19
64	25
64	32
64	34
64	42
64	53
64	57
64	63
64	69
64	77
64	78
64	79
65	8
65	9
65	28
65	33
65	34
65	35
65	59
65	67
65	69
65	72
65	74
65	75
65	80
65	81
66	4
66	15
66	18
66	27
66	34
66	36
66	38
66	42
66	49
66	58
66	60
66	70
66	76
66	78
66	81
67	4
67	5
67	16
67	21
67	24
67	30
67	37
67	45
67	52
67	56
67	61
67	63
67	65
67	70
67	75
67	76
67	77
68	8
68	16
68	20
68	31
68	39
68	45
68	46
68	47
68	48
68	54
68	72
68	73
68	74
68	78
68	79
68	80
68	81
69	10
69	12
69	28
69	35
69	36
69	38
69	44
69	47
69	50
69	53
69	56
69	62
69	64
69	65
69	74
69	75
69	77
69	80
70	6
70	15
70	32
70	41
70	43
70	46
70	51
70	53
70	60
70	61
70	66
70	67
70	72
70	73
70	74
70	75
70	78
70	81
71	19
71	22
71	29
71	32
71	33
71	38
71	39
71	44
71	51
71	52
71	54
71	55
71	57
71	58
71	60
71	72
71	74
71	79
72	4
72	8
72	22
72	23
72	26
72	37
72	50
72	52
72	54
72	59
72	62
72	65
72	68
72	70
72	71
72	73
72	75
72	78
72	81
73	3
73	11
73	19
73	22
73	26
73	29
73	32
73	33
73	35
73	56
73	57
73	59
73	61
73	68
73	70
73	72
73	77
73	78
73	79
74	13
74	31
74	32
74	37
74	39
74	44
74	47
74	52
74	55
74	57
74	58
74	60
74	61
74	65
74	68
74	69
74	70
74	71
74	77
74	79
75	1
75	3
75	7
75	32
75	36
75	39
75	41
75	42
75	43
75	44
75	52
75	56
75	61
75	65
75	67
75	69
75	70
75	72
75	77
75	78
76	7
76	9
76	12
76	15
76	18
76	25
76	27
76	30
76	36
76	38
76	39
76	40
76	43
76	46
76	49
76	50
76	53
76	60
76	63
76	66
76	67
76	78
76	79
77	2
77	3
77	8
77	17
77	19
77	20
77	23
77	24
77	46
77	49
77	51
77	57
77	58
77	62
77	64
77	67
77	69
77	73
77	74
77	75
77	79
77	80
77	81
78	5
78	11
78	20
78	23
78	24
78	27
78	29
78	32
78	56
78	58
78	59
78	61
78	63
78	64
78	66
78	68
78	70
78	72
78	73
78	75
78	76
78	79
78	81
79	1
79	3
79	16
79	19
79	23
79	26
79	27
79	35
79	37
79	41
79	44
79	49
79	51
79	58
79	59
79	61
79	64
79	68
79	71
79	73
79	74
79	76
79	77
79	78
80	5
80	7
80	21
80	28
80	31
80	33
80	39
80	40
80	43
80	44
80	45
80	46
80	48
80	50
80	55
80	56
80	59
80	61
80	62
80	63
80	65
80	68
80	69
80	77
81	4
81	7
81	8
81	16
81	25
81	33
81	34
81	37
81	39
81	40
81	45
81	46
81	47
81	48
81	53
81	57
81	62
81	65
81	66
81	68
81	70
81	72
81	77
81	78
