1	27
1	34
1	48
1	55
1	68
1	77
2	18
2	53
2	56
2	69
2	77
2	81
3	36
3	44
3	46
3	52
3	61
3	73
4	36
4	37
4	62
4	63
4	73
4	79
5	29
5	43
5	54
5	69
5	70
5	80
6	50
6	60
6	64
6	74
6	76
6	79
7	29
7	40
7	74
7	76
7	80
7	81
8	18
8	22
8	52
8	60
8	63
8	72
9	12
9	17
9	26
9	59
9	71
9	75
10	37
10	53
10	60
10	63
10	64
10	74
11	14
11	48
11	55
11	68
11	77
11	78
12	9
12	25
12	48
12	60
12	71
12	73
13	19
13	23
13	49
13	61
13	66
13	68
13	81
14	11
14	32
14	35
14	36
14	40
14	68
14	77
15	20
15	37
15	67
15	70
15	74
15	76
15	77
16	21
16	51
16	53
16	65
16	73
16	80
16	81
17	9
17	59
17	67
17	68
17	76
17	80
17	81
18	2
18	8
18	41
18	44
18	46
18	60
18	68
19	13
19	34
19	63
19	65
19	68
19	73
19	81
20	15
20	35
20	41
20	66
20	68
20	77
20	79
21	16
21	46
21	47
21	58
21	79
21	80
21	81
22	8
22	25
22	28
22	41
22	45
22	46
22	52
22	78
23	13
23	24
23	34
23	54
23	55
23	64
23	70
23	74
24	23
24	34
24	37
24	68
24	69
24	77
24	78
24	81
25	12
25	22
25	59
25	64
25	69
25	71
25	72
25	75
26	9
26	39
26	53
26	58
26	67
26	76
26	80
26	81
27	1
27	38
27	50
27	62
27	71
27	75
27	76
27	80
28	22
28	29
28	45
28	58
28	64
28	67
28	70
28	73
29	5
29	7
29	28
29	39
29	48
29	60
29	66
29	74
30	40
30	49
30	54
30	62
30	69
30	72
30	74
30	80
31	36
31	42
31	43
31	45
31	59
31	75
31	78
31	79
32	14
32	56
32	61
32	67
32	71
32	76
32	80
32	81
33	54
33	64
33	67
33	76
33	77
33	79
33	80
33	81
34	1
34	19
34	23
34	24
34	48
34	64
34	68
34	76
34	77
35	14
35	20
35	61
35	62
35	65
35	68
35	71
35	75
35	77
36	3
36	4
36	14
36	31
36	51
36	67
36	75
36	79
36	81
37	4
37	10
37	15
37	24
37	49
37	60
37	68
37	77
37	79
38	27
38	49
38	51
38	59
38	62
38	65
38	66
38	68
38	75
39	26
39	29
39	49
39	57
39	58
39	62
39	69
39	71
39	72
39	81
40	7
40	14
40	30
40	50
40	57
40	62
40	65
40	72
40	75
40	80
41	18
41	20
41	22
41	44
41	46
41	50
41	52
41	54
41	63
41	74
42	31
42	56
42	63
42	67
42	72
42	73
42	74
42	75
42	77
42	79
43	5
43	31
43	45
43	51
43	52
43	56
43	60
43	64
43	66
43	70
44	3
44	18
44	41
44	46
44	50
44	52
44	59
44	69
44	70
44	73
44	78
45	22
45	28
45	31
45	43
45	61
45	64
45	65
45	70
45	71
45	74
45	77
46	3
46	18
46	21
46	22
46	41
46	44
46	52
46	54
46	62
46	64
46	72
47	21
47	48
47	49
47	55
47	56
47	62
47	63
47	64
47	66
47	70
47	75
47	78
48	1
48	11
48	12
48	29
48	34
48	47
48	50
48	53
48	55
48	56
48	59
48	68
49	13
49	30
49	37
49	38
49	39
49	47
49	57
49	63
49	72
49	73
49	75
49	77
50	6
50	27
50	40
50	41
50	44
50	48
50	55
50	65
50	66
50	74
50	78
50	79
51	16
51	36
51	38
51	43
51	52
51	53
51	67
51	76
51	78
51	79
51	80
51	81
52	3
52	8
52	22
52	41
52	43
52	44
52	46
52	51
52	58
52	65
52	79
52	81
53	2
53	10
53	16
53	26
53	48
53	51
53	61
53	65
53	71
53	73
53	77
53	79
54	5
54	23
54	30
54	33
54	41
54	46
54	56
54	60
54	63
54	64
54	68
54	70
54	74
55	1
55	11
55	23
55	47
55	48
55	50
55	58
55	61
55	64
55	67
55	69
55	73
55	75
56	2
56	32
56	42
56	43
56	47
56	48
56	54
56	58
56	65
56	68
56	72
56	77
56	78
57	39
57	40
57	49
57	60
57	62
57	63
57	66
57	71
57	72
57	73
57	75
57	76
57	78
57	80
58	21
58	26
58	28
58	39
58	52
58	55
58	56
58	59
58	65
58	66
58	74
58	78
58	79
58	81
59	9
59	17
59	25
59	31
59	38
59	44
59	48
59	58
59	63
59	66
59	69
59	70
59	71
59	79
60	6
60	8
60	10
60	12
60	18
60	29
60	37
60	43
60	54
60	57
60	62
60	66
60	70
60	74
60	79
61	3
61	13
61	32
61	35
61	45
61	53
61	55
61	63
61	66
61	69
61	70
61	73
61	76
61	78
61	81
62	4
62	27
62	30
62	35
62	38
62	39
62	40
62	46
62	47
62	57
62	60
62	65
62	67
62	71
62	72
62	78
62	80
63	4
63	8
63	10
63	19
63	41
63	42
63	47
63	49
63	54
63	57
63	59
63	61
63	65
63	67
63	69
63	72
63	78
64	6
64	10
64	23
64	25
64	28
64	33
64	34
64	43
64	45
64	46
64	47
64	54
64	55
64	66
64	70
64	74
64	80
65	16
65	19
65	35
65	38
65	40
65	45
65	50
65	52
65	53
65	56
65	58
65	62
65	63
65	69
65	73
65	75
65	79
66	13
66	20
66	29
66	38
66	43
66	47
66	50
66	57
66	58
66	59
66	60
66	61
66	64
66	71
66	73
66	78
66	79
66	80
67	15
67	17
67	26
67	28
67	32
67	33
67	36
67	42
67	51
67	55
67	62
67	63
67	70
67	74
67	75
67	76
67	80
67	81
68	1
68	11
68	13
68	14
68	17
68	18
68	19
68	20
68	24
68	34
68	35
68	37
68	38
68	48
68	54
68	56
68	72
68	77
69	2
69	5
69	24
69	25
69	30
69	39
69	44
69	55
69	59
69	61
69	63
69	65
69	70
69	73
69	76
69	77
69	78
69	79
70	5
70	15
70	23
70	28
70	43
70	44
70	45
70	47
70	54
70	59
70	60
70	61
70	64
70	67
70	69
70	72
70	74
70	81
71	9
71	12
71	25
71	27
71	32
71	35
71	39
71	45
71	53
71	57
71	59
71	62
71	66
71	72
71	75
71	76
71	78
71	79
72	8
72	25
72	30
72	39
72	40
72	42
72	46
72	49
72	56
72	57
72	62
72	63
72	68
72	70
72	71
72	75
72	80
72	81
73	3
73	4
73	12
73	16
73	19
73	28
73	42
73	44
73	49
73	53
73	55
73	57
73	61
73	65
73	66
73	69
73	74
73	78
73	80
74	6
74	7
74	10
74	15
74	23
74	29
74	30
74	41
74	42
74	45
74	50
74	54
74	58
74	60
74	64
74	67
74	70
74	73
74	76
75	9
75	25
75	27
75	31
75	35
75	36
75	38
75	40
75	42
75	47
75	49
75	55
75	57
75	65
75	67
75	71
75	72
75	76
75	80
76	6
76	7
76	15
76	17
76	26
76	27
76	32
76	33
76	34
76	51
76	57
76	61
76	67
76	69
76	71
76	74
76	75
76	80
76	81
77	1
77	2
77	11
77	14
77	15
77	20
77	24
77	33
77	34
77	35
77	37
77	42
77	45
77	49
77	53
77	56
77	68
77	69
77	78
77	80
78	11
78	22
78	24
78	31
78	44
78	47
78	50
78	51
78	56
78	57
78	58
78	61
78	62
78	63
78	66
78	69
78	71
78	73
78	77
78	79
78	81
79	4
79	6
79	20
79	21
79	31
79	33
79	36
79	37
79	42
79	50
79	51
79	52
79	53
79	58
79	59
79	60
79	65
79	66
79	69
79	71
79	78
80	5
80	7
80	16
80	17
80	21
80	26
80	27
80	30
80	32
80	33
80	40
80	51
80	57
80	62
80	64
80	66
80	67
80	72
80	73
80	75
80	76
80	77
80	81
81	2
81	7
81	13
81	16
81	17
81	19
81	21
81	24
81	26
81	32
81	33
81	36
81	39
81	51
81	52
81	58
81	61
81	67
81	70
81	72
81	76
81	78
81	80
