1	2
1	31
1	55
1	63
1	71
1	79
2	1
2	25
2	29
2	50
2	56
2	71
3	46
3	69
3	77
3	78
3	79
3	80
4	17
4	59
4	67
4	69
4	74
4	77
5	10
5	25
5	42
5	52
5	61
5	80
6	56
6	72
6	76
6	77
6	78
6	80
7	20
7	30
7	63
7	68
7	74
7	80
8	38
8	64
8	65
8	68
8	76
8	79
9	20
9	44
9	45
9	59
9	76
9	81
10	5
10	19
10	30
10	61
10	65
10	77
11	32
11	38
11	70
11	75
11	76
11	78
12	52
12	59
12	65
12	69
12	70
12	81
13	16
13	60
13	66
13	72
13	80
13	81
14	35
14	44
14	53
14	54
14	76
14	81
15	30
15	39
15	68
15	70
15	71
15	75
16	13
16	48
16	71
16	73
16	75
16	81
17	4
17	45
17	46
17	71
17	78
17	79
18	22
18	45
18	59
18	71
18	78
18	80
19	10
19	51
19	58
19	69
19	72
19	79
20	7
20	9
20	28
20	35
20	63
20	75
21	23
21	44
21	61
21	66
21	75
21	81
22	18
22	35
22	47
22	55
22	64
22	75
22	81
23	21
23	34
23	44
23	62
23	69
23	74
23	75
24	32
24	33
24	52
24	54
24	69
24	70
24	72
25	2
25	5
25	36
25	37
25	49
25	61
25	75
26	28
26	46
26	50
26	74
26	77
26	78
26	80
27	41
27	51
27	71
27	72
27	73
27	76
27	79
28	20
28	26
28	38
28	72
28	77
28	78
28	80
29	2
29	30
29	35
29	60
29	61
29	75
29	81
30	7
30	10
30	15
30	29
30	34
30	54
30	62
30	63
31	1
31	41
31	48
31	49
31	60
31	61
31	63
31	72
32	11
32	24
32	39
32	41
32	55
32	56
32	62
32	73
33	24
33	39
33	43
33	62
33	68
33	73
33	74
33	79
34	23
34	30
34	53
34	57
34	65
34	70
34	78
34	80
35	14
35	20
35	22
35	29
35	37
35	42
35	49
35	63
36	25
36	40
36	49
36	60
36	65
36	73
36	76
36	77
37	25
37	35
37	46
37	50
37	58
37	69
37	70
37	79
38	8
38	11
38	28
38	42
38	53
38	54
38	66
38	75
39	15
39	32
39	33
39	51
39	54
39	65
39	70
39	75
40	36
40	43
40	48
40	60
40	67
40	78
40	80
40	81
41	27
41	31
41	32
41	43
41	68
41	74
41	76
41	80
42	5
42	35
42	38
42	47
42	58
42	59
42	64
42	79
42	81
43	33
43	40
43	41
43	46
43	51
43	57
43	60
43	66
43	69
43	70
44	9
44	14
44	21
44	23
44	56
44	62
44	68
44	69
44	70
44	81
45	9
45	17
45	18
45	54
45	65
45	74
45	76
45	77
45	78
45	80
46	3
46	17
46	26
46	37
46	43
46	71
46	72
46	79
46	80
46	81
47	22
47	42
47	52
47	66
47	71
47	72
47	73
47	75
47	76
47	81
48	16
48	31
48	40
48	67
48	70
48	74
48	76
48	77
48	78
48	80
49	25
49	31
49	35
49	36
49	50
49	60
49	61
49	64
49	68
49	71
49	80
50	2
50	26
50	37
50	49
50	54
50	58
50	64
50	70
50	71
50	74
50	81
51	19
51	27
51	39
51	43
51	53
51	56
51	63
51	64
51	69
51	72
51	75
52	5
52	12
52	24
52	47
52	53
52	57
52	62
52	64
52	71
52	75
52	81
53	14
53	34
53	38
53	51
53	52
53	58
53	66
53	68
53	69
53	73
53	80
54	14
54	24
54	30
54	38
54	39
54	45
54	50
54	68
54	73
54	74
54	76
55	1
55	22
55	32
55	57
55	62
55	64
55	72
55	77
55	78
55	79
55	81
56	2
56	6
56	32
56	44
56	51
56	60
56	62
56	65
56	70
56	72
56	79
57	34
57	43
57	52
57	55
57	59
57	61
57	69
57	70
57	73
57	74
57	75
57	79
58	19
58	37
58	42
58	50
58	53
58	67
58	71
58	73
58	75
58	76
58	78
58	81
59	4
59	9
59	12
59	18
59	42
59	57
59	65
59	67
59	77
59	78
59	80
59	81
60	13
60	29
60	31
60	36
60	40
60	43
60	49
60	56
60	62
60	65
60	68
60	74
61	5
61	10
61	21
61	25
61	29
61	31
61	49
61	57
61	62
61	63
61	74
61	75
61	77
62	23
62	30
62	32
62	33
62	44
62	52
62	55
62	56
62	60
62	61
62	67
62	73
62	74
63	1
63	7
63	20
63	30
63	31
63	35
63	51
63	61
63	64
63	68
63	75
63	77
63	80
64	8
64	22
64	42
64	49
64	50
64	51
64	52
64	55
64	63
64	70
64	73
64	79
64	81
65	8
65	10
65	12
65	34
65	36
65	39
65	45
65	56
65	59
65	60
65	67
65	73
65	74
65	79
66	13
66	21
66	38
66	43
66	47
66	53
66	67
66	69
66	70
66	72
66	73
66	75
66	76
66	79
67	4
67	40
67	48
67	58
67	59
67	62
67	65
67	66
67	71
67	72
67	77
67	78
67	80
67	81
68	7
68	8
68	15
68	33
68	41
68	44
68	49
68	53
68	54
68	60
68	63
68	71
68	73
68	76
68	79
69	3
69	4
69	12
69	19
69	23
69	24
69	37
69	43
69	44
69	51
69	53
69	57
69	66
69	76
69	77
69	78
70	11
70	12
70	15
70	24
70	34
70	37
70	39
70	43
70	44
70	48
70	50
70	56
70	57
70	64
70	66
70	76
70	77
70	78
71	1
71	2
71	15
71	16
71	17
71	18
71	27
71	46
71	47
71	49
71	50
71	52
71	58
71	67
71	68
71	72
71	74
71	79
72	6
72	13
72	19
72	24
72	27
72	28
72	31
72	46
72	47
72	51
72	55
72	56
72	66
72	67
72	71
72	77
72	79
72	81
73	16
73	27
73	32
73	33
73	36
73	47
73	53
73	54
73	57
73	58
73	62
73	64
73	65
73	66
73	68
73	74
73	76
73	79
73	80
74	4
74	7
74	23
74	26
74	33
74	41
74	45
74	48
74	50
74	54
74	57
74	60
74	61
74	62
74	65
74	71
74	73
74	76
74	77
75	11
75	15
75	16
75	20
75	21
75	22
75	23
75	25
75	29
75	38
75	39
75	47
75	51
75	52
75	57
75	58
75	61
75	63
75	66
75	79
76	6
76	8
76	9
76	11
76	14
76	27
76	36
76	41
76	45
76	47
76	48
76	54
76	58
76	66
76	68
76	69
76	70
76	73
76	74
76	78
77	3
77	4
77	6
77	10
77	26
77	28
77	36
77	45
77	48
77	55
77	59
77	61
77	63
77	67
77	69
77	70
77	72
77	74
77	78
77	80
78	3
78	6
78	11
78	17
78	18
78	26
78	28
78	34
78	40
78	45
78	48
78	55
78	58
78	59
78	67
78	69
78	70
78	76
78	77
78	80
78	81
79	1
79	3
79	8
79	17
79	19
79	27
79	33
79	37
79	42
79	46
79	55
79	56
79	57
79	64
79	65
79	66
79	68
79	71
79	72
79	73
79	75
79	81
80	3
80	5
80	6
80	7
80	13
80	18
80	26
80	28
80	34
80	40
80	41
80	45
80	46
80	48
80	49
80	53
80	59
80	63
80	67
80	73
80	77
80	78
80	81
81	9
81	12
81	13
81	14
81	16
81	21
81	22
81	29
81	40
81	42
81	44
81	46
81	47
81	50
81	52
81	55
81	58
81	59
81	64
81	67
81	72
81	78
81	79
81	80
