1	39
1	58
1	67
1	72
1	78
1	79
2	12
2	16
2	69
2	70
2	78
2	79
3	50
3	72
3	73
3	75
3	78
3	79
4	44
4	46
4	72
4	76
4	78
4	79
5	39
5	53
5	57
5	74
5	75
5	76
6	18
6	29
6	40
6	42
6	46
6	49
7	34
7	46
7	72
7	78
7	79
7	81
8	11
8	54
8	68
8	74
8	80
8	81
9	12
9	18
9	21
9	37
9	38
9	60
10	14
10	20
10	55
10	60
10	71
10	78
11	8
11	22
11	43
11	45
11	77
11	81
12	2
12	9
12	35
12	38
12	76
12	77
13	29
13	40
13	46
13	55
13	66
13	76
14	10
14	50
14	51
14	54
14	62
14	63
15	40
15	44
15	62
15	75
15	77
15	80
16	2
16	51
16	57
16	77
16	78
16	81
17	24
17	26
17	47
17	62
17	76
17	81
18	6
18	9
18	31
18	40
18	46
18	56
19	43
19	49
19	72
19	76
19	78
19	79
19	80
20	10
20	33
20	42
20	52
20	53
20	61
20	67
21	9
21	49
21	61
21	68
21	75
21	77
21	80
22	11
22	31
22	53
22	56
22	57
22	63
22	65
23	39
23	41
23	43
23	57
23	59
23	73
23	76
24	17
24	35
24	37
24	38
24	48
24	50
24	61
25	35
25	71
25	73
25	74
25	77
25	78
25	81
26	17
26	60
26	73
26	74
26	77
26	79
26	80
26	81
27	32
27	37
27	40
27	55
27	65
27	67
27	71
27	73
28	36
28	45
28	69
28	70
28	72
28	74
28	78
28	79
29	6
29	13
29	40
29	46
29	58
29	63
29	64
29	71
30	41
30	66
30	67
30	71
30	73
30	74
30	77
30	81
31	18
31	22
31	51
31	53
31	56
31	63
31	69
31	77
31	80
32	27
32	35
32	47
32	68
32	70
32	72
32	74
32	76
32	80
33	20
33	50
33	66
33	70
33	72
33	74
33	75
33	76
33	80
34	7
34	36
34	40
34	60
34	65
34	67
34	71
34	77
34	79
35	12
35	24
35	25
35	32
35	37
35	38
35	48
35	54
35	63
36	28
36	34
36	37
36	48
36	50
36	65
36	67
36	71
36	80
37	9
37	24
37	27
37	35
37	36
37	38
37	55
37	65
37	75
38	9
38	12
38	24
38	35
38	37
38	52
38	63
38	66
38	74
38	81
39	1
39	5
39	23
39	43
39	54
39	56
39	59
39	61
39	62
39	72
40	6
40	13
40	15
40	18
40	27
40	29
40	34
40	46
40	62
40	75
41	23
41	30
41	47
41	59
41	64
41	68
41	70
41	75
41	76
41	80
42	6
42	20
42	52
42	54
42	59
42	61
42	62
42	74
42	77
42	78
43	11
43	19
43	23
43	39
43	52
43	54
43	61
43	66
43	69
43	81
44	4
44	15
44	50
44	51
44	53
44	56
44	61
44	63
44	78
44	81
45	11
45	28
45	54
45	58
45	61
45	64
45	66
45	70
45	80
45	81
46	4
46	6
46	7
46	13
46	18
46	29
46	40
46	51
46	52
46	57
47	17
47	32
47	41
47	49
47	69
47	72
47	75
47	78
47	79
48	24
48	35
48	36
48	55
48	56
48	60
48	65
48	67
48	71
48	76
48	78
49	6
49	19
49	21
49	47
49	62
49	70
49	73
49	74
49	75
49	77
49	80
50	3
50	14
50	24
50	33
50	36
50	44
50	51
50	53
50	56
50	63
50	78
51	14
51	16
51	31
51	44
51	46
51	50
51	53
51	56
51	73
51	74
51	78
52	20
52	38
52	42
52	43
52	46
52	54
52	59
52	61
52	64
52	71
52	72
53	5
53	20
53	22
53	31
53	44
53	50
53	51
53	58
53	60
53	63
53	69
54	8
54	14
54	35
54	39
54	42
54	43
54	45
54	52
54	59
54	61
54	68
54	72
55	10
55	13
55	27
55	37
55	48
55	60
55	66
55	67
55	68
55	71
55	75
55	77
56	18
56	22
56	31
56	39
56	44
56	48
56	50
56	51
56	63
56	64
56	68
56	69
57	5
57	16
57	22
57	23
57	46
57	60
57	64
57	66
57	67
57	73
57	77
57	81
58	1
58	29
58	45
58	53
58	64
58	66
58	70
58	73
58	74
58	76
58	77
58	81
59	23
59	39
59	41
59	42
59	52
59	54
59	61
59	71
59	73
59	75
59	79
59	81
60	9
60	10
60	26
60	34
60	48
60	53
60	55
60	57
60	65
60	67
60	68
60	71
60	73
61	20
61	21
61	24
61	39
61	42
61	43
61	44
61	45
61	52
61	54
61	59
61	71
61	81
62	14
62	15
62	17
62	39
62	40
62	42
62	49
62	64
62	68
62	70
62	74
62	76
62	79
63	14
63	22
63	29
63	31
63	35
63	38
63	44
63	50
63	53
63	56
63	65
63	68
63	80
64	29
64	41
64	45
64	52
64	56
64	57
64	58
64	62
64	65
64	66
64	73
64	77
64	79
64	81
65	22
65	27
65	34
65	36
65	37
65	48
65	60
65	63
65	64
65	67
65	71
65	74
65	78
65	79
65	80
66	13
66	30
66	33
66	38
66	43
66	45
66	55
66	57
66	58
66	64
66	70
66	73
66	77
66	78
66	79
66	81
67	1
67	20
67	27
67	30
67	34
67	36
67	48
67	55
67	57
67	60
67	65
67	71
67	73
67	74
67	75
67	80
68	8
68	21
68	32
68	41
68	54
68	55
68	56
68	60
68	62
68	63
68	69
68	70
68	71
68	74
68	76
68	80
68	81
69	2
69	28
69	31
69	43
69	47
69	53
69	56
69	68
69	71
69	72
69	76
69	78
69	79
69	80
69	81
70	2
70	28
70	32
70	33
70	41
70	45
70	49
70	58
70	62
70	66
70	68
70	71
70	72
70	75
70	76
70	77
70	80
70	81
71	10
71	25
71	27
71	29
71	30
71	34
71	36
71	48
71	52
71	55
71	59
71	60
71	61
71	65
71	67
71	68
71	69
71	70
72	1
72	3
72	4
72	7
72	19
72	28
72	32
72	33
72	39
72	47
72	52
72	54
72	69
72	70
72	73
72	75
72	78
72	79
72	80
73	3
73	23
73	25
73	26
73	27
73	30
73	49
73	51
73	57
73	58
73	59
73	60
73	64
73	66
73	67
73	72
73	75
73	77
73	81
74	5
74	8
74	25
74	26
74	28
74	30
74	32
74	33
74	38
74	42
74	49
74	51
74	58
74	62
74	65
74	67
74	68
74	75
74	76
74	80
75	3
75	5
75	15
75	21
75	33
75	37
75	40
75	41
75	47
75	49
75	55
75	59
75	67
75	70
75	72
75	73
75	74
75	76
75	79
75	80
76	4
76	5
76	12
76	13
76	17
76	19
76	23
76	32
76	33
76	41
76	48
76	58
76	62
76	68
76	69
76	70
76	74
76	75
76	79
76	80
76	81
77	11
77	12
77	15
77	16
77	21
77	25
77	26
77	30
77	31
77	34
77	42
77	49
77	55
77	57
77	58
77	64
77	66
77	70
77	73
77	79
77	81
78	1
78	2
78	3
78	4
78	7
78	10
78	16
78	19
78	25
78	28
78	42
78	44
78	47
78	48
78	50
78	51
78	65
78	66
78	69
78	72
78	79
79	1
79	2
79	3
79	4
79	7
79	19
79	26
79	28
79	34
79	47
79	59
79	62
79	64
79	65
79	66
79	69
79	72
79	75
79	76
79	77
79	78
79	80
80	8
80	15
80	19
80	21
80	26
80	31
80	32
80	33
80	36
80	41
80	45
80	49
80	63
80	65
80	67
80	68
80	69
80	70
80	72
80	74
80	75
80	76
80	79
81	7
81	8
81	11
81	16
81	17
81	25
81	26
81	30
81	38
81	43
81	44
81	45
81	57
81	58
81	59
81	61
81	64
81	66
81	68
81	69
81	70
81	73
81	76
81	77
