1	40
1	41
1	42
1	48
1	51
1	53
2	21
2	33
2	57
2	72
2	80
2	81
3	39
3	46
3	50
3	76
3	77
3	79
4	26
4	44
4	54
4	55
4	65
4	66
5	36
5	42
5	48
5	51
5	58
5	80
6	8
6	32
6	37
6	65
6	71
6	78
7	39
7	44
7	66
7	67
7	74
7	80
8	6
8	16
8	36
8	54
8	56
8	76
9	37
9	66
9	68
9	69
9	79
9	81
10	25
10	30
10	68
10	72
10	75
10	79
11	15
11	31
11	48
11	51
11	76
11	78
12	18
12	52
12	66
12	70
12	78
12	81
13	40
13	63
13	66
13	72
13	79
13	81
14	29
14	35
14	48
14	69
14	77
14	80
15	11
15	17
15	42
15	43
15	46
15	60
16	8
16	52
16	55
16	67
16	68
16	75
16	81
17	15
17	48
17	50
17	51
17	73
17	75
17	76
18	12
18	33
18	43
18	64
18	65
18	68
18	78
19	21
19	41
19	44
19	54
19	55
19	56
19	57
20	25
20	38
20	48
20	68
20	71
20	78
20	81
21	2
21	19
21	46
21	53
21	62
21	64
21	67
22	24
22	54
22	61
22	64
22	71
22	77
22	81
23	48
23	59
23	62
23	63
23	66
23	77
23	81
24	22
24	54
24	66
24	69
24	75
24	76
24	77
25	10
25	20
25	42
25	61
25	70
25	77
25	78
26	4
26	30
26	60
26	71
26	72
26	74
26	79
27	58
27	61
27	65
27	72
27	73
27	75
27	79
27	81
28	36
28	45
28	47
28	63
28	64
28	72
28	77
28	79
29	14
29	50
29	56
29	65
29	68
29	70
29	73
29	78
30	10
30	26
30	40
30	41
30	61
30	63
30	73
30	79
31	11
31	47
31	74
31	75
31	78
31	79
31	80
31	81
32	6
32	33
32	39
32	47
32	60
32	63
32	71
32	79
33	2
33	18
33	32
33	50
33	60
33	63
33	75
33	79
34	41
34	46
34	57
34	62
34	72
34	75
34	76
34	79
35	14
35	38
35	57
35	66
35	69
35	70
35	79
35	80
36	5
36	8
36	28
36	44
36	51
36	55
36	56
36	67
36	73
37	6
37	9
37	47
37	58
37	62
37	64
37	72
37	74
37	81
38	20
38	35
38	45
38	47
38	60
38	63
38	64
38	72
38	79
39	3
39	7
39	32
39	42
39	57
39	58
39	59
39	74
39	76
39	79
40	1
40	13
40	30
40	45
40	46
40	49
40	73
40	75
40	77
40	81
41	1
41	19
41	30
41	34
41	46
41	67
41	75
41	78
41	80
41	81
42	1
42	5
42	15
42	25
42	39
42	48
42	51
42	68
42	74
42	78
42	81
43	15
43	18
43	49
43	57
43	59
43	62
43	67
43	69
43	75
43	76
43	78
44	4
44	7
44	19
44	36
44	49
44	54
44	55
44	56
44	73
44	79
44	80
45	28
45	38
45	40
45	47
45	52
45	62
45	63
45	65
45	72
45	80
45	81
46	3
46	15
46	21
46	34
46	40
46	41
46	49
46	56
46	63
46	69
46	74
46	81
47	28
47	31
47	32
47	37
47	38
47	45
47	60
47	66
47	67
47	70
47	72
47	79
48	1
48	5
48	11
48	14
48	17
48	20
48	23
48	42
48	51
48	53
48	72
48	80
49	40
49	43
49	44
49	46
49	57
49	59
49	67
49	74
49	76
49	77
49	78
49	80
50	3
50	17
50	29
50	33
50	61
50	62
50	64
50	70
50	71
50	74
50	78
50	81
51	1
51	5
51	11
51	17
51	36
51	42
51	48
51	55
51	60
51	68
51	70
51	74
51	79
52	12
52	16
52	45
52	53
52	54
52	56
52	59
52	60
52	63
52	68
52	69
52	74
52	80
53	1
53	21
53	48
53	52
53	56
53	58
53	63
53	69
53	71
53	73
53	74
53	77
53	80
54	4
54	8
54	19
54	22
54	24
54	44
54	52
54	55
54	56
54	66
54	72
54	76
54	81
55	4
55	16
55	19
55	36
55	44
55	51
55	54
55	56
55	61
55	66
55	71
55	73
55	78
56	8
56	19
56	29
56	36
56	44
56	46
56	52
56	53
56	54
56	55
56	68
56	70
56	81
57	2
57	19
57	34
57	35
57	39
57	43
57	49
57	60
57	65
57	67
57	69
57	70
57	76
57	78
58	5
58	27
58	37
58	39
58	53
58	59
58	61
58	62
58	64
58	70
58	71
58	73
58	75
58	80
58	81
59	23
59	39
59	43
59	49
59	52
59	58
59	64
59	65
59	66
59	69
59	71
59	73
59	76
59	77
59	80
60	15
60	26
60	32
60	33
60	38
60	47
60	51
60	52
60	57
60	63
60	65
60	72
60	74
60	75
60	77
60	79
61	22
61	25
61	27
61	30
61	50
61	55
61	58
61	64
61	65
61	68
61	69
61	70
61	71
61	72
61	77
61	78
62	21
62	23
62	34
62	37
62	43
62	45
62	50
62	58
62	64
62	68
62	69
62	73
62	74
62	77
62	79
62	80
63	13
63	23
63	28
63	30
63	32
63	33
63	38
63	45
63	46
63	52
63	53
63	60
63	67
63	69
63	72
63	75
63	79
64	18
64	21
64	22
64	28
64	37
64	38
64	50
64	58
64	59
64	61
64	62
64	65
64	70
64	71
64	76
64	78
64	80
65	4
65	6
65	18
65	27
65	29
65	45
65	57
65	59
65	60
65	61
65	64
65	66
65	69
65	70
65	71
65	73
65	78
66	4
66	7
66	9
66	12
66	13
66	23
66	24
66	35
66	47
66	54
66	55
66	59
66	65
66	67
66	72
66	76
66	77
67	7
67	16
67	21
67	36
67	41
67	43
67	47
67	49
67	57
67	63
67	66
67	69
67	70
67	73
67	76
67	77
67	81
68	9
68	10
68	16
68	18
68	20
68	29
68	42
68	51
68	52
68	56
68	61
68	62
68	73
68	74
68	76
68	80
68	81
69	9
69	14
69	24
69	35
69	43
69	46
69	52
69	53
69	57
69	59
69	61
69	62
69	63
69	65
69	67
69	76
69	77
70	12
70	25
70	29
70	35
70	47
70	50
70	51
70	56
70	57
70	58
70	61
70	64
70	65
70	67
70	71
70	75
70	77
70	78
71	6
71	20
71	22
71	26
71	32
71	50
71	53
71	55
71	58
71	59
71	61
71	64
71	65
71	70
71	77
71	78
71	80
71	81
72	2
72	10
72	13
72	26
72	27
72	28
72	34
72	37
72	38
72	45
72	47
72	48
72	54
72	60
72	61
72	63
72	66
72	79
73	17
73	27
73	29
73	30
73	36
73	40
73	44
73	53
73	55
73	58
73	59
73	62
73	65
73	67
73	68
73	74
73	75
73	80
73	81
74	7
74	26
74	31
74	37
74	39
74	42
74	46
74	49
74	50
74	51
74	52
74	53
74	60
74	62
74	68
74	73
74	75
74	77
74	78
74	80
75	10
75	16
75	17
75	24
75	27
75	31
75	33
75	34
75	40
75	41
75	43
75	58
75	60
75	63
75	70
75	73
75	74
75	78
75	79
75	80
76	3
76	8
76	11
76	17
76	24
76	34
76	39
76	43
76	49
76	54
76	57
76	59
76	64
76	66
76	67
76	68
76	69
76	77
76	78
76	80
77	3
77	14
77	22
77	23
77	24
77	25
77	28
77	40
77	49
77	53
77	59
77	60
77	61
77	62
77	66
77	67
77	69
77	70
77	71
77	74
77	76
78	6
78	11
78	12
78	18
78	20
78	25
78	29
78	31
78	41
78	42
78	43
78	49
78	50
78	55
78	57
78	61
78	64
78	65
78	70
78	71
78	74
78	75
78	76
78	80
79	3
79	9
79	10
79	13
79	26
79	27
79	28
79	30
79	31
79	32
79	33
79	34
79	35
79	38
79	39
79	44
79	47
79	51
79	60
79	62
79	63
79	72
79	75
79	81
80	2
80	5
80	7
80	14
80	31
80	35
80	41
80	44
80	45
80	48
80	49
80	52
80	53
80	58
80	59
80	62
80	64
80	68
80	71
80	73
80	74
80	75
80	76
80	78
81	2
81	9
81	12
81	13
81	16
81	20
81	22
81	23
81	27
81	31
81	37
81	40
81	41
81	42
81	45
81	46
81	50
81	54
81	56
81	58
81	67
81	68
81	71
81	73
81	79
