1	7
1	40
1	47
1	68
1	69
1	79
2	45
2	59
2	71
2	72
2	74
2	80
3	17
3	19
3	44
3	45
3	65
3	81
4	17
4	25
4	49
4	73
4	76
4	81
5	14
5	22
5	49
5	66
5	77
5	79
6	44
6	54
6	57
6	65
6	67
6	69
7	1
7	12
7	57
7	59
7	61
7	80
8	39
8	51
8	56
8	58
8	67
8	81
9	27
9	46
9	68
9	70
9	75
9	80
10	28
10	55
10	69
10	73
10	75
10	76
11	18
11	54
11	58
11	62
11	65
11	74
12	7
12	13
12	20
12	39
12	52
12	80
13	12
13	14
13	30
13	39
13	55
13	61
14	5
14	13
14	63
14	75
14	76
14	77
15	36
15	64
15	68
15	69
15	80
15	81
16	31
16	39
16	71
16	75
16	78
16	80
17	3
17	4
17	20
17	25
17	55
17	73
17	81
18	11
18	38
18	44
18	57
18	58
18	77
18	81
19	3
19	24
19	33
19	66
19	69
19	73
19	74
20	12
20	17
20	71
20	74
20	77
20	78
20	79
21	32
21	34
21	41
21	50
21	59
21	61
21	80
22	5
22	27
22	61
22	64
22	68
22	70
22	80
23	63
23	64
23	70
23	72
23	76
23	79
23	80
24	19
24	31
24	52
24	55
24	59
24	61
24	78
25	4
25	17
25	43
25	49
25	53
25	75
25	76
26	33
26	41
26	56
26	63
26	69
26	75
26	76
27	9
27	22
27	36
27	65
27	67
27	71
27	81
28	10
28	40
28	54
28	57
28	58
28	67
28	77
29	41
29	44
29	54
29	58
29	62
29	64
29	78
30	13
30	41
30	42
30	45
30	67
30	71
30	75
31	16
31	24
31	34
31	48
31	70
31	72
31	77
31	80
32	21
32	39
32	50
32	59
32	61
32	67
32	75
32	81
33	19
33	26
33	46
33	70
33	71
33	72
33	79
33	80
34	21
34	31
34	52
34	56
34	60
34	62
34	69
34	70
35	38
35	40
35	56
35	60
35	66
35	72
35	79
35	81
36	15
36	27
36	51
36	62
36	73
36	74
36	78
36	79
37	49
37	62
37	63
37	67
37	69
37	74
37	75
37	76
38	18
38	35
38	51
38	62
38	67
38	78
38	79
38	81
39	8
39	12
39	13
39	16
39	32
39	59
39	60
39	75
40	1
40	28
40	35
40	46
40	70
40	73
40	75
40	81
41	21
41	26
41	29
41	30
41	43
41	46
41	74
41	79
42	30
42	46
42	51
42	68
42	72
42	73
42	78
42	81
43	25
43	41
43	55
43	59
43	63
43	70
43	75
43	76
43	81
44	3
44	6
44	18
44	29
44	57
44	58
44	65
44	69
44	76
45	2
45	3
45	30
45	51
45	65
45	66
45	69
45	75
45	77
46	9
46	33
46	40
46	41
46	42
46	65
46	73
46	78
46	79
47	1
47	56
47	64
47	66
47	70
47	71
47	72
47	75
47	80
48	31
48	50
48	51
48	58
48	63
48	67
48	76
48	77
48	79
49	4
49	5
49	25
49	37
49	71
49	72
49	75
49	76
49	79
50	21
50	32
50	48
50	53
50	55
50	64
50	66
50	77
50	78
51	8
51	36
51	38
51	42
51	45
51	48
51	60
51	69
51	71
52	12
52	24
52	34
52	68
52	69
52	71
52	73
52	76
52	77
52	81
53	25
53	50
53	55
53	59
53	67
53	68
53	72
53	74
53	77
53	79
54	6
54	11
54	28
54	29
54	57
54	60
54	64
54	72
54	78
54	80
55	10
55	13
55	17
55	24
55	43
55	50
55	53
55	63
55	73
55	75
55	76
56	8
56	26
56	34
56	35
56	47
56	66
56	68
56	69
56	75
56	79
56	81
57	6
57	7
57	18
57	28
57	44
57	54
57	58
57	70
57	71
57	72
57	79
57	81
58	8
58	11
58	18
58	28
58	29
58	44
58	48
58	57
58	68
58	74
58	80
58	81
59	2
59	7
59	21
59	24
59	32
59	39
59	43
59	53
59	61
59	73
59	74
59	77
60	34
60	35
60	39
60	51
60	54
60	63
60	68
60	73
60	76
60	78
60	80
60	81
61	7
61	13
61	21
61	22
61	24
61	32
61	59
61	63
61	71
61	77
61	79
61	80
62	11
62	29
62	34
62	36
62	37
62	38
62	66
62	67
62	68
62	69
62	74
62	77
62	78
63	14
63	23
63	26
63	37
63	43
63	48
63	55
63	60
63	61
63	70
63	75
63	76
63	77
64	15
64	22
64	23
64	29
64	47
64	50
64	54
64	66
64	71
64	72
64	74
64	77
64	80
65	3
65	6
65	11
65	27
65	44
65	45
65	46
65	67
65	73
65	74
65	76
65	77
65	78
65	79
66	5
66	19
66	35
66	45
66	47
66	50
66	56
66	62
66	64
66	68
66	70
66	74
66	77
66	78
66	79
66	81
67	6
67	8
67	27
67	28
67	30
67	32
67	37
67	38
67	48
67	53
67	62
67	65
67	72
67	76
67	77
67	78
68	1
68	9
68	15
68	22
68	42
68	52
68	53
68	56
68	58
68	60
68	62
68	66
68	69
68	70
68	71
68	73
68	81
69	1
69	6
69	10
69	15
69	19
69	26
69	34
69	37
69	44
69	45
69	51
69	52
69	56
69	62
69	68
69	71
69	73
69	79
70	9
70	22
70	23
70	31
70	33
70	34
70	40
70	43
70	47
70	57
70	63
70	66
70	68
70	71
70	72
70	74
70	78
70	80
71	2
71	16
71	20
71	27
71	30
71	33
71	47
71	49
71	51
71	52
71	57
71	61
71	64
71	68
71	69
71	70
71	72
71	80
72	2
72	23
72	31
72	33
72	35
72	42
72	47
72	49
72	53
72	54
72	57
72	64
72	67
72	70
72	71
72	78
72	79
72	80
73	4
73	10
73	17
73	19
73	36
73	40
73	42
73	46
73	52
73	55
73	59
73	60
73	65
73	68
73	69
73	74
73	77
73	79
73	81
74	2
74	11
74	19
74	20
74	36
74	37
74	41
74	53
74	58
74	59
74	62
74	64
74	65
74	66
74	70
74	73
74	78
74	79
74	80
75	9
75	10
75	14
75	16
75	25
75	26
75	30
75	32
75	37
75	39
75	40
75	43
75	45
75	47
75	49
75	55
75	56
75	63
75	76
75	78
76	4
76	10
76	14
76	23
76	25
76	26
76	37
76	43
76	44
76	48
76	49
76	52
76	55
76	60
76	63
76	65
76	67
76	75
76	78
76	80
77	5
77	14
77	18
77	20
77	28
77	31
77	45
77	48
77	50
77	52
77	53
77	59
77	61
77	62
77	63
77	64
77	65
77	66
77	67
77	73
77	78
77	79
77	81
78	16
78	20
78	24
78	29
78	36
78	38
78	42
78	46
78	50
78	54
78	60
78	62
78	65
78	66
78	67
78	70
78	72
78	74
78	75
78	76
78	77
78	80
78	81
79	1
79	5
79	20
79	23
79	33
79	35
79	36
79	38
79	41
79	46
79	48
79	49
79	53
79	56
79	57
79	61
79	65
79	66
79	69
79	72
79	73
79	74
79	77
79	81
80	2
80	7
80	9
80	12
80	15
80	16
80	21
80	22
80	23
80	31
80	33
80	47
80	54
80	58
80	60
80	61
80	64
80	70
80	71
80	72
80	74
80	76
80	78
80	81
81	3
81	4
81	8
81	15
81	17
81	18
81	27
81	32
81	35
81	38
81	40
81	42
81	43
81	52
81	56
81	57
81	58
81	60
81	66
81	68
81	73
81	77
81	78
81	79
81	80
