1	56
1	57
1	60
1	62
1	71
1	80
2	20
2	38
2	43
2	50
2	64
2	65
3	18
3	19
3	21
3	41
3	56
3	66
4	30
4	45
4	65
4	70
4	75
4	76
5	44
5	50
5	59
5	72
5	78
5	79
6	27
6	35
6	39
6	76
6	77
6	80
7	14
7	36
7	61
7	73
7	75
7	76
8	12
8	34
8	52
8	62
8	66
8	81
9	23
9	26
9	63
9	65
9	68
9	76
10	40
10	46
10	53
10	67
10	75
10	76
11	52
11	55
11	69
11	74
11	78
11	80
12	8
12	21
12	41
12	64
12	66
12	76
13	50
13	56
13	58
13	70
13	77
13	78
14	7
14	25
14	58
14	68
14	74
14	80
14	81
15	30
15	52
15	58
15	64
15	71
15	77
15	78
16	26
16	48
16	58
16	63
16	65
16	68
16	75
17	24
17	43
17	56
17	57
17	59
17	60
17	62
18	3
18	23
18	28
18	35
18	39
18	42
18	43
19	3
19	24
19	34
19	44
19	66
19	80
19	81
20	2
20	54
20	57
20	62
20	66
20	70
20	79
21	3
21	12
21	34
21	38
21	54
21	66
21	77
22	25
22	44
22	47
22	71
22	72
22	79
22	81
23	9
23	18
23	38
23	55
23	74
23	77
23	78
24	17
24	19
24	29
24	34
24	66
24	67
24	72
25	14
25	22
25	38
25	46
25	73
25	75
25	76
26	9
26	16
26	49
26	51
26	56
26	64
26	70
26	79
27	6
27	49
27	53
27	57
27	63
27	65
27	67
27	71
28	18
28	35
28	36
28	39
28	42
28	73
28	79
28	80
29	24
29	35
29	64
29	69
29	71
29	74
29	78
29	80
30	4
30	15
30	51
30	59
30	70
30	72
30	73
30	76
31	34
31	36
31	48
31	63
31	67
31	70
31	79
31	81
32	52
32	53
32	60
32	62
32	63
32	77
32	78
32	81
33	37
33	46
33	66
33	68
33	69
33	71
33	75
33	77
33	80
34	8
34	19
34	21
34	24
34	31
34	66
34	72
34	73
34	80
35	6
35	18
35	28
35	29
35	39
35	42
35	47
35	55
35	62
36	7
36	28
36	31
36	37
36	45
36	61
36	75
36	78
36	81
37	33
37	36
37	46
37	53
37	54
37	71
37	72
37	74
37	81
38	2
38	21
38	23
38	25
38	53
38	66
38	77
38	78
38	79
39	6
39	18
39	28
39	35
39	42
39	53
39	55
39	79
39	81
40	10
40	50
40	51
40	59
40	67
40	72
40	73
40	75
40	80
41	3
41	12
41	51
41	56
41	57
41	60
41	62
41	69
41	81
42	18
42	28
42	35
42	39
42	65
42	69
42	77
42	80
42	81
43	2
43	17
43	18
43	44
43	63
43	65
43	67
43	77
43	78
44	5
44	19
44	22
44	43
44	57
44	70
44	71
44	76
44	79
44	81
45	4
45	36
45	48
45	49
45	54
45	72
45	74
45	78
45	79
45	81
46	10
46	25
46	33
46	37
46	51
46	64
46	71
46	74
46	75
46	80
47	22
47	35
47	51
47	63
47	67
47	69
47	71
47	74
47	76
47	80
48	16
48	31
48	45
48	49
48	63
48	64
48	66
48	67
48	71
48	73
49	26
49	27
49	45
49	48
49	54
49	64
49	67
49	75
49	77
49	79
50	2
50	5
50	13
50	40
50	52
50	54
50	59
50	73
50	75
50	76
51	26
51	30
51	40
51	41
51	46
51	47
51	54
51	68
51	69
51	80
52	8
52	11
52	15
52	32
52	50
52	55
52	61
52	64
52	68
52	76
52	78
53	10
53	27
53	32
53	37
53	38
53	39
53	55
53	58
53	59
53	67
53	77
53	78
54	20
54	21
54	37
54	45
54	49
54	50
54	51
54	66
54	69
54	70
54	79
54	81
55	11
55	23
55	35
55	39
55	52
55	53
55	57
55	58
55	70
55	72
55	77
55	78
56	1
56	3
56	13
56	17
56	26
56	41
56	57
56	60
56	62
56	68
56	69
56	73
56	79
57	1
57	17
57	20
57	27
57	41
57	44
57	55
57	56
57	59
57	60
57	62
57	69
57	72
58	13
58	14
58	15
58	16
58	53
58	55
58	61
58	62
58	66
58	74
58	77
58	78
58	80
59	5
59	17
59	30
59	40
59	50
59	53
59	57
59	63
59	73
59	75
59	76
59	77
59	81
60	1
60	17
60	32
60	41
60	56
60	57
60	61
60	62
60	64
60	68
60	73
60	74
60	79
61	7
61	36
61	52
61	58
61	60
61	63
61	67
61	70
61	71
61	72
61	74
61	79
61	81
62	1
62	8
62	17
62	20
62	32
62	35
62	41
62	56
62	57
62	58
62	60
62	63
62	70
63	9
63	16
63	27
63	31
63	32
63	43
63	47
63	48
63	59
63	61
63	62
63	64
63	67
63	78
64	2
64	12
64	15
64	26
64	29
64	46
64	48
64	49
64	52
64	60
64	63
64	65
64	67
64	81
65	2
65	4
65	9
65	16
65	27
65	42
65	43
65	64
65	67
65	70
65	73
65	74
65	75
65	78
66	3
66	8
66	12
66	19
66	20
66	21
66	24
66	33
66	34
66	38
66	48
66	54
66	58
66	74
66	79
67	10
67	24
67	27
67	31
67	40
67	43
67	47
67	48
67	49
67	53
67	61
67	63
67	64
67	65
67	69
68	9
68	14
68	16
68	33
68	51
68	52
68	56
68	60
68	69
68	71
68	72
68	74
68	76
68	79
68	80
69	11
69	29
69	33
69	41
69	42
69	47
69	51
69	54
69	56
69	57
69	67
69	68
69	71
69	74
69	75
69	80
70	4
70	13
70	20
70	26
70	30
70	31
70	44
70	54
70	55
70	61
70	62
70	65
70	72
70	76
70	79
70	81
71	1
71	15
71	22
71	27
71	29
71	33
71	37
71	44
71	46
71	47
71	48
71	61
71	68
71	69
71	74
71	80
72	5
72	22
72	24
72	30
72	34
72	37
72	40
72	45
72	55
72	57
72	61
72	68
72	70
72	79
72	80
72	81
73	7
73	25
73	28
73	30
73	34
73	40
73	48
73	50
73	56
73	59
73	60
73	65
73	75
73	76
73	77
73	80
74	11
74	14
74	23
74	29
74	37
74	45
74	46
74	47
74	58
74	60
74	61
74	65
74	66
74	68
74	69
74	71
74	75
74	80
75	4
75	7
75	10
75	16
75	25
75	33
75	36
75	40
75	46
75	49
75	50
75	59
75	65
75	69
75	73
75	74
75	76
75	79
76	4
76	6
76	7
76	9
76	10
76	12
76	25
76	30
76	44
76	47
76	50
76	52
76	59
76	68
76	70
76	73
76	75
76	79
77	6
77	13
77	15
77	21
77	23
77	32
77	33
77	38
77	42
77	43
77	49
77	53
77	55
77	58
77	59
77	73
77	78
77	80
77	81
78	5
78	11
78	13
78	15
78	23
78	29
78	32
78	36
78	38
78	43
78	45
78	52
78	53
78	55
78	58
78	63
78	65
78	77
78	81
79	5
79	20
79	22
79	26
79	28
79	31
79	38
79	39
79	44
79	45
79	49
79	54
79	56
79	60
79	61
79	66
79	68
79	70
79	72
79	75
79	76
79	81
80	1
80	6
80	11
80	14
80	19
80	28
80	29
80	33
80	34
80	40
80	42
80	46
80	47
80	51
80	58
80	68
80	69
80	71
80	72
80	73
80	74
80	77
81	8
81	14
81	19
81	22
81	31
81	32
81	36
81	37
81	39
81	41
81	42
81	44
81	45
81	54
81	59
81	61
81	64
81	70
81	72
81	77
81	78
81	79
