1	22
1	37
1	45
1	54
1	62
1	68
2	15
2	65
2	68
2	73
2	74
2	77
3	10
3	31
3	47
3	66
3	67
3	79
4	19
4	27
4	36
4	39
4	58
4	81
5	45
5	54
5	71
5	72
5	74
5	80
6	15
6	17
6	43
6	67
6	68
6	74
7	16
7	38
7	39
7	58
7	61
7	70
8	50
8	56
8	59
8	65
8	66
8	74
9	24
9	40
9	62
9	65
9	76
9	80
10	3
10	40
10	50
10	65
10	71
10	76
11	35
11	43
11	53
11	56
11	62
11	71
12	46
12	72
12	74
12	76
12	77
12	80
13	24
13	25
13	41
13	43
13	53
13	66
14	24
14	51
14	57
14	59
14	64
14	70
14	78
15	2
15	6
15	41
15	63
15	68
15	72
15	80
16	7
16	27
16	28
16	29
16	49
16	58
16	75
17	6
17	49
17	57
17	69
17	72
17	75
17	79
18	38
18	39
18	50
18	54
18	58
18	64
18	78
19	4
19	21
19	31
19	55
19	61
19	76
19	77
20	47
20	53
20	64
20	66
20	68
20	76
20	80
21	19
21	31
21	45
21	57
21	60
21	69
21	78
22	1
22	32
22	36
22	48
22	71
22	77
22	78
23	44
23	46
23	50
23	61
23	73
23	78
23	79
24	9
24	13
24	14
24	55
24	73
24	77
24	78
25	13
25	45
25	54
25	57
25	61
25	65
25	74
26	33
26	47
26	63
26	70
26	73
26	75
26	76
27	4
27	16
27	38
27	49
27	74
27	78
27	81
28	16
28	36
28	39
28	65
28	67
28	71
28	79
29	16
29	30
29	45
29	52
29	63
29	74
29	75
29	77
30	29
30	51
30	61
30	63
30	70
30	71
30	78
30	79
31	3
31	19
31	21
31	62
31	75
31	76
31	78
31	80
32	22
32	34
32	48
32	58
32	63
32	72
32	74
32	81
33	26
33	43
33	57
33	73
33	76
33	78
33	79
33	81
34	32
34	44
34	50
34	55
34	62
34	78
34	79
34	80
35	11
35	40
35	41
35	42
35	73
35	75
35	77
35	79
36	4
36	22
36	28
36	57
36	63
36	69
36	70
36	73
36	78
37	1
37	38
37	65
37	66
37	67
37	68
37	69
37	76
37	77
38	7
38	18
38	27
38	37
38	49
38	52
38	58
38	64
38	73
39	4
39	7
39	18
39	28
39	44
39	49
39	58
39	64
39	74
40	9
40	10
40	35
40	42
40	43
40	51
40	53
40	78
40	80
41	13
41	15
41	35
41	42
41	43
41	53
41	65
41	74
41	76
42	35
42	40
42	41
42	45
42	46
42	53
42	57
42	67
42	79
43	6
43	11
43	13
43	33
43	40
43	41
43	51
43	53
43	67
43	68
44	23
44	34
44	39
44	52
44	65
44	66
44	68
44	71
44	78
44	80
45	1
45	5
45	21
45	25
45	29
45	42
45	64
45	69
45	79
45	81
46	12
46	23
46	42
46	61
46	70
46	73
46	77
46	78
46	80
46	81
47	3
47	20
47	26
47	54
47	56
47	59
47	60
47	61
47	72
47	75
48	22
48	32
48	49
48	55
48	56
48	70
48	72
48	77
48	79
48	81
49	16
49	17
49	27
49	38
49	39
49	48
49	58
49	59
49	69
49	70
49	77
50	8
50	10
50	18
50	23
50	34
50	54
50	55
50	67
50	69
50	73
50	81
51	14
51	30
51	40
51	43
51	60
51	64
51	67
51	68
51	69
51	71
51	75
52	29
52	38
52	44
52	64
52	66
52	68
52	69
52	72
52	73
52	76
52	77
52	80
53	11
53	13
53	20
53	40
53	41
53	42
53	43
53	56
53	60
53	61
53	71
53	75
54	1
54	5
54	18
54	25
54	47
54	50
54	55
54	64
54	71
54	72
54	74
54	77
55	19
55	24
55	34
55	48
55	50
55	54
55	62
55	63
55	67
55	69
55	72
55	74
55	76
56	8
56	11
56	47
56	48
56	53
56	57
56	59
56	62
56	68
56	69
56	72
56	75
56	80
57	14
57	17
57	21
57	25
57	33
57	36
57	42
57	56
57	61
57	63
57	65
57	66
57	70
57	78
58	4
58	7
58	16
58	18
58	32
58	38
58	39
58	49
58	60
58	66
58	74
58	75
58	80
58	81
59	8
59	14
59	47
59	49
59	56
59	60
59	62
59	65
59	67
59	71
59	72
59	76
59	80
59	81
60	21
60	47
60	51
60	53
60	58
60	59
60	62
60	70
60	72
60	75
60	76
60	77
60	80
60	81
61	7
61	19
61	23
61	25
61	30
61	46
61	47
61	53
61	57
61	63
61	70
61	71
61	73
61	75
61	78
61	80
62	1
62	9
62	11
62	31
62	34
62	55
62	56
62	59
62	60
62	64
62	67
62	69
62	75
62	78
62	79
62	81
63	15
63	26
63	29
63	30
63	32
63	36
63	55
63	57
63	61
63	64
63	65
63	66
63	67
63	70
63	73
63	77
63	78
64	14
64	18
64	20
64	38
64	39
64	45
64	51
64	52
64	54
64	62
64	63
64	71
64	75
64	76
64	77
64	79
64	81
65	2
65	8
65	9
65	10
65	25
65	28
65	37
65	41
65	44
65	57
65	59
65	63
65	69
65	76
65	77
65	79
65	80
66	3
66	8
66	13
66	20
66	37
66	44
66	52
66	57
66	58
66	63
66	67
66	69
66	73
66	75
66	76
66	80
66	81
67	3
67	6
67	28
67	37
67	42
67	43
67	50
67	51
67	55
67	59
67	62
67	63
67	66
67	70
67	74
67	76
67	79
67	81
68	1
68	2
68	6
68	15
68	20
68	37
68	43
68	44
68	51
68	52
68	56
68	72
68	74
68	76
68	77
68	79
68	80
68	81
69	17
69	21
69	36
69	37
69	45
69	49
69	50
69	51
69	52
69	55
69	56
69	62
69	65
69	66
69	71
69	72
69	79
69	80
69	81
70	7
70	14
70	26
70	30
70	36
70	46
70	48
70	49
70	57
70	60
70	61
70	63
70	67
70	71
70	72
70	73
70	74
70	78
70	81
71	5
71	10
71	11
71	22
71	28
71	30
71	44
71	51
71	53
71	54
71	59
71	61
71	64
71	69
71	70
71	73
71	74
71	75
71	77
71	81
72	5
72	12
72	15
72	17
72	32
72	47
72	48
72	52
72	54
72	55
72	56
72	59
72	60
72	68
72	69
72	70
72	73
72	75
72	80
72	81
73	2
73	23
73	24
73	26
73	33
73	35
73	36
73	38
73	46
73	50
73	52
73	61
73	63
73	66
73	70
73	71
73	72
73	77
73	78
73	79
73	80
74	2
74	5
74	6
74	8
74	12
74	25
74	27
74	29
74	32
74	39
74	41
74	54
74	55
74	58
74	67
74	68
74	70
74	71
74	75
74	76
74	81
75	16
75	17
75	26
75	29
75	31
75	35
75	47
75	51
75	53
75	56
75	58
75	60
75	61
75	62
75	64
75	66
75	71
75	72
75	74
75	77
75	79
75	81
76	9
76	10
76	12
76	19
76	20
76	26
76	31
76	33
76	37
76	41
76	52
76	55
76	59
76	60
76	64
76	65
76	66
76	67
76	68
76	74
76	78
76	79
76	81
77	2
77	12
77	19
77	22
77	24
77	29
77	35
77	37
77	46
77	48
77	49
77	52
77	54
77	60
77	63
77	64
77	65
77	68
77	71
77	73
77	75
77	78
77	79
78	14
78	18
78	21
78	22
78	23
78	24
78	27
78	30
78	31
78	33
78	34
78	36
78	40
78	44
78	46
78	57
78	61
78	62
78	63
78	70
78	73
78	76
78	77
78	79
79	3
79	17
79	23
79	28
79	30
79	33
79	34
79	35
79	42
79	45
79	48
79	62
79	64
79	65
79	67
79	68
79	69
79	73
79	75
79	76
79	77
79	78
79	80
79	81
80	5
80	9
80	12
80	15
80	20
80	31
80	34
80	40
80	44
80	46
80	52
80	56
80	58
80	59
80	60
80	61
80	65
80	66
80	68
80	69
80	72
80	73
80	79
80	81
81	4
81	27
81	32
81	33
81	45
81	46
81	48
81	50
81	58
81	59
81	60
81	62
81	64
81	66
81	67
81	68
81	69
81	70
81	71
81	72
81	74
81	75
81	76
81	79
81	80
