1	14
1	23
1	27
1	35
1	49
1	66
2	58
2	64
2	70
2	74
2	79
2	81
3	6
3	23
3	27
3	38
3	41
3	66
4	33
4	56
4	58
4	60
4	64
4	65
5	20
5	48
5	54
5	74
5	75
5	76
6	3
6	49
6	55
6	56
6	57
6	69
7	20
7	26
7	46
7	47
7	56
7	58
8	31
8	52
8	62
8	63
8	68
8	78
9	12
9	25
9	53
9	63
9	70
9	77
10	11
10	31
10	51
10	53
10	69
10	70
11	10
11	51
11	65
11	69
11	78
11	80
12	9
12	45
12	50
12	63
12	67
12	68
13	32
13	66
13	71
13	72
13	74
13	76
14	1
14	47
14	69
14	72
14	78
14	80
15	23
15	38
15	49
15	75
15	77
15	79
16	17
16	40
16	44
16	61
16	74
16	75
17	16
17	35
17	61
17	64
17	70
17	71
18	26
18	30
18	55
18	69
18	73
18	76
19	32
19	42
19	58
19	64
19	65
19	74
19	81
20	5
20	7
20	22
20	56
20	57
20	61
20	67
21	26
21	28
21	36
21	42
21	43
21	64
21	65
22	20
22	33
22	36
22	52
22	61
22	68
22	77
23	1
23	3
23	15
23	47
23	49
23	59
23	63
24	27
24	62
24	71
24	72
24	74
24	76
24	80
25	9
25	63
25	65
25	68
25	74
25	75
25	80
26	7
26	18
26	21
26	54
26	58
26	64
26	65
27	1
27	3
27	24
27	31
27	39
27	49
27	81
28	21
28	68
28	71
28	76
28	77
28	78
28	80
29	32
29	34
29	43
29	60
29	74
29	76
29	80
30	18
30	37
30	51
30	55
30	57
30	63
30	73
31	8
31	10
31	27
31	34
31	38
31	49
31	50
32	13
32	19
32	29
32	58
32	64
32	73
32	79
33	4
33	22
33	36
33	43
33	52
33	56
33	59
33	68
34	29
34	31
34	53
34	66
34	70
34	73
34	78
34	81
35	1
35	17
35	44
35	47
35	56
35	59
35	78
35	79
36	21
36	22
36	33
36	48
36	52
36	54
36	63
36	78
37	30
37	40
37	64
37	68
37	72
37	77
37	78
37	80
38	3
38	15
38	31
38	49
38	59
38	66
38	72
38	75
39	27
39	41
39	50
39	52
39	53
39	77
39	78
39	80
40	16
40	37
40	59
40	60
40	66
40	75
40	79
40	80
41	3
41	39
41	49
41	54
41	60
41	71
41	74
41	76
41	80
42	19
42	21
42	50
42	52
42	59
42	61
42	65
42	75
42	81
43	21
43	29
43	33
43	45
43	52
43	53
43	60
43	71
43	76
44	16
44	35
44	45
44	46
44	47
44	56
44	61
44	76
44	77
45	12
45	43
45	44
45	46
45	55
45	72
45	77
45	78
45	79
45	80
46	7
46	44
46	45
46	57
46	62
46	70
46	74
46	77
46	78
46	80
47	7
47	14
47	23
47	35
47	44
47	54
47	56
47	61
47	76
47	79
48	5
48	36
48	49
48	50
48	58
48	67
48	75
48	77
48	79
48	81
49	1
49	6
49	15
49	23
49	27
49	31
49	38
49	41
49	48
49	73
49	79
50	12
50	31
50	39
50	42
50	48
50	67
50	68
50	73
50	75
50	80
50	81
51	10
51	11
51	30
51	55
51	57
51	64
51	69
51	71
51	75
51	77
51	81
52	8
52	22
52	33
52	36
52	39
52	42
52	43
52	57
52	63
52	68
52	75
53	9
53	10
53	34
53	39
53	43
53	62
53	67
53	72
53	77
53	78
53	80
54	5
54	26
54	36
54	41
54	47
54	61
54	62
54	69
54	71
54	74
54	76
55	6
55	18
55	30
55	45
55	51
55	57
55	58
55	69
55	70
55	72
55	81
56	4
56	6
56	7
56	20
56	33
56	35
56	44
56	47
56	61
56	65
56	74
57	6
57	20
57	30
57	46
57	51
57	52
57	55
57	63
57	67
57	69
57	70
58	2
58	4
58	7
58	19
58	26
58	32
58	48
58	55
58	64
58	65
58	77
58	81
59	23
59	33
59	35
59	38
59	40
59	42
59	61
59	65
59	67
59	70
59	73
59	79
60	4
60	29
60	40
60	41
60	43
60	65
60	71
60	74
60	75
60	76
60	77
60	78
61	16
61	17
61	20
61	22
61	42
61	44
61	47
61	54
61	56
61	59
61	72
61	81
62	8
62	24
62	46
62	53
62	54
62	63
62	72
62	77
62	78
62	79
62	80
62	81
63	8
63	9
63	12
63	23
63	25
63	30
63	36
63	52
63	57
63	62
63	68
63	73
63	75
64	2
64	4
64	17
64	19
64	21
64	26
64	32
64	37
64	51
64	58
64	65
64	66
64	77
65	4
65	11
65	19
65	21
65	25
65	26
65	42
65	56
65	58
65	59
65	60
65	64
65	76
66	1
66	3
66	13
66	34
66	38
66	40
66	64
66	70
66	73
66	75
66	77
66	78
66	79
66	81
67	12
67	20
67	48
67	50
67	53
67	57
67	59
67	72
67	73
67	74
67	75
67	79
67	80
67	81
68	8
68	12
68	22
68	25
68	28
68	33
68	37
68	50
68	52
68	63
68	69
68	71
68	73
68	80
68	81
69	6
69	10
69	11
69	14
69	18
69	51
69	54
69	55
69	57
69	68
69	70
69	71
69	72
69	73
69	76
70	2
70	9
70	10
70	17
70	34
70	46
70	55
70	57
70	59
70	66
70	69
70	72
70	73
70	74
70	79
70	81
71	13
71	17
71	24
71	28
71	41
71	43
71	51
71	54
71	60
71	68
71	69
71	74
71	76
71	79
71	80
71	81
72	13
72	14
72	24
72	37
72	38
72	45
72	53
72	55
72	61
72	62
72	67
72	69
72	70
72	77
72	78
72	80
73	18
73	30
73	32
73	34
73	49
73	50
73	59
73	63
73	66
73	67
73	68
73	69
73	70
73	75
73	76
73	79
73	81
74	2
74	5
74	13
74	16
74	19
74	24
74	25
74	29
74	41
74	46
74	54
74	56
74	60
74	67
74	70
74	71
74	76
74	79
75	5
75	15
75	16
75	25
75	38
75	40
75	42
75	48
75	50
75	51
75	52
75	60
75	63
75	66
75	67
75	73
75	79
75	81
76	5
76	13
76	18
76	24
76	28
76	29
76	41
76	43
76	44
76	47
76	54
76	60
76	65
76	69
76	71
76	73
76	74
76	78
76	79
77	9
77	15
77	22
77	28
77	37
77	39
77	44
77	45
77	46
77	48
77	51
77	53
77	58
77	60
77	62
77	64
77	66
77	72
77	78
77	80
78	8
78	11
78	14
78	28
78	34
78	35
78	36
78	37
78	39
78	45
78	46
78	53
78	60
78	62
78	66
78	72
78	76
78	77
78	79
78	80
78	81
79	2
79	15
79	32
79	35
79	40
79	45
79	47
79	48
79	49
79	59
79	62
79	66
79	67
79	70
79	71
79	73
79	74
79	75
79	76
79	78
79	81
80	11
80	14
80	24
80	25
80	28
80	29
80	37
80	39
80	40
80	41
80	45
80	46
80	50
80	53
80	62
80	67
80	68
80	71
80	72
80	77
80	78
80	81
81	2
81	19
81	27
81	34
81	42
81	48
81	50
81	51
81	55
81	58
81	61
81	62
81	66
81	67
81	68
81	70
81	71
81	73
81	75
81	78
81	79
81	80
