1	7
1	8
1	46
1	48
1	52
1	78
2	9
2	38
2	44
2	53
2	74
2	80
3	24
3	29
3	33
3	53
3	76
3	81
4	10
4	34
4	48
4	50
4	57
4	81
5	36
5	49
5	62
5	69
5	71
5	76
6	20
6	30
6	32
6	65
6	77
6	78
7	1
7	61
7	69
7	73
7	76
7	81
8	1
8	38
8	63
8	65
8	80
8	81
9	2
9	36
9	44
9	52
9	67
9	79
10	4
10	24
10	69
10	70
10	73
10	81
11	26
11	43
11	49
11	77
11	78
11	80
12	19
12	22
12	33
12	66
12	75
12	77
13	19
13	31
13	67
13	76
13	78
13	80
14	37
14	44
14	58
14	66
14	78
14	80
15	27
15	49
15	58
15	62
15	69
15	75
16	30
16	31
16	51
16	67
16	69
16	77
17	20
17	58
17	60
17	67
17	68
17	79
18	19
18	25
18	36
18	47
18	55
18	60
19	12
19	13
19	18
19	71
19	77
19	81
20	6
20	17
20	42
20	63
20	77
20	78
21	23
21	33
21	62
21	69
21	73
21	78
22	12
22	71
22	73
22	76
22	79
22	81
23	21
23	39
23	62
23	72
23	74
23	75
24	3
24	10
24	44
24	48
24	56
24	74
25	18
25	55
25	57
25	61
25	62
25	74
26	11
26	43
26	57
26	63
26	64
26	65
26	67
27	15
27	29
27	57
27	62
27	68
27	78
27	79
28	32
28	38
28	41
28	48
28	50
28	52
28	57
29	3
29	27
29	43
29	63
29	71
29	73
29	75
30	6
30	16
30	54
30	56
30	67
30	71
30	80
31	13
31	16
31	53
31	61
31	68
31	78
31	80
32	6
32	28
32	50
32	55
32	56
32	60
32	64
33	3
33	12
33	21
33	40
33	73
33	80
33	81
34	4
34	47
34	59
34	64
34	70
34	72
34	74
35	36
35	40
35	58
35	60
35	70
35	71
35	72
36	5
36	9
36	18
36	35
36	39
36	78
36	80
37	14
37	47
37	59
37	65
37	66
37	70
37	81
38	2
38	8
38	28
38	64
38	70
38	75
38	79
39	23
39	36
39	54
39	56
39	66
39	72
39	73
40	33
40	35
40	46
40	57
40	59
40	64
40	66
40	70
41	28
41	58
41	61
41	63
41	69
41	73
41	78
41	80
42	20
42	44
42	48
42	53
42	56
42	60
42	64
42	74
42	81
43	11
43	26
43	29
43	56
43	58
43	59
43	61
43	78
43	80
44	2
44	9
44	14
44	24
44	42
44	60
44	62
44	74
44	77
45	57
45	60
45	63
45	66
45	71
45	72
45	75
45	77
45	80
46	1
46	40
46	51
46	61
46	73
46	75
46	76
46	79
46	81
47	18
47	34
47	37
47	63
47	66
47	72
47	74
47	75
47	79
48	1
48	4
48	24
48	28
48	42
48	58
48	65
48	67
48	68
48	76
49	5
49	11
49	15
49	50
49	51
49	63
49	73
49	76
49	80
49	81
50	4
50	28
50	32
50	49
50	51
50	55
50	70
50	75
50	76
50	81
51	16
51	46
51	49
51	50
51	56
51	59
51	73
51	76
51	77
51	79
51	81
52	1
52	9
52	28
52	53
52	54
52	61
52	68
52	72
52	74
52	75
52	79
53	2
53	3
53	31
53	42
53	52
53	55
53	60
53	70
53	74
53	77
53	80
54	30
54	39
54	52
54	58
54	59
54	63
54	66
54	70
54	71
54	72
54	80
55	18
55	25
55	32
55	50
55	53
55	56
55	57
55	68
55	74
55	79
55	80
56	24
56	30
56	32
56	39
56	42
56	43
56	51
56	55
56	60
56	73
56	74
56	81
57	4
57	25
57	26
57	27
57	28
57	40
57	45
57	55
57	64
57	65
57	76
57	79
58	14
58	15
58	17
58	35
58	41
58	43
58	48
58	54
58	61
58	69
58	78
58	80
59	34
59	37
59	40
59	43
59	51
59	54
59	66
59	67
59	70
59	72
59	76
59	79
60	17
60	18
60	32
60	35
60	42
60	44
60	45
60	53
60	56
60	70
60	77
60	81
61	7
61	25
61	31
61	41
61	43
61	46
61	52
61	58
61	68
61	70
61	78
61	80
62	5
62	15
62	21
62	23
62	25
62	27
62	44
62	63
62	68
62	69
62	74
62	76
62	81
63	8
63	20
63	26
63	29
63	41
63	45
63	47
63	49
63	54
63	62
63	69
63	75
63	77
64	26
64	32
64	34
64	38
64	40
64	42
64	57
64	66
64	67
64	68
64	72
64	75
64	79
65	6
65	8
65	26
65	37
65	48
65	57
65	67
65	68
65	69
65	71
65	72
65	73
65	75
65	79
66	12
66	14
66	37
66	39
66	40
66	45
66	47
66	54
66	59
66	64
66	68
66	70
66	71
66	72
66	78
67	9
67	13
67	16
67	17
67	26
67	30
67	48
67	59
67	64
67	65
67	68
67	71
67	77
67	79
67	81
68	17
68	27
68	31
68	48
68	52
68	55
68	61
68	62
68	64
68	65
68	66
68	67
68	78
68	79
68	81
69	5
69	7
69	10
69	15
69	16
69	21
69	41
69	58
69	62
69	63
69	65
69	70
69	71
69	77
69	81
70	10
70	34
70	35
70	37
70	38
70	40
70	50
70	53
70	54
70	59
70	60
70	61
70	66
70	69
70	72
70	78
71	5
71	19
71	22
71	29
71	30
71	35
71	45
71	54
71	65
71	66
71	67
71	69
71	72
71	75
71	77
71	80
72	23
72	34
72	35
72	39
72	45
72	47
72	52
72	54
72	59
72	64
72	65
72	66
72	70
72	71
72	75
72	79
72	81
73	7
73	10
73	21
73	22
73	29
73	33
73	39
73	41
73	46
73	49
73	51
73	56
73	65
73	76
73	77
73	78
73	81
74	2
74	23
74	24
74	25
74	34
74	42
74	44
74	47
74	52
74	53
74	55
74	56
74	62
74	75
74	76
74	80
74	81
75	12
75	15
75	23
75	29
75	38
75	45
75	46
75	47
75	50
75	52
75	63
75	64
75	65
75	71
75	72
75	74
75	77
76	3
76	5
76	7
76	13
76	22
76	46
76	48
76	49
76	50
76	51
76	57
76	59
76	62
76	73
76	74
76	77
76	79
76	81
77	6
77	11
77	12
77	16
77	19
77	20
77	44
77	45
77	51
77	53
77	60
77	63
77	67
77	69
77	71
77	73
77	75
77	76
77	79
78	1
78	6
78	11
78	13
78	14
78	20
78	21
78	27
78	31
78	36
78	41
78	43
78	58
78	61
78	66
78	68
78	70
78	73
78	79
78	80
79	9
79	17
79	22
79	27
79	38
79	46
79	47
79	51
79	52
79	55
79	57
79	59
79	64
79	65
79	67
79	68
79	72
79	76
79	77
79	78
80	2
80	8
80	11
80	13
80	14
80	30
80	31
80	33
80	36
80	41
80	43
80	45
80	49
80	53
80	54
80	55
80	58
80	61
80	71
80	74
80	78
81	3
81	4
81	7
81	8
81	10
81	19
81	22
81	33
81	37
81	42
81	46
81	49
81	50
81	51
81	56
81	60
81	62
81	67
81	68
81	69
81	72
81	73
81	74
81	76
