1	20
1	33
1	34
1	49
1	50
1	61
2	10
2	68
2	70
2	75
2	78
2	80
3	4
3	27
3	28
3	34
3	36
3	44
4	3
4	5
4	8
4	23
4	49
4	74
5	4
5	41
5	48
5	49
5	73
5	76
6	14
6	40
6	49
6	79
6	80
6	81
7	13
7	39
7	47
7	49
7	55
7	56
8	4
8	54
8	58
8	79
8	80
8	81
9	11
9	28
9	47
9	49
9	64
9	80
10	2
10	25
10	32
10	45
10	47
10	63
11	9
11	24
11	34
11	36
11	77
11	79
12	24
12	28
12	43
12	45
12	54
12	79
13	7
13	15
13	27
13	37
13	48
13	63
14	6
14	26
14	62
14	68
14	75
14	78
15	13
15	41
15	47
15	48
15	49
15	59
16	21
16	43
16	55
16	56
16	65
16	81
17	43
17	56
17	59
17	60
17	75
17	81
18	46
18	48
18	75
18	79
18	80
18	81
19	21
19	52
19	53
19	63
19	64
19	67
20	1
20	50
20	51
20	58
20	60
20	76
21	16
21	19
21	48
21	55
21	56
21	59
22	50
22	59
22	67
22	72
22	76
22	77
23	4
23	30
23	52
23	53
23	64
23	65
23	75
24	11
24	12
24	37
24	40
24	47
24	54
24	66
25	10
25	33
25	37
25	44
25	45
25	54
25	68
26	14
26	70
26	71
26	74
26	75
26	80
26	81
27	3
27	13
27	31
27	48
27	49
27	67
27	72
28	3
28	9
28	12
28	53
28	69
28	72
28	77
29	43
29	46
29	65
29	66
29	68
29	72
29	76
30	23
30	46
30	52
30	67
30	74
30	76
30	78
31	27
31	39
31	55
31	56
31	57
31	61
31	74
32	10
32	38
32	53
32	58
32	60
32	73
32	74
33	1
33	25
33	35
33	41
33	51
33	55
33	63
34	1
34	3
34	11
34	57
34	70
34	75
34	78
34	81
35	33
35	41
35	43
35	50
35	51
35	64
35	73
35	81
36	3
36	11
36	57
36	72
36	75
36	76
36	77
36	79
37	13
37	24
37	25
37	47
37	54
37	63
37	69
37	71
38	32
38	55
38	65
38	69
38	73
38	74
38	77
38	78
39	7
39	31
39	42
39	52
39	55
39	56
39	71
39	77
40	6
40	24
40	46
40	69
40	71
40	73
40	74
40	77
41	5
41	15
41	33
41	35
41	50
41	51
41	66
41	79
42	39
42	48
42	62
42	65
42	72
42	75
42	76
42	77
43	12
43	16
43	17
43	29
43	35
43	62
43	70
43	74
43	78
44	3
44	25
44	59
44	62
44	68
44	75
44	79
44	80
44	81
45	10
45	12
45	25
45	47
45	54
45	58
45	70
45	76
45	78
46	18
46	29
46	30
46	40
46	65
46	67
46	69
46	74
46	77
47	7
47	9
47	10
47	15
47	24
47	37
47	45
47	71
47	80
48	5
48	13
48	15
48	18
48	21
48	27
48	42
48	49
48	64
49	1
49	4
49	5
49	6
49	7
49	9
49	15
49	27
49	48
49	58
50	1
50	20
50	22
50	35
50	41
50	51
50	67
50	73
50	78
50	79
51	20
51	33
51	35
51	41
51	50
51	56
51	66
51	67
51	68
51	77
52	19
52	23
52	30
52	39
52	58
52	66
52	69
52	71
52	73
52	80
53	19
53	23
53	28
53	32
53	64
53	66
53	69
53	72
53	77
53	79
53	80
54	8
54	12
54	24
54	25
54	37
54	45
54	61
54	74
54	77
54	79
54	80
55	7
55	16
55	21
55	31
55	33
55	38
55	39
55	56
55	60
55	64
55	78
55	79
56	7
56	16
56	17
56	21
56	31
56	39
56	51
56	55
56	58
56	61
56	68
56	81
57	31
57	34
57	36
57	58
57	60
57	62
57	68
57	70
57	75
57	76
57	78
57	81
58	8
58	20
58	32
58	45
58	49
58	52
58	56
58	57
58	67
58	69
58	73
58	74
59	15
59	17
59	21
59	22
59	44
59	61
59	64
59	71
59	73
59	79
59	80
59	81
60	17
60	20
60	32
60	55
60	57
60	62
60	66
60	69
60	70
60	72
60	75
60	78
60	80
61	1
61	31
61	54
61	56
61	59
61	63
61	68
61	70
61	71
61	78
61	79
61	80
61	81
62	14
62	42
62	43
62	44
62	57
62	60
62	67
62	70
62	73
62	74
62	75
62	78
62	80
63	10
63	13
63	19
63	33
63	37
63	61
63	67
63	68
63	71
63	72
63	79
63	80
63	81
64	9
64	19
64	23
64	35
64	48
64	53
64	55
64	59
64	65
64	66
64	72
64	75
64	76
64	79
65	16
65	23
65	29
65	38
65	42
65	46
65	64
65	66
65	73
65	75
65	76
65	77
65	79
65	81
66	24
66	29
66	41
66	51
66	52
66	53
66	60
66	64
66	65
66	72
66	76
66	77
66	78
66	81
67	19
67	22
67	27
67	30
67	46
67	50
67	51
67	58
67	62
67	63
67	69
67	73
67	74
67	79
68	2
68	14
68	25
68	29
68	44
68	51
68	56
68	57
68	61
68	63
68	71
68	79
68	80
68	81
69	28
69	37
69	38
69	40
69	46
69	52
69	53
69	58
69	60
69	67
69	70
69	72
69	73
69	76
70	2
70	26
70	34
70	43
70	45
70	57
70	60
70	61
70	62
70	69
70	72
70	75
70	78
70	80
70	81
71	26
71	37
71	39
71	40
71	47
71	52
71	59
71	61
71	63
71	68
71	72
71	73
71	77
71	78
71	79
71	80
71	81
72	22
72	27
72	28
72	29
72	36
72	42
72	53
72	60
72	63
72	64
72	66
72	69
72	70
72	71
72	74
72	76
72	77
73	5
73	32
73	35
73	38
73	40
73	50
73	52
73	58
73	59
73	62
73	65
73	67
73	69
73	71
73	74
73	76
73	80
74	4
74	26
74	30
74	31
74	32
74	38
74	40
74	43
74	46
74	54
74	58
74	62
74	67
74	72
74	73
74	76
74	81
75	2
75	14
75	17
75	18
75	23
75	26
75	34
75	36
75	42
75	44
75	57
75	60
75	62
75	64
75	65
75	70
75	78
76	5
76	20
76	22
76	29
76	30
76	36
76	42
76	45
76	57
76	64
76	65
76	66
76	69
76	72
76	73
76	74
76	77
76	78
77	11
77	22
77	28
77	36
77	38
77	39
77	40
77	42
77	46
77	51
77	53
77	54
77	65
77	66
77	71
77	72
77	76
77	80
77	81
78	2
78	14
78	30
78	34
78	38
78	43
78	45
78	50
78	55
78	57
78	60
78	61
78	62
78	66
78	70
78	71
78	75
78	76
78	81
79	6
79	8
79	11
79	12
79	18
79	36
79	41
79	44
79	50
79	53
79	54
79	55
79	59
79	61
79	63
79	64
79	65
79	67
79	68
79	71
79	80
79	81
80	2
80	6
80	8
80	9
80	18
80	26
80	44
80	47
80	52
80	53
80	54
80	59
80	60
80	61
80	62
80	63
80	68
80	70
80	71
80	73
80	77
80	79
80	81
81	6
81	8
81	16
81	17
81	18
81	26
81	34
81	35
81	44
81	56
81	57
81	59
81	61
81	63
81	65
81	66
81	68
81	70
81	71
81	74
81	77
81	78
81	79
81	80
