1	48
1	51
1	59
1	64
1	75
1	81
2	7
2	41
2	53
2	63
2	77
2	80
3	23
3	34
3	68
3	72
3	80
3	81
4	50
4	59
4	65
4	71
4	73
4	74
5	14
5	53
5	62
5	64
5	77
5	81
6	30
6	47
6	58
6	66
6	73
6	78
7	2
7	17
7	43
7	44
7	50
7	53
8	11
8	65
8	70
8	71
8	80
8	81
9	57
9	60
9	62
9	76
9	77
9	79
10	18
10	22
10	36
10	55
10	61
10	75
11	8
11	47
11	53
11	66
11	77
11	80
12	22
12	58
12	65
12	70
12	74
12	76
13	50
13	60
13	64
13	65
13	75
13	81
14	5
14	49
14	59
14	71
14	73
14	78
15	33
15	63
15	69
15	76
15	79
15	81
16	19
16	23
16	42
16	60
16	75
16	81
17	7
17	33
17	39
17	42
17	44
17	78
18	10
18	19
18	28
18	71
18	73
18	78
19	16
19	18
19	46
19	55
19	59
19	69
19	79
20	29
20	32
20	56
20	70
20	71
20	74
20	75
21	23
21	42
21	50
21	55
21	59
21	62
21	71
22	10
22	12
22	55
22	57
22	71
22	75
22	80
23	3
23	16
23	21
23	35
23	40
23	79
23	80
24	63
24	65
24	68
24	70
24	71
24	74
24	79
25	51
25	60
25	71
25	75
25	77
25	80
25	81
26	50
26	52
26	70
26	71
26	74
26	77
26	78
27	46
27	47
27	49
27	67
27	69
27	74
27	80
28	18
28	46
28	59
28	70
28	73
28	78
28	80
29	20
29	30
29	53
29	63
29	72
29	73
29	79
30	6
30	29
30	43
30	48
30	56
30	60
30	78
30	81
31	36
31	39
31	58
31	64
31	68
31	72
31	79
31	80
32	20
32	34
32	51
32	52
32	59
32	62
32	65
32	66
33	15
33	17
33	41
33	44
33	53
33	61
33	74
33	81
34	3
34	32
34	37
34	42
34	57
34	63
34	76
34	79
35	23
35	41
35	54
35	64
35	66
35	68
35	69
35	72
36	10
36	31
36	60
36	74
36	76
36	78
36	79
36	80
37	34
37	61
37	63
37	70
37	72
37	76
37	79
37	80
38	47
38	48
38	68
38	74
38	76
38	77
38	79
38	81
39	17
39	31
39	47
39	48
39	62
39	72
39	76
39	79
40	23
40	42
40	48
40	56
40	64
40	66
40	73
40	80
41	2
41	33
41	35
41	44
41	46
41	52
41	53
41	68
42	16
42	17
42	21
42	34
42	40
42	46
42	57
42	66
42	69
43	7
43	30
43	45
43	56
43	58
43	67
43	75
43	76
43	78
44	7
44	17
44	33
44	41
44	53
44	57
44	58
44	64
44	65
45	43
45	50
45	56
45	63
45	67
45	72
45	73
45	78
45	80
46	19
46	27
46	28
46	41
46	42
46	54
46	66
46	69
46	74
47	6
47	11
47	27
47	38
47	39
47	49
47	66
47	67
47	68
48	1
48	30
48	38
48	39
48	40
48	54
48	66
48	69
48	77
49	14
49	27
49	47
49	58
49	72
49	73
49	77
49	78
49	81
50	4
50	7
50	13
50	21
50	26
50	45
50	51
50	55
50	59
50	62
51	1
51	25
51	32
51	50
51	52
51	55
51	62
51	65
51	68
51	73
52	26
52	32
52	41
52	51
52	55
52	57
52	59
52	62
52	67
52	70
53	2
53	5
53	7
53	11
53	29
53	33
53	41
53	44
53	60
53	63
54	35
54	46
54	48
54	55
54	66
54	67
54	69
54	71
54	72
54	78
55	10
55	19
55	21
55	22
55	50
55	51
55	52
55	54
55	59
55	62
55	72
56	20
56	30
56	40
56	43
56	45
56	58
56	61
56	62
56	65
56	78
56	79
57	9
57	22
57	34
57	42
57	44
57	52
57	64
57	67
57	77
57	78
57	80
58	6
58	12
58	31
58	43
58	44
58	49
58	56
58	73
58	76
58	77
58	78
59	1
59	4
59	14
59	19
59	21
59	28
59	32
59	50
59	52
59	55
59	62
59	77
60	9
60	13
60	16
60	25
60	30
60	36
60	53
60	63
60	72
60	74
60	76
60	79
61	10
61	33
61	37
61	56
61	63
61	68
61	73
61	75
61	77
61	78
61	80
61	81
62	5
62	9
62	21
62	32
62	39
62	50
62	51
62	52
62	55
62	56
62	59
62	79
62	81
63	2
63	15
63	24
63	29
63	34
63	37
63	45
63	53
63	60
63	61
63	72
63	76
63	80
64	1
64	5
64	13
64	31
64	35
64	40
64	44
64	57
64	65
64	67
64	68
64	74
64	76
64	77
65	4
65	8
65	12
65	13
65	24
65	32
65	44
65	51
65	56
65	64
65	70
65	71
65	74
65	80
66	6
66	11
66	32
66	35
66	40
66	42
66	46
66	47
66	48
66	54
66	68
66	69
66	76
66	77
67	27
67	43
67	45
67	47
67	52
67	54
67	57
67	64
67	72
67	73
67	75
67	77
67	79
67	80
67	81
68	3
68	24
68	31
68	35
68	38
68	41
68	47
68	51
68	61
68	64
68	66
68	75
68	79
68	80
68	81
69	15
69	19
69	27
69	35
69	42
69	46
69	48
69	54
69	66
69	70
69	72
69	75
69	78
69	80
69	81
70	8
70	12
70	20
70	24
70	26
70	28
70	37
70	52
70	65
70	69
70	71
70	74
70	75
70	76
70	78
71	4
71	8
71	14
71	18
71	20
71	21
71	22
71	24
71	25
71	26
71	54
71	65
71	70
71	73
71	74
71	81
72	3
72	29
72	31
72	35
72	37
72	39
72	45
72	49
72	54
72	55
72	60
72	63
72	67
72	69
72	75
72	76
72	79
73	4
73	6
73	14
73	18
73	28
73	29
73	40
73	45
73	49
73	51
73	58
73	61
73	67
73	71
73	77
73	78
73	79
74	4
74	12
74	20
74	24
74	26
74	27
74	33
74	36
74	38
74	46
74	60
74	64
74	65
74	70
74	71
74	75
74	78
75	1
75	10
75	13
75	16
75	20
75	22
75	25
75	43
75	61
75	67
75	68
75	69
75	70
75	72
75	74
75	76
75	79
75	80
75	81
76	9
76	12
76	15
76	34
76	36
76	37
76	38
76	39
76	43
76	58
76	60
76	63
76	64
76	66
76	70
76	72
76	75
76	77
76	79
76	81
77	2
77	5
77	9
77	11
77	25
77	26
77	38
77	48
77	49
77	57
77	58
77	59
77	61
77	64
77	66
77	67
77	73
77	76
77	78
77	80
77	81
78	6
78	14
78	17
78	18
78	26
78	28
78	30
78	36
78	43
78	45
78	49
78	54
78	56
78	57
78	58
78	61
78	69
78	70
78	73
78	74
78	77
78	81
79	9
79	15
79	19
79	23
79	24
79	29
79	31
79	34
79	36
79	37
79	38
79	39
79	56
79	60
79	62
79	67
79	68
79	72
79	73
79	75
79	76
79	81
80	2
80	3
80	8
80	11
80	22
80	23
80	25
80	27
80	28
80	31
80	36
80	37
80	40
80	45
80	57
80	61
80	63
80	65
80	67
80	68
80	69
80	75
80	77
80	81
81	1
81	3
81	5
81	8
81	13
81	15
81	16
81	25
81	30
81	33
81	38
81	49
81	61
81	62
81	67
81	68
81	69
81	71
81	75
81	76
81	77
81	78
81	79
81	80
