1	16
1	21
1	30
1	56
1	58
1	73
2	24
2	31
2	37
2	53
2	59
2	79
3	6
3	25
3	38
3	46
3	73
3	78
4	6
4	29
4	62
4	65
4	70
4	78
5	38
5	53
5	57
5	58
5	60
5	70
6	3
6	4
6	33
6	57
6	58
6	60
7	59
7	75
7	77
7	78
7	80
7	81
8	45
8	46
8	56
8	73
8	79
8	81
9	37
9	57
9	58
9	60
9	62
9	77
10	33
10	35
10	41
10	43
10	59
10	79
11	32
11	38
11	45
11	55
11	71
11	79
12	17
12	53
12	64
12	66
12	68
12	79
13	31
13	39
13	64
13	66
13	67
13	79
14	64
14	65
14	70
14	74
14	79
14	80
15	17
15	26
15	47
15	51
15	68
15	74
16	1
16	29
16	32
16	45
16	66
16	68
17	12
17	15
17	30
17	56
17	73
17	80
18	51
18	59
18	60
18	61
18	62
18	66
19	38
19	45
19	46
19	61
19	67
19	73
20	28
20	55
20	68
20	73
20	75
20	80
20	81
21	1
21	37
21	43
21	53
21	55
21	75
21	81
22	31
22	54
22	57
22	60
22	66
22	79
22	80
23	27
23	36
23	44
23	62
23	77
23	78
23	80
24	2
24	50
24	52
24	57
24	58
24	60
24	77
25	3
25	45
25	46
25	48
25	49
25	53
25	79
26	15
26	31
26	39
26	41
26	51
26	61
26	81
27	23
27	30
27	46
27	67
27	73
27	78
27	80
28	20
28	65
28	68
28	69
28	70
28	71
28	75
29	4
29	16
29	54
29	61
29	63
29	77
29	78
30	1
30	17
30	27
30	42
30	51
30	61
30	67
31	2
31	13
31	22
31	26
31	69
31	74
31	81
32	11
32	16
32	49
32	60
32	65
32	66
32	79
32	81
33	6
33	10
33	43
33	59
33	61
33	77
33	78
33	80
34	36
34	41
34	54
34	69
34	70
34	73
34	76
34	77
35	10
35	43
35	48
35	55
35	61
35	64
35	77
35	78
36	23
36	34
36	50
36	56
36	64
36	67
36	72
36	81
37	2
37	9
37	21
37	68
37	70
37	74
37	75
37	77
37	80
38	3
38	5
38	11
38	19
38	46
38	53
38	56
38	57
38	73
39	13
39	26
39	42
39	47
39	50
39	57
39	76
39	78
39	79
40	43
40	46
40	47
40	50
40	51
40	52
40	71
40	76
40	77
41	10
41	26
41	34
41	51
41	54
41	61
41	68
41	72
41	80
42	30
42	39
42	63
42	66
42	67
42	74
42	75
42	80
42	81
43	10
43	21
43	33
43	35
43	40
43	48
43	65
43	66
43	68
43	76
44	23
44	51
44	55
44	63
44	70
44	71
44	72
44	75
44	76
44	81
45	8
45	11
45	16
45	19
45	25
45	47
45	49
45	62
45	76
45	79
46	3
46	8
46	19
46	25
46	27
46	38
46	40
46	50
46	56
46	73
46	75
47	15
47	39
47	40
47	45
47	49
47	63
47	67
47	70
47	71
47	79
47	81
48	25
48	35
48	43
48	49
48	50
48	60
48	63
48	65
48	71
48	74
48	81
49	25
49	32
49	45
49	47
49	48
49	53
49	66
49	72
49	73
49	78
49	79
50	24
50	36
50	39
50	40
50	46
50	48
50	55
50	69
50	70
50	71
50	75
51	15
51	18
51	26
51	30
51	40
51	41
51	44
51	72
51	74
51	80
51	81
52	24
52	40
52	57
52	58
52	60
52	62
52	64
52	68
52	72
52	75
53	2
53	5
53	12
53	21
53	25
53	38
53	49
53	66
53	72
53	75
53	77
53	79
54	22
54	29
54	34
54	41
54	63
54	64
54	65
54	66
54	67
54	71
54	76
54	80
55	11
55	20
55	21
55	35
55	44
55	50
55	65
55	66
55	69
55	79
55	80
55	81
56	1
56	8
56	17
56	36
56	38
56	46
56	63
56	64
56	69
56	73
56	74
56	79
57	5
57	6
57	9
57	22
57	24
57	38
57	39
57	52
57	58
57	59
57	60
57	69
57	76
58	1
58	5
58	6
58	9
58	24
58	52
58	57
58	60
58	66
58	72
58	73
58	74
58	78
59	2
59	7
59	10
59	18
59	33
59	57
59	62
59	71
59	74
59	76
59	77
59	78
59	79
60	5
60	6
60	9
60	18
60	22
60	24
60	32
60	48
60	52
60	57
60	58
60	62
60	65
60	72
61	18
61	19
61	26
61	29
61	30
61	33
61	35
61	41
61	62
61	68
61	76
61	77
61	78
61	81
62	4
62	9
62	18
62	23
62	45
62	52
62	59
62	60
62	61
62	71
62	75
62	76
62	77
62	78
63	29
63	42
63	44
63	47
63	48
63	54
63	56
63	65
63	70
63	71
63	72
63	75
63	76
63	81
64	12
64	13
64	14
64	35
64	36
64	52
64	54
64	56
64	65
64	69
64	72
64	74
64	80
64	81
65	4
65	14
65	28
65	32
65	43
65	48
65	54
65	55
65	60
65	63
65	64
65	70
65	76
65	78
66	12
66	13
66	16
66	18
66	22
66	32
66	42
66	43
66	49
66	53
66	54
66	55
66	58
66	74
66	79
67	13
67	19
67	27
67	30
67	36
67	42
67	47
67	54
67	69
67	72
67	73
67	75
67	78
67	80
67	81
68	12
68	15
68	16
68	20
68	28
68	37
68	41
68	43
68	52
68	61
68	70
68	71
68	76
68	78
68	80
69	28
69	31
69	34
69	50
69	55
69	56
69	57
69	64
69	67
69	72
69	74
69	75
69	76
69	79
69	80
69	81
70	4
70	5
70	14
70	28
70	34
70	37
70	44
70	47
70	50
70	63
70	65
70	68
70	74
70	76
70	77
70	80
71	11
71	28
71	40
71	44
71	47
71	48
71	50
71	54
71	59
71	62
71	63
71	68
71	73
71	74
71	75
71	80
72	36
72	41
72	44
72	49
72	51
72	52
72	53
72	58
72	60
72	63
72	64
72	67
72	69
72	73
72	80
72	81
73	1
73	3
73	8
73	17
73	19
73	20
73	27
73	34
73	38
73	46
73	49
73	56
73	58
73	67
73	71
73	72
73	77
74	14
74	15
74	31
74	37
74	42
74	48
74	51
74	56
74	58
74	59
74	64
74	66
74	69
74	70
74	71
74	80
74	81
75	7
75	20
75	21
75	28
75	37
75	42
75	44
75	46
75	50
75	52
75	53
75	62
75	63
75	67
75	69
75	71
75	77
75	80
75	81
76	34
76	39
76	40
76	43
76	44
76	45
76	54
76	57
76	59
76	61
76	62
76	63
76	65
76	68
76	69
76	70
76	78
76	79
76	81
77	7
77	9
77	23
77	24
77	29
77	33
77	34
77	35
77	37
77	40
77	53
77	59
77	61
77	62
77	70
77	73
77	75
77	78
77	81
78	3
78	4
78	7
78	23
78	27
78	29
78	33
78	35
78	39
78	49
78	58
78	59
78	61
78	62
78	65
78	67
78	68
78	76
78	77
78	81
79	2
79	8
79	10
79	11
79	12
79	13
79	14
79	22
79	25
79	32
79	39
79	45
79	47
79	49
79	53
79	55
79	56
79	59
79	66
79	69
79	76
79	80
80	7
80	14
80	17
80	20
80	22
80	23
80	27
80	33
80	37
80	41
80	42
80	51
80	54
80	55
80	64
80	67
80	68
80	69
80	70
80	71
80	72
80	74
80	75
80	79
81	7
81	8
81	20
81	21
81	26
81	31
81	32
81	36
81	42
81	44
81	47
81	48
81	51
81	55
81	61
81	63
81	64
81	67
81	69
81	72
81	74
81	75
81	76
81	77
81	78
