1	10
1	33
1	43
1	60
1	71
1	80
2	4
2	20
2	58
2	64
2	80
2	81
3	4
3	22
3	31
3	50
3	58
3	73
4	2
4	3
4	9
4	41
4	60
4	81
5	13
5	40
5	46
5	47
5	55
5	65
6	18
6	28
6	35
6	66
6	70
6	80
7	32
7	36
7	50
7	59
7	63
7	81
8	24
8	54
8	57
8	70
8	72
8	76
9	4
9	21
9	23
9	32
9	50
9	62
10	1
10	16
10	49
10	51
10	70
10	73
11	29
11	44
11	46
11	52
11	65
11	71
12	27
12	68
12	71
12	76
12	78
12	79
13	5
13	42
13	45
13	56
13	59
13	77
14	62
14	66
14	72
14	78
14	79
14	80
15	46
15	60
15	68
15	75
15	80
15	81
16	10
16	45
16	49
16	59
16	71
16	80
17	35
17	48
17	53
17	59
17	67
17	75
17	79
18	6
18	63
18	69
18	72
18	74
18	78
18	80
19	39
19	47
19	59
19	70
19	72
19	80
19	81
20	2
20	51
20	69
20	75
20	76
20	78
20	79
21	9
21	40
21	43
21	53
21	59
21	69
21	79
22	3
22	55
22	60
22	62
22	69
22	76
22	79
23	9
23	33
23	36
23	40
23	50
23	56
23	68
24	8
24	51
24	67
24	71
24	77
24	80
24	81
25	47
25	60
25	68
25	71
25	72
25	75
25	77
26	30
26	31
26	58
26	61
26	63
26	73
26	78
27	12
27	56
27	68
27	72
27	73
27	74
27	77
28	6
28	58
28	61
28	62
28	64
28	69
28	75
28	77
29	11
29	30
29	56
29	60
29	65
29	67
29	72
29	79
30	26
30	29
30	32
30	36
30	40
30	48
30	69
30	73
31	3
31	26
31	39
31	55
31	63
31	73
31	75
31	76
32	7
32	9
32	30
32	37
32	48
32	59
32	75
32	79
33	1
33	23
33	36
33	49
33	59
33	63
33	67
33	80
34	45
34	47
34	54
34	58
34	61
34	66
34	73
34	78
35	6
35	17
35	43
35	59
35	66
35	67
35	74
35	79
36	7
36	23
36	30
36	33
36	48
36	49
36	62
36	75
37	32
37	47
37	64
37	69
37	72
37	76
37	78
37	79
38	53
38	54
38	57
38	64
38	76
38	78
38	79
38	80
39	19
39	31
39	54
39	57
39	58
39	70
39	74
39	75
39	81
40	5
40	21
40	23
40	30
40	50
40	53
40	59
40	77
40	81
41	4
41	49
41	56
41	66
41	67
41	70
41	73
41	80
41	81
42	13
42	45
42	47
42	48
42	58
42	65
42	73
42	74
42	78
43	1
43	21
43	35
43	52
43	53
43	55
43	65
43	67
43	74
44	11
44	58
44	63
44	69
44	72
44	74
44	77
44	79
44	81
45	13
45	16
45	34
45	42
45	55
45	57
45	62
45	74
45	80
46	5
46	11
46	15
46	68
46	71
46	75
46	77
46	79
46	81
47	5
47	19
47	25
47	34
47	37
47	42
47	55
47	57
47	73
48	17
48	30
48	32
48	36
48	42
48	50
48	61
48	66
48	68
49	10
49	16
49	33
49	36
49	41
49	53
49	60
49	67
49	76
49	78
50	3
50	7
50	9
50	23
50	40
50	48
50	63
50	70
50	75
50	80
51	10
51	20
51	24
51	54
51	62
51	66
51	67
51	76
51	80
51	81
52	11
52	43
52	53
52	58
52	61
52	64
52	71
52	75
52	77
52	80
53	17
53	21
53	38
53	40
53	43
53	49
53	52
53	67
53	72
53	78
54	8
54	34
54	38
54	39
54	51
54	65
54	66
54	73
54	78
54	80
54	81
55	5
55	22
55	31
55	43
55	45
55	47
55	57
55	58
55	70
55	71
55	73
56	13
56	23
56	27
56	29
56	41
56	61
56	64
56	65
56	67
56	68
56	74
57	8
57	38
57	39
57	45
57	47
57	55
57	69
57	73
57	76
57	78
57	79
58	2
58	3
58	26
58	28
58	34
58	39
58	42
58	44
58	52
58	55
58	66
58	73
59	7
59	13
59	16
59	17
59	19
59	21
59	32
59	33
59	35
59	40
59	61
59	67
60	1
60	4
60	15
60	22
60	25
60	29
60	49
60	64
60	71
60	74
60	75
60	77
61	26
61	28
61	34
61	48
61	52
61	56
61	59
61	64
61	71
61	75
61	76
61	77
62	9
62	14
62	22
62	28
62	36
62	45
62	51
62	69
62	71
62	76
62	78
62	79
63	7
63	18
63	26
63	31
63	33
63	44
63	50
63	65
63	68
63	72
63	74
63	77
64	2
64	28
64	37
64	38
64	52
64	56
64	60
64	61
64	71
64	75
64	76
64	77
64	81
65	5
65	11
65	29
65	42
65	43
65	54
65	56
65	63
65	68
65	70
65	72
65	73
65	74
65	77
66	6
66	14
66	34
66	35
66	41
66	48
66	51
66	54
66	58
66	69
66	70
66	77
66	80
66	81
67	17
67	24
67	29
67	33
67	35
67	41
67	43
67	49
67	51
67	53
67	56
67	59
67	68
67	78
68	12
68	15
68	23
68	25
68	27
68	46
68	48
68	56
68	63
68	65
68	67
68	70
68	72
68	74
69	18
69	20
69	21
69	22
69	28
69	30
69	37
69	44
69	57
69	62
69	66
69	70
69	76
69	78
69	79
69	81
70	6
70	8
70	10
70	19
70	39
70	41
70	50
70	55
70	65
70	66
70	68
70	69
70	75
70	79
70	80
70	81
71	1
71	11
71	12
71	16
71	24
71	25
71	46
71	52
71	55
71	60
71	61
71	62
71	64
71	75
71	76
71	77
72	8
72	14
72	18
72	19
72	25
72	27
72	29
72	37
72	44
72	53
72	63
72	65
72	68
72	73
72	74
72	76
72	81
73	3
73	10
73	26
73	27
73	30
73	31
73	34
73	41
73	42
73	47
73	54
73	55
73	57
73	58
73	65
73	72
73	81
74	18
74	27
74	35
74	39
74	42
74	43
74	44
74	45
74	56
74	60
74	63
74	65
74	68
74	72
74	77
74	78
74	81
75	15
75	17
75	20
75	25
75	28
75	31
75	32
75	36
75	39
75	46
75	50
75	52
75	60
75	61
75	64
75	70
75	71
75	76
75	77
76	8
76	12
76	20
76	22
76	31
76	37
76	38
76	49
76	51
76	57
76	61
76	62
76	64
76	69
76	71
76	72
76	75
76	78
76	79
77	13
77	24
77	25
77	27
77	28
77	40
77	44
77	46
77	52
77	60
77	61
77	63
77	64
77	65
77	66
77	71
77	74
77	75
77	78
78	12
78	14
78	18
78	20
78	26
78	34
78	37
78	38
78	42
78	49
78	53
78	54
78	57
78	62
78	67
78	69
78	74
78	76
78	77
78	79
79	12
79	14
79	17
79	20
79	21
79	22
79	29
79	32
79	35
79	37
79	38
79	44
79	46
79	57
79	62
79	69
79	70
79	76
79	78
79	80
79	81
80	1
80	2
80	6
80	14
80	15
80	16
80	18
80	19
80	24
80	33
80	38
80	41
80	45
80	50
80	51
80	52
80	54
80	66
80	70
80	79
80	81
81	2
81	4
81	7
81	15
81	19
81	24
81	39
81	40
81	41
81	44
81	46
81	51
81	54
81	64
81	66
81	69
81	70
81	72
81	73
81	74
81	79
81	80
