1	20
1	45
1	61
1	67
1	76
1	81
2	9
2	29
2	72
2	73
2	76
2	77
3	30
3	42
3	48
3	60
3	61
3	73
4	8
4	46
4	55
4	70
4	75
4	76
5	12
5	19
5	32
5	47
5	70
5	78
6	15
6	30
6	32
6	37
6	76
6	78
7	18
7	51
7	61
7	62
7	72
7	78
8	4
8	17
8	34
8	50
8	75
8	79
9	2
9	14
9	32
9	38
9	50
9	79
10	16
10	35
10	38
10	45
10	75
10	80
11	19
11	26
11	55
11	74
11	75
11	78
12	5
12	23
12	29
12	34
12	54
12	64
13	16
13	20
13	29
13	56
13	64
13	69
14	9
14	54
14	57
14	68
14	71
14	78
15	6
15	44
15	50
15	67
15	78
15	80
15	81
16	10
16	13
16	39
16	47
16	65
16	68
16	71
17	8
17	46
17	61
17	72
17	74
17	75
17	81
18	7
18	23
18	37
18	48
18	70
18	71
18	80
19	5
19	11
19	56
19	63
19	65
19	69
19	76
20	1
20	13
20	29
20	36
20	43
20	49
20	81
21	25
21	29
21	43
21	49
21	60
21	70
21	80
22	31
22	71
22	72
22	77
22	79
22	80
22	81
23	12
23	18
23	39
23	40
23	46
23	68
23	77
24	46
24	47
24	53
24	67
24	73
24	79
24	81
25	21
25	27
25	43
25	49
25	69
25	79
25	80
26	11
26	27
26	64
26	70
26	71
26	72
26	76
27	25
27	26
27	35
27	40
27	52
27	68
27	70
28	31
28	40
28	46
28	59
28	61
28	62
28	69
28	81
29	2
29	12
29	13
29	20
29	21
29	43
29	49
29	58
30	3
30	6
30	31
30	52
30	57
30	74
30	77
30	81
31	22
31	28
31	30
31	46
31	58
31	71
31	78
31	80
32	5
32	6
32	9
32	39
32	54
32	70
32	77
32	81
33	41
33	50
33	52
33	54
33	67
33	72
33	74
33	81
34	8
34	12
34	36
34	53
34	57
34	58
34	59
34	78
35	10
35	27
35	38
35	49
35	54
35	58
35	68
35	77
36	20
36	34
36	52
36	58
36	69
36	72
36	76
36	79
37	6
37	18
37	44
37	60
37	74
37	75
37	78
37	80
38	9
38	10
38	35
38	48
38	61
38	66
38	68
38	80
39	16
39	23
39	32
39	44
39	47
39	66
39	67
39	76
40	23
40	27
40	28
40	42
40	56
40	66
40	73
40	79
40	81
41	33
41	48
41	51
41	55
41	57
41	60
41	70
41	79
41	80
42	3
42	40
42	44
42	51
42	59
42	63
42	71
42	74
42	80
43	20
43	21
43	25
43	29
43	49
43	52
43	66
43	67
43	80
44	15
44	37
44	39
44	42
44	52
44	62
44	64
44	79
44	80
45	1
45	10
45	46
45	48
45	56
45	61
45	69
45	73
45	75
45	81
46	4
46	17
46	23
46	24
46	28
46	31
46	45
46	55
46	62
46	77
47	5
47	16
47	24
47	39
47	54
47	68
47	69
47	72
47	73
47	76
48	3
48	18
48	38
48	41
48	45
48	54
48	59
48	62
48	76
48	77
49	20
49	21
49	25
49	29
49	35
49	43
49	59
49	65
49	77
49	78
50	8
50	9
50	15
50	33
50	52
50	53
50	65
50	66
50	67
50	80
50	81
51	7
51	41
51	42
51	55
51	60
51	68
51	69
51	73
51	75
51	78
51	80
52	27
52	30
52	33
52	36
52	43
52	44
52	50
52	53
52	56
52	71
52	81
53	24
53	34
53	50
53	52
53	59
53	61
53	63
53	66
53	69
53	70
53	80
54	12
54	14
54	32
54	33
54	35
54	47
54	48
54	68
54	74
54	77
54	80
55	4
55	11
55	41
55	46
55	51
55	62
55	67
55	70
55	71
55	73
55	78
56	13
56	19
56	40
56	45
56	52
56	60
56	61
56	71
56	76
56	77
56	79
56	81
57	14
57	30
57	34
57	41
57	59
57	62
57	65
57	66
57	75
57	77
57	79
57	81
58	29
58	31
58	34
58	35
58	36
58	61
58	64
58	71
58	73
58	74
58	75
58	76
59	28
59	34
59	42
59	48
59	49
59	53
59	57
59	62
59	72
59	74
59	75
59	80
60	3
60	21
60	37
60	41
60	51
60	56
60	64
60	68
60	72
60	75
60	77
60	78
61	1
61	3
61	7
61	17
61	28
61	38
61	45
61	53
61	56
61	58
61	62
61	76
62	7
62	28
62	44
62	46
62	48
62	55
62	57
62	59
62	61
62	75
62	78
62	79
63	19
63	42
63	53
63	68
63	71
63	72
63	73
63	74
63	77
63	78
63	79
63	81
64	12
64	13
64	26
64	44
64	58
64	60
64	65
64	69
64	76
64	78
64	80
64	81
65	16
65	19
65	49
65	50
65	57
65	64
65	70
65	72
65	73
65	74
65	77
65	79
65	81
66	38
66	39
66	40
66	43
66	50
66	53
66	57
66	72
66	73
66	75
66	77
66	79
66	81
67	1
67	15
67	24
67	33
67	39
67	43
67	50
67	55
67	70
67	75
67	76
67	78
67	79
67	80
68	14
68	16
68	23
68	27
68	35
68	38
68	47
68	51
68	54
68	60
68	63
68	69
68	75
68	79
69	13
69	19
69	25
69	28
69	36
69	45
69	47
69	51
69	53
69	64
69	68
69	74
69	78
69	80
70	4
70	5
70	18
70	21
70	26
70	27
70	32
70	41
70	53
70	55
70	65
70	67
70	75
70	77
70	80
71	14
71	16
71	18
71	22
71	26
71	31
71	42
71	52
71	55
71	56
71	58
71	63
71	76
71	78
71	80
72	2
72	7
72	17
72	22
72	26
72	33
72	36
72	47
72	59
72	60
72	63
72	65
72	66
72	74
72	75
72	79
72	81
73	2
73	3
73	24
73	40
73	45
73	47
73	51
73	55
73	58
73	63
73	65
73	66
73	74
73	76
73	77
73	79
73	80
73	81
74	11
74	17
74	30
74	33
74	37
74	42
74	54
74	58
74	59
74	63
74	65
74	69
74	72
74	73
74	76
74	77
74	78
74	79
74	81
75	4
75	8
75	10
75	11
75	17
75	37
75	45
75	51
75	57
75	58
75	59
75	60
75	62
75	66
75	67
75	68
75	70
75	72
75	76
75	78
76	1
76	2
76	4
76	6
76	19
76	26
76	36
76	39
76	47
76	48
76	56
76	58
76	61
76	64
76	67
76	71
76	73
76	74
76	75
76	77
76	78
76	80
77	2
77	22
77	23
77	30
77	32
77	35
77	46
77	48
77	49
77	54
77	56
77	57
77	60
77	63
77	65
77	66
77	70
77	73
77	74
77	76
77	79
77	81
78	5
78	6
78	7
78	11
78	14
78	15
78	31
78	34
78	37
78	49
78	51
78	55
78	60
78	62
78	63
78	64
78	67
78	69
78	71
78	74
78	75
78	76
79	8
79	9
79	22
79	24
79	25
79	36
79	40
79	41
79	44
79	56
79	57
79	62
79	63
79	65
79	66
79	67
79	68
79	72
79	73
79	74
79	77
79	81
80	10
80	15
80	18
80	21
80	22
80	25
80	31
80	37
80	38
80	41
80	42
80	43
80	44
80	50
80	51
80	53
80	54
80	59
80	64
80	67
80	69
80	70
80	71
80	73
80	76
81	1
81	15
81	17
81	20
81	22
81	24
81	28
81	30
81	32
81	33
81	40
81	45
81	50
81	52
81	56
81	57
81	63
81	64
81	65
81	66
81	72
81	73
81	74
81	77
81	79
