1	4
1	47
1	63
1	70
1	71
1	81
2	41
2	56
2	66
2	67
2	68
2	76
3	11
3	53
3	58
3	59
3	74
3	75
4	1
4	41
4	55
4	66
4	68
4	75
5	72
5	73
5	74
5	77
5	78
5	81
6	30
6	56
6	61
6	66
6	68
6	76
7	42
7	63
7	69
7	70
7	71
7	81
8	21
8	23
8	34
8	64
8	69
8	80
9	35
9	43
9	53
9	67
9	73
9	77
10	22
10	28
10	63
10	64
10	69
10	80
11	3
11	38
11	72
11	73
11	74
11	77
12	25
12	28
12	68
12	71
12	74
12	80
13	48
13	59
13	65
13	79
13	80
13	81
14	30
14	56
14	66
14	67
14	68
14	79
15	22
15	33
15	46
15	51
15	69
15	77
16	29
16	31
16	52
16	62
16	65
16	71
16	79
17	27
17	44
17	46
17	57
17	64
17	69
17	81
18	37
18	56
18	62
18	72
18	73
18	74
18	77
19	22
19	23
19	31
19	53
19	59
19	65
19	79
20	49
20	52
20	55
20	58
20	70
20	77
20	81
21	8
21	30
21	34
21	41
21	48
21	66
21	68
22	10
22	15
22	19
22	40
22	64
22	65
22	69
23	8
23	19
23	34
23	36
23	64
23	69
23	78
24	42
24	46
24	48
24	57
24	59
24	66
24	69
25	12
25	35
25	56
25	69
25	74
25	75
25	80
26	27
26	56
26	62
26	65
26	66
26	68
26	81
27	17
27	26
27	56
27	66
27	68
27	74
27	76
28	10
28	12
28	39
28	40
28	50
28	71
28	80
28	81
29	16
29	53
29	59
29	65
29	66
29	67
29	78
29	80
30	6
30	14
30	21
30	41
30	60
30	74
30	78
30	80
31	16
31	19
31	42
31	48
31	54
31	60
31	65
31	79
32	43
32	56
32	61
32	65
32	73
32	76
32	77
32	78
33	15
33	36
33	65
33	67
33	72
33	76
33	79
33	80
34	8
34	21
34	23
34	62
34	67
34	74
34	78
34	80
35	9
35	25
35	50
35	62
35	63
35	72
35	73
35	75
35	77
36	23
36	33
36	44
36	50
36	63
36	64
36	69
36	77
36	81
37	18
37	49
37	50
37	57
37	71
37	75
37	79
37	80
37	81
38	11
38	49
38	54
38	58
38	63
38	68
38	70
38	72
38	80
39	28
39	51
39	57
39	63
39	66
39	70
39	71
39	76
39	81
40	22
40	28
40	42
40	52
40	57
40	70
40	78
40	80
40	81
41	2
41	4
41	21
41	30
41	44
41	47
41	66
41	68
41	75
41	79
42	7
42	24
42	31
42	40
42	48
42	53
42	65
42	71
42	73
42	75
43	9
43	32
43	53
43	54
43	68
43	69
43	73
43	75
43	76
43	79
44	17
44	36
44	41
44	46
44	48
44	54
44	62
44	64
44	69
44	75
45	51
45	55
45	57
45	62
45	68
45	72
45	73
45	75
45	77
45	80
46	15
46	17
46	24
46	44
46	57
46	64
46	65
46	68
46	69
46	81
47	1
47	41
47	55
47	61
47	62
47	70
47	72
47	73
47	75
47	77
48	13
48	21
48	24
48	31
48	42
48	44
48	54
48	59
48	60
48	65
48	77
49	20
49	37
49	38
49	60
49	64
49	70
49	71
49	75
49	77
49	78
49	81
50	28
50	35
50	36
50	37
50	60
50	61
50	67
50	72
50	73
50	75
50	78
51	15
51	39
51	45
51	53
51	54
51	56
51	63
51	71
51	74
51	78
51	79
52	16
52	20
52	40
52	57
52	59
52	70
52	71
52	72
52	76
52	78
52	81
53	3
53	9
53	19
53	29
53	42
53	43
53	51
53	59
53	61
53	65
53	70
54	31
54	38
54	43
54	44
54	48
54	51
54	56
54	61
54	63
54	70
54	78
54	81
55	4
55	20
55	45
55	47
55	62
55	66
55	69
55	72
55	73
55	74
55	76
55	77
55	78
56	2
56	6
56	14
56	18
56	25
56	26
56	27
56	32
56	51
56	54
56	66
56	68
56	73
57	17
57	24
57	37
57	39
57	40
57	45
57	46
57	52
57	66
57	70
57	71
57	74
57	78
57	81
58	3
58	20
58	38
58	60
58	65
58	67
58	68
58	70
58	71
58	73
58	77
58	78
58	79
58	80
59	3
59	13
59	19
59	24
59	29
59	48
59	52
59	53
59	65
59	67
59	70
59	71
59	75
59	76
60	30
60	31
60	48
60	49
60	50
60	58
60	63
60	66
60	71
60	73
60	75
60	76
60	79
60	80
60	81
61	6
61	32
61	47
61	50
61	53
61	54
61	62
61	63
61	64
61	65
61	67
61	68
61	72
61	76
61	79
62	16
62	18
62	26
62	34
62	35
62	44
62	45
62	47
62	55
62	61
62	67
62	72
62	73
62	74
62	77
62	78
62	79
63	1
63	7
63	10
63	35
63	36
63	38
63	39
63	51
63	54
63	60
63	61
63	66
63	67
63	70
63	75
63	76
63	79
64	8
64	10
64	17
64	22
64	23
64	36
64	44
64	46
64	49
64	61
64	69
64	72
64	74
64	77
64	78
64	80
64	81
65	13
65	16
65	19
65	22
65	26
65	29
65	31
65	32
65	33
65	42
65	46
65	48
65	53
65	58
65	59
65	61
65	69
65	72
65	81
66	2
66	4
66	6
66	14
66	21
66	24
66	26
66	27
66	29
66	39
66	41
66	55
66	56
66	57
66	60
66	63
66	67
66	68
66	80
67	2
67	9
67	14
67	29
67	33
67	34
67	50
67	58
67	59
67	61
67	62
67	63
67	66
67	68
67	71
67	74
67	75
67	76
67	79
68	2
68	4
68	6
68	12
68	14
68	21
68	26
68	27
68	38
68	41
68	43
68	45
68	46
68	56
68	58
68	61
68	66
68	67
68	75
68	78
69	7
69	8
69	10
69	15
69	17
69	22
69	23
69	24
69	25
69	36
69	43
69	44
69	46
69	55
69	64
69	65
69	70
69	72
69	76
69	79
70	1
70	7
70	20
70	38
70	39
70	40
70	47
70	49
70	52
70	53
70	54
70	57
70	58
70	59
70	63
70	69
70	71
70	74
70	76
70	81
71	1
71	7
71	12
71	16
71	28
71	37
71	39
71	42
71	49
71	51
71	52
71	57
71	58
71	59
71	60
71	67
71	70
71	74
71	77
71	81
72	5
72	11
72	18
72	33
72	35
72	38
72	45
72	47
72	50
72	52
72	55
72	61
72	62
72	64
72	65
72	69
72	73
72	76
72	77
72	80
72	81
73	5
73	9
73	11
73	18
73	32
73	35
73	42
73	43
73	45
73	47
73	50
73	55
73	56
73	58
73	60
73	62
73	72
73	74
73	77
73	78
73	79
74	3
74	5
74	11
74	12
74	18
74	25
74	27
74	30
74	34
74	51
74	55
74	57
74	62
74	64
74	67
74	70
74	71
74	73
74	75
74	76
74	78
74	79
75	3
75	4
75	25
75	35
75	37
75	41
75	42
75	43
75	44
75	45
75	47
75	49
75	50
75	59
75	60
75	63
75	67
75	68
75	74
75	76
75	78
75	79
75	80
76	2
76	6
76	27
76	32
76	33
76	39
76	43
76	52
76	55
76	59
76	60
76	61
76	63
76	67
76	69
76	70
76	72
76	74
76	75
76	77
76	78
76	80
76	81
77	5
77	9
77	11
77	15
77	18
77	20
77	32
77	35
77	36
77	45
77	47
77	48
77	49
77	55
77	58
77	62
77	64
77	71
77	72
77	73
77	76
77	79
77	80
78	5
78	23
78	29
78	30
78	32
78	34
78	40
78	49
78	50
78	51
78	52
78	54
78	55
78	57
78	58
78	62
78	64
78	68
78	73
78	74
78	75
78	76
78	79
78	80
79	13
79	14
79	16
79	19
79	31
79	33
79	37
79	41
79	43
79	51
79	58
79	60
79	61
79	62
79	63
79	67
79	69
79	73
79	74
79	75
79	77
79	78
79	80
79	81
80	8
80	10
80	12
80	13
80	25
80	28
80	29
80	30
80	33
80	34
80	37
80	38
80	40
80	45
80	58
80	60
80	64
80	66
80	72
80	75
80	76
80	77
80	78
80	79
81	1
81	5
81	7
81	13
81	17
81	20
81	26
81	28
81	36
81	37
81	39
81	40
81	46
81	49
81	52
81	54
81	57
81	60
81	64
81	65
81	70
81	71
81	72
81	76
81	79
