1	31
1	34
1	46
1	52
1	57
1	65
2	54
2	66
2	72
2	75
2	79
2	80
3	20
3	66
3	73
3	78
3	79
3	80
4	7
4	23
4	61
4	69
4	71
4	73
5	34
5	55
5	63
5	65
5	66
5	67
6	50
6	59
6	70
6	78
6	79
6	80
7	4
7	51
7	54
7	70
7	71
7	74
8	19
8	52
8	59
8	68
8	69
8	73
9	16
9	54
9	58
9	67
9	77
9	79
10	38
10	40
10	61
10	69
10	73
10	80
11	27
11	44
11	47
11	48
11	76
11	81
12	43
12	54
12	64
12	74
12	75
12	81
13	15
13	45
13	53
13	55
13	60
13	71
14	15
14	37
14	77
14	78
14	79
14	80
15	13
15	14
15	32
15	51
15	61
15	76
16	9
16	28
16	45
16	69
16	73
16	78
17	28
17	46
17	56
17	58
17	67
17	70
18	21
18	42
18	43
18	58
18	72
18	79
19	8
19	35
19	42
19	43
19	59
19	70
19	81
20	3
20	46
20	58
20	60
20	64
20	75
20	81
21	18
21	27
21	58
21	60
21	65
21	78
21	81
22	33
22	34
22	50
22	64
22	65
22	73
22	75
23	4
23	37
23	39
23	48
23	66
23	67
23	78
24	42
24	53
24	61
24	73
24	78
24	79
24	80
25	33
25	34
25	40
25	52
25	54
25	63
25	65
26	41
26	46
26	57
26	59
26	67
26	78
26	81
27	11
27	21
27	48
27	49
27	53
27	59
27	81
28	16
28	17
28	45
28	52
28	65
28	69
28	73
28	80
29	30
29	35
29	36
29	71
29	75
29	78
29	79
29	80
30	29
30	37
30	39
30	45
30	55
30	64
30	75
30	81
31	1
31	38
31	40
31	42
31	44
31	63
31	65
31	71
32	15
32	48
32	51
32	60
32	61
32	62
32	74
32	77
33	22
33	25
33	34
33	38
33	47
33	66
33	73
33	77
34	1
34	5
34	22
34	25
34	33
34	53
34	63
34	71
34	72
35	19
35	29
35	36
35	40
35	60
35	62
35	63
35	66
35	71
36	29
36	35
36	50
36	52
36	61
36	69
36	72
36	73
36	79
37	14
37	23
37	30
37	52
37	60
37	66
37	76
37	77
37	78
38	10
38	31
38	33
38	49
38	63
38	65
38	70
38	73
38	80
39	23
39	30
39	44
39	68
39	69
39	75
39	78
39	79
39	80
40	10
40	25
40	31
40	35
40	53
40	59
40	66
40	72
40	79
41	26
41	43
41	58
41	62
41	63
41	74
41	76
41	78
41	81
42	18
42	19
42	24
42	31
42	55
42	57
42	60
42	75
42	81
43	12
43	18
43	19
43	41
43	47
43	54
43	58
43	70
43	74
43	80
44	11
44	31
44	39
44	54
44	57
44	62
44	74
44	76
44	80
44	81
45	13
45	16
45	28
45	30
45	46
45	55
45	64
45	74
45	79
45	81
46	1
46	17
46	20
46	26
46	45
46	49
46	62
46	76
46	80
46	81
47	11
47	33
47	43
47	49
47	62
47	67
47	74
47	76
47	78
47	80
48	11
48	23
48	27
48	32
48	66
48	67
48	72
48	76
48	77
48	78
49	27
49	38
49	46
49	47
49	51
49	57
49	59
49	61
49	68
49	81
50	6
50	22
50	36
50	53
50	60
50	70
50	71
50	72
50	74
50	77
50	81
51	7
51	15
51	32
51	49
51	54
51	62
51	70
51	75
51	76
51	78
51	80
52	1
52	8
52	25
52	28
52	36
52	37
52	60
52	61
52	70
52	73
52	77
53	13
53	24
53	27
53	34
53	40
53	50
53	62
53	70
53	71
53	77
53	78
54	2
54	7
54	9
54	12
54	25
54	43
54	44
54	51
54	57
54	72
54	76
55	5
55	13
55	30
55	42
55	45
55	57
55	64
55	69
55	70
55	79
55	80
55	81
56	17
56	59
56	67
56	68
56	74
56	75
56	76
56	77
56	78
56	79
56	80
57	1
57	26
57	42
57	44
57	49
57	54
57	55
57	59
57	68
57	70
57	72
57	81
58	9
58	17
58	18
58	20
58	21
58	41
58	43
58	69
58	71
58	72
58	74
58	75
59	6
59	8
59	19
59	26
59	27
59	40
59	49
59	56
59	57
59	64
59	69
59	76
60	13
60	20
60	21
60	32
60	35
60	37
60	42
60	50
60	52
60	73
60	77
60	79
61	4
61	10
61	15
61	24
61	32
61	36
61	49
61	52
61	64
61	69
61	73
61	76
62	32
62	35
62	41
62	44
62	46
62	47
62	51
62	53
62	67
62	68
62	73
62	76
63	5
63	25
63	31
63	34
63	35
63	38
63	41
63	65
63	69
63	74
63	76
63	77
63	81
64	12
64	20
64	22
64	30
64	45
64	55
64	59
64	61
64	65
64	68
64	72
64	76
64	81
65	1
65	5
65	21
65	22
65	25
65	28
65	31
65	38
65	63
65	64
65	66
65	69
65	74
66	2
66	3
66	5
66	23
66	33
66	35
66	37
66	40
66	48
66	65
66	67
66	70
66	75
66	77
66	81
67	5
67	9
67	17
67	23
67	26
67	47
67	48
67	56
67	62
67	66
67	70
67	71
67	72
67	74
67	79
68	8
68	39
68	49
68	56
68	57
68	62
68	64
68	71
68	75
68	76
68	78
68	79
68	80
68	81
69	4
69	8
69	10
69	16
69	28
69	36
69	39
69	55
69	58
69	59
69	61
69	63
69	65
69	71
69	73
69	81
70	6
70	7
70	17
70	19
70	38
70	43
70	50
70	51
70	52
70	53
70	55
70	57
70	66
70	67
70	71
70	72
70	77
71	4
71	7
71	13
71	29
71	31
71	34
71	35
71	50
71	53
71	58
71	67
71	68
71	69
71	70
71	72
71	79
71	80
72	2
72	18
72	34
72	36
72	40
72	48
72	50
72	54
72	57
72	58
72	64
72	67
72	70
72	71
72	73
72	77
72	81
73	3
73	4
73	8
73	10
73	16
73	22
73	24
73	28
73	33
73	36
73	38
73	52
73	60
73	61
73	62
73	69
73	72
74	7
74	12
74	32
74	41
74	43
74	44
74	45
74	47
74	50
74	56
74	58
74	63
74	65
74	67
74	76
74	77
74	79
75	2
75	12
75	20
75	22
75	29
75	30
75	39
75	42
75	51
75	56
75	58
75	66
75	68
75	77
75	78
75	79
75	80
76	11
76	15
76	37
76	41
76	44
76	46
76	47
76	48
76	51
76	54
76	56
76	59
76	61
76	62
76	63
76	64
76	68
76	74
76	80
77	9
77	14
77	32
77	33
77	37
77	48
77	50
77	52
77	53
77	56
77	60
77	63
77	66
77	70
77	72
77	74
77	75
77	79
77	80
77	81
78	3
78	6
78	14
78	16
78	21
78	23
78	24
78	26
78	29
78	37
78	39
78	41
78	47
78	48
78	51
78	53
78	56
78	68
78	75
78	79
78	80
79	2
79	3
79	6
79	9
79	14
79	18
79	24
79	29
79	36
79	39
79	40
79	45
79	55
79	56
79	60
79	67
79	68
79	71
79	74
79	75
79	77
79	78
79	80
80	2
80	3
80	6
80	10
80	14
80	24
80	28
80	29
80	38
80	39
80	43
80	44
80	46
80	47
80	51
80	55
80	56
80	68
80	71
80	75
80	76
80	77
80	78
80	79
81	11
81	12
81	19
81	20
81	21
81	26
81	27
81	30
81	41
81	42
81	44
81	45
81	46
81	49
81	50
81	55
81	57
81	63
81	64
81	66
81	68
81	69
81	72
81	77
