1	22
1	40
1	58
1	60
1	61
1	81
2	4
2	33
2	36
2	63
2	76
2	80
3	57
3	61
3	62
3	64
3	66
3	81
4	2
4	17
4	29
4	35
4	59
4	74
5	9
5	40
5	52
5	63
5	70
5	76
6	12
6	29
6	57
6	61
6	62
6	79
7	20
7	35
7	60
7	64
7	71
7	81
8	36
8	43
8	74
8	76
8	77
8	79
9	5
9	24
9	28
9	61
9	64
9	81
10	23
10	24
10	33
10	43
10	50
10	54
11	23
11	59
11	67
11	68
11	76
11	80
11	81
12	6
12	50
12	60
12	71
12	74
12	75
12	80
13	19
13	49
13	55
13	63
13	70
13	72
13	81
14	31
14	40
14	55
14	57
14	70
14	72
14	75
15	49
15	52
15	55
15	69
15	71
15	73
15	78
16	43
16	45
16	52
16	59
16	73
16	76
16	79
17	4
17	55
17	64
17	65
17	73
17	76
17	78
18	24
18	45
18	56
18	70
18	75
18	77
18	80
19	13
19	59
19	65
19	67
19	71
19	73
19	79
20	7
20	41
20	58
20	65
20	69
20	77
20	79
21	25
21	63
21	65
21	68
21	72
21	78
21	79
22	1
22	35
22	45
22	62
22	66
22	70
22	73
22	81
23	10
23	11
23	43
23	49
23	52
23	53
23	58
23	79
24	9
24	10
24	18
24	38
24	59
24	63
24	67
24	81
25	21
25	42
25	52
25	60
25	74
25	75
25	76
25	79
26	39
26	46
26	48
26	59
26	64
26	68
26	72
26	73
27	41
27	42
27	48
27	66
27	73
27	74
27	75
27	81
28	9
28	40
28	63
28	70
28	72
28	75
28	77
28	81
29	4
29	6
29	32
29	34
29	35
29	36
29	45
29	51
29	62
30	44
30	51
30	53
30	57
30	61
30	62
30	65
30	74
30	79
31	14
31	34
31	38
31	46
31	48
31	52
31	54
31	78
31	79
32	29
32	33
32	35
32	36
32	37
32	52
32	55
32	72
32	79
33	2
33	10
33	32
33	35
33	36
33	60
33	70
33	73
33	80
34	29
34	31
34	56
34	57
34	60
34	66
34	74
34	76
34	78
35	4
35	7
35	22
35	29
35	32
35	33
35	36
35	71
35	79
36	2
36	8
36	29
36	32
36	33
36	35
36	55
36	67
36	69
36	80
37	32
37	61
37	66
37	71
37	75
37	76
37	77
37	78
37	79
37	80
38	24
38	31
38	64
38	66
38	70
38	74
38	76
38	77
38	78
38	79
39	26
39	44
39	47
39	50
39	51
39	52
39	53
39	54
39	57
39	58
40	1
40	5
40	14
40	28
40	41
40	51
40	68
40	70
40	72
40	76
41	20
41	27
41	40
41	45
41	47
41	50
41	60
41	67
41	74
41	80
41	81
42	25
42	27
42	45
42	46
42	55
42	59
42	63
42	70
42	72
42	73
42	80
43	8
43	10
43	16
43	23
43	47
43	66
43	67
43	71
43	73
43	77
43	80
44	30
44	39
44	51
44	57
44	61
44	62
44	70
44	74
44	77
44	78
45	16
45	18
45	22
45	29
45	41
45	42
45	56
45	60
45	64
45	72
45	73
46	26
46	31
46	42
46	56
46	65
46	68
46	71
46	77
46	79
46	80
46	81
47	39
47	41
47	43
47	61
47	68
47	69
47	74
47	75
47	77
47	78
47	80
48	26
48	27
48	31
48	60
48	63
48	66
48	67
48	71
48	73
48	74
48	80
49	13
49	15
49	23
49	57
49	64
49	69
49	72
49	74
49	76
49	77
49	79
50	10
50	12
50	39
50	41
50	52
50	53
50	54
50	58
50	60
50	63
50	72
50	81
51	29
51	30
51	39
51	40
51	44
51	54
51	57
51	61
51	62
51	64
51	78
52	5
52	15
52	16
52	23
52	25
52	31
52	32
52	39
52	50
52	53
52	54
52	58
53	23
53	30
53	39
53	50
53	52
53	54
53	56
53	58
53	71
53	73
53	79
53	81
54	10
54	31
54	39
54	50
54	51
54	52
54	53
54	58
54	62
54	75
54	76
54	81
55	13
55	14
55	15
55	17
55	32
55	36
55	42
55	63
55	70
55	72
55	78
55	81
56	18
56	34
56	45
56	46
56	53
56	66
56	68
56	70
56	72
56	75
56	77
56	78
56	80
57	3
57	6
57	14
57	30
57	34
57	39
57	44
57	49
57	51
57	58
57	61
57	62
57	65
58	1
58	20
58	23
58	39
58	50
58	52
58	53
58	54
58	57
58	67
58	75
58	77
58	81
59	4
59	11
59	16
59	19
59	24
59	26
59	42
59	61
59	68
59	75
59	78
59	79
59	81
60	1
60	7
60	12
60	25
60	33
60	34
60	41
60	45
60	48
60	50
60	67
60	69
60	73
60	76
61	1
61	3
61	6
61	9
61	30
61	37
61	44
61	47
61	51
61	57
61	59
61	62
61	65
61	71
62	3
62	6
62	22
62	29
62	30
62	44
62	51
62	54
62	57
62	61
62	69
62	73
62	76
62	78
63	2
63	5
63	13
63	21
63	24
63	28
63	42
63	48
63	50
63	55
63	70
63	72
63	80
63	81
64	3
64	7
64	9
64	17
64	26
64	38
64	45
64	49
64	51
64	65
64	67
64	69
64	73
64	77
64	81
65	17
65	19
65	20
65	21
65	30
65	46
65	57
65	61
65	64
65	67
65	68
65	69
65	74
65	76
65	78
66	3
66	22
66	27
66	34
66	37
66	38
66	43
66	48
66	56
66	68
66	71
66	72
66	75
66	77
66	80
66	81
67	11
67	19
67	24
67	36
67	41
67	43
67	48
67	58
67	60
67	64
67	65
67	69
67	72
67	75
67	80
67	81
68	11
68	21
68	26
68	40
68	46
68	47
68	56
68	59
68	65
68	66
68	69
68	71
68	75
68	76
68	77
68	80
69	15
69	20
69	36
69	47
69	49
69	60
69	62
69	64
69	65
69	67
69	68
69	70
69	74
69	76
69	78
69	79
69	81
70	5
70	13
70	14
70	18
70	22
70	28
70	33
70	38
70	40
70	42
70	44
70	55
70	56
70	63
70	69
70	72
70	78
71	7
71	12
71	15
71	19
71	35
71	37
71	43
71	46
71	48
71	53
71	61
71	66
71	68
71	74
71	75
71	77
71	80
72	13
72	14
72	21
72	26
72	28
72	32
72	40
72	42
72	45
72	49
72	50
72	55
72	56
72	63
72	66
72	67
72	70
73	15
73	16
73	17
73	19
73	22
73	26
73	27
73	33
73	42
73	43
73	45
73	48
73	53
73	60
73	62
73	64
73	77
73	81
74	4
74	8
74	12
74	25
74	27
74	30
74	34
74	38
74	41
74	44
74	47
74	48
74	49
74	65
74	69
74	71
74	76
74	78
74	79
75	12
75	14
75	18
75	25
75	27
75	28
75	37
75	47
75	54
75	56
75	58
75	59
75	66
75	67
75	68
75	71
75	77
75	78
75	80
76	2
76	5
76	8
76	11
76	16
76	17
76	25
76	34
76	37
76	38
76	40
76	49
76	54
76	60
76	62
76	65
76	68
76	69
76	74
76	78
76	79
76	80
77	8
77	18
77	20
77	28
77	37
77	38
77	43
77	44
77	46
77	47
77	49
77	56
77	58
77	64
77	66
77	68
77	71
77	73
77	75
77	78
77	80
77	81
78	15
78	17
78	21
78	31
78	34
78	37
78	38
78	44
78	47
78	51
78	55
78	56
78	59
78	62
78	65
78	69
78	70
78	74
78	75
78	76
78	77
78	79
78	80
79	6
79	8
79	16
79	19
79	20
79	21
79	23
79	25
79	30
79	31
79	32
79	35
79	37
79	38
79	46
79	49
79	53
79	59
79	69
79	74
79	76
79	78
79	80
80	2
80	11
80	12
80	18
80	33
80	36
80	37
80	41
80	42
80	43
80	46
80	47
80	48
80	56
80	63
80	66
80	67
80	68
80	71
80	75
80	76
80	77
80	78
80	79
81	1
81	3
81	7
81	9
81	11
81	13
81	22
81	24
81	27
81	28
81	41
81	46
81	50
81	53
81	54
81	55
81	58
81	59
81	63
81	64
81	66
81	67
81	69
81	73
81	77
