1	3
1	60
1	61
1	77
1	80
1	81
2	19
2	40
2	65
2	76
2	80
2	81
3	1
3	25
3	37
3	45
3	56
3	80
4	32
4	41
4	48
4	72
4	77
4	80
5	14
5	16
5	63
5	67
5	77
5	79
6	28
6	29
6	47
6	50
6	53
6	70
7	45
7	66
7	69
7	76
7	77
7	81
8	20
8	29
8	55
8	66
8	72
8	79
9	31
9	45
9	54
9	56
9	70
9	73
10	22
10	35
10	53
10	63
10	66
10	80
11	31
11	51
11	58
11	62
11	72
11	78
12	21
12	28
12	34
12	45
12	68
12	70
13	39
13	55
13	72
13	76
13	77
13	79
14	5
14	27
14	32
14	41
14	47
14	71
15	21
15	23
15	46
15	54
15	55
15	74
16	5
16	22
16	58
16	70
16	72
16	78
17	36
17	48
17	59
17	75
17	80
17	81
18	33
18	37
18	52
18	72
18	77
18	80
19	2
19	31
19	33
19	62
19	69
19	77
19	80
20	8
20	34
20	37
20	50
20	63
20	74
20	79
21	12
21	15
21	45
21	54
21	71
21	74
21	80
22	10
22	16
22	57
22	66
22	75
22	80
22	81
23	15
23	36
23	54
23	55
23	58
23	61
23	70
24	27
24	47
24	50
24	53
24	75
24	77
24	79
25	3
25	40
25	49
25	57
25	66
25	67
25	80
26	46
26	57
26	65
26	67
26	72
26	80
26	81
27	14
27	24
27	50
27	53
27	56
27	76
27	81
28	6
28	12
28	29
28	40
28	55
28	73
28	75
29	6
29	8
29	28
29	53
29	59
29	61
29	67
30	42
30	48
30	51
30	62
30	70
30	78
30	79
31	9
31	11
31	19
31	34
31	54
31	64
31	69
32	4
32	14
32	35
32	49
32	50
32	67
32	74
33	18
33	19
33	36
33	52
33	66
33	70
33	74
33	80
34	12
34	20
34	31
34	42
34	45
34	54
34	66
34	76
35	10
35	32
35	41
35	43
35	46
35	61
35	67
35	78
36	17
36	23
36	33
36	60
36	69
36	72
36	73
36	75
37	3
37	18
37	20
37	41
37	59
37	66
37	77
37	80
38	49
38	59
38	61
38	71
38	73
38	74
38	77
38	81
39	13
39	46
39	50
39	56
39	58
39	64
39	70
39	78
40	2
40	25
40	28
40	46
40	61
40	64
40	66
40	80
41	4
41	14
41	35
41	37
41	65
41	68
41	73
41	81
42	30
42	34
42	46
42	65
42	69
42	71
42	73
42	81
43	35
43	48
43	58
43	60
43	63
43	64
43	72
43	75
44	46
44	47
44	55
44	56
44	57
44	66
44	70
44	76
44	78
45	3
45	7
45	9
45	12
45	21
45	34
45	49
45	54
45	71
46	15
46	26
46	35
46	39
46	40
46	42
46	44
46	72
46	81
47	6
47	14
47	24
47	44
47	50
47	53
47	67
47	73
47	81
48	4
48	17
48	30
48	43
48	49
48	74
48	75
48	76
48	79
49	25
49	32
49	38
49	45
49	48
49	51
49	67
49	72
49	75
50	6
50	20
50	24
50	27
50	32
50	39
50	47
50	53
50	75
51	11
51	30
51	49
51	52
51	57
51	70
51	71
51	75
51	78
52	18
52	33
52	51
52	63
52	64
52	68
52	73
52	79
52	81
53	6
53	10
53	24
53	27
53	29
53	47
53	50
53	55
53	67
53	80
54	9
54	15
54	21
54	23
54	31
54	34
54	45
54	61
54	62
54	65
55	8
55	13
55	15
55	23
55	28
55	44
55	53
55	68
55	75
55	76
56	3
56	9
56	27
56	39
56	44
56	57
56	58
56	69
56	76
56	78
57	22
57	25
57	26
57	44
57	51
57	56
57	58
57	68
57	70
57	73
57	78
58	11
58	16
58	23
58	39
58	43
58	56
58	57
58	70
58	76
58	78
58	80
59	17
59	29
59	37
59	38
59	62
59	69
59	73
59	74
59	76
59	79
59	80
60	1
60	36
60	43
60	61
60	64
60	65
60	68
60	71
60	77
60	78
60	81
61	1
61	23
61	29
61	35
61	38
61	40
61	54
61	60
61	64
61	68
61	70
61	81
62	11
62	19
62	30
62	54
62	59
62	67
62	69
62	71
62	74
62	76
62	77
62	79
63	5
63	10
63	20
63	43
63	52
63	65
63	71
63	74
63	75
63	76
63	77
63	79
64	31
64	39
64	40
64	43
64	52
64	60
64	61
64	67
64	68
64	71
64	78
64	81
65	2
65	26
65	41
65	42
65	54
65	60
65	63
65	71
65	72
65	73
65	78
65	79
65	81
66	7
66	8
66	10
66	22
66	25
66	33
66	34
66	37
66	40
66	44
66	69
66	73
66	80
67	5
67	25
67	26
67	29
67	32
67	35
67	47
67	49
67	53
67	62
67	64
67	72
67	75
67	78
68	12
68	41
68	52
68	55
68	57
68	60
68	61
68	64
68	70
68	71
68	72
68	73
68	74
68	79
68	81
69	7
69	19
69	31
69	36
69	42
69	56
69	59
69	62
69	66
69	74
69	75
69	76
69	77
69	79
69	80
70	6
70	9
70	12
70	16
70	23
70	30
70	33
70	39
70	44
70	51
70	57
70	58
70	61
70	68
70	77
70	78
71	14
71	21
71	38
71	42
71	45
71	51
71	60
71	62
71	63
71	64
71	65
71	68
71	73
71	78
71	79
71	81
72	4
72	8
72	11
72	13
72	16
72	18
72	26
72	36
72	43
72	46
72	49
72	65
72	67
72	68
72	79
72	81
73	9
73	28
73	36
73	38
73	41
73	42
73	47
73	52
73	57
73	59
73	65
73	66
73	68
73	71
73	75
73	81
74	15
74	20
74	21
74	32
74	33
74	38
74	48
74	59
74	62
74	63
74	68
74	69
74	75
74	76
74	77
74	79
75	17
75	22
75	24
75	28
75	36
75	43
75	48
75	49
75	50
75	51
75	55
75	63
75	67
75	69
75	73
75	74
75	79
76	2
76	7
76	13
76	27
76	34
76	44
76	48
76	55
76	56
76	58
76	59
76	62
76	63
76	69
76	74
76	77
76	79
77	1
77	4
77	5
77	7
77	13
77	18
77	19
77	24
77	37
77	38
77	60
77	62
77	63
77	69
77	70
77	74
77	76
77	79
78	11
78	16
78	30
78	35
78	39
78	44
78	51
78	56
78	57
78	58
78	60
78	64
78	65
78	67
78	70
78	71
78	79
78	80
78	81
79	5
79	8
79	13
79	20
79	24
79	30
79	48
79	52
79	59
79	62
79	63
79	65
79	68
79	69
79	71
79	72
79	74
79	75
79	76
79	77
79	78
80	1
80	2
80	3
80	4
80	10
80	17
80	18
80	19
80	21
80	22
80	25
80	26
80	33
80	37
80	40
80	53
80	58
80	59
80	66
80	69
80	78
80	81
81	1
81	2
81	7
81	17
81	22
81	26
81	27
81	38
81	41
81	42
81	46
81	47
81	52
81	60
81	61
81	64
81	65
81	68
81	71
81	72
81	73
81	78
81	80
