1	42
1	64
1	68
1	72
1	73
1	79
2	42
2	45
2	69
2	74
2	78
2	79
3	19
3	35
3	55
3	73
3	77
3	81
4	27
4	29
4	39
4	46
4	72
4	78
5	8
5	15
5	31
5	53
5	56
5	60
6	11
6	15
6	27
6	33
6	46
6	68
7	49
7	52
7	60
7	62
7	75
7	78
8	5
8	13
8	27
8	64
8	78
8	79
9	25
9	70
9	71
9	75
9	78
9	81
10	11
10	26
10	47
10	61
10	63
10	76
11	6
11	10
11	58
11	71
11	73
11	81
12	28
12	34
12	36
12	64
12	75
12	77
13	8
13	63
13	66
13	72
13	74
13	77
14	35
14	50
14	65
14	71
14	74
14	80
15	5
15	6
15	47
15	49
15	66
15	74
15	79
16	35
16	43
16	53
16	59
16	67
16	76
16	77
17	36
17	37
17	42
17	63
17	69
17	71
17	80
18	46
18	53
18	66
18	68
18	72
18	79
18	80
19	3
19	35
19	47
19	58
19	72
19	75
19	76
20	30
20	37
20	44
20	48
20	65
20	67
20	74
21	23
21	24
21	32
21	35
21	41
21	67
21	76
22	26
22	32
22	37
22	43
22	49
22	57
22	75
23	21
23	39
23	48
23	57
23	59
23	61
23	62
24	21
24	52
24	55
24	66
24	71
24	73
24	81
25	9
25	36
25	38
25	39
25	44
25	69
25	74
26	10
26	22
26	38
26	46
26	49
26	50
26	80
26	81
27	4
27	6
27	8
27	42
27	50
27	54
27	65
27	75
28	12
28	38
28	54
28	58
28	78
28	79
28	80
28	81
29	4
29	30
29	57
29	58
29	68
29	74
29	79
29	80
30	20
30	29
30	48
30	61
30	66
30	74
30	77
30	79
31	5
31	38
31	55
31	59
31	65
31	71
31	75
31	80
32	21
32	22
32	37
32	51
32	59
32	69
32	70
32	81
33	6
33	37
33	48
33	52
33	57
33	62
33	72
33	79
34	12
34	45
34	48
34	51
34	57
34	64
34	68
34	76
34	77
35	3
35	14
35	16
35	19
35	21
35	45
35	61
35	76
35	77
36	12
36	17
36	25
36	56
36	65
36	66
36	67
36	77
36	78
37	17
37	20
37	22
37	32
37	33
37	66
37	75
37	76
37	80
38	25
38	26
38	28
38	31
38	44
38	69
38	73
38	74
38	80
39	4
39	23
39	25
39	40
39	48
39	50
39	54
39	63
39	78
40	39
40	47
40	67
40	69
40	71
40	72
40	75
40	77
40	78
41	21
41	50
41	53
41	60
41	61
41	63
41	73
41	74
41	80
42	1
42	2
42	17
42	27
42	66
42	72
42	74
42	79
42	81
43	16
43	22
43	44
43	48
43	61
43	76
43	77
43	78
43	80
44	20
44	25
44	38
44	43
44	53
44	71
44	75
44	77
44	80
44	81
45	2
45	34
45	35
45	51
45	53
45	62
45	70
45	72
45	77
45	79
46	4
46	6
46	18
46	26
46	52
46	68
46	71
46	74
46	79
46	80
47	10
47	15
47	19
47	40
47	49
47	60
47	68
47	76
47	78
47	81
48	20
48	23
48	30
48	33
48	34
48	39
48	43
48	52
48	74
48	81
49	7
49	15
49	22
49	26
49	47
49	56
49	58
49	62
49	64
49	76
50	14
50	26
50	27
50	39
50	41
50	51
50	67
50	72
50	75
50	80
51	32
51	34
51	45
51	50
51	52
51	56
51	64
51	66
51	73
51	77
52	7
52	24
52	33
52	46
52	48
52	51
52	54
52	57
52	67
52	70
53	5
53	16
53	18
53	41
53	44
53	45
53	65
53	67
53	75
53	78
54	27
54	28
54	39
54	52
54	57
54	65
54	71
54	75
54	76
54	80
55	3
55	24
55	31
55	65
55	67
55	71
55	73
55	75
55	79
55	81
56	5
56	36
56	49
56	51
56	57
56	58
56	67
56	68
56	72
56	78
57	22
57	23
57	29
57	33
57	34
57	52
57	54
57	56
57	59
57	67
57	77
58	11
58	19
58	28
58	29
58	49
58	56
58	60
58	63
58	70
58	76
58	77
59	16
59	23
59	31
59	32
59	57
59	63
59	69
59	70
59	73
59	80
59	81
60	5
60	7
60	41
60	47
60	58
60	62
60	66
60	67
60	71
60	72
60	76
61	10
61	23
61	30
61	35
61	41
61	43
61	63
61	70
61	75
61	77
61	79
62	7
62	23
62	33
62	45
62	49
62	60
62	63
62	74
62	75
62	76
62	78
63	10
63	13
63	17
63	39
63	41
63	58
63	59
63	61
63	62
63	73
63	76
63	79
64	1
64	8
64	12
64	34
64	49
64	51
64	69
64	70
64	71
64	73
64	75
64	80
64	81
65	14
65	20
65	27
65	31
65	36
65	53
65	54
65	55
65	68
65	76
65	78
65	80
65	81
66	13
66	15
66	18
66	24
66	30
66	36
66	37
66	42
66	51
66	60
66	68
66	70
66	74
66	79
67	16
67	20
67	21
67	36
67	40
67	50
67	52
67	53
67	55
67	56
67	57
67	60
67	70
67	78
68	1
68	6
68	18
68	29
68	34
68	46
68	47
68	56
68	65
68	66
68	73
68	74
68	76
68	77
68	79
69	2
69	17
69	25
69	32
69	38
69	40
69	59
69	64
69	70
69	71
69	72
69	73
69	77
69	78
69	81
70	9
70	32
70	45
70	52
70	58
70	59
70	61
70	64
70	66
70	67
70	69
70	71
70	73
70	79
70	80
70	81
71	9
71	11
71	14
71	17
71	24
71	31
71	40
71	44
71	46
71	54
71	55
71	60
71	64
71	69
71	70
71	81
72	1
72	4
72	13
72	18
72	19
72	33
72	40
72	42
72	45
72	50
72	56
72	60
72	69
72	77
72	78
72	81
73	1
73	3
73	11
73	24
73	38
73	41
73	51
73	55
73	59
73	63
73	64
73	68
73	69
73	70
73	75
73	76
73	81
74	2
74	13
74	14
74	15
74	20
74	25
74	29
74	30
74	38
74	41
74	42
74	46
74	48
74	62
74	66
74	68
74	79
74	80
75	7
75	9
75	12
75	19
75	22
75	27
75	31
75	37
75	40
75	44
75	50
75	53
75	54
75	55
75	61
75	62
75	64
75	73
75	80
76	10
76	16
76	19
76	21
76	34
76	35
76	37
76	43
76	47
76	49
76	54
76	58
76	60
76	62
76	63
76	65
76	68
76	73
76	78
76	81
77	3
77	12
77	13
77	16
77	30
77	34
77	35
77	36
77	40
77	43
77	44
77	45
77	51
77	57
77	58
77	61
77	68
77	69
77	72
77	78
78	2
78	4
78	7
78	8
78	9
78	28
78	36
78	39
78	40
78	43
78	47
78	53
78	56
78	62
78	65
78	67
78	69
78	72
78	76
78	77
79	1
79	2
79	8
79	15
79	18
79	28
79	29
79	30
79	33
79	42
79	45
79	46
79	55
79	61
79	63
79	66
79	68
79	70
79	74
79	80
79	81
80	14
80	17
80	18
80	26
80	28
80	29
80	31
80	37
80	38
80	41
80	43
80	44
80	46
80	50
80	54
80	59
80	64
80	65
80	70
80	74
80	75
80	79
80	81
81	3
81	9
81	11
81	24
81	26
81	28
81	32
81	42
81	44
81	47
81	48
81	55
81	59
81	64
81	65
81	69
81	70
81	71
81	72
81	73
81	76
81	79
81	80
