1	44
1	47
1	50
1	68
1	74
1	81
2	23
2	30
2	51
2	56
2	73
2	76
3	29
3	35
3	43
3	46
3	60
3	64
4	32
4	33
4	68
4	74
4	77
4	78
5	7
5	24
5	26
5	28
5	35
5	56
6	20
6	35
6	53
6	56
6	70
6	75
7	5
7	22
7	32
7	34
7	71
7	72
8	27
8	55
8	64
8	73
8	74
8	80
9	11
9	27
9	49
9	60
9	64
9	65
10	31
10	59
10	70
10	73
10	80
10	81
11	9
11	30
11	44
11	51
11	68
11	79
12	19
12	32
12	42
12	62
12	65
12	76
13	34
13	55
13	63
13	68
13	80
13	81
14	36
14	56
14	64
14	65
14	66
14	77
15	53
15	68
15	69
15	72
15	76
15	77
16	30
16	58
16	64
16	70
16	74
16	79
17	41
17	74
17	76
17	78
17	79
17	80
17	81
18	36
18	39
18	42
18	45
18	55
18	70
18	75
19	12
19	57
19	67
19	69
19	75
19	77
19	78
20	6
20	32
20	53
20	54
20	66
20	72
20	77
21	33
21	40
21	49
21	53
21	56
21	71
21	81
22	7
22	35
22	62
22	67
22	74
22	75
22	77
23	2
23	40
23	63
23	73
23	74
23	77
23	78
24	5
24	42
24	46
24	52
24	71
24	75
24	76
24	80
25	26
25	42
25	50
25	72
25	74
25	75
25	78
25	79
26	5
26	25
26	48
26	55
26	62
26	63
26	73
26	81
27	8
27	9
27	28
27	44
27	59
27	60
27	69
27	81
28	5
28	27
28	37
28	53
28	73
28	74
28	79
28	80
29	3
29	48
29	51
29	56
29	60
29	61
29	65
29	76
30	2
30	11
30	16
30	41
30	43
30	57
30	69
30	72
31	10
31	50
31	57
31	60
31	61
31	62
31	65
31	79
32	4
32	7
32	12
32	20
32	34
32	57
32	60
32	66
33	4
33	21
33	38
33	65
33	68
33	69
33	72
33	79
34	7
34	13
34	32
34	36
34	41
34	65
34	74
34	76
35	3
35	5
35	6
35	22
35	45
35	54
35	59
35	80
36	14
36	18
36	34
36	40
36	54
36	59
36	64
36	71
37	28
37	47
37	49
37	53
37	60
37	68
37	77
37	79
37	80
38	33
38	49
38	52
38	61
38	68
38	69
38	72
38	73
38	76
39	18
39	50
39	57
39	63
39	65
39	68
39	71
39	75
39	76
40	21
40	23
40	36
40	58
40	59
40	63
40	72
40	79
40	81
41	17
41	30
41	34
41	57
41	66
41	76
41	77
41	78
41	80
42	12
42	18
42	24
42	25
42	45
42	48
42	63
42	77
42	79
43	3
43	30
43	46
43	67
43	68
43	69
43	70
43	72
43	73
44	1
44	11
44	27
44	46
44	52
44	62
44	68
44	70
44	72
45	18
45	35
45	42
45	48
45	53
45	58
45	59
45	67
45	76
45	79
46	3
46	24
46	43
46	44
46	51
46	65
46	68
46	69
46	71
46	72
47	1
47	37
47	54
47	58
47	59
47	60
47	64
47	73
47	80
47	81
48	26
48	29
48	42
48	45
48	53
48	65
48	69
48	70
48	73
48	76
48	80
49	9
49	21
49	37
49	38
49	54
49	61
49	67
49	75
49	77
49	78
49	81
50	1
50	25
50	31
50	39
50	56
50	58
50	61
50	64
50	74
50	75
50	77
50	78
51	2
51	11
51	29
51	46
51	55
51	57
51	58
51	63
51	67
51	73
51	80
51	81
52	24
52	38
52	44
52	54
52	59
52	61
52	67
52	71
52	74
52	76
52	77
52	78
53	6
53	15
53	20
53	21
53	28
53	37
53	45
53	48
53	56
53	71
53	72
53	76
54	20
54	35
54	36
54	47
54	49
54	52
54	57
54	61
54	62
54	70
54	80
54	81
55	8
55	13
55	18
55	26
55	51
55	59
55	63
55	66
55	67
55	70
55	73
55	78
55	81
56	2
56	5
56	6
56	14
56	21
56	29
56	50
56	53
56	66
56	71
56	76
56	77
56	80
57	19
57	30
57	31
57	32
57	39
57	41
57	51
57	54
57	59
57	62
57	70
57	72
57	75
57	79
58	16
58	40
58	45
58	47
58	50
58	51
58	59
58	60
58	63
58	65
58	73
58	79
58	80
58	81
59	10
59	27
59	35
59	36
59	40
59	45
59	47
59	52
59	55
59	57
59	58
59	73
59	76
59	81
60	3
60	9
60	27
60	29
60	31
60	32
60	37
60	47
60	58
60	63
60	65
60	66
60	78
60	81
61	29
61	31
61	38
61	49
61	50
61	52
61	54
61	62
61	67
61	73
61	74
61	75
61	77
61	78
61	79
62	12
62	22
62	26
62	31
62	44
62	54
62	57
62	61
62	64
62	70
62	73
62	75
62	76
62	79
62	80
63	13
63	23
63	26
63	39
63	40
63	42
63	51
63	55
63	58
63	60
63	69
63	71
63	75
63	78
63	79
63	81
64	3
64	8
64	9
64	14
64	16
64	36
64	47
64	50
64	62
64	66
64	67
64	68
64	74
64	79
64	80
64	81
65	9
65	12
65	14
65	29
65	31
65	33
65	34
65	39
65	46
65	48
65	58
65	60
65	66
65	71
65	76
65	80
66	14
66	20
66	32
66	41
66	55
66	56
66	60
66	64
66	65
66	70
66	71
66	73
66	75
66	77
66	79
66	80
66	81
67	19
67	22
67	43
67	45
67	49
67	51
67	52
67	55
67	61
67	64
67	70
67	72
67	74
67	75
67	77
67	78
67	81
68	1
68	4
68	11
68	13
68	15
68	33
68	37
68	38
68	39
68	43
68	44
68	46
68	64
68	69
68	71
68	72
68	74
69	15
69	19
69	27
69	30
69	33
69	38
69	43
69	46
69	48
69	63
69	68
69	72
69	75
69	76
69	78
69	80
69	81
70	6
70	10
70	16
70	18
70	43
70	44
70	48
70	54
70	55
70	57
70	62
70	66
70	67
70	74
70	75
70	78
70	79
70	80
71	7
71	21
71	24
71	36
71	39
71	46
71	52
71	53
71	56
71	63
71	65
71	66
71	68
71	72
71	76
71	77
71	78
71	81
72	7
72	15
72	20
72	25
72	30
72	33
72	38
72	40
72	43
72	44
72	46
72	53
72	57
72	67
72	68
72	69
72	71
72	78
73	2
73	8
73	10
73	23
73	26
73	28
73	38
73	43
73	47
73	48
73	51
73	55
73	58
73	59
73	61
73	62
73	66
73	79
73	81
74	1
74	4
74	8
74	16
74	17
74	22
74	23
74	25
74	28
74	34
74	50
74	52
74	61
74	64
74	67
74	68
74	70
74	75
74	77
74	78
75	6
75	18
75	19
75	22
75	24
75	25
75	39
75	49
75	50
75	57
75	61
75	62
75	63
75	66
75	67
75	69
75	70
75	74
75	77
75	78
75	80
76	2
76	12
76	15
76	17
76	24
76	29
76	34
76	38
76	39
76	41
76	45
76	48
76	52
76	53
76	56
76	59
76	62
76	65
76	69
76	71
76	80
77	4
77	14
77	15
77	19
77	20
77	22
77	23
77	37
77	41
77	42
77	49
77	50
77	52
77	56
77	61
77	66
77	67
77	71
77	74
77	75
77	78
78	4
78	17
78	19
78	23
78	25
78	41
78	49
78	50
78	52
78	55
78	60
78	61
78	63
78	67
78	69
78	70
78	71
78	72
78	74
78	75
78	77
78	79
79	11
79	16
79	17
79	25
79	28
79	31
79	33
79	37
79	40
79	42
79	45
79	57
79	58
79	61
79	62
79	63
79	64
79	66
79	70
79	73
79	78
79	80
79	81
80	8
80	10
80	13
80	17
80	24
80	28
80	35
80	37
80	41
80	47
80	48
80	51
80	54
80	56
80	58
80	62
80	64
80	65
80	66
80	69
80	70
80	75
80	76
80	79
81	1
81	10
81	13
81	17
81	21
81	26
81	27
81	40
81	47
81	49
81	51
81	54
81	55
81	58
81	59
81	60
81	63
81	64
81	66
81	67
81	69
81	71
81	73
81	79
