1	26
1	27
1	29
1	42
1	69
1	78
2	8
2	29
2	56
2	70
2	71
2	76
3	36
3	49
3	50
3	74
3	76
3	79
4	5
4	39
4	47
4	59
4	74
4	76
5	4
5	28
5	65
5	67
5	69
5	71
6	46
6	60
6	65
6	66
6	71
6	77
7	32
7	63
7	66
7	71
7	75
7	77
8	2
8	10
8	37
8	49
8	75
8	81
9	27
9	28
9	42
9	49
9	60
9	76
10	8
10	17
10	60
10	73
10	76
10	78
11	28
11	48
11	61
11	75
11	77
11	78
12	30
12	44
12	47
12	50
12	58
12	72
13	16
13	24
13	61
13	64
13	67
13	81
14	27
14	43
14	46
14	52
14	58
14	76
15	31
15	54
15	55
15	68
15	74
15	78
16	13
16	59
16	62
16	69
16	74
16	80
16	81
17	10
17	23
17	47
17	59
17	60
17	78
17	79
18	43
18	46
18	49
18	66
18	68
18	76
18	81
19	20
19	31
19	43
19	56
19	68
19	78
19	79
20	19
20	38
20	41
20	46
20	61
20	73
20	78
21	25
21	64
21	70
21	75
21	77
21	78
21	79
22	50
22	70
22	72
22	73
22	75
22	79
22	80
23	17
23	53
23	69
23	72
23	74
23	76
23	81
24	13
24	30
24	37
24	51
24	64
24	77
24	79
25	21
25	51
25	57
25	62
25	69
25	77
25	79
25	80
26	1
26	47
26	50
26	53
26	63
26	66
26	78
26	81
27	1
27	9
27	14
27	40
27	57
27	65
27	72
27	75
28	5
28	9
28	11
28	34
28	42
28	55
28	74
28	76
29	1
29	2
29	32
29	46
29	68
29	73
29	77
29	80
30	12
30	24
30	52
30	70
30	73
30	78
30	79
30	81
31	15
31	19
31	48
31	72
31	75
31	77
31	78
31	79
32	7
32	29
32	34
32	47
32	50
32	60
32	73
32	78
33	52
33	56
33	60
33	64
33	65
33	71
33	75
33	77
34	28
34	32
34	40
34	48
34	60
34	64
34	67
34	70
35	38
35	44
35	45
35	62
35	67
35	77
35	78
35	80
36	3
36	62
36	64
36	69
36	72
36	74
36	76
36	80
37	8
37	24
37	38
37	52
37	56
37	78
37	79
37	81
38	20
38	35
38	37
38	40
38	48
38	51
38	67
38	77
39	4
39	47
39	53
39	54
39	60
39	66
39	70
39	71
39	77
40	27
40	34
40	38
40	44
40	58
40	62
40	71
40	80
40	81
41	20
41	44
41	58
41	60
41	62
41	68
41	71
41	73
41	74
42	1
42	9
42	28
42	55
42	57
42	62
42	69
42	75
42	76
43	14
43	18
43	19
43	47
43	57
43	61
43	66
43	72
43	80
44	12
44	35
44	40
44	41
44	48
44	63
44	70
44	73
44	75
45	35
45	51
45	59
45	63
45	64
45	71
45	77
45	78
45	79
46	6
46	14
46	18
46	20
46	29
46	55
46	61
46	67
46	80
46	81
47	4
47	12
47	17
47	26
47	32
47	39
47	43
47	53
47	79
47	81
48	11
48	31
48	34
48	38
48	44
48	53
48	56
48	64
48	66
48	68
49	3
49	8
49	9
49	18
49	55
49	57
49	61
49	62
49	63
49	73
50	3
50	12
50	22
50	26
50	32
50	54
50	56
50	70
50	73
50	78
50	79
51	24
51	25
51	38
51	45
51	55
51	56
51	60
51	65
51	71
51	75
51	77
52	14
52	30
52	33
52	37
52	59
52	66
52	74
52	76
52	78
52	79
52	80
53	23
53	26
53	39
53	47
53	48
53	67
53	69
53	70
53	72
53	75
53	79
53	81
54	15
54	39
54	50
54	55
54	57
54	59
54	68
54	69
54	70
54	74
54	76
54	80
55	15
55	28
55	42
55	46
55	49
55	51
55	54
55	57
55	59
55	62
55	68
55	69
56	2
56	19
56	33
56	37
56	48
56	50
56	51
56	58
56	63
56	65
56	66
56	80
57	25
57	27
57	42
57	43
57	49
57	54
57	55
57	65
57	72
57	73
57	74
57	75
57	78
58	12
58	14
58	40
58	41
58	56
58	63
58	71
58	72
58	73
58	74
58	75
58	80
58	81
59	4
59	16
59	17
59	45
59	52
59	54
59	55
59	69
59	72
59	74
59	76
59	78
59	81
60	6
60	9
60	10
60	17
60	32
60	33
60	34
60	39
60	41
60	51
60	62
60	74
60	79
60	80
61	11
61	13
61	20
61	43
61	46
61	49
61	63
61	67
61	71
61	72
61	75
61	76
61	79
61	81
62	16
62	25
62	35
62	36
62	40
62	41
62	42
62	49
62	55
62	60
62	68
62	69
62	70
62	79
63	7
63	26
63	44
63	45
63	49
63	56
63	58
63	61
63	66
63	68
63	69
63	72
63	73
63	77
63	80
64	13
64	21
64	24
64	33
64	34
64	36
64	45
64	48
64	65
64	67
64	71
64	73
64	77
64	79
64	81
65	5
65	6
65	27
65	33
65	51
65	56
65	57
65	64
65	66
65	67
65	70
65	71
65	73
65	77
65	80
65	81
66	6
66	7
66	18
66	26
66	39
66	43
66	48
66	52
66	56
66	63
66	65
66	68
66	70
66	72
66	75
66	81
67	5
67	13
67	34
67	35
67	38
67	46
67	53
67	61
67	64
67	65
67	71
67	74
67	77
67	78
67	80
67	81
68	15
68	18
68	19
68	29
68	41
68	48
68	54
68	55
68	62
68	63
68	66
68	70
68	71
68	72
68	75
68	78
68	80
69	1
69	5
69	16
69	23
69	25
69	36
69	42
69	53
69	54
69	55
69	59
69	62
69	63
69	73
69	74
69	76
69	77
69	80
70	2
70	21
70	22
70	30
70	34
70	39
70	44
70	50
70	53
70	54
70	62
70	65
70	66
70	68
70	71
70	74
70	76
70	80
70	81
71	2
71	5
71	6
71	7
71	33
71	39
71	40
71	41
71	45
71	51
71	58
71	61
71	64
71	65
71	67
71	68
71	70
71	75
71	77
72	12
72	22
72	23
72	27
72	31
72	36
72	43
72	53
72	57
72	58
72	59
72	61
72	63
72	66
72	68
72	73
72	75
72	79
72	80
73	10
73	20
73	22
73	29
73	30
73	32
73	41
73	44
73	49
73	50
73	57
73	58
73	63
73	64
73	65
73	69
73	72
73	74
73	76
73	77
74	3
74	4
74	15
74	16
74	23
74	28
74	36
74	41
74	52
74	54
74	57
74	58
74	59
74	60
74	67
74	69
74	70
74	73
74	76
74	78
74	81
75	7
75	8
75	11
75	21
75	22
75	27
75	31
75	33
75	42
75	44
75	51
75	53
75	57
75	58
75	61
75	66
75	68
75	71
75	72
75	76
75	78
75	79
76	2
76	3
76	4
76	9
76	10
76	14
76	18
76	23
76	28
76	36
76	42
76	52
76	54
76	59
76	61
76	69
76	70
76	73
76	74
76	75
76	80
76	81
77	6
77	7
77	11
77	21
77	24
77	25
77	29
77	31
77	33
77	35
77	38
77	39
77	45
77	51
77	63
77	64
77	65
77	67
77	69
77	71
77	73
77	81
78	1
78	10
78	11
78	15
78	17
78	19
78	20
78	21
78	26
78	30
78	31
78	32
78	35
78	37
78	45
78	50
78	52
78	57
78	59
78	67
78	68
78	74
78	75
79	3
79	17
79	19
79	21
79	22
79	24
79	25
79	30
79	31
79	37
79	45
79	47
79	50
79	52
79	53
79	60
79	61
79	62
79	64
79	72
79	75
79	80
79	81
80	16
80	22
80	25
80	29
80	35
80	36
80	40
80	43
80	46
80	52
80	54
80	56
80	58
80	60
80	63
80	65
80	67
80	68
80	69
80	70
80	72
80	76
80	79
80	81
81	8
81	13
81	16
81	18
81	23
81	26
81	30
81	37
81	40
81	46
81	47
81	53
81	58
81	59
81	61
81	64
81	65
81	66
81	67
81	70
81	74
81	76
81	77
81	79
81	80
