1	16
1	33
1	45
1	70
1	74
1	78
2	7
2	32
2	43
2	57
2	79
2	81
3	22
3	27
3	52
3	59
3	67
3	81
4	5
4	46
4	49
4	68
4	69
4	71
5	4
5	24
5	63
5	65
5	74
5	76
6	27
6	37
6	49
6	72
6	75
6	78
7	2
7	8
7	9
7	59
7	63
7	76
8	7
8	18
8	26
8	50
8	61
8	62
9	7
9	48
9	58
9	64
9	65
9	75
10	37
10	38
10	46
10	70
10	72
10	78
11	33
11	34
11	74
11	77
11	79
11	80
12	13
12	47
12	52
12	72
12	75
12	76
13	12
13	33
13	50
13	62
13	66
13	75
14	20
14	28
14	29
14	56
14	73
14	76
14	80
15	33
15	46
15	49
15	68
15	69
15	76
15	81
16	1
16	21
16	41
16	61
16	78
16	79
16	80
17	26
17	46
17	53
17	56
17	64
17	66
17	77
18	8
18	26
18	38
18	41
18	71
18	72
18	79
19	29
19	38
19	42
19	48
19	62
19	63
19	79
20	14
20	37
20	43
20	52
20	60
20	61
20	75
21	16
21	38
21	40
21	59
21	62
21	78
21	80
22	3
22	60
22	64
22	70
22	71
22	73
22	78
23	43
23	45
23	56
23	62
23	65
23	70
23	79
24	5
24	34
24	49
24	58
24	60
24	67
24	79
25	55
25	56
25	63
25	65
25	72
25	80
25	81
26	8
26	17
26	18
26	52
26	65
26	70
26	79
27	3
27	6
27	54
27	70
27	78
27	79
27	81
28	14
28	40
28	43
28	61
28	66
28	71
28	79
29	14
29	19
29	40
29	44
29	51
29	52
29	72
30	52
30	53
30	57
30	64
30	68
30	76
30	80
31	43
31	55
31	57
31	62
31	63
31	66
31	73
32	2
32	46
32	57
32	59
32	63
32	64
32	65
33	1
33	11
33	13
33	15
33	55
33	60
33	62
33	66
34	11
34	24
34	51
34	60
34	76
34	77
34	78
34	80
35	47
35	48
35	54
35	59
35	62
35	77
35	79
35	80
36	49
36	52
36	58
36	64
36	68
36	72
36	74
36	81
37	6
37	10
37	20
37	39
37	44
37	59
37	78
37	81
38	10
38	18
38	19
38	21
38	56
38	69
38	74
38	76
39	37
39	51
39	52
39	54
39	55
39	59
39	67
39	78
40	21
40	28
40	29
40	53
40	57
40	65
40	75
40	79
41	16
41	18
41	59
41	63
41	70
41	77
41	78
41	80
42	19
42	44
42	47
42	48
42	50
42	51
42	76
42	77
42	78
43	2
43	20
43	23
43	28
43	31
43	45
43	55
43	66
43	80
44	29
44	37
44	42
44	53
44	56
44	68
44	71
44	73
44	76
45	1
45	23
45	43
45	54
45	55
45	58
45	62
45	66
45	67
46	4
46	10
46	15
46	17
46	32
46	56
46	68
46	73
46	77
46	80
47	12
47	35
47	42
47	48
47	58
47	60
47	69
47	75
47	78
47	81
48	9
48	19
48	35
48	42
48	47
48	51
48	68
48	71
48	72
48	74
49	4
49	6
49	15
49	24
49	36
49	53
49	56
49	68
49	70
49	81
50	8
50	13
50	42
50	55
50	59
50	67
50	76
50	78
50	80
50	81
51	29
51	34
51	39
51	42
51	48
51	67
51	71
51	77
51	79
51	80
52	3
52	12
52	20
52	26
52	29
52	30
52	36
52	39
52	57
52	73
52	81
53	17
53	30
53	40
53	44
53	49
53	56
53	60
53	68
53	69
53	71
53	77
54	27
54	35
54	39
54	45
54	57
54	61
54	64
54	66
54	72
54	77
54	81
55	25
55	31
55	33
55	39
55	43
55	45
55	50
55	62
55	65
55	66
55	80
56	14
56	17
56	23
56	25
56	38
56	44
56	46
56	49
56	53
56	68
56	81
57	2
57	30
57	31
57	32
57	40
57	52
57	54
57	71
57	72
57	74
57	76
58	9
58	24
58	36
58	45
58	47
58	63
58	66
58	68
58	69
58	73
58	76
58	81
59	3
59	7
59	21
59	32
59	35
59	37
59	39
59	41
59	50
59	64
59	70
59	78
60	20
60	22
60	24
60	33
60	34
60	47
60	53
60	62
60	69
60	74
60	75
60	78
60	79
61	8
61	16
61	20
61	28
61	54
61	65
61	68
61	74
61	75
61	77
61	79
61	80
61	81
62	8
62	13
62	19
62	21
62	23
62	31
62	33
62	35
62	45
62	55
62	60
62	64
62	66
63	5
63	7
63	19
63	25
63	31
63	32
63	41
63	58
63	66
63	67
63	69
63	73
63	75
63	80
64	9
64	17
64	22
64	30
64	32
64	36
64	54
64	59
64	62
64	69
64	72
64	74
64	80
64	81
65	5
65	9
65	23
65	25
65	26
65	32
65	40
65	55
65	61
65	72
65	73
65	75
65	77
65	81
66	13
66	17
66	28
66	31
66	33
66	43
66	45
66	54
66	55
66	58
66	62
66	63
66	71
66	73
67	3
67	24
67	39
67	45
67	50
67	51
67	63
67	69
67	70
67	71
67	73
67	77
67	78
67	79
68	4
68	15
68	30
68	36
68	44
68	46
68	48
68	49
68	53
68	56
68	58
68	61
68	69
68	81
69	4
69	15
69	38
69	47
69	53
69	58
69	60
69	63
69	64
69	67
69	68
69	73
69	79
69	80
70	1
70	10
70	22
70	23
70	26
70	27
70	41
70	49
70	59
70	67
70	74
70	77
70	78
70	79
70	81
71	4
71	18
71	22
71	28
71	44
71	48
71	51
71	53
71	57
71	66
71	67
71	72
71	75
71	78
71	79
72	6
72	10
72	12
72	18
72	25
72	29
72	36
72	48
72	54
72	57
72	64
72	65
72	71
72	73
72	74
72	76
73	14
73	22
73	31
73	44
73	46
73	52
73	58
73	63
73	65
73	66
73	67
73	69
73	72
73	74
73	76
73	77
73	80
74	1
74	5
74	11
74	36
74	38
74	48
74	57
74	60
74	61
74	64
74	70
74	72
74	73
74	76
74	79
74	80
74	81
75	6
75	9
75	12
75	13
75	20
75	40
75	47
75	60
75	61
75	63
75	65
75	71
75	76
75	77
75	78
75	79
75	81
76	5
76	7
76	12
76	14
76	15
76	30
76	34
76	38
76	42
76	44
76	50
76	57
76	58
76	72
76	73
76	74
76	75
76	77
76	80
77	11
77	17
77	34
77	35
77	41
77	42
77	46
77	51
77	53
77	54
77	61
77	65
77	67
77	70
77	73
77	75
77	76
77	79
77	80
77	81
78	1
78	6
78	10
78	16
78	21
78	22
78	27
78	34
78	37
78	39
78	41
78	42
78	47
78	50
78	59
78	60
78	67
78	70
78	71
78	75
78	81
79	2
79	11
79	16
79	18
79	19
79	23
79	24
79	26
79	27
79	28
79	35
79	40
79	51
79	60
79	61
79	67
79	69
79	70
79	71
79	74
79	75
79	77
80	11
80	14
80	16
80	21
80	25
80	30
80	34
80	35
80	41
80	43
80	46
80	50
80	51
80	55
80	61
80	63
80	64
80	69
80	73
80	74
80	76
80	77
80	81
81	2
81	3
81	15
81	25
81	27
81	36
81	37
81	47
81	49
81	50
81	52
81	54
81	56
81	58
81	61
81	64
81	65
81	68
81	70
81	74
81	75
81	77
81	78
81	80
