1	9
1	25
1	49
1	57
1	72
1	81
2	3
2	60
2	67
2	68
2	77
2	80
3	2
3	20
3	29
3	62
3	76
3	78
4	47
4	62
4	64
4	75
4	77
4	80
5	29
5	30
5	38
5	43
5	62
5	77
6	36
6	49
6	55
6	66
6	71
6	73
7	49
7	57
7	66
7	69
7	70
7	71
8	16
8	29
8	43
8	56
8	66
8	77
9	1
9	10
9	50
9	54
9	76
9	78
10	9
10	35
10	39
10	41
10	78
10	79
11	55
11	61
11	63
11	71
11	76
11	78
12	53
12	58
12	62
12	76
12	78
12	81
13	23
13	38
13	59
13	75
13	77
13	80
14	31
14	33
14	38
14	67
14	68
14	69
14	70
15	17
15	34
15	55
15	70
15	75
15	79
15	81
16	8
16	29
16	34
16	38
16	43
16	62
16	63
17	15
17	28
17	34
17	36
17	54
17	60
17	72
18	33
18	46
18	59
18	62
18	67
18	76
18	78
19	25
19	37
19	39
19	51
19	53
19	66
19	69
20	3
20	41
20	52
20	61
20	72
20	74
20	79
21	45
21	49
21	52
21	67
21	68
21	76
21	78
22	35
22	36
22	39
22	41
22	57
22	65
22	70
22	71
23	13
23	28
23	35
23	40
23	64
23	76
23	79
23	81
24	35
24	43
24	68
24	75
24	76
24	77
24	80
24	81
25	1
25	19
25	31
25	55
25	58
25	65
25	73
25	75
26	48
26	53
26	63
26	65
26	69
26	71
26	79
26	80
27	55
27	61
27	65
27	66
27	67
27	69
27	70
27	80
28	17
28	23
28	48
28	67
28	69
28	70
28	78
28	79
29	3
29	5
29	8
29	16
29	38
29	43
29	66
29	74
30	5
30	43
30	48
30	64
30	68
30	75
30	77
30	80
31	14
31	25
31	57
31	60
31	68
31	69
31	75
31	77
31	80
32	52
32	57
32	64
32	68
32	74
32	75
32	76
32	77
32	80
33	14
33	18
33	48
33	65
33	66
33	67
33	70
33	74
33	80
34	15
34	16
34	17
34	41
34	61
34	65
34	69
34	72
34	74
35	10
35	22
35	23
35	24
35	36
35	39
35	41
35	43
35	45
36	6
36	17
36	22
36	35
36	39
36	41
36	51
36	70
36	71
37	19
37	54
37	62
37	64
37	66
37	72
37	74
37	79
37	81
38	5
38	13
38	14
38	16
38	29
38	43
38	50
38	68
38	78
39	10
39	19
39	22
39	35
39	36
39	41
39	68
39	72
39	74
40	23
40	47
40	52
40	59
40	63
40	65
40	76
40	78
40	79
40	81
41	10
41	20
41	22
41	34
41	35
41	36
41	39
41	47
41	69
41	72
42	48
42	51
42	58
42	63
42	64
42	65
42	71
42	73
42	77
42	81
43	5
43	8
43	16
43	24
43	29
43	30
43	35
43	38
43	47
43	68
44	50
44	52
44	53
44	55
44	56
44	57
44	66
44	67
44	71
44	73
45	21
45	35
45	52
45	54
45	58
45	70
45	76
45	78
45	79
45	81
46	18
46	59
46	60
46	64
46	70
46	72
46	73
46	76
46	77
46	81
47	4
47	40
47	41
47	43
47	60
47	70
47	71
47	79
47	80
47	81
48	26
48	28
48	30
48	33
48	42
48	49
48	51
48	66
48	67
48	70
48	76
49	1
49	6
49	7
49	21
49	48
49	51
49	59
49	60
49	72
49	74
49	77
50	9
50	38
50	44
50	55
50	57
50	58
50	60
50	65
50	67
50	71
50	73
50	81
51	19
51	36
51	42
51	48
51	49
51	66
51	67
51	69
51	70
51	71
51	80
51	81
52	20
52	21
52	32
52	40
52	44
52	45
52	54
52	55
52	62
52	64
52	76
52	78
53	12
53	19
53	26
53	44
53	62
53	63
53	65
53	66
53	67
53	69
53	71
53	73
54	9
54	17
54	37
54	45
54	52
54	62
54	65
54	74
54	76
54	77
54	78
54	79
55	6
55	11
55	15
55	25
55	27
55	44
55	50
55	52
55	58
55	73
55	75
55	79
56	8
56	44
56	57
56	59
56	61
56	63
56	68
56	75
56	77
56	80
56	81
57	1
57	7
57	22
57	31
57	32
57	44
57	50
57	56
57	68
57	75
57	77
57	78
57	79
57	80
58	12
58	25
58	42
58	45
58	50
58	55
58	60
58	63
58	65
58	71
58	73
58	77
58	78
58	79
59	13
59	18
59	40
59	46
59	49
59	56
59	61
59	64
59	67
59	73
59	74
59	75
59	76
59	81
60	2
60	17
60	31
60	46
60	47
60	49
60	50
60	58
60	61
60	69
60	74
60	75
60	78
60	79
61	11
61	20
61	27
61	34
61	56
61	59
61	60
61	68
61	70
61	72
61	73
61	74
61	76
61	79
62	3
62	4
62	5
62	12
62	16
62	18
62	37
62	52
62	53
62	54
62	63
62	68
62	76
62	78
62	81
63	11
63	16
63	26
63	40
63	42
63	53
63	56
63	58
63	62
63	64
63	65
63	70
63	71
63	73
63	81
64	4
64	23
64	30
64	32
64	37
64	42
64	46
64	52
64	59
64	63
64	70
64	74
64	75
64	79
64	81
65	22
65	25
65	26
65	27
65	33
65	34
65	40
65	42
65	50
65	53
65	54
65	58
65	63
65	68
65	71
65	72
65	73
65	75
66	6
66	7
66	8
66	19
66	27
66	29
66	33
66	37
66	44
66	48
66	51
66	53
66	67
66	69
66	70
66	78
66	80
66	81
67	2
67	14
67	18
67	21
67	27
67	28
67	33
67	44
67	48
67	50
67	51
67	53
67	59
67	66
67	68
67	69
67	70
67	76
68	2
68	14
68	21
68	24
68	30
68	31
68	32
68	38
68	39
68	43
68	56
68	57
68	61
68	62
68	65
68	67
68	75
68	77
68	80
69	7
69	14
69	19
69	26
69	27
69	28
69	31
69	34
69	41
69	51
69	53
69	60
69	66
69	67
69	70
69	71
69	73
69	74
69	78
70	7
70	14
70	15
70	22
70	27
70	28
70	33
70	36
70	45
70	46
70	47
70	48
70	51
70	61
70	63
70	64
70	66
70	67
70	69
70	72
71	6
71	7
71	11
71	22
71	26
71	36
71	42
71	44
71	47
71	50
71	51
71	53
71	58
71	63
71	65
71	69
71	72
71	73
71	74
71	80
72	1
72	17
72	20
72	34
72	37
72	39
72	41
72	46
72	49
72	61
72	65
72	70
72	71
72	73
72	74
72	75
72	77
72	78
72	79
72	80
72	81
73	6
73	25
73	42
73	44
73	46
73	50
73	53
73	55
73	58
73	59
73	61
73	63
73	65
73	69
73	71
73	72
73	74
73	76
73	77
73	79
73	81
74	20
74	29
74	32
74	33
74	34
74	37
74	39
74	49
74	54
74	59
74	60
74	61
74	64
74	69
74	71
74	72
74	73
74	75
74	77
74	78
74	79
74	81
75	4
75	13
75	15
75	24
75	25
75	30
75	31
75	32
75	55
75	56
75	57
75	59
75	60
75	64
75	65
75	68
75	72
75	74
75	76
75	77
75	80
75	81
76	3
76	9
76	11
76	12
76	18
76	21
76	23
76	24
76	32
76	40
76	45
76	46
76	48
76	52
76	54
76	59
76	61
76	62
76	67
76	73
76	75
76	78
76	80
77	2
77	4
77	5
77	8
77	13
77	24
77	30
77	31
77	32
77	42
77	46
77	49
77	54
77	56
77	57
77	58
77	68
77	72
77	73
77	74
77	75
77	79
77	80
78	3
78	9
78	10
78	11
78	12
78	18
78	21
78	28
78	38
78	40
78	45
78	52
78	54
78	57
78	58
78	60
78	62
78	66
78	69
78	72
78	74
78	76
78	80
79	10
79	15
79	20
79	23
79	26
79	28
79	37
79	40
79	45
79	47
79	54
79	55
79	57
79	58
79	60
79	61
79	64
79	72
79	73
79	74
79	77
79	80
79	81
80	2
80	4
80	13
80	24
80	26
80	27
80	30
80	31
80	32
80	33
80	47
80	51
80	56
80	57
80	66
80	68
80	71
80	72
80	75
80	76
80	77
80	78
80	79
81	1
81	12
81	15
81	23
81	24
81	37
81	40
81	42
81	45
81	46
81	47
81	50
81	51
81	56
81	59
81	62
81	63
81	64
81	66
81	72
81	73
81	74
81	75
81	79
