1	22
1	27
1	55
1	67
1	71
1	80
2	3
2	15
2	47
2	69
2	75
2	78
3	2
3	4
3	13
3	24
3	75
3	80
4	3
4	46
4	51
4	60
4	63
4	64
5	14
5	46
5	54
5	73
5	74
5	81
6	7
6	34
6	41
6	76
6	77
6	78
7	6
7	50
7	51
7	55
7	76
7	79
8	12
8	40
8	65
8	67
8	77
8	78
9	48
9	61
9	63
9	69
9	73
9	79
10	29
10	60
10	66
10	69
10	77
10	78
11	23
11	54
11	61
11	72
11	74
11	80
12	8
12	47
12	53
12	57
12	67
12	79
13	3
13	22
13	43
13	61
13	63
13	73
14	5
14	21
14	66
14	67
14	68
14	75
15	2
15	41
15	59
15	71
15	72
15	78
16	22
16	51
16	59
16	69
16	74
16	75
17	30
17	36
17	43
17	51
17	55
17	74
17	75
18	44
18	54
18	62
18	68
18	70
18	71
18	77
19	48
19	49
19	50
19	61
19	64
19	71
19	73
20	32
20	48
20	56
20	64
20	70
20	76
20	81
21	14
21	35
21	50
21	65
21	66
21	75
21	81
22	1
22	13
22	16
22	31
22	33
22	48
22	65
23	11
23	49
23	68
23	70
23	72
23	80
23	81
24	3
24	49
24	58
24	65
24	66
24	70
24	81
25	43
25	44
25	62
25	68
25	71
25	76
25	79
26	50
26	57
26	70
26	72
26	74
26	76
26	78
26	80
27	1
27	45
27	56
27	58
27	64
27	74
27	75
27	81
28	43
28	45
28	50
28	58
28	72
28	76
28	78
28	79
29	10
29	34
29	36
29	56
29	72
29	74
29	77
29	78
30	17
30	52
30	57
30	60
30	61
30	68
30	73
30	78
31	22
31	32
31	55
31	67
31	68
31	71
31	74
31	75
32	20
32	31
32	37
32	38
32	40
32	51
32	62
32	75
33	22
33	43
33	52
33	55
33	64
33	69
33	71
33	76
34	6
34	29
34	38
34	69
34	72
34	74
34	78
34	79
35	21
35	40
35	42
35	46
35	62
35	65
35	69
35	76
36	17
36	29
36	44
36	45
36	70
36	72
36	76
36	78
37	32
37	41
37	58
37	59
37	62
37	70
37	71
37	72
37	81
38	32
38	34
38	51
38	52
38	64
38	66
38	70
38	75
38	76
39	52
39	53
39	54
39	59
39	70
39	74
39	77
39	79
39	80
40	8
40	32
40	35
40	52
40	53
40	69
40	73
40	76
40	77
41	6
41	15
41	37
41	52
41	53
41	70
41	75
41	80
41	81
42	35
42	44
42	53
42	56
42	59
42	67
42	75
42	78
42	80
43	13
43	17
43	25
43	28
43	33
43	56
43	64
43	74
43	79
43	81
44	18
44	25
44	36
44	42
44	59
44	61
44	62
44	67
44	68
44	81
45	27
45	28
45	36
45	47
45	53
45	57
45	76
45	78
45	80
45	81
46	4
46	5
46	35
46	48
46	56
46	60
46	68
46	69
46	71
46	77
47	2
47	12
47	45
47	58
47	69
47	72
47	76
47	78
47	79
47	80
48	9
48	19
48	20
48	22
48	46
48	64
48	66
48	73
48	77
48	79
49	19
49	23
49	24
49	55
49	57
49	60
49	63
49	70
49	73
49	80
50	7
50	19
50	21
50	26
50	28
50	51
50	72
50	73
50	76
50	77
50	78
51	4
51	7
51	16
51	17
51	32
51	38
51	50
51	52
51	63
51	70
51	81
52	30
52	33
52	38
52	39
52	40
52	41
52	51
52	58
52	74
52	79
52	81
53	12
53	39
53	40
53	41
53	42
53	45
53	54
53	72
53	73
53	77
53	80
54	5
54	11
54	18
54	39
54	53
54	62
54	63
54	69
54	70
54	72
54	80
55	1
55	7
55	17
55	31
55	33
55	49
55	62
55	65
55	67
55	71
55	76
56	20
56	27
56	29
56	42
56	43
56	46
56	72
56	73
56	77
56	80
56	81
57	12
57	26
57	30
57	45
57	49
57	60
57	63
57	65
57	72
57	73
57	77
58	24
58	27
58	28
58	37
58	47
58	52
58	59
58	65
58	75
58	77
58	79
59	15
59	16
59	37
59	39
59	42
59	44
59	58
59	66
59	67
59	69
59	80
59	81
60	4
60	10
60	30
60	46
60	49
60	57
60	61
60	63
60	73
60	75
60	76
60	79
61	9
61	11
61	13
61	19
61	30
61	44
61	60
61	63
61	69
61	73
61	78
61	79
61	81
62	18
62	25
62	32
62	35
62	37
62	44
62	54
62	55
62	67
62	68
62	70
62	71
62	79
63	4
63	9
63	13
63	49
63	51
63	54
63	57
63	60
63	61
63	66
63	73
63	79
63	80
64	4
64	19
64	20
64	27
64	33
64	38
64	43
64	48
64	65
64	73
64	77
64	80
64	81
65	8
65	21
65	22
65	24
65	35
65	55
65	57
65	58
65	64
65	70
65	76
65	79
65	81
66	10
66	14
66	21
66	24
66	38
66	48
66	59
66	63
66	67
66	71
66	76
66	77
66	79
66	80
67	1
67	8
67	12
67	14
67	31
67	42
67	44
67	55
67	59
67	62
67	66
67	68
67	69
67	71
68	14
68	18
68	23
68	25
68	30
68	31
68	44
68	46
68	62
68	67
68	71
68	73
68	74
68	78
69	2
69	9
69	10
69	16
69	33
69	34
69	35
69	40
69	46
69	47
69	54
69	59
69	61
69	67
69	80
69	81
70	18
70	20
70	23
70	24
70	26
70	36
70	37
70	38
70	39
70	41
70	49
70	51
70	54
70	62
70	65
70	80
70	81
71	1
71	15
71	18
71	19
71	25
71	31
71	33
71	37
71	46
71	55
71	62
71	66
71	67
71	68
71	77
71	80
71	81
72	11
72	15
72	23
72	26
72	28
72	29
72	34
72	36
72	37
72	47
72	50
72	53
72	54
72	56
72	57
72	76
72	78
73	5
73	9
73	13
73	19
73	30
73	40
73	48
73	49
73	50
73	53
73	56
73	57
73	60
73	61
73	63
73	64
73	68
73	74
74	5
74	11
74	16
74	17
74	26
74	27
74	29
74	31
74	34
74	39
74	43
74	52
74	68
74	73
74	75
74	77
74	78
74	81
75	2
75	3
75	14
75	16
75	17
75	21
75	27
75	31
75	32
75	38
75	41
75	42
75	58
75	60
75	74
75	77
75	79
75	81
76	6
76	7
76	20
76	25
76	26
76	28
76	33
76	35
76	36
76	38
76	40
76	45
76	47
76	50
76	55
76	60
76	65
76	66
76	72
76	78
77	6
77	8
77	10
77	18
77	29
77	39
77	40
77	46
77	48
77	50
77	53
77	56
77	57
77	58
77	64
77	66
77	71
77	74
77	75
77	78
78	2
78	6
78	8
78	10
78	15
78	26
78	28
78	29
78	30
78	34
78	36
78	42
78	45
78	47
78	50
78	61
78	68
78	72
78	74
78	76
78	77
79	7
79	9
79	12
79	25
79	28
79	34
79	39
79	43
79	47
79	48
79	52
79	58
79	60
79	61
79	62
79	63
79	65
79	66
79	75
79	80
79	81
80	1
80	3
80	11
80	23
80	26
80	39
80	41
80	42
80	45
80	47
80	49
80	53
80	54
80	56
80	59
80	63
80	64
80	66
80	69
80	70
80	71
80	79
80	81
81	5
81	20
81	21
81	23
81	24
81	27
81	37
81	41
81	43
81	44
81	45
81	51
81	52
81	56
81	59
81	61
81	64
81	65
81	69
81	70
81	71
81	74
81	75
81	79
81	80
