1	18
1	31
1	51
1	54
1	66
1	69
2	28
2	43
2	45
2	52
2	59
2	69
3	17
3	66
3	67
3	69
3	74
3	77
4	40
4	56
4	67
4	77
4	78
4	81
5	35
5	50
5	52
5	57
5	63
5	69
6	23
6	49
6	75
6	76
6	79
6	80
7	23
7	32
7	36
7	42
7	52
7	69
8	21
8	23
8	28
8	54
8	55
8	64
9	33
9	37
9	47
9	65
9	69
9	77
10	65
10	73
10	76
10	78
10	79
10	81
11	27
11	59
11	68
11	70
11	75
11	79
12	17
12	42
12	53
12	54
12	64
12	69
13	14
13	42
13	44
13	45
13	57
13	76
14	13
14	44
14	45
14	46
14	56
14	72
15	26
15	44
15	45
15	48
15	61
15	81
16	33
16	44
16	58
16	60
16	63
16	80
17	3
17	12
17	19
17	24
17	43
17	57
17	81
18	1
18	34
18	47
18	66
18	68
18	69
18	78
19	17
19	37
19	46
19	55
19	63
19	65
19	76
20	27
20	32
20	36
20	58
20	63
20	70
20	73
21	8
21	27
21	42
21	54
21	64
21	77
21	80
22	43
22	63
22	67
22	75
22	77
22	78
22	81
23	6
23	7
23	8
23	32
23	36
23	51
23	61
24	17
24	47
24	49
24	68
24	70
24	71
24	76
25	37
25	50
25	62
25	65
25	72
25	74
25	78
26	15
26	32
26	44
26	45
26	46
26	66
26	77
27	11
27	20
27	21
27	32
27	36
27	42
27	80
28	2
28	8
28	31
28	50
28	59
28	67
28	72
29	36
29	44
29	50
29	53
29	54
29	64
29	72
30	34
30	35
30	45
30	48
30	49
30	55
30	58
30	65
31	1
31	28
31	51
31	71
31	72
31	76
31	79
31	80
32	7
32	20
32	23
32	26
32	27
32	54
32	70
32	71
33	9
33	16
33	38
33	42
33	49
33	65
33	75
33	76
34	18
34	30
34	41
34	47
34	62
34	67
34	74
34	79
35	5
35	30
35	64
35	75
35	76
35	77
35	78
35	81
36	7
36	20
36	23
36	27
36	29
36	73
36	78
36	79
37	9
37	19
37	25
37	48
37	49
37	52
37	58
37	63
37	73
38	33
38	46
38	66
38	72
38	73
38	74
38	76
38	79
38	80
39	50
39	58
39	61
39	67
39	68
39	69
39	72
39	74
39	75
40	4
40	47
40	61
40	67
40	70
40	72
40	74
40	75
40	81
41	34
41	48
41	50
41	51
41	60
41	62
41	72
41	74
41	80
42	7
42	12
42	13
42	21
42	27
42	33
42	53
42	60
42	64
43	2
43	17
43	22
43	52
43	57
43	66
43	70
43	71
43	76
44	13
44	14
44	15
44	16
44	26
44	29
44	45
44	58
44	63
45	2
45	13
45	14
45	15
45	26
45	30
45	44
45	69
45	72
45	74
46	14
46	19
46	26
46	38
46	52
46	68
46	70
46	78
46	79
46	80
47	9
47	18
47	24
47	34
47	40
47	50
47	62
47	67
47	72
47	73
47	74
48	15
48	30
48	37
48	41
48	71
48	73
48	75
48	77
48	78
48	80
48	81
49	6
49	24
49	30
49	33
49	37
49	55
49	56
49	58
49	63
49	66
49	70
50	5
50	25
50	28
50	29
50	39
50	41
50	47
50	68
50	70
50	72
50	74
51	1
51	23
51	31
51	41
51	52
51	59
51	62
51	70
51	76
51	79
51	80
52	2
52	5
52	7
52	37
52	43
52	46
52	51
52	57
52	66
52	69
52	78
53	12
53	29
53	42
53	54
53	64
53	66
53	73
53	74
53	76
53	78
53	81
54	1
54	8
54	12
54	21
54	29
54	32
54	53
54	56
54	64
54	70
54	71
55	8
55	19
55	30
55	49
55	63
55	65
55	71
55	74
55	75
55	76
55	79
56	4
56	14
56	49
56	54
56	61
56	62
56	72
56	75
56	76
56	79
56	80
57	5
57	13
57	17
57	43
57	52
57	64
57	66
57	68
57	69
57	77
57	78
57	80
58	16
58	20
58	30
58	37
58	39
58	44
58	49
58	62
58	63
58	65
58	74
58	79
59	2
59	11
59	28
59	51
59	65
59	68
59	71
59	73
59	75
59	77
59	78
59	81
60	16
60	41
60	42
60	70
60	71
60	73
60	75
60	76
60	77
60	78
60	79
60	80
60	81
61	15
61	23
61	39
61	40
61	56
61	62
61	68
61	71
61	73
61	76
61	79
61	80
61	81
62	25
62	34
62	41
62	47
62	51
62	56
62	58
62	61
62	64
62	68
62	76
62	79
62	80
63	5
63	16
63	19
63	20
63	22
63	37
63	44
63	49
63	55
63	58
63	64
63	65
63	77
63	81
64	8
64	12
64	21
64	29
64	35
64	42
64	53
64	54
64	57
64	62
64	63
64	72
64	80
64	81
65	9
65	10
65	19
65	25
65	30
65	33
65	55
65	58
65	59
65	63
65	74
65	77
65	79
65	81
66	1
66	3
66	18
66	26
66	38
66	43
66	49
66	52
66	53
66	57
66	69
66	77
66	78
66	79
67	3
67	4
67	22
67	28
67	34
67	39
67	40
67	47
67	72
67	74
67	76
67	77
67	78
67	80
67	81
68	11
68	18
68	24
68	39
68	46
68	50
68	57
68	59
68	61
68	62
68	69
68	70
68	73
68	78
68	80
69	1
69	2
69	3
69	5
69	7
69	9
69	12
69	18
69	39
69	45
69	52
69	57
69	66
69	68
69	81
70	11
70	20
70	24
70	32
70	40
70	43
70	46
70	49
70	50
70	51
70	54
70	60
70	68
70	79
70	80
70	81
71	24
71	31
71	32
71	43
71	48
71	54
71	55
71	59
71	60
71	61
71	72
71	73
71	75
71	77
71	78
71	81
72	14
72	25
72	28
72	29
72	31
72	38
72	39
72	40
72	41
72	45
72	47
72	50
72	56
72	64
72	67
72	71
72	73
72	74
73	10
73	20
73	36
73	37
73	38
73	47
73	48
73	53
73	59
73	60
73	61
73	68
73	71
73	72
73	75
73	77
73	78
73	79
73	81
74	3
74	25
74	34
74	38
74	39
74	40
74	41
74	45
74	47
74	50
74	53
74	55
74	58
74	65
74	67
74	72
74	75
74	78
74	80
75	6
75	11
75	22
75	33
75	35
75	39
75	40
75	48
75	55
75	56
75	59
75	60
75	71
75	73
75	74
75	77
75	78
75	80
75	81
76	6
76	10
76	13
76	19
76	24
76	31
76	33
76	35
76	38
76	43
76	51
76	53
76	55
76	56
76	60
76	61
76	62
76	67
76	79
76	80
77	3
77	4
77	9
77	21
77	22
77	26
77	35
77	48
77	57
77	59
77	60
77	63
77	65
77	66
77	67
77	71
77	73
77	75
77	78
77	79
77	80
77	81
78	4
78	10
78	18
78	22
78	25
78	35
78	36
78	46
78	48
78	52
78	53
78	57
78	59
78	60
78	66
78	67
78	68
78	71
78	73
78	74
78	75
78	77
78	81
79	6
79	10
79	11
79	31
79	34
79	36
79	38
79	46
79	51
79	55
79	56
79	58
79	60
79	61
79	62
79	65
79	66
79	70
79	73
79	76
79	77
79	80
79	81
80	6
80	16
80	21
80	27
80	31
80	38
80	41
80	46
80	48
80	51
80	56
80	57
80	60
80	61
80	62
80	64
80	67
80	68
80	70
80	74
80	75
80	76
80	77
80	79
81	4
81	10
81	15
81	17
81	22
81	35
81	40
81	48
81	53
81	59
81	60
81	61
81	63
81	64
81	65
81	67
81	69
81	70
81	71
81	73
81	75
81	77
81	78
81	79
