1	28
1	34
1	41
1	42
1	57
1	71
2	11
2	23
2	34
2	36
2	49
2	63
3	40
3	63
3	68
3	70
3	74
3	80
4	34
4	46
4	63
4	75
4	76
4	81
5	35
5	42
5	58
5	68
5	77
5	78
6	12
6	24
6	33
6	48
6	70
6	79
7	13
7	35
7	38
7	40
7	67
7	81
8	48
8	64
8	67
8	68
8	74
8	80
9	10
9	28
9	39
9	74
9	77
9	78
10	9
10	43
10	51
10	54
10	77
10	78
11	2
11	31
11	37
11	54
11	56
11	81
12	6
12	29
12	35
12	49
12	60
12	61
13	7
13	19
13	43
13	65
13	70
13	79
14	45
14	49
14	60
14	64
14	74
14	80
15	33
15	34
15	39
15	40
15	46
15	63
16	45
16	69
16	72
16	74
16	79
16	81
17	23
17	49
17	62
17	65
17	80
17	81
18	26
18	49
18	53
18	55
18	70
18	77
18	78
19	13
19	20
19	56
19	61
19	62
19	65
19	73
20	19
20	51
20	62
20	65
20	67
20	73
20	79
21	32
21	44
21	59
21	64
21	66
21	69
21	70
22	23
22	24
22	48
22	60
22	61
22	74
22	79
23	2
23	17
23	22
23	46
23	61
23	63
23	73
24	6
24	22
24	27
24	29
24	59
24	61
24	74
25	58
25	65
25	70
25	74
25	79
25	80
25	81
26	18
26	39
26	42
26	55
26	69
26	75
26	78
27	24
27	47
27	58
27	59
27	73
27	75
27	81
28	1
28	9
28	41
28	50
28	51
28	65
28	75
29	12
29	24
29	35
29	61
29	70
29	75
29	78
30	35
30	56
30	66
30	70
30	75
30	76
30	79
31	11
31	45
31	63
31	75
31	76
31	80
31	81
32	21
32	37
32	41
32	45
32	66
32	68
32	80
33	6
33	15
33	36
33	51
33	54
33	69
33	77
33	78
34	1
34	2
34	4
34	15
34	36
34	62
34	63
34	81
35	5
35	7
35	12
35	29
35	30
35	48
35	61
35	78
36	2
36	33
36	34
36	49
36	54
36	66
36	77
36	78
37	11
37	32
37	50
37	52
37	63
37	77
37	78
37	80
38	7
38	45
38	56
38	64
38	71
38	73
38	74
38	75
39	9
39	15
39	26
39	64
39	67
39	75
39	80
39	81
40	3
40	7
40	15
40	67
40	68
40	71
40	76
40	78
41	1
41	28
41	32
41	43
41	55
41	57
41	69
41	71
41	72
42	1
42	5
42	26
42	55
42	59
42	73
42	76
42	77
42	78
43	10
43	13
43	41
43	72
43	73
43	74
43	76
43	79
43	81
44	21
44	55
44	59
44	61
44	66
44	69
44	71
44	78
44	80
45	14
45	16
45	31
45	32
45	38
45	49
45	64
45	73
45	80
46	4
46	15
46	23
46	47
46	62
46	63
46	71
46	79
46	80
47	27
47	46
47	53
47	57
47	58
47	59
47	66
47	69
47	71
48	6
48	8
48	22
48	35
48	61
48	62
48	74
48	77
48	79
49	2
49	12
49	14
49	17
49	18
49	36
49	45
49	62
49	73
50	28
50	37
50	52
50	61
50	69
50	75
50	79
50	80
50	81
51	10
51	20
51	28
51	33
51	53
51	72
51	74
51	76
51	79
51	80
52	37
52	50
52	53
52	69
52	71
52	72
52	74
52	75
52	76
52	79
53	18
53	47
53	51
53	52
53	67
53	70
53	76
53	79
53	80
53	81
54	10
54	11
54	33
54	36
54	57
54	71
54	77
54	78
54	79
54	81
55	18
55	26
55	41
55	42
55	44
55	58
55	63
55	77
55	78
55	79
56	11
56	19
56	30
56	38
56	62
56	64
56	65
56	67
56	73
56	79
57	1
57	41
57	47
57	54
57	66
57	67
57	69
57	70
57	71
57	72
57	81
58	5
58	25
58	27
58	47
58	55
58	60
58	65
58	77
58	78
58	80
58	81
59	21
59	24
59	27
59	42
59	44
59	47
59	66
59	69
59	71
59	72
59	77
60	12
60	14
60	22
60	58
60	67
60	68
60	75
60	76
60	78
60	80
60	81
61	12
61	19
61	22
61	23
61	24
61	29
61	35
61	44
61	48
61	50
61	67
61	76
62	17
62	19
62	20
62	34
62	46
62	48
62	49
62	56
62	64
62	68
62	73
62	78
63	2
63	3
63	4
63	15
63	23
63	31
63	34
63	37
63	46
63	55
63	71
63	81
64	8
64	14
64	21
64	38
64	39
64	45
64	56
64	62
64	69
64	71
64	73
64	77
65	13
65	17
65	19
65	20
65	25
65	28
65	56
65	58
65	67
65	68
65	72
65	78
65	80
65	81
66	21
66	30
66	32
66	36
66	44
66	47
66	57
66	59
66	68
66	69
66	70
66	71
66	75
66	77
67	7
67	8
67	20
67	39
67	40
67	53
67	56
67	57
67	60
67	61
67	65
67	72
67	76
67	77
67	81
68	3
68	5
68	8
68	32
68	40
68	60
68	62
68	65
68	66
68	69
68	70
68	71
68	75
68	76
68	79
69	16
69	21
69	26
69	33
69	41
69	44
69	47
69	50
69	52
69	57
69	59
69	64
69	66
69	68
69	71
69	72
70	3
70	6
70	13
70	18
70	21
70	25
70	29
70	30
70	53
70	57
70	66
70	68
70	72
70	74
70	76
70	79
71	1
71	38
71	40
71	41
71	44
71	46
71	47
71	52
71	54
71	57
71	59
71	63
71	64
71	66
71	68
71	69
71	74
72	16
72	41
72	43
72	51
72	52
72	57
72	59
72	65
72	67
72	69
72	70
72	73
72	74
72	75
72	76
72	79
72	80
73	19
73	20
73	23
73	27
73	38
73	42
73	43
73	45
73	49
73	56
73	62
73	64
73	72
73	75
73	77
73	80
73	81
74	3
74	8
74	9
74	14
74	16
74	22
74	24
74	25
74	38
74	43
74	48
74	51
74	52
74	70
74	71
74	72
74	76
74	79
74	80
75	4
75	26
75	27
75	28
75	29
75	30
75	31
75	38
75	39
75	50
75	52
75	60
75	66
75	68
75	72
75	73
75	76
75	80
75	81
76	4
76	30
76	31
76	40
76	42
76	43
76	51
76	52
76	53
76	60
76	61
76	67
76	68
76	70
76	72
76	74
76	75
76	78
76	79
77	5
77	9
77	10
77	18
77	33
77	36
77	37
77	42
77	48
77	54
77	55
77	58
77	59
77	64
77	66
77	67
77	73
77	78
77	79
77	80
78	5
78	9
78	10
78	18
78	26
78	29
78	33
78	35
78	36
78	37
78	40
78	42
78	44
78	54
78	55
78	58
78	60
78	62
78	65
78	76
78	77
78	81
79	6
79	13
79	16
79	20
79	22
79	25
79	30
79	43
79	46
79	48
79	50
79	51
79	52
79	53
79	54
79	55
79	56
79	68
79	70
79	72
79	74
79	76
79	77
80	3
80	8
80	14
80	17
80	25
80	31
80	32
80	37
80	39
80	44
80	45
80	46
80	50
80	51
80	53
80	58
80	60
80	65
80	72
80	73
80	74
80	75
80	77
81	4
81	7
81	11
81	16
81	17
81	25
81	27
81	31
81	34
81	39
81	43
81	50
81	53
81	54
81	57
81	58
81	60
81	63
81	65
81	67
81	73
81	75
81	78
