1	18
1	35
1	40
1	59
1	67
1	75
2	11
2	31
2	42
2	51
2	59
2	64
3	10
3	47
3	50
3	62
3	63
3	76
4	22
4	40
4	41
4	65
4	73
4	78
5	18
5	42
5	46
5	51
5	62
5	66
6	16
6	22
6	45
6	59
6	63
6	72
7	12
7	28
7	35
7	63
7	70
7	77
8	29
8	53
8	62
8	66
8	69
8	81
9	39
9	48
9	53
9	58
9	62
9	76
10	3
10	39
10	49
10	53
10	58
10	64
11	2
11	30
11	42
11	51
11	69
11	78
12	7
12	15
12	65
12	68
12	73
12	79
13	54
13	56
13	67
13	68
13	69
13	80
14	65
14	70
14	74
14	75
14	78
14	79
14	81
15	12
15	41
15	63
15	65
15	73
15	79
15	81
16	6
16	18
16	21
16	26
16	45
16	70
16	80
17	27
17	44
17	50
17	63
17	67
17	79
17	81
18	1
18	5
18	16
18	33
18	42
18	51
18	62
19	35
19	44
19	62
19	67
19	75
19	76
19	77
20	36
20	48
20	51
20	53
20	58
20	61
20	68
21	16
21	29
21	52
21	71
21	72
21	73
21	77
22	4
22	6
22	31
22	52
22	67
22	69
22	75
23	44
23	47
23	57
23	63
23	69
23	76
23	80
24	36
24	41
24	48
24	56
24	70
24	78
24	81
25	31
25	47
25	66
25	70
25	72
25	74
25	80
26	16
26	27
26	46
26	56
26	66
26	75
26	79
27	17
27	26
27	56
27	69
27	70
27	71
27	77
27	80
28	7
28	30
28	54
28	69
28	71
28	72
28	78
28	81
29	8
29	21
29	46
29	52
29	63
29	73
29	74
29	80
30	11
30	28
30	47
30	66
30	69
30	74
30	75
30	76
31	2
31	22
31	25
31	60
31	62
31	65
31	67
31	75
32	45
32	46
32	64
32	65
32	68
32	73
32	77
32	81
33	18
33	35
33	43
33	61
33	65
33	73
33	75
33	80
33	81
34	44
34	49
34	56
34	59
34	60
34	67
34	69
34	75
34	79
35	1
35	7
35	19
35	33
35	46
35	60
35	68
35	71
35	77
36	20
36	24
36	37
36	39
36	53
36	58
36	68
36	76
36	79
37	36
37	43
37	49
37	53
37	60
37	61
37	64
37	65
37	73
38	47
38	50
38	56
38	64
38	74
38	76
38	78
38	79
38	81
39	9
39	10
39	36
39	40
39	53
39	55
39	58
39	66
39	71
39	72
40	1
40	4
40	39
40	52
40	54
40	61
40	70
40	78
40	79
40	81
41	4
41	15
41	24
41	51
41	61
41	65
41	73
41	78
41	79
41	81
42	2
42	5
42	11
42	18
42	51
42	61
42	70
42	74
42	77
42	80
43	33
43	37
43	61
43	65
43	69
43	71
43	73
43	77
43	78
43	81
44	17
44	19
44	23
44	34
44	55
44	59
44	60
44	65
44	75
44	76
45	6
45	16
45	32
45	49
45	59
45	66
45	73
45	74
45	78
45	80
46	5
46	26
46	29
46	32
46	35
46	64
46	68
46	69
46	72
46	74
47	3
47	23
47	25
47	30
47	38
47	57
47	58
47	63
47	71
47	74
48	9
48	20
48	24
48	55
48	57
48	58
48	70
48	74
48	76
48	77
49	10
49	34
49	37
49	45
49	54
49	58
49	64
49	71
49	72
49	77
50	3
50	17
50	38
50	61
50	63
50	65
50	66
50	75
50	76
50	79
51	2
51	5
51	11
51	18
51	20
51	41
51	42
51	57
51	70
51	80
52	21
52	22
52	29
52	40
52	55
52	57
52	59
52	62
52	72
52	79
53	8
53	9
53	10
53	20
53	36
53	37
53	39
53	58
53	65
53	67
53	68
54	13
54	28
54	40
54	49
54	66
54	67
54	68
54	71
54	72
54	77
54	78
55	39
55	44
55	48
55	52
55	59
55	64
55	72
55	76
55	78
55	79
55	80
55	81
56	13
56	24
56	26
56	27
56	34
56	38
56	63
56	72
56	74
56	77
56	80
56	81
57	23
57	47
57	48
57	51
57	52
57	70
57	71
57	75
57	77
57	78
57	79
57	81
58	9
58	10
58	20
58	36
58	39
58	47
58	48
58	49
58	53
58	60
58	76
58	77
59	1
59	2
59	6
59	34
59	44
59	45
59	52
59	55
59	60
59	67
59	74
59	75
59	78
60	31
60	34
60	35
60	37
60	44
60	58
60	59
60	67
60	69
60	74
60	75
60	78
60	79
61	20
61	33
61	37
61	40
61	41
61	42
61	43
61	50
61	65
61	66
61	73
61	75
61	81
62	3
62	5
62	8
62	9
62	18
62	19
62	31
62	52
62	70
62	73
62	76
62	78
62	79
62	81
63	3
63	6
63	7
63	15
63	17
63	23
63	29
63	47
63	50
63	56
63	66
63	71
63	73
63	80
64	2
64	10
64	32
64	37
64	38
64	46
64	49
64	55
64	68
64	69
64	71
64	72
64	74
64	75
64	77
65	4
65	12
65	14
65	15
65	31
65	32
65	33
65	37
65	41
65	43
65	44
65	50
65	53
65	61
65	79
65	80
66	5
66	8
66	25
66	26
66	30
66	39
66	45
66	50
66	54
66	61
66	63
66	68
66	69
66	70
66	74
66	75
67	1
67	13
67	17
67	19
67	22
67	31
67	34
67	53
67	54
67	59
67	60
67	70
67	72
67	75
67	77
67	81
68	12
68	13
68	20
68	32
68	35
68	36
68	46
68	53
68	54
68	64
68	66
68	71
68	72
68	77
68	79
68	80
69	8
69	11
69	13
69	22
69	23
69	27
69	28
69	30
69	34
69	43
69	46
69	60
69	64
69	66
69	74
69	76
69	80
70	7
70	14
70	16
70	24
70	25
70	27
70	40
70	42
70	48
70	51
70	57
70	62
70	66
70	67
70	76
70	78
70	81
71	21
71	27
71	28
71	35
71	39
71	43
71	47
71	49
71	54
71	57
71	63
71	64
71	68
71	73
71	77
71	80
71	81
72	6
72	21
72	25
72	28
72	39
72	46
72	49
72	52
72	54
72	55
72	56
72	64
72	67
72	68
72	73
72	76
72	77
73	4
73	12
73	15
73	21
73	29
73	32
73	33
73	37
73	41
73	43
73	45
73	61
73	62
73	63
73	71
73	72
73	80
74	14
74	25
74	29
74	30
74	38
74	42
74	45
74	46
74	47
74	48
74	56
74	59
74	60
74	64
74	66
74	69
74	80
74	81
75	1
75	14
75	19
75	22
75	26
75	30
75	31
75	33
75	34
75	44
75	50
75	57
75	59
75	60
75	61
75	64
75	66
75	67
75	80
76	3
76	9
76	19
76	23
76	30
76	36
76	38
76	44
76	48
76	50
76	55
76	58
76	62
76	69
76	70
76	72
76	78
76	79
76	80
76	81
77	7
77	19
77	21
77	27
77	32
77	35
77	42
77	43
77	48
77	49
77	54
77	56
77	57
77	58
77	64
77	67
77	68
77	71
77	72
77	78
78	4
78	11
78	14
78	24
78	28
78	38
78	40
78	41
78	43
78	45
78	54
78	55
78	57
78	59
78	60
78	62
78	70
78	76
78	77
78	79
78	81
79	12
79	14
79	15
79	17
79	26
79	34
79	36
79	38
79	40
79	41
79	50
79	52
79	55
79	57
79	60
79	62
79	65
79	68
79	76
79	78
79	80
79	81
80	13
80	16
80	23
80	25
80	27
80	29
80	33
80	42
80	45
80	51
80	55
80	56
80	63
80	65
80	68
80	69
80	71
80	73
80	74
80	75
80	76
80	79
81	8
81	14
81	15
81	17
81	24
81	28
81	32
81	33
81	38
81	40
81	41
81	43
81	55
81	56
81	57
81	61
81	62
81	67
81	70
81	71
81	74
81	76
81	78
81	79
