1	29
1	30
1	57
1	60
1	74
1	77
2	4
2	10
2	50
2	51
2	70
2	78
3	11
3	51
3	67
3	70
3	73
3	81
4	2
4	6
4	30
4	53
4	55
4	58
5	7
5	23
5	56
5	65
5	70
5	74
6	4
6	17
6	40
6	52
6	57
6	67
7	5
7	21
7	57
7	69
7	74
7	77
8	34
8	41
8	58
8	64
8	69
8	78
9	21
9	39
9	74
9	76
9	77
9	81
10	2
10	22
10	43
10	46
10	72
10	75
11	3
11	13
11	18
11	41
11	61
11	70
12	24
12	41
12	51
12	72
12	75
12	77
13	11
13	44
13	51
13	55
13	74
13	79
14	48
14	56
14	62
14	65
14	73
14	77
15	20
15	34
15	62
15	71
15	80
15	81
16	37
16	45
16	50
16	73
16	76
16	80
17	6
17	27
17	51
17	62
17	72
17	74
17	77
18	11
18	49
18	52
18	55
18	58
18	75
18	79
19	25
19	29
19	38
19	43
19	71
19	79
19	80
20	15
20	54
20	59
20	63
20	68
20	76
20	77
21	7
21	9
21	56
21	69
21	72
21	78
21	80
22	10
22	32
22	42
22	46
22	57
22	76
22	80
23	5
23	24
23	38
23	50
23	65
23	67
23	78
24	12
24	23
24	32
24	52
24	64
24	68
24	81
25	19
25	27
25	29
25	35
25	42
25	48
25	80
26	27
26	34
26	39
26	43
26	61
26	80
26	81
27	17
27	25
27	26
27	28
27	34
27	55
27	77
28	27
28	33
28	40
28	52
28	72
28	77
28	80
28	81
29	1
29	19
29	25
29	40
29	63
29	69
29	70
29	79
30	1
30	4
30	43
30	44
30	52
30	57
30	79
30	81
31	33
31	35
31	51
31	53
31	65
31	66
31	70
31	76
32	22
32	24
32	37
32	53
32	58
32	59
32	74
32	80
33	28
33	31
33	38
33	54
33	64
33	69
33	72
33	77
34	8
34	15
34	26
34	27
34	58
34	61
34	70
34	81
35	25
35	31
35	47
35	64
35	65
35	75
35	78
35	81
36	50
36	54
36	59
36	62
36	71
36	72
36	80
36	81
37	16
37	32
37	45
37	55
37	56
37	59
37	68
37	74
37	80
38	19
38	23
38	33
38	60
38	61
38	71
38	72
38	74
38	77
39	9
39	26
39	40
39	54
39	66
39	67
39	75
39	78
39	79
40	6
40	28
40	29
40	39
40	41
40	46
40	66
40	78
40	79
41	8
41	11
41	12
41	40
41	42
41	47
41	59
41	63
41	78
42	22
42	25
42	41
42	46
42	49
42	50
42	73
42	76
42	78
43	10
43	19
43	26
43	30
43	49
43	53
43	62
43	71
43	80
44	13
44	30
44	50
44	63
44	64
44	65
44	70
44	76
44	79
45	16
45	37
45	59
45	64
45	71
45	73
45	77
45	78
45	80
46	10
46	22
46	40
46	42
46	53
46	59
46	68
46	71
46	81
47	35
47	41
47	48
47	55
47	56
47	57
47	63
47	68
47	73
47	78
48	14
48	25
48	47
48	58
48	64
48	65
48	72
48	75
48	76
48	81
49	18
49	42
49	43
49	51
49	53
49	66
49	67
49	69
49	76
49	78
50	2
50	16
50	23
50	36
50	42
50	44
50	62
50	65
50	70
50	79
51	2
51	3
51	12
51	13
51	17
51	31
51	49
51	65
51	73
51	74
52	6
52	18
52	24
52	28
52	30
52	67
52	69
52	75
52	76
52	81
53	4
53	31
53	32
53	43
53	46
53	49
53	69
53	75
53	79
53	81
54	20
54	33
54	36
54	39
54	59
54	67
54	69
54	73
54	79
54	81
55	4
55	13
55	18
55	27
55	37
55	47
55	68
55	74
55	75
55	78
56	5
56	14
56	21
56	37
56	47
56	60
56	66
56	76
56	79
56	81
57	1
57	6
57	7
57	22
57	30
57	47
57	58
57	61
57	71
57	79
57	81
58	4
58	8
58	18
58	32
58	34
58	48
58	57
58	60
58	66
58	80
58	81
59	20
59	32
59	36
59	37
59	41
59	45
59	46
59	54
59	63
59	69
59	80
60	1
60	38
60	56
60	58
60	71
60	72
60	74
60	76
60	77
60	80
60	81
61	11
61	26
61	34
61	38
61	57
61	62
61	66
61	68
61	69
61	73
61	78
62	14
62	15
62	17
62	36
62	43
62	50
62	61
62	67
62	71
62	73
62	80
63	20
63	29
63	41
63	44
63	47
63	59
63	73
63	75
63	76
63	79
63	80
64	8
64	24
64	33
64	35
64	44
64	45
64	48
64	67
64	68
64	78
64	79
64	80
65	5
65	14
65	23
65	31
65	35
65	44
65	48
65	50
65	51
65	67
65	71
65	74
66	31
66	39
66	40
66	49
66	56
66	58
66	61
66	70
66	75
66	76
66	77
66	79
67	3
67	6
67	23
67	39
67	49
67	52
67	54
67	62
67	64
67	65
67	68
67	73
67	78
68	20
68	24
68	37
68	46
68	47
68	55
68	61
68	64
68	67
68	75
68	78
68	79
68	81
69	7
69	8
69	21
69	29
69	33
69	49
69	52
69	53
69	54
69	59
69	61
69	71
69	79
70	2
70	3
70	5
70	11
70	29
70	31
70	34
70	44
70	50
70	66
70	76
70	78
70	80
71	15
71	19
71	36
71	38
71	43
71	45
71	46
71	57
71	60
71	62
71	65
71	69
71	77
71	78
72	10
72	12
72	17
72	21
72	28
72	33
72	36
72	38
72	48
72	60
72	74
72	75
72	77
72	78
72	79
73	3
73	14
73	16
73	42
73	45
73	47
73	51
73	54
73	61
73	62
73	63
73	67
73	76
73	77
73	79
73	81
74	1
74	5
74	7
74	9
74	13
74	17
74	32
74	37
74	38
74	51
74	55
74	60
74	65
74	72
74	76
74	77
75	10
75	12
75	18
75	35
75	39
75	48
75	52
75	53
75	55
75	63
75	66
75	68
75	72
75	76
75	77
75	78
75	80
76	9
76	16
76	20
76	22
76	31
76	42
76	44
76	48
76	49
76	52
76	56
76	60
76	63
76	66
76	70
76	73
76	74
76	75
76	79
76	81
77	1
77	7
77	9
77	12
77	14
77	17
77	20
77	27
77	28
77	33
77	38
77	45
77	60
77	66
77	71
77	72
77	73
77	74
77	75
77	81
78	2
78	8
78	21
78	23
78	35
78	39
78	40
78	41
78	42
78	45
78	47
78	49
78	55
78	61
78	64
78	67
78	68
78	70
78	71
78	72
78	75
79	13
79	18
79	19
79	29
79	30
79	39
79	40
79	44
79	50
79	53
79	54
79	56
79	57
79	63
79	64
79	66
79	68
79	69
79	72
79	73
79	76
79	80
80	15
80	16
80	19
80	21
80	22
80	25
80	26
80	28
80	32
80	36
80	37
80	43
80	45
80	58
80	59
80	60
80	62
80	63
80	64
80	70
80	75
80	79
81	3
81	9
81	15
81	24
81	26
81	28
81	30
81	34
81	35
81	36
81	46
81	48
81	52
81	53
81	54
81	56
81	57
81	58
81	60
81	68
81	73
81	76
81	77
