1	43
1	44
1	45
1	49
1	60
1	77
2	12
2	25
2	42
2	43
2	67
2	74
3	46
3	58
3	65
3	73
3	78
3	79
4	7
4	8
4	28
4	33
4	49
4	76
5	7
5	14
5	44
5	48
5	55
5	65
6	20
6	38
6	53
6	61
6	65
6	70
7	4
7	5
7	12
7	15
7	30
7	79
8	4
8	32
8	51
8	61
8	76
8	81
9	34
9	45
9	62
9	75
9	77
9	81
10	19
10	31
10	54
10	56
10	68
10	69
11	65
11	70
11	71
11	76
11	77
11	81
12	2
12	7
12	50
12	55
12	65
12	67
13	26
13	49
13	70
13	71
13	75
13	78
14	5
14	18
14	34
14	37
14	79
14	80
15	7
15	23
15	36
15	52
15	57
15	74
16	21
16	31
16	62
16	63
16	73
16	78
17	31
17	33
17	54
17	60
17	75
17	77
17	81
18	14
18	43
18	65
18	68
18	76
18	79
18	80
19	10
19	28
19	35
19	69
19	70
19	75
19	81
20	6
20	24
20	55
20	64
20	68
20	71
20	72
21	16
21	37
21	40
21	46
21	56
21	77
21	78
22	33
22	42
22	62
22	71
22	76
22	79
22	80
23	15
23	24
23	40
23	55
23	57
23	67
23	74
24	20
24	23
24	38
24	55
24	59
24	71
24	78
25	2
25	43
25	45
25	52
25	53
25	55
25	58
26	13
26	30
26	41
26	66
26	67
26	69
26	75
27	28
27	48
27	59
27	61
27	79
27	80
27	81
28	4
28	19
28	27
28	31
28	45
28	51
28	75
29	35
29	44
29	47
29	54
29	77
29	78
29	81
30	7
30	26
30	58
30	68
30	71
30	72
30	78
30	80
31	10
31	16
31	17
31	28
31	70
31	72
31	77
31	81
32	8
32	38
32	39
32	40
32	51
32	61
32	67
32	71
33	4
33	17
33	22
33	41
33	54
33	63
33	70
33	78
34	9
34	14
34	39
34	45
34	66
34	76
34	79
34	81
35	19
35	29
35	39
35	69
35	73
35	77
35	78
35	81
36	15
36	38
36	42
36	51
36	53
36	69
36	76
36	80
37	14
37	21
37	58
37	73
37	76
37	77
37	80
37	81
38	6
38	24
38	32
38	36
38	53
38	61
38	63
38	79
39	32
39	34
39	35
39	69
39	75
39	76
39	80
39	81
40	21
40	23
40	32
40	46
40	58
40	76
40	77
40	81
41	26
41	33
41	59
41	60
41	66
41	68
41	69
41	74
41	76
42	2
42	22
42	36
42	51
42	53
42	59
42	61
42	64
42	76
43	1
43	2
43	18
43	25
43	44
43	45
43	56
43	68
43	80
44	1
44	5
44	29
44	43
44	45
44	52
44	55
44	59
44	81
45	1
45	9
45	25
45	28
45	34
45	43
45	44
45	54
45	55
46	3
46	21
46	40
46	47
46	50
46	56
46	72
46	78
46	81
47	29
47	46
47	52
47	58
47	67
47	68
47	77
47	80
47	81
48	5
48	27
48	62
48	63
48	72
48	74
48	78
48	79
48	80
49	1
49	4
49	13
49	50
49	63
49	64
49	70
49	75
49	80
50	12
50	46
50	49
50	52
50	54
50	70
50	75
50	77
50	80
51	8
51	28
51	32
51	36
51	42
51	61
51	70
51	75
51	81
52	15
52	25
52	44
52	47
52	50
52	62
52	63
52	79
52	80
53	6
53	25
53	36
53	38
53	42
53	66
53	67
53	72
53	81
54	10
54	17
54	29
54	33
54	45
54	50
54	55
54	74
54	75
54	80
55	5
55	12
55	20
55	23
55	24
55	25
55	44
55	45
55	54
55	73
56	10
56	21
56	43
56	46
56	57
56	59
56	64
56	68
56	73
56	78
57	15
57	23
57	56
57	66
57	67
57	73
57	74
57	76
57	78
57	79
58	3
58	25
58	30
58	37
58	40
58	47
58	69
58	75
58	76
58	81
59	24
59	27
59	41
59	42
59	44
59	56
59	64
59	65
59	79
59	80
60	1
60	17
60	41
60	61
60	66
60	67
60	68
60	69
60	74
60	78
60	79
61	6
61	8
61	27
61	32
61	38
61	42
61	51
61	60
61	65
61	69
61	74
62	9
62	16
62	22
62	48
62	52
62	64
62	66
62	73
62	77
62	79
62	80
63	16
63	33
63	38
63	48
63	49
63	52
63	64
63	65
63	72
63	77
63	79
63	80
64	20
64	42
64	49
64	56
64	59
64	62
64	63
64	65
64	70
64	74
64	79
64	80
65	3
65	5
65	6
65	11
65	12
65	18
65	59
65	61
65	63
65	64
65	79
65	80
66	26
66	34
66	41
66	53
66	57
66	60
66	62
66	69
66	74
66	76
66	79
66	80
67	2
67	12
67	23
67	26
67	32
67	47
67	53
67	57
67	60
67	69
67	74
67	75
68	10
68	18
68	20
68	30
68	41
68	43
68	47
68	56
68	60
68	71
68	73
68	78
68	81
69	10
69	19
69	26
69	35
69	36
69	39
69	41
69	58
69	60
69	61
69	66
69	67
69	72
70	6
70	11
70	13
70	19
70	31
70	33
70	49
70	50
70	51
70	64
70	72
70	75
70	78
71	11
71	13
71	20
71	22
71	24
71	30
71	32
71	68
71	72
71	73
71	78
71	79
71	81
72	20
72	30
72	31
72	46
72	48
72	53
72	63
72	69
72	70
72	71
72	73
72	75
72	78
73	3
73	16
73	35
73	37
73	55
73	56
73	57
73	62
73	68
73	71
73	72
73	74
73	78
73	79
74	2
74	15
74	23
74	41
74	48
74	54
74	57
74	60
74	61
74	64
74	66
74	67
74	73
74	80
75	9
75	13
75	17
75	19
75	26
75	28
75	39
75	49
75	50
75	51
75	54
75	58
75	67
75	70
75	72
75	77
75	81
76	4
76	8
76	11
76	18
76	22
76	34
76	36
76	37
76	39
76	40
76	41
76	42
76	57
76	58
76	66
76	77
76	81
77	1
77	9
77	11
77	17
77	21
77	29
77	31
77	35
77	37
77	40
77	47
77	50
77	62
77	63
77	75
77	76
77	79
77	81
78	3
78	13
78	16
78	21
78	24
78	29
78	30
78	33
78	35
78	46
78	48
78	56
78	57
78	60
78	68
78	70
78	71
78	72
78	73
78	79
78	80
78	81
79	3
79	7
79	14
79	18
79	22
79	27
79	34
79	38
79	48
79	52
79	57
79	59
79	60
79	62
79	63
79	64
79	65
79	66
79	71
79	73
79	77
79	78
79	80
80	14
80	18
80	22
80	27
80	30
80	36
80	37
80	39
80	43
80	47
80	48
80	49
80	50
80	52
80	54
80	59
80	62
80	63
80	64
80	65
80	66
80	74
80	78
80	79
81	8
81	9
81	11
81	17
81	19
81	27
81	29
81	31
81	34
81	35
81	37
81	39
81	40
81	44
81	46
81	47
81	51
81	53
81	58
81	68
81	71
81	75
81	76
81	77
81	78
