1	30
1	38
1	47
1	51
1	54
1	74
2	3
2	39
2	64
2	69
2	74
2	79
3	2
3	12
3	19
3	59
3	73
3	80
4	11
4	38
4	51
4	54
4	65
4	73
5	50
5	68
5	70
5	74
5	79
5	81
6	7
6	15
6	44
6	61
6	73
6	81
7	6
7	31
7	38
7	51
7	54
7	55
8	43
8	53
8	64
8	67
8	72
8	79
9	35
9	38
9	48
9	68
9	74
9	79
10	29
10	62
10	63
10	68
10	75
10	81
11	4
11	61
11	71
11	72
11	80
11	81
12	3
12	54
12	57
12	69
12	75
12	77
13	65
13	66
13	70
13	72
13	73
13	75
14	18
14	22
14	35
14	40
14	45
14	60
14	70
15	6
15	49
15	57
15	62
15	71
15	80
15	81
16	25
16	51
16	54
16	65
16	67
16	71
16	81
17	18
17	23
17	35
17	51
17	60
17	68
17	71
18	14
18	17
18	37
18	40
18	60
18	75
18	77
19	3
19	51
19	54
19	74
19	75
19	78
19	81
20	31
20	34
20	41
20	47
20	53
20	63
20	79
21	26
21	39
21	43
21	68
21	73
21	77
21	79
22	14
22	23
22	40
22	50
22	60
22	73
22	81
23	17
23	22
23	32
23	33
23	60
23	62
23	75
24	28
24	36
24	56
24	65
24	71
24	74
24	81
25	16
25	42
25	43
25	49
25	56
25	62
25	63
26	21
26	29
26	63
26	66
26	68
26	72
26	78
26	79
27	42
27	45
27	56
27	57
27	62
27	63
27	78
27	80
28	24
28	34
28	41
28	57
28	65
28	77
28	78
28	81
29	10
29	26
29	32
29	49
29	56
29	62
29	63
29	75
30	1
30	53
30	58
30	60
30	66
30	74
30	79
30	80
31	7
31	20
31	68
31	73
31	76
31	78
31	79
31	80
32	23
32	29
32	53
32	69
32	70
32	72
32	77
32	79
33	23
33	52
33	67
33	73
33	76
33	79
33	80
33	81
34	20
34	28
34	36
34	44
34	47
34	53
34	67
34	77
35	9
35	14
35	17
35	38
35	40
35	59
35	60
35	66
36	24
36	34
36	43
36	47
36	52
36	53
36	58
36	70
37	18
37	57
37	63
37	67
37	73
37	74
37	77
37	78
37	80
38	1
38	4
38	7
38	9
38	35
38	46
38	54
38	63
38	70
39	2
39	21
39	44
39	68
39	69
39	72
39	75
39	77
39	81
40	14
40	18
40	22
40	35
40	59
40	60
40	66
40	67
40	74
41	20
41	28
41	47
41	48
41	55
41	68
41	69
41	71
41	81
42	25
42	27
42	46
42	56
42	58
42	62
42	63
42	64
42	65
43	8
43	21
43	25
43	36
43	47
43	53
43	65
43	73
43	78
44	6
44	34
44	39
44	66
44	70
44	72
44	75
44	77
44	79
45	14
45	27
45	61
45	69
45	70
45	72
45	73
45	75
45	77
45	80
46	38
46	42
46	56
46	61
46	67
46	73
46	76
46	78
46	80
46	81
47	1
47	20
47	34
47	36
47	41
47	43
47	50
47	53
47	71
47	74
47	81
48	9
48	41
48	50
48	55
48	58
48	59
48	67
48	76
48	78
48	80
48	81
49	15
49	25
49	29
49	55
49	59
49	61
49	65
49	71
49	72
49	76
49	81
50	5
50	22
50	47
50	48
50	53
50	59
50	70
50	71
50	76
50	78
50	80
51	1
51	4
51	7
51	16
51	17
51	19
51	53
51	54
51	68
51	79
51	81
52	33
52	36
52	58
52	62
52	63
52	64
52	66
52	68
52	71
52	77
52	79
53	8
53	20
53	30
53	32
53	34
53	36
53	43
53	47
53	50
53	51
53	71
54	1
54	4
54	7
54	12
54	16
54	19
54	38
54	51
54	55
54	69
54	72
54	81
55	7
55	41
55	48
55	49
55	54
55	60
55	61
55	65
55	66
55	71
55	76
55	81
56	24
56	25
56	27
56	29
56	42
56	46
56	58
56	62
56	63
56	67
56	69
56	76
57	12
57	15
57	27
57	28
57	37
57	59
57	69
57	70
57	72
57	75
57	77
57	80
58	30
58	36
58	42
58	48
58	52
58	56
58	61
58	64
58	66
58	70
58	74
58	77
58	79
59	3
59	35
59	40
59	48
59	49
59	50
59	57
59	66
59	73
59	75
59	76
59	78
59	80
60	14
60	17
60	18
60	22
60	23
60	30
60	35
60	40
60	55
60	65
60	72
60	79
60	80
61	6
61	11
61	45
61	46
61	49
61	55
61	58
61	62
61	64
61	65
61	71
61	78
61	79
61	81
62	10
62	15
62	23
62	25
62	27
62	29
62	42
62	52
62	56
62	61
62	63
62	68
62	74
62	78
63	10
63	20
63	25
63	26
63	27
63	29
63	37
63	38
63	42
63	52
63	56
63	62
63	73
63	80
64	2
64	8
64	42
64	52
64	58
64	61
64	66
64	68
64	69
64	70
64	74
64	76
64	77
64	79
65	4
65	13
65	16
65	24
65	28
65	42
65	43
65	49
65	55
65	60
65	61
65	71
65	78
65	80
65	81
66	13
66	26
66	30
66	35
66	40
66	44
66	52
66	55
66	58
66	59
66	64
66	68
66	70
66	74
66	75
66	79
67	8
67	16
67	33
67	34
67	37
67	40
67	46
67	48
67	56
67	69
67	71
67	73
67	76
67	77
67	78
67	80
68	5
68	9
68	10
68	17
68	21
68	26
68	31
68	39
68	41
68	51
68	52
68	62
68	64
68	66
68	74
68	76
68	78
68	79
69	2
69	12
69	32
69	39
69	41
69	45
69	54
69	56
69	57
69	64
69	67
69	70
69	72
69	74
69	75
69	77
69	79
69	80
70	5
70	13
70	14
70	32
70	36
70	38
70	44
70	45
70	50
70	57
70	58
70	64
70	66
70	69
70	71
70	72
70	75
70	77
71	11
71	15
71	16
71	17
71	24
71	41
71	47
71	49
71	50
71	52
71	53
71	55
71	61
71	65
71	67
71	70
71	76
71	78
71	81
72	8
72	11
72	13
72	26
72	32
72	39
72	44
72	45
72	49
72	54
72	57
72	60
72	69
72	70
72	74
72	75
72	76
72	77
72	79
73	3
73	4
73	6
73	13
73	21
73	22
73	31
73	33
73	37
73	43
73	45
73	46
73	59
73	63
73	67
73	76
73	78
73	79
73	80
74	1
74	2
74	5
74	9
74	19
74	24
74	30
74	37
74	40
74	47
74	58
74	62
74	64
74	66
74	68
74	69
74	72
74	79
74	80
75	10
75	12
75	13
75	18
75	19
75	23
75	29
75	39
75	44
75	45
75	57
75	59
75	66
75	69
75	70
75	72
75	77
75	78
75	81
76	31
76	33
76	46
76	48
76	49
76	50
76	55
76	56
76	59
76	64
76	67
76	68
76	71
76	72
76	73
76	77
76	78
76	80
76	81
77	12
77	18
77	21
77	28
77	32
77	34
77	37
77	39
77	44
77	45
77	52
77	57
77	58
77	64
77	67
77	69
77	70
77	72
77	75
77	76
77	80
78	19
78	26
78	27
78	28
78	31
78	37
78	43
78	46
78	48
78	50
78	59
78	61
78	62
78	65
78	67
78	68
78	71
78	73
78	75
78	76
78	80
79	2
79	5
79	8
79	9
79	20
79	21
79	26
79	30
79	31
79	32
79	33
79	44
79	51
79	52
79	58
79	60
79	61
79	64
79	66
79	68
79	69
79	72
79	73
79	74
80	3
80	11
80	15
80	27
80	30
80	31
80	33
80	37
80	45
80	46
80	48
80	50
80	57
80	59
80	60
80	63
80	65
80	67
80	69
80	73
80	74
80	76
80	77
80	78
81	5
81	6
81	10
81	11
81	15
81	16
81	19
81	22
81	24
81	28
81	33
81	39
81	41
81	46
81	47
81	48
81	49
81	51
81	54
81	55
81	61
81	65
81	71
81	75
81	76
