1	8
1	27
1	54
1	69
1	71
1	74
2	25
2	30
2	52
2	54
2	67
2	81
3	17
3	34
3	40
3	45
3	75
3	81
4	40
4	48
4	59
4	69
4	71
4	81
5	47
5	53
5	61
5	63
5	70
5	81
6	12
6	50
6	53
6	61
6	69
6	71
7	44
7	53
7	61
7	64
7	70
7	76
8	1
8	11
8	66
8	75
8	77
8	80
9	12
9	53
9	62
9	65
9	70
9	76
10	11
10	44
10	61
10	70
10	77
10	80
11	8
11	10
11	46
11	69
11	79
11	81
12	6
12	9
12	61
12	67
12	70
12	71
13	20
13	48
13	52
13	68
13	69
13	72
14	35
14	36
14	54
14	75
14	77
14	80
15	27
15	37
15	41
15	43
15	50
15	71
16	64
16	66
16	68
16	70
16	72
16	74
16	79
17	3
17	32
17	62
17	64
17	67
17	73
17	76
18	19
18	20
18	44
18	48
18	51
18	68
18	78
19	18
19	44
19	53
19	55
19	60
19	61
19	70
20	13
20	18
20	22
20	48
20	71
20	75
20	77
21	39
21	49
21	55
21	57
21	64
21	72
21	79
22	20
22	50
22	69
22	71
22	76
22	78
22	81
23	26
23	60
23	67
23	73
23	75
23	77
23	80
24	26
24	32
24	52
24	55
24	62
24	66
24	73
24	81
25	2
25	28
25	47
25	51
25	64
25	72
25	78
25	81
26	23
26	24
26	49
26	56
26	57
26	61
26	72
26	77
27	1
27	15
27	37
27	49
27	69
27	75
27	77
27	80
28	25
28	33
28	44
28	45
28	58
28	64
28	72
28	74
29	38
29	58
29	63
29	73
29	75
29	77
29	79
29	80
30	2
30	38
30	41
30	52
30	58
30	59
30	62
30	73
31	35
31	50
31	55
31	60
31	67
31	73
31	75
31	81
32	17
32	24
32	46
32	75
32	76
32	77
32	78
32	81
33	28
33	42
33	51
33	57
33	59
33	63
33	68
33	72
34	3
34	38
34	42
34	46
34	63
34	67
34	75
34	77
34	80
35	14
35	31
35	57
35	60
35	74
35	76
35	77
35	78
35	79
36	14
36	49
36	51
36	58
36	64
36	69
36	72
36	75
36	78
37	15
37	27
37	43
37	63
37	65
37	66
37	73
37	79
37	80
38	29
38	30
38	34
38	56
38	58
38	65
38	66
38	73
38	80
39	21
39	43
39	56
39	65
39	68
39	71
39	74
39	76
39	77
40	3
40	4
40	61
40	65
40	71
40	73
40	78
40	79
40	80
41	15
41	30
41	48
41	50
41	66
41	68
41	69
41	71
41	80
42	33
42	34
42	46
42	49
42	58
42	59
42	63
42	75
42	77
42	80
43	15
43	37
43	39
43	53
43	63
43	65
43	73
43	75
43	77
43	80
44	7
44	10
44	18
44	19
44	28
44	50
44	61
44	70
44	71
44	76
45	3
45	28
45	48
45	54
45	59
45	60
45	67
45	68
45	73
45	74
45	79
46	11
46	32
46	34
46	42
46	55
46	57
46	65
46	75
46	76
46	77
46	79
47	5
47	25
47	53
47	54
47	55
47	60
47	66
47	67
47	73
47	76
47	79
48	4
48	13
48	18
48	20
48	41
48	45
48	49
48	63
48	69
48	71
48	77
49	21
49	26
49	27
49	36
49	42
49	48
49	54
49	57
49	63
49	64
49	72
49	79
50	6
50	15
50	22
50	31
50	41
50	44
50	52
50	59
50	69
50	71
50	72
50	80
51	18
51	25
51	33
51	36
51	55
51	56
51	57
51	59
51	60
51	62
51	64
51	72
52	2
52	13
52	24
52	30
52	50
52	56
52	59
52	69
52	70
52	74
52	79
52	81
53	5
53	6
53	7
53	9
53	19
53	43
53	47
53	61
53	70
53	76
53	79
53	80
54	1
54	2
54	14
54	45
54	47
54	49
54	68
54	70
54	73
54	74
54	76
54	78
54	79
55	19
55	21
55	24
55	31
55	46
55	47
55	51
55	58
55	60
55	66
55	72
55	74
55	76
56	26
56	38
56	39
56	51
56	52
56	59
56	63
56	70
56	71
56	74
56	76
56	78
56	81
57	21
57	26
57	33
57	35
57	46
57	49
57	51
57	64
57	72
57	73
57	74
57	76
57	77
57	78
58	28
58	29
58	30
58	36
58	38
58	42
58	55
58	60
58	62
58	65
58	66
58	67
58	72
58	80
59	4
59	30
59	33
59	42
59	45
59	50
59	51
59	52
59	56
59	60
59	65
59	68
59	74
59	75
59	79
60	19
60	23
60	31
60	35
60	45
60	47
60	51
60	55
60	58
60	59
60	62
60	67
60	68
60	73
60	74
61	5
61	6
61	7
61	10
61	12
61	19
61	26
61	40
61	44
61	53
61	68
61	70
61	74
61	78
61	79
62	9
62	17
62	24
62	30
62	51
62	58
62	60
62	63
62	66
62	67
62	68
62	69
62	73
62	74
62	80
62	81
63	5
63	29
63	33
63	34
63	37
63	42
63	43
63	48
63	49
63	56
63	62
63	70
63	75
63	77
63	78
63	80
64	7
64	16
64	17
64	21
64	25
64	28
64	36
64	49
64	51
64	57
64	67
64	68
64	72
64	73
64	74
64	78
65	9
65	37
65	38
65	39
65	40
65	43
65	46
65	58
65	59
65	67
65	69
65	74
65	76
65	78
65	80
65	81
66	8
66	16
66	24
66	37
66	38
66	41
66	47
66	55
66	58
66	62
66	67
66	70
66	73
66	76
66	78
66	80
67	2
67	12
67	17
67	23
67	31
67	34
67	45
67	47
67	58
67	60
67	62
67	64
67	65
67	66
67	73
67	81
68	13
68	16
68	18
68	33
68	39
68	41
68	45
68	54
68	59
68	60
68	61
68	62
68	64
68	70
68	78
68	81
69	1
69	4
69	6
69	11
69	13
69	22
69	27
69	36
69	41
69	48
69	50
69	52
69	62
69	65
69	71
69	74
69	78
69	79
70	5
70	7
70	9
70	10
70	12
70	16
70	19
70	44
70	52
70	53
70	54
70	56
70	61
70	63
70	66
70	68
70	71
70	81
71	1
71	4
71	6
71	12
71	15
71	20
71	22
71	39
71	40
71	41
71	44
71	48
71	50
71	56
71	69
71	70
71	72
71	78
71	79
71	81
72	13
72	16
72	21
72	25
72	26
72	28
72	33
72	36
72	49
72	50
72	51
72	55
72	57
72	58
72	64
72	71
72	75
72	78
72	80
72	81
73	17
73	23
73	24
73	29
73	30
73	31
73	37
73	38
73	40
73	43
73	45
73	47
73	54
73	57
73	60
73	62
73	64
73	66
73	67
73	79
73	81
74	1
74	16
74	28
74	35
74	39
74	45
74	52
74	54
74	55
74	56
74	57
74	59
74	60
74	61
74	62
74	64
74	65
74	69
74	76
74	77
74	81
75	3
75	8
75	14
75	20
75	23
75	27
75	29
75	31
75	32
75	34
75	36
75	42
75	43
75	46
75	59
75	63
75	72
75	77
75	79
75	80
75	81
76	7
76	9
76	17
76	22
76	32
76	35
76	39
76	44
76	46
76	47
76	53
76	54
76	55
76	56
76	57
76	65
76	66
76	74
76	77
76	78
76	79
76	81
77	8
77	10
77	14
77	20
77	23
77	26
77	27
77	29
77	32
77	34
77	35
77	39
77	42
77	43
77	46
77	48
77	57
77	63
77	74
77	75
77	76
77	80
78	18
78	22
78	25
78	32
78	35
78	36
78	40
78	54
78	56
78	57
78	61
78	63
78	64
78	65
78	66
78	68
78	69
78	71
78	72
78	76
78	79
78	81
79	11
79	16
79	21
79	29
79	35
79	37
79	40
79	45
79	46
79	47
79	49
79	52
79	53
79	54
79	59
79	61
79	69
79	71
79	73
79	75
79	76
79	78
79	80
79	81
80	8
80	10
80	14
80	23
80	27
80	29
80	34
80	37
80	38
80	40
80	41
80	42
80	43
80	50
80	53
80	58
80	62
80	63
80	65
80	66
80	72
80	75
80	77
80	79
81	2
81	3
81	4
81	5
81	11
81	22
81	24
81	25
81	31
81	32
81	52
81	56
81	62
81	65
81	67
81	68
81	70
81	71
81	72
81	73
81	74
81	75
81	76
81	78
81	79
