1	53
1	70
1	72
1	73
1	74
1	81
2	8
2	42
2	46
2	63
2	78
2	79
3	13
3	35
3	63
3	73
3	78
3	79
4	40
4	44
4	49
4	63
4	76
4	77
5	29
5	32
5	52
5	67
5	68
5	80
6	37
6	50
6	58
6	72
6	75
6	80
7	54
7	56
7	57
7	64
7	74
7	80
8	2
8	51
8	54
8	76
8	78
8	81
9	12
9	32
9	35
9	62
9	65
9	73
10	15
10	61
10	64
10	76
10	78
10	80
11	13
11	38
11	59
11	65
11	74
11	76
11	81
12	9
12	20
12	40
12	52
12	67
12	75
12	77
13	3
13	11
13	67
13	71
13	73
13	75
13	77
14	37
14	39
14	42
14	57
14	60
14	69
14	76
15	10
15	23
15	61
15	68
15	69
15	80
15	81
16	26
16	39
16	56
16	65
16	68
16	69
16	80
17	30
17	44
17	58
17	66
17	68
17	72
17	73
18	35
18	49
18	55
18	57
18	62
18	63
18	72
19	33
19	38
19	51
19	71
19	74
19	75
19	77
20	12
20	27
20	38
20	45
20	53
20	72
20	78
21	44
21	53
21	56
21	58
21	59
21	64
21	72
22	50
22	65
22	66
22	73
22	74
22	78
22	79
23	15
23	24
23	28
23	60
23	66
23	69
23	78
23	81
24	23
24	54
24	69
24	70
24	73
24	76
24	79
24	80
25	33
25	40
25	49
25	50
25	56
25	57
25	63
25	70
26	16
26	43
26	45
26	62
26	69
26	73
26	77
26	81
27	20
27	43
27	47
27	54
27	67
27	71
27	75
27	77
28	23
28	30
28	36
28	38
28	50
28	58
28	61
28	70
29	5
29	40
29	47
29	53
29	55
29	64
29	69
29	80
30	17
30	28
30	48
30	58
30	59
30	72
30	74
30	78
31	52
31	60
31	69
31	71
31	72
31	74
31	75
31	77
32	5
32	9
32	43
32	47
32	54
32	57
32	73
32	76
32	81
33	19
33	25
33	67
33	70
33	71
33	72
33	76
33	77
33	78
34	36
34	42
34	44
34	51
34	69
34	75
34	76
34	78
34	79
35	3
35	9
35	18
35	39
35	48
35	49
35	52
35	57
35	63
36	28
36	34
36	46
36	59
36	62
36	65
36	68
36	78
36	79
37	6
37	14
37	45
37	66
37	70
37	74
37	75
37	76
37	80
38	11
38	19
38	20
38	28
38	53
38	57
38	64
38	66
38	72
39	14
39	16
39	35
39	40
39	47
39	49
39	63
39	80
39	81
40	4
40	12
40	25
40	29
40	39
40	56
40	57
40	63
40	71
41	42
41	51
41	53
41	67
41	71
41	75
41	76
41	77
41	79
42	2
42	14
42	34
42	41
42	66
42	68
42	70
42	71
42	73
42	79
43	26
43	27
43	32
43	45
43	48
43	59
43	62
43	67
43	75
43	81
44	4
44	17
44	21
44	34
44	46
44	50
44	56
44	59
44	72
44	75
45	20
45	26
45	37
45	43
45	51
45	55
45	66
45	75
45	80
45	81
46	2
46	36
46	44
46	61
46	63
46	64
46	65
46	70
46	74
46	81
47	27
47	29
47	32
47	39
47	53
47	60
47	68
47	74
47	76
47	81
48	30
48	35
48	43
48	54
48	55
48	56
48	66
48	68
48	70
48	80
49	4
49	18
49	25
49	35
49	39
49	55
49	57
49	64
49	67
49	75
49	78
50	6
50	22
50	25
50	28
50	44
50	53
50	58
50	62
50	68
50	72
50	80
51	8
51	19
51	34
51	41
51	45
51	57
51	61
51	64
51	65
51	67
51	70
52	5
52	12
52	31
52	35
52	68
52	69
52	71
52	72
52	74
52	75
52	77
53	1
53	20
53	21
53	29
53	38
53	41
53	47
53	50
53	63
53	72
53	81
54	7
54	8
54	24
54	27
54	32
54	48
54	56
54	64
54	68
54	71
54	80
55	18
55	29
55	45
55	48
55	49
55	56
55	64
55	65
55	68
55	70
55	80
55	81
56	7
56	16
56	21
56	25
56	40
56	44
56	48
56	54
56	55
56	69
56	76
56	80
57	7
57	14
57	18
57	25
57	32
57	35
57	38
57	40
57	49
57	51
57	60
57	63
58	6
58	17
58	21
58	28
58	30
58	50
58	62
58	67
58	68
58	77
58	79
58	81
59	11
59	21
59	30
59	36
59	43
59	44
59	66
59	69
59	73
59	74
59	78
59	79
60	14
60	23
60	31
60	47
60	57
60	66
60	67
60	70
60	73
60	74
60	76
60	77
60	81
61	10
61	15
61	28
61	46
61	51
61	62
61	70
61	73
61	74
61	75
61	79
61	80
61	81
62	9
62	18
62	26
62	36
62	43
62	50
62	58
62	61
62	65
62	70
62	71
62	74
62	75
62	76
63	2
63	3
63	4
63	18
63	25
63	35
63	39
63	40
63	46
63	53
63	57
63	73
63	78
63	80
64	7
64	10
64	21
64	29
64	38
64	46
64	49
64	51
64	54
64	55
64	68
64	72
64	77
64	80
65	9
65	11
65	16
65	22
65	36
65	46
65	51
65	55
65	62
65	66
65	74
65	76
65	78
65	79
66	17
66	22
66	23
66	37
66	38
66	42
66	45
66	48
66	59
66	60
66	65
66	69
66	73
66	78
66	79
67	5
67	12
67	13
67	27
67	33
67	41
67	43
67	49
67	51
67	58
67	60
67	75
67	76
67	77
67	81
68	5
68	15
68	16
68	17
68	36
68	42
68	47
68	48
68	50
68	52
68	54
68	55
68	58
68	64
68	76
68	80
69	14
69	15
69	16
69	23
69	24
69	26
69	29
69	31
69	34
69	52
69	56
69	59
69	66
69	73
69	78
69	79
70	1
70	24
70	25
70	28
70	33
70	37
70	42
70	46
70	48
70	51
70	55
70	60
70	61
70	62
70	71
70	81
71	13
71	19
71	27
71	31
71	33
71	40
71	41
71	42
71	52
71	54
71	62
71	70
71	72
71	74
71	75
71	77
71	79
72	1
72	6
72	17
72	18
72	20
72	21
72	30
72	31
72	33
72	38
72	44
72	50
72	52
72	53
72	64
72	71
72	77
72	79
73	1
73	3
73	9
73	13
73	17
73	22
73	24
73	26
73	32
73	42
73	59
73	60
73	61
73	63
73	66
73	69
73	78
73	79
74	1
74	7
74	11
74	19
74	22
74	30
74	31
74	37
74	46
74	47
74	52
74	59
74	60
74	61
74	62
74	65
74	71
74	76
74	77
74	78
75	6
75	12
75	13
75	19
75	27
75	31
75	34
75	37
75	41
75	43
75	44
75	45
75	49
75	52
75	61
75	62
75	67
75	71
75	77
75	79
75	81
76	4
76	8
76	10
76	11
76	14
76	24
76	32
76	33
76	34
76	37
76	41
76	47
76	56
76	60
76	62
76	65
76	67
76	68
76	74
76	77
76	79
76	81
77	4
77	12
77	13
77	19
77	26
77	27
77	31
77	33
77	41
77	52
77	58
77	60
77	64
77	67
77	71
77	72
77	74
77	75
77	76
77	79
77	80
77	81
78	2
78	3
78	8
78	10
78	20
78	22
78	23
78	30
78	33
78	34
78	36
78	49
78	59
78	63
78	65
78	66
78	69
78	73
78	74
78	79
78	80
78	81
79	2
79	3
79	22
79	24
79	34
79	36
79	41
79	42
79	58
79	59
79	61
79	65
79	66
79	69
79	71
79	72
79	73
79	75
79	76
79	77
79	78
79	80
79	81
80	5
80	6
80	7
80	10
80	15
80	16
80	24
80	29
80	37
80	39
80	45
80	48
80	50
80	54
80	55
80	56
80	61
80	63
80	64
80	68
80	77
80	78
80	79
80	81
81	1
81	8
81	11
81	15
81	23
81	26
81	32
81	39
81	43
81	45
81	46
81	47
81	53
81	55
81	58
81	60
81	61
81	67
81	70
81	75
81	76
81	77
81	78
81	79
81	80
