1	27
1	39
1	65
1	75
1	76
1	77
2	40
2	43
2	60
2	61
2	70
2	76
3	13
3	45
3	49
3	55
3	72
3	76
4	12
4	42
4	65
4	67
4	70
4	71
5	11
5	14
5	64
5	69
5	70
5	73
6	28
6	29
6	55
6	58
6	65
6	81
7	14
7	24
7	32
7	42
7	60
7	70
8	30
8	44
8	47
8	49
8	67
8	74
9	21
9	30
9	40
9	41
9	61
9	81
10	64
10	65
10	68
10	75
10	76
10	77
11	5
11	30
11	54
11	59
11	75
11	76
12	4
12	37
12	40
12	65
12	71
12	76
13	3
13	38
13	49
13	55
13	64
13	68
14	5
14	7
14	33
14	74
14	79
14	81
15	20
15	22
15	48
15	67
15	75
15	78
16	23
16	46
16	57
16	62
16	69
16	70
17	50
17	53
17	54
17	56
17	68
17	69
17	73
18	43
18	62
18	64
18	66
18	70
18	74
18	79
19	49
19	53
19	64
19	69
19	70
19	72
19	78
20	15
20	27
20	30
20	40
20	52
20	56
20	79
21	9
21	51
21	60
21	63
21	67
21	78
21	80
22	15
22	30
22	42
22	59
22	63
22	72
22	80
23	16
23	26
23	37
23	51
23	75
23	76
23	77
24	7
24	37
24	53
24	56
24	68
24	75
24	79
25	32
25	42
25	47
25	57
25	62
25	71
25	72
26	23
26	30
26	58
26	77
26	78
26	79
26	81
27	1
27	20
27	28
27	46
27	53
27	58
27	71
28	6
28	27
28	36
28	44
28	47
28	55
28	64
29	6
29	44
29	47
29	59
29	61
29	71
29	77
30	8
30	9
30	11
30	20
30	22
30	26
30	61
30	63
31	44
31	52
31	66
31	68
31	72
31	77
31	79
31	80
32	7
32	25
32	47
32	60
32	68
32	69
32	71
32	81
33	14
33	51
33	62
33	67
33	74
33	77
33	78
33	80
34	38
34	63
34	70
34	71
34	77
34	78
34	79
34	81
35	45
35	57
35	61
35	66
35	67
35	70
35	77
35	79
36	28
36	40
36	49
36	60
36	63
36	71
36	73
36	79
37	12
37	23
37	24
37	62
37	64
37	67
37	69
37	70
38	13
38	34
38	43
38	56
38	63
38	77
38	78
38	79
38	81
39	1
39	61
39	62
39	64
39	66
39	67
39	68
39	69
39	70
40	2
40	9
40	12
40	20
40	36
40	50
40	64
40	78
40	81
41	9
41	54
41	57
41	59
41	66
41	72
41	78
41	79
41	80
42	4
42	7
42	22
42	25
42	50
42	57
42	61
42	71
42	74
43	2
43	18
43	38
43	50
43	56
43	60
43	68
43	71
43	80
44	8
44	28
44	29
44	31
44	45
44	47
44	55
44	67
44	81
45	3
45	35
45	44
45	59
45	63
45	68
45	73
45	76
45	81
46	16
46	27
46	48
46	65
46	72
46	73
46	75
46	76
46	78
47	8
47	25
47	28
47	29
47	32
47	44
47	49
47	58
47	75
47	81
48	15
48	46
48	54
48	55
48	62
48	65
48	73
48	74
48	75
48	76
49	3
49	8
49	13
49	19
49	36
49	47
49	52
49	55
49	56
49	80
50	17
50	40
50	42
50	43
50	60
50	66
50	71
50	73
50	80
50	81
51	21
51	23
51	33
51	57
51	58
51	65
51	71
51	75
51	76
51	79
52	20
52	31
52	49
52	54
52	56
52	59
52	61
52	73
52	74
52	75
52	76
53	17
53	19
53	24
53	27
53	67
53	68
53	69
53	71
53	72
53	80
53	81
54	11
54	17
54	41
54	48
54	52
54	65
54	66
54	72
54	75
54	76
54	77
55	3
55	6
55	13
55	28
55	44
55	48
55	49
55	65
55	71
55	72
55	78
55	80
56	17
56	20
56	24
56	38
56	43
56	49
56	52
56	60
56	63
56	74
56	78
56	81
57	16
57	25
57	35
57	41
57	42
57	51
57	59
57	66
57	72
57	75
57	76
57	77
57	78
58	6
58	26
58	27
58	47
58	51
58	59
58	62
58	67
58	70
58	74
58	79
58	80
58	81
59	11
59	22
59	29
59	41
59	45
59	52
59	57
59	58
59	70
59	73
59	74
59	79
59	80
60	2
60	7
60	21
60	32
60	36
60	43
60	50
60	56
60	66
60	67
60	71
60	73
60	75
61	2
61	9
61	29
61	30
61	35
61	39
61	42
61	52
61	69
61	73
61	74
61	75
61	79
61	81
62	16
62	18
62	25
62	33
62	37
62	39
62	48
62	58
62	64
62	69
62	70
62	74
62	78
62	80
63	21
63	22
63	30
63	34
63	36
63	38
63	45
63	56
63	66
63	71
63	72
63	74
63	76
63	80
64	5
64	10
64	13
64	18
64	19
64	28
64	37
64	39
64	40
64	62
64	69
64	70
64	73
64	77
64	81
65	1
65	4
65	6
65	10
65	12
65	46
65	48
65	51
65	54
65	55
65	74
65	75
65	76
65	78
65	81
66	18
66	31
66	35
66	39
66	41
66	50
66	54
66	57
66	60
66	63
66	69
66	71
66	72
66	77
66	80
67	4
67	8
67	15
67	21
67	33
67	35
67	37
67	39
67	44
67	53
67	58
67	60
67	72
67	77
67	78
67	80
68	10
68	13
68	17
68	24
68	31
68	32
68	39
68	43
68	45
68	53
68	73
68	74
68	75
68	76
68	79
68	81
69	5
69	16
69	17
69	19
69	32
69	37
69	39
69	53
69	61
69	62
69	64
69	66
69	70
69	73
69	79
69	80
70	2
70	4
70	5
70	7
70	16
70	18
70	19
70	34
70	35
70	37
70	39
70	58
70	59
70	62
70	64
70	69
70	72
71	4
71	12
71	25
71	27
71	29
71	32
71	34
71	36
71	42
71	43
71	50
71	51
71	53
71	55
71	60
71	63
71	66
71	77
72	3
72	19
72	22
72	25
72	31
72	41
72	46
72	53
72	54
72	55
72	57
72	63
72	66
72	67
72	70
72	77
72	80
72	81
73	5
73	17
73	36
73	45
73	46
73	48
73	50
73	52
73	59
73	60
73	61
73	64
73	68
73	69
73	74
73	77
73	79
73	81
74	8
74	14
74	18
74	33
74	42
74	48
74	52
74	56
74	58
74	59
74	61
74	62
74	63
74	65
74	68
74	73
74	76
74	79
74	81
75	1
75	10
75	11
75	15
75	23
75	24
75	46
75	47
75	48
75	51
75	52
75	54
75	57
75	60
75	61
75	65
75	68
75	76
75	77
75	78
76	1
76	2
76	3
76	10
76	11
76	12
76	23
76	45
76	46
76	48
76	51
76	52
76	54
76	57
76	63
76	65
76	68
76	74
76	75
76	80
77	1
77	10
77	23
77	26
77	29
77	31
77	33
77	34
77	35
77	38
77	54
77	57
77	64
77	66
77	67
77	71
77	72
77	73
77	75
77	78
77	80
78	15
78	19
78	21
78	26
78	33
78	34
78	38
78	40
78	41
78	46
78	55
78	56
78	57
78	62
78	65
78	67
78	75
78	77
78	79
78	80
78	81
79	14
79	18
79	20
79	24
79	26
79	31
79	34
79	35
79	36
79	38
79	41
79	51
79	58
79	59
79	61
79	68
79	69
79	73
79	74
79	78
79	80
79	81
80	21
80	22
80	31
80	33
80	41
80	43
80	49
80	50
80	53
80	55
80	58
80	59
80	62
80	63
80	66
80	67
80	69
80	72
80	76
80	77
80	78
80	79
81	6
81	9
81	14
81	26
81	32
81	34
81	38
81	40
81	44
81	45
81	47
81	50
81	53
81	56
81	58
81	61
81	64
81	65
81	68
81	72
81	73
81	74
81	78
81	79
