1	16
1	40
1	48
1	62
1	70
1	80
2	17
2	50
2	51
2	59
2	67
2	76
3	32
3	54
3	64
3	65
3	68
3	81
4	37
4	51
4	52
4	56
4	67
4	69
5	12
5	27
5	52
5	71
5	77
5	78
6	36
6	65
6	66
6	75
6	80
6	81
7	40
7	43
7	50
7	56
7	67
7	72
8	43
8	48
8	55
8	66
8	70
8	78
9	14
9	30
9	58
9	73
9	79
9	80
10	12
10	37
10	49
10	65
10	67
10	69
10	81
11	29
11	39
11	68
11	72
11	76
11	77
11	79
12	5
12	10
12	26
12	37
12	42
12	46
12	66
13	14
13	18
13	28
13	38
13	50
13	72
13	80
14	9
14	13
14	35
14	52
14	64
14	71
14	75
15	57
15	64
15	71
15	72
15	73
15	80
15	81
16	1
16	25
16	34
16	50
16	57
16	67
16	81
17	2
17	22
17	63
17	64
17	69
17	74
17	80
18	13
18	46
18	49
18	58
18	63
18	64
18	80
19	31
19	34
19	59
19	62
19	66
19	69
19	76
20	36
20	38
20	39
20	41
20	57
20	61
20	72
20	74
21	45
21	55
21	65
21	72
21	73
21	75
21	76
21	80
22	17
22	45
22	52
22	63
22	70
22	73
22	80
22	81
23	24
23	27
23	44
23	63
23	64
23	69
23	73
23	80
24	23
24	25
24	38
24	58
24	67
24	74
24	76
24	79
25	16
25	24
25	51
25	56
25	63
25	65
25	67
25	68
26	12
26	33
26	55
26	59
26	64
26	71
26	76
26	79
27	5
27	23
27	32
27	34
27	43
27	74
27	76
27	79
28	13
28	31
28	34
28	64
28	68
28	71
28	73
28	80
29	11
29	32
29	60
29	63
29	69
29	70
29	74
29	77
30	9
30	31
30	33
30	53
30	57
30	63
30	73
30	80
31	19
31	28
31	30
31	42
31	45
31	61
31	68
31	79
32	3
32	27
32	29
32	49
32	60
32	61
32	67
32	69
32	77
33	26
33	30
33	37
33	39
33	72
33	74
33	75
33	76
33	81
34	16
34	19
34	27
34	28
34	37
34	44
34	68
34	77
34	78
35	14
35	52
35	57
35	58
35	62
35	69
35	70
35	75
35	79
36	6
36	20
36	61
36	69
36	72
36	75
36	76
36	79
36	81
37	4
37	10
37	12
37	33
37	34
37	44
37	46
37	48
37	61
38	13
38	20
38	24
38	56
38	60
38	63
38	64
38	67
38	80
39	11
39	20
39	33
39	53
39	54
39	55
39	56
39	77
39	79
40	1
40	7
40	46
40	47
40	49
40	63
40	66
40	77
40	79
41	20
41	45
41	64
41	72
41	73
41	75
41	77
41	78
41	81
42	12
42	31
42	54
42	60
42	61
42	66
42	71
42	76
42	77
42	78
43	7
43	8
43	27
43	51
43	52
43	54
43	59
43	74
43	75
43	76
44	23
44	34
44	37
44	53
44	54
44	56
44	58
44	68
44	70
44	81
45	21
45	22
45	31
45	41
45	50
45	62
45	71
45	73
45	75
45	81
46	12
46	18
46	37
46	40
46	59
46	61
46	73
46	78
46	79
46	81
47	40
47	49
47	53
47	60
47	65
47	68
47	70
47	75
47	77
47	79
48	1
48	8
48	37
48	49
48	55
48	61
48	70
48	71
48	75
48	77
48	81
49	10
49	18
49	32
49	40
49	47
49	48
49	61
49	65
49	70
49	74
49	78
50	2
50	7
50	13
50	16
50	45
50	51
50	53
50	56
50	67
50	70
50	80
51	2
51	4
51	25
51	43
51	50
51	56
51	66
51	67
51	70
51	76
51	78
52	4
52	5
52	14
52	22
52	35
52	43
52	66
52	69
52	75
52	76
52	81
53	30
53	39
53	44
53	47
53	50
53	62
53	64
53	65
53	66
53	68
53	78
54	3
54	39
54	42
54	43
54	44
54	59
54	62
54	69
54	74
54	79
54	80
55	8
55	21
55	26
55	39
55	48
55	57
55	60
55	61
55	67
55	71
55	72
56	4
56	7
56	25
56	38
56	39
56	44
56	50
56	51
56	67
56	75
56	80
56	81
57	15
57	16
57	20
57	30
57	35
57	55
57	60
57	71
57	73
57	74
57	75
57	77
58	9
58	18
58	24
58	35
58	44
58	59
58	71
58	72
58	74
58	76
58	78
58	79
59	2
59	19
59	26
59	43
59	46
59	54
59	58
59	70
59	72
59	75
59	77
59	78
59	79
60	29
60	32
60	38
60	42
60	47
60	55
60	57
60	65
60	73
60	77
60	78
60	79
60	81
61	20
61	31
61	32
61	36
61	37
61	42
61	46
61	48
61	49
61	55
61	62
61	78
61	79
61	81
62	1
62	19
62	35
62	45
62	53
62	54
62	61
62	65
62	68
62	70
62	71
62	74
62	76
62	78
63	17
63	18
63	22
63	23
63	25
63	29
63	30
63	38
63	40
63	69
63	72
63	73
63	74
63	80
64	3
64	14
64	15
64	17
64	18
64	23
64	26
64	28
64	38
64	41
64	53
64	73
64	74
64	75
64	80
65	3
65	6
65	10
65	21
65	25
65	47
65	49
65	53
65	60
65	62
65	69
65	71
65	79
65	80
65	81
66	6
66	8
66	12
66	19
66	40
66	42
66	51
66	52
66	53
66	67
66	69
66	70
66	71
66	74
66	78
66	81
67	2
67	4
67	7
67	10
67	16
67	24
67	25
67	32
67	38
67	50
67	51
67	55
67	56
67	66
67	75
67	78
68	3
68	11
68	25
68	28
68	31
68	34
68	44
68	47
68	53
68	62
68	70
68	75
68	76
68	78
68	80
68	81
69	4
69	10
69	17
69	19
69	23
69	29
69	32
69	35
69	36
69	52
69	54
69	63
69	65
69	66
69	77
69	79
69	81
70	1
70	8
70	22
70	29
70	35
70	44
70	47
70	48
70	49
70	50
70	51
70	59
70	62
70	66
70	68
70	78
70	80
71	5
71	14
71	15
71	26
71	28
71	42
71	45
71	48
71	55
71	57
71	58
71	62
71	65
71	66
71	77
71	78
71	81
72	7
72	11
72	13
72	15
72	20
72	21
72	33
72	36
72	41
72	55
72	58
72	59
72	63
72	74
72	76
72	77
72	79
72	80
73	9
73	15
73	21
73	22
73	23
73	28
73	30
73	41
73	45
73	46
73	57
73	60
73	63
73	64
73	77
73	78
73	80
73	81
74	17
74	20
74	24
74	27
74	29
74	33
74	43
74	49
74	54
74	57
74	58
74	62
74	63
74	64
74	66
74	72
74	76
74	77
74	79
74	80
75	6
75	14
75	21
75	33
75	35
75	36
75	41
75	43
75	45
75	47
75	48
75	52
75	56
75	57
75	59
75	64
75	67
75	68
75	76
75	77
76	2
76	11
76	19
76	21
76	24
76	26
76	27
76	33
76	36
76	42
76	43
76	51
76	52
76	58
76	62
76	68
76	72
76	74
76	75
76	78
76	79
76	80
77	5
77	11
77	29
77	32
77	34
77	39
77	40
77	41
77	42
77	47
77	48
77	57
77	59
77	60
77	69
77	71
77	72
77	73
77	74
77	75
77	79
77	81
78	5
78	8
78	34
78	41
78	42
78	46
78	49
78	51
78	53
78	58
78	59
78	60
78	61
78	62
78	66
78	67
78	68
78	70
78	71
78	73
78	76
78	79
78	81
79	9
79	11
79	24
79	26
79	27
79	31
79	35
79	36
79	39
79	40
79	46
79	47
79	54
79	58
79	59
79	60
79	61
79	65
79	69
79	72
79	74
79	76
79	77
79	78
80	1
80	6
80	9
80	13
80	15
80	17
80	18
80	21
80	22
80	23
80	28
80	30
80	38
80	50
80	54
80	56
80	63
80	64
80	65
80	68
80	70
80	72
80	73
80	74
80	76
81	3
81	6
81	10
81	15
81	16
81	22
81	33
81	36
81	41
81	44
81	45
81	46
81	48
81	52
81	56
81	60
81	61
81	65
81	66
81	68
81	69
81	71
81	73
81	77
81	78
