1	30
1	52
1	58
1	64
1	70
1	74
2	43
2	58
2	67
2	68
2	80
2	81
3	13
3	25
3	42
3	47
3	64
3	78
4	19
4	71
4	74
4	77
4	79
4	81
5	28
5	33
5	37
5	41
5	56
5	71
6	26
6	34
6	46
6	66
6	77
6	79
7	51
7	61
7	63
7	67
7	75
7	81
8	17
8	33
8	41
8	44
8	59
8	80
9	41
9	42
9	59
9	72
9	73
9	81
10	20
10	67
10	69
10	74
10	77
10	79
11	16
11	38
11	45
11	63
11	70
11	76
12	40
12	47
12	54
12	56
12	59
12	72
13	3
13	22
13	29
13	35
13	68
13	71
14	44
14	50
14	74
14	75
14	77
14	79
15	31
15	38
15	42
15	56
15	77
15	80
16	11
16	31
16	58
16	74
16	77
16	79
17	8
17	37
17	69
17	70
17	78
17	81
18	44
18	48
18	55
18	58
18	75
18	80
19	4
19	21
19	31
19	67
19	75
19	81
20	10
20	51
20	56
20	58
20	62
20	67
20	71
21	19
21	24
21	35
21	53
21	74
21	77
21	79
22	13
22	23
22	43
22	55
22	62
22	73
22	74
22	79
23	22
23	24
23	32
23	38
23	48
23	66
23	73
23	81
24	21
24	23
24	49
24	61
24	70
24	72
24	77
24	79
25	3
25	29
25	34
25	37
25	58
25	63
25	67
25	80
26	6
26	43
26	66
26	69
26	75
26	77
26	78
26	81
27	37
27	53
27	61
27	63
27	69
27	72
27	74
27	76
28	5
28	30
28	46
28	52
28	66
28	69
28	77
28	81
29	13
29	25
29	50
29	53
29	62
29	66
29	70
29	71
29	79
30	1
30	28
30	31
30	35
30	39
30	68
30	69
30	73
30	81
31	15
31	16
31	19
31	30
31	45
31	57
31	68
31	73
31	80
32	23
32	36
32	50
32	59
32	67
32	70
32	72
32	77
32	80
33	5
33	8
33	41
33	42
33	51
33	54
33	62
33	66
33	77
34	6
34	25
34	43
34	44
34	65
34	70
34	72
34	76
34	78
35	13
35	21
35	30
35	45
35	65
35	72
35	74
35	76
35	81
36	32
36	39
36	51
36	57
36	62
36	68
36	69
36	74
36	79
37	5
37	17
37	25
37	27
37	60
37	63
37	68
37	72
37	78
38	11
38	15
38	23
38	41
38	60
38	63
38	71
38	73
38	74
38	76
39	30
39	36
39	41
39	43
39	54
39	55
39	60
39	75
39	78
39	80
40	12
40	54
40	62
40	66
40	67
40	69
40	70
40	75
40	78
40	81
41	5
41	8
41	9
41	33
41	38
41	39
41	55
41	56
41	73
41	80
42	3
42	9
42	15
42	33
42	47
42	52
42	54
42	55
42	56
42	59
43	2
43	22
43	26
43	34
43	39
43	53
43	60
43	68
43	76
43	77
44	8
44	14
44	18
44	34
44	55
44	63
44	64
44	75
44	76
44	78
45	11
45	31
45	35
45	59
45	61
45	62
45	68
45	72
45	76
45	78
46	6
46	28
46	49
46	70
46	71
46	74
46	75
46	77
46	79
46	80
47	3
47	12
47	42
47	50
47	56
47	57
47	60
47	68
47	77
47	78
48	18
48	23
48	49
48	65
48	67
48	71
48	74
48	78
48	79
48	80
49	24
49	46
49	48
49	54
49	57
49	73
49	74
49	77
49	78
49	79
50	14
50	29
50	32
50	47
50	56
50	64
50	69
50	70
50	73
50	76
50	79
51	7
51	20
51	33
51	36
51	62
51	70
51	72
51	73
51	76
51	80
51	81
52	1
52	28
52	42
52	62
52	64
52	66
52	67
52	73
52	75
52	78
52	81
53	21
53	27
53	29
53	43
53	59
53	61
53	65
53	68
53	70
53	72
53	78
54	12
54	33
54	39
54	40
54	42
54	49
54	56
54	59
54	65
54	80
54	81
55	18
55	22
55	39
55	41
55	42
55	44
55	64
55	68
55	72
55	74
55	75
56	5
56	12
56	15
56	20
56	41
56	42
56	47
56	50
56	54
56	59
56	70
56	79
57	31
57	36
57	47
57	49
57	63
57	69
57	71
57	72
57	76
57	77
57	78
57	80
58	1
58	2
58	16
58	18
58	20
58	25
58	63
58	68
58	71
58	72
58	79
58	81
59	8
59	9
59	12
59	32
59	42
59	45
59	53
59	54
59	56
59	65
59	71
59	77
60	37
60	38
60	39
60	43
60	47
60	64
60	65
60	66
60	70
60	76
60	79
60	81
61	7
61	24
61	27
61	45
61	53
61	62
61	65
61	69
61	71
61	76
61	78
61	80
62	20
62	22
62	29
62	33
62	36
62	40
62	45
62	51
62	52
62	61
62	63
62	70
62	73
63	7
63	11
63	25
63	27
63	37
63	38
63	44
63	57
63	58
63	62
63	73
63	76
63	78
63	80
64	1
64	3
64	44
64	50
64	52
64	55
64	60
64	65
64	69
64	71
64	75
64	76
64	78
64	79
65	34
65	35
65	48
65	53
65	54
65	59
65	60
65	61
65	64
65	67
65	68
65	71
65	73
65	78
65	81
66	6
66	23
66	26
66	28
66	29
66	33
66	40
66	52
66	60
66	69
66	71
66	72
66	74
66	75
66	81
67	2
67	7
67	10
67	19
67	20
67	25
67	32
67	40
67	48
67	52
67	65
67	69
67	73
67	75
67	81
68	2
68	13
68	30
68	31
68	36
68	37
68	43
68	45
68	47
68	53
68	55
68	58
68	65
68	75
68	76
68	78
69	10
69	17
69	26
69	27
69	28
69	30
69	36
69	40
69	50
69	57
69	61
69	64
69	66
69	67
69	75
69	81
70	1
70	11
70	17
70	24
70	29
70	32
70	34
70	40
70	46
70	50
70	51
70	53
70	56
70	60
70	62
70	76
71	4
71	5
71	13
71	20
71	29
71	38
71	46
71	48
71	57
71	58
71	59
71	61
71	64
71	65
71	66
71	76
71	80
72	9
72	12
72	24
72	27
72	32
72	34
72	35
72	37
72	45
72	51
72	53
72	55
72	57
72	58
72	66
72	76
72	80
73	9
73	22
73	23
73	30
73	31
73	38
73	41
73	49
73	50
73	51
73	52
73	62
73	63
73	65
73	67
73	75
73	79
73	80
74	1
74	4
74	10
74	14
74	16
74	21
74	22
74	27
74	35
74	36
74	38
74	46
74	48
74	49
74	55
74	66
74	77
74	79
74	81
75	7
75	14
75	18
75	19
75	26
75	39
75	40
75	44
75	46
75	52
75	55
75	64
75	66
75	67
75	68
75	69
75	73
75	80
75	81
76	11
76	27
76	34
76	35
76	38
76	43
76	44
76	45
76	50
76	51
76	57
76	60
76	61
76	63
76	64
76	68
76	70
76	71
76	72
76	77
77	4
77	6
77	10
77	14
77	15
77	16
77	21
77	24
77	26
77	28
77	32
77	33
77	43
77	46
77	47
77	49
77	57
77	59
77	74
77	76
77	79
78	3
78	17
78	26
78	34
78	37
78	39
78	40
78	44
78	45
78	47
78	48
78	49
78	52
78	53
78	57
78	61
78	63
78	64
78	65
78	68
78	80
79	4
79	6
79	10
79	14
79	16
79	21
79	22
79	24
79	29
79	36
79	46
79	48
79	49
79	50
79	56
79	58
79	60
79	64
79	73
79	74
79	77
79	80
80	2
80	8
80	15
80	18
80	25
80	31
80	32
80	39
80	41
80	46
80	48
80	51
80	54
80	57
80	61
80	63
80	71
80	72
80	73
80	75
80	78
80	79
81	2
81	4
81	7
81	9
81	17
81	19
81	23
81	26
81	28
81	30
81	35
81	40
81	51
81	52
81	54
81	58
81	60
81	65
81	66
81	67
81	69
81	74
81	75
