1	7
1	34
1	45
1	60
1	64
1	79
2	45
2	61
2	62
2	64
2	78
2	81
3	32
3	41
3	57
3	69
3	74
3	80
4	33
4	40
4	53
4	69
4	72
4	77
5	55
5	65
5	73
5	76
5	78
5	81
6	9
6	10
6	44
6	74
6	77
6	80
7	1
7	9
7	28
7	44
7	59
7	76
8	21
8	59
8	71
8	76
8	80
8	81
9	6
9	7
9	28
9	39
9	44
9	78
10	6
10	18
10	28
10	33
10	44
10	57
11	38
11	49
11	51
11	68
11	76
11	81
12	36
12	46
12	57
12	66
12	73
12	77
13	62
13	68
13	72
13	73
13	74
13	76
13	81
14	65
14	71
14	73
14	74
14	75
14	79
14	81
15	27
15	28
15	34
15	54
15	65
15	71
15	74
16	17
16	28
16	32
16	36
16	38
16	48
16	79
17	16
17	18
17	43
17	55
17	58
17	67
17	75
18	10
18	17
18	23
18	40
18	43
18	68
18	70
19	39
19	40
19	64
19	67
19	71
19	78
19	81
20	24
20	48
20	60
20	62
20	64
20	65
20	69
21	8
21	26
21	53
21	54
21	63
21	67
21	70
22	58
22	62
22	65
22	75
22	77
22	78
22	80
23	18
23	34
23	37
23	56
23	59
23	61
23	70
24	20
24	55
24	62
24	71
24	72
24	79
24	80
25	37
25	38
25	41
25	49
25	63
25	67
25	71
25	79
26	21
26	31
26	40
26	43
26	50
26	51
26	64
26	78
27	15
27	35
27	38
27	41
27	45
27	59
27	63
27	70
28	7
28	9
28	10
28	15
28	16
28	44
28	51
28	73
29	38
29	42
29	51
29	62
29	70
29	71
29	75
29	76
30	56
30	62
30	68
30	69
30	73
30	75
30	76
30	79
31	26
31	33
31	49
31	50
31	63
31	67
31	76
31	78
32	3
32	16
32	38
32	41
32	59
32	61
32	77
32	78
32	81
33	4
33	10
33	31
33	41
33	48
33	53
33	63
33	67
33	69
34	1
34	15
34	23
34	47
34	50
34	52
34	57
34	64
34	66
35	27
35	36
35	41
35	50
35	57
35	60
35	66
35	73
35	79
36	12
36	16
36	35
36	55
36	60
36	62
36	69
36	72
36	77
36	81
37	23
37	25
37	43
37	47
37	51
37	72
37	74
37	76
37	78
37	80
38	11
38	16
38	25
38	27
38	29
38	32
38	43
38	56
38	66
38	68
39	9
39	19
39	43
39	48
39	51
39	69
39	70
39	72
39	73
39	77
40	4
40	18
40	19
40	26
40	47
40	48
40	54
40	58
40	66
40	81
41	3
41	25
41	27
41	32
41	33
41	35
41	49
41	53
41	55
41	67
42	29
42	61
42	63
42	67
42	68
42	69
42	70
42	72
42	73
42	75
42	77
43	17
43	18
43	26
43	37
43	38
43	39
43	45
43	54
43	74
43	76
43	79
44	6
44	7
44	9
44	10
44	28
44	46
44	47
44	63
44	67
44	75
44	77
45	1
45	2
45	27
45	43
45	51
45	53
45	57
45	60
45	73
45	74
45	80
46	12
46	44
46	47
46	52
46	61
46	65
46	67
46	76
46	78
46	80
46	81
47	34
47	37
47	40
47	44
47	46
47	50
47	63
47	66
47	68
47	76
47	77
47	80
48	16
48	20
48	33
48	39
48	40
48	56
48	65
48	69
48	73
48	74
48	79
48	80
49	11
49	25
49	31
49	41
49	53
49	55
49	56
49	63
49	66
49	67
49	70
49	78
50	26
50	31
50	34
50	35
50	47
50	53
50	58
50	70
50	76
50	77
50	80
50	81
51	11
51	26
51	28
51	29
51	37
51	39
51	45
51	66
51	67
51	75
51	76
51	81
52	34
52	46
52	58
52	59
52	61
52	63
52	66
52	71
52	74
52	75
52	78
52	81
53	4
53	21
53	33
53	41
53	45
53	49
53	50
53	55
53	62
53	63
53	65
53	67
54	15
54	21
54	40
54	43
54	60
54	61
54	64
54	65
54	70
54	72
54	76
54	79
55	5
55	17
55	24
55	36
55	41
55	49
55	53
55	64
55	75
55	76
55	79
55	80
56	23
56	30
56	38
56	48
56	49
56	64
56	68
56	70
56	74
56	75
56	79
56	80
57	3
57	10
57	12
57	34
57	35
57	45
57	58
57	64
57	72
57	74
57	75
57	76
58	17
58	22
58	40
58	50
58	52
58	57
58	68
58	70
58	74
58	75
58	76
58	79
58	80
59	7
59	8
59	23
59	27
59	32
59	52
59	65
59	66
59	71
59	77
59	78
59	79
59	80
60	1
60	20
60	35
60	36
60	45
60	54
60	61
60	63
60	66
60	70
60	76
60	78
60	81
61	2
61	23
61	32
61	42
61	46
61	52
61	54
61	60
61	65
61	69
61	75
61	78
61	79
61	81
62	2
62	13
62	20
62	22
62	24
62	29
62	30
62	36
62	53
62	68
62	71
62	72
62	73
62	77
63	21
63	25
63	27
63	31
63	33
63	42
63	44
63	47
63	49
63	52
63	53
63	60
63	67
63	68
63	81
64	1
64	2
64	19
64	20
64	26
64	34
64	54
64	55
64	56
64	57
64	68
64	70
64	72
64	75
64	79
65	5
65	14
65	15
65	20
65	22
65	46
65	48
65	53
65	54
65	59
65	61
65	71
65	78
65	80
65	81
66	12
66	34
66	35
66	38
66	40
66	47
66	49
66	51
66	52
66	59
66	60
66	70
66	71
66	72
66	74
66	75
67	17
67	19
67	21
67	25
67	31
67	33
67	41
67	42
67	44
67	46
67	49
67	51
67	53
67	63
67	80
67	81
68	11
68	13
68	18
68	30
68	38
68	42
68	47
68	56
68	58
68	62
68	63
68	64
68	69
68	72
68	73
68	77
69	3
69	4
69	20
69	30
69	33
69	36
69	39
69	42
69	48
69	61
69	68
69	71
69	72
69	73
69	74
69	77
69	81
70	18
70	21
70	23
70	27
70	29
70	39
70	42
70	49
70	50
70	54
70	56
70	58
70	60
70	64
70	66
70	75
70	76
71	8
71	14
71	15
71	19
71	24
71	25
71	29
71	52
71	59
71	62
71	65
71	66
71	69
71	73
71	78
71	79
71	81
72	4
72	13
72	24
72	36
72	37
72	39
72	42
72	54
72	57
72	62
72	64
72	66
72	68
72	69
72	74
72	77
72	78
72	79
73	5
73	12
73	13
73	14
73	28
73	30
73	35
73	39
73	42
73	45
73	48
73	62
73	68
73	69
73	71
73	77
73	78
73	79
74	3
74	6
74	13
74	14
74	15
74	37
74	43
74	45
74	48
74	52
74	56
74	57
74	58
74	66
74	69
74	72
74	75
74	79
74	80
75	14
75	17
75	22
75	29
75	30
75	42
75	44
75	51
75	52
75	55
75	56
75	57
75	58
75	61
75	64
75	66
75	70
75	74
75	79
75	80
76	5
76	7
76	8
76	11
76	13
76	29
76	30
76	31
76	37
76	43
76	46
76	47
76	50
76	51
76	54
76	55
76	57
76	58
76	60
76	70
76	77
77	4
77	6
77	12
77	22
77	32
77	36
77	39
77	42
77	44
77	47
77	50
77	59
77	62
77	68
77	69
77	72
77	73
77	76
77	79
77	80
77	81
78	2
78	5
78	9
78	19
78	22
78	26
78	31
78	32
78	37
78	46
78	49
78	52
78	59
78	60
78	61
78	65
78	71
78	72
78	73
78	80
78	81
79	1
79	14
79	16
79	24
79	25
79	30
79	35
79	43
79	48
79	54
79	55
79	56
79	58
79	59
79	61
79	64
79	71
79	72
79	73
79	74
79	75
79	77
79	80
80	3
80	6
80	8
80	22
80	24
80	37
80	45
80	46
80	47
80	48
80	50
80	55
80	56
80	58
80	59
80	65
80	67
80	74
80	75
80	77
80	78
80	79
80	81
81	2
81	5
81	8
81	11
81	13
81	14
81	19
81	32
81	36
81	40
81	46
81	50
81	51
81	52
81	60
81	61
81	63
81	65
81	67
81	69
81	71
81	77
81	78
81	80
