1	50
1	65
1	70
1	71
1	78
1	81
2	17
2	20
2	51
2	62
2	64
2	76
3	4
3	38
3	58
3	72
3	73
3	81
4	3
4	38
4	63
4	64
4	68
4	80
5	15
5	31
5	40
5	61
5	70
5	73
6	57
6	67
6	70
6	71
6	75
6	80
7	37
7	57
7	60
7	62
7	71
7	78
8	47
8	49
8	64
8	74
8	76
8	81
9	56
9	58
9	67
9	68
9	74
9	76
10	26
10	46
10	49
10	64
10	77
10	80
11	27
11	40
11	53
11	61
11	64
11	78
12	26
12	45
12	54
12	55
12	63
12	81
13	21
13	52
13	57
13	59
13	77
13	81
14	22
14	29
14	58
14	75
14	79
14	80
15	5
15	58
15	62
15	63
15	76
15	81
16	18
16	48
16	69
16	73
16	76
16	81
17	2
17	50
17	63
17	70
17	71
17	77
18	16
18	55
18	70
18	71
18	78
18	80
19	30
19	44
19	46
19	70
19	72
19	77
20	2
20	42
20	57
20	60
20	68
20	81
21	13
21	30
21	34
21	51
21	60
21	75
22	14
22	46
22	51
22	53
22	73
22	75
23	36
23	54
23	59
23	69
23	76
23	79
23	81
24	45
24	52
24	53
24	54
24	73
24	76
24	81
25	38
25	41
25	59
25	67
25	72
25	77
25	79
26	10
26	12
26	37
26	53
26	64
26	74
26	81
27	11
27	54
27	56
27	62
27	66
27	75
27	78
28	33
28	35
28	43
28	60
28	66
28	74
28	79
29	14
29	39
29	49
29	64
29	65
29	74
29	79
30	19
30	21
30	48
30	51
30	60
30	77
30	80
31	5
31	48
31	55
31	63
31	66
31	72
31	80
32	39
32	53
32	55
32	66
32	68
32	70
32	71
33	28
33	43
33	59
33	66
33	72
33	76
33	77
34	21
34	38
34	49
34	52
34	54
34	69
34	72
34	75
35	28
35	41
35	46
35	62
35	69
35	74
35	75
35	79
36	23
36	41
36	44
36	56
36	57
36	69
36	70
36	79
37	7
37	26
37	48
37	55
37	58
37	64
37	78
37	79
38	3
38	4
38	25
38	34
38	48
38	67
38	75
38	76
39	29
39	32
39	50
39	55
39	63
39	64
39	65
39	68
39	81
40	5
40	11
40	42
40	51
40	55
40	65
40	69
40	74
40	79
41	25
41	35
41	36
41	56
41	61
41	70
41	72
41	77
41	78
42	20
42	40
42	45
42	53
42	60
42	65
42	69
42	72
42	74
43	28
43	33
43	45
43	53
43	66
43	70
43	71
43	72
43	77
43	79
44	19
44	36
44	45
44	55
44	65
44	66
44	68
44	69
44	74
44	75
45	12
45	24
45	42
45	43
45	44
45	63
45	65
45	74
45	75
45	79
46	10
46	19
46	22
46	35
46	58
46	64
46	67
46	68
46	75
46	80
46	81
47	8
47	55
47	58
47	59
47	72
47	73
47	74
47	76
47	77
47	80
47	81
48	16
48	30
48	31
48	37
48	38
48	51
48	57
48	60
48	61
48	62
48	73
49	8
49	10
49	29
49	34
49	54
49	62
49	63
49	66
49	68
49	69
49	80
50	1
50	17
50	39
50	51
50	59
50	63
50	71
50	73
50	75
50	78
50	80
51	2
51	21
51	22
51	30
51	40
51	48
51	50
51	57
51	62
51	71
51	81
52	13
52	24
52	34
52	59
52	65
52	67
52	69
52	73
52	76
52	78
52	80
52	81
53	11
53	22
53	24
53	26
53	32
53	42
53	43
53	63
53	69
53	71
53	74
53	78
54	12
54	23
54	24
54	27
54	34
54	49
54	56
54	65
54	67
54	70
54	80
54	81
55	12
55	18
55	31
55	32
55	37
55	39
55	40
55	44
55	47
55	65
55	73
55	78
56	9
56	27
56	36
56	41
56	54
56	61
56	68
56	74
56	75
56	79
56	80
56	81
57	6
57	7
57	13
57	20
57	36
57	48
57	51
57	58
57	60
57	62
57	69
57	80
58	3
58	9
58	14
58	15
58	37
58	46
58	47
58	57
58	62
58	73
58	76
58	77
58	81
59	13
59	23
59	25
59	33
59	47
59	50
59	52
59	71
59	73
59	76
59	78
59	79
59	81
60	7
60	20
60	21
60	28
60	30
60	42
60	48
60	57
60	61
60	62
60	66
60	67
60	69
61	5
61	11
61	41
61	48
61	56
61	60
61	64
61	65
61	66
61	70
61	71
61	72
61	77
62	2
62	7
62	15
62	27
62	35
62	48
62	49
62	51
62	57
62	58
62	60
62	67
62	78
63	4
63	12
63	15
63	17
63	31
63	39
63	45
63	49
63	50
63	53
63	64
63	67
63	78
63	79
64	2
64	4
64	8
64	10
64	11
64	26
64	29
64	37
64	39
64	46
64	61
64	63
64	67
64	71
64	78
65	1
65	29
65	39
65	40
65	42
65	44
65	45
65	52
65	54
65	55
65	61
65	69
65	73
65	74
65	79
66	27
66	28
66	31
66	32
66	33
66	43
66	44
66	49
66	60
66	61
66	70
66	72
66	75
66	77
66	80
67	6
67	9
67	25
67	38
67	46
67	52
67	54
67	60
67	62
67	63
67	64
67	68
67	75
67	79
67	80
67	81
68	4
68	9
68	20
68	32
68	39
68	44
68	46
68	49
68	56
68	67
68	72
68	74
68	75
68	77
68	78
68	80
69	16
69	23
69	34
69	35
69	36
69	40
69	42
69	44
69	49
69	52
69	53
69	57
69	60
69	65
69	75
69	79
70	1
70	5
70	6
70	17
70	18
70	19
70	32
70	36
70	41
70	43
70	54
70	61
70	66
70	76
70	77
70	80
71	1
71	6
71	7
71	17
71	18
71	32
71	43
71	50
71	51
71	53
71	59
71	61
71	64
71	72
71	77
71	78
72	3
72	19
72	25
72	31
72	33
72	34
72	41
72	42
72	43
72	47
72	61
72	66
72	68
72	71
72	77
72	78
72	81
73	3
73	5
73	16
73	22
73	24
73	47
73	48
73	50
73	52
73	55
73	58
73	59
73	65
73	75
73	76
73	77
73	81
74	8
74	9
74	26
74	28
74	29
74	35
74	40
74	42
74	44
74	45
74	47
74	53
74	56
74	65
74	68
74	76
74	77
74	79
75	6
75	14
75	21
75	22
75	27
75	34
75	35
75	38
75	44
75	45
75	46
75	50
75	56
75	66
75	67
75	68
75	69
75	73
75	79
76	2
76	8
76	9
76	15
76	16
76	23
76	24
76	33
76	38
76	47
76	52
76	58
76	59
76	70
76	73
76	74
76	79
76	80
76	81
77	10
77	13
77	17
77	19
77	25
77	30
77	33
77	41
77	43
77	47
77	58
77	61
77	66
77	68
77	70
77	71
77	72
77	73
77	74
78	1
78	7
78	11
78	18
78	27
78	37
78	41
78	50
78	52
78	53
78	55
78	59
78	62
78	63
78	64
78	68
78	71
78	72
78	79
78	80
79	14
79	23
79	25
79	28
79	29
79	35
79	36
79	37
79	40
79	43
79	45
79	56
79	59
79	63
79	65
79	67
79	69
79	74
79	75
79	76
79	78
80	4
80	6
80	10
80	14
80	18
80	30
80	31
80	46
80	47
80	49
80	50
80	52
80	54
80	56
80	57
80	66
80	67
80	68
80	70
80	76
80	78
81	1
81	3
81	8
81	12
81	13
81	15
81	16
81	20
81	23
81	24
81	26
81	39
81	46
81	47
81	51
81	52
81	54
81	56
81	58
81	59
81	67
81	72
81	73
81	76
