1	13
1	56
1	57
1	63
1	64
1	65
2	23
2	62
2	71
2	74
2	75
2	77
3	15
3	39
3	44
3	46
3	75
3	78
4	15
4	26
4	60
4	65
4	80
4	81
5	28
5	54
5	68
5	77
5	78
5	79
6	19
6	24
6	49
6	52
6	73
6	75
7	12
7	16
7	29
7	39
7	74
7	80
8	14
8	19
8	34
8	68
8	73
8	77
9	24
9	52
9	64
9	70
9	74
9	77
10	57
10	58
10	70
10	72
10	74
10	77
11	13
11	23
11	26
11	65
11	74
11	77
12	7
12	38
12	44
12	63
12	65
12	81
13	1
13	11
13	35
13	42
13	62
13	72
14	8
14	61
14	68
14	71
14	75
14	77
15	3
15	4
15	39
15	74
15	80
15	81
16	7
16	45
16	51
16	62
16	73
16	81
17	21
17	47
17	70
17	75
17	77
17	81
18	32
18	52
18	55
18	63
18	69
18	81
19	6
19	8
19	28
19	51
19	64
19	79
20	45
20	59
20	60
20	66
20	74
20	81
21	17
21	38
21	39
21	73
21	78
21	79
22	39
22	41
22	59
22	67
22	73
22	78
23	2
23	11
23	53
23	57
23	64
23	65
23	76
24	6
24	9
24	70
24	71
24	73
24	78
24	79
25	43
25	58
25	62
25	66
25	79
25	80
25	81
26	4
26	11
26	48
26	57
26	59
26	72
26	81
27	28
27	48
27	54
27	62
27	68
27	73
27	79
28	5
28	19
28	27
28	41
28	56
28	76
28	79
29	7
29	53
29	56
29	60
29	63
29	76
29	79
30	56
30	60
30	69
30	72
30	74
30	75
30	77
31	42
31	61
31	66
31	70
31	74
31	75
31	77
32	18
32	36
32	40
32	44
32	45
32	52
32	61
33	49
33	55
33	59
33	67
33	68
33	70
33	78
33	79
34	8
34	35
34	43
34	61
34	70
34	74
34	75
34	81
35	13
35	34
35	49
35	53
35	54
35	71
35	79
35	80
36	32
36	37
36	57
36	64
36	67
36	71
36	78
36	79
37	36
37	46
37	48
37	56
37	71
37	74
37	75
37	78
38	12
38	21
38	50
38	54
38	59
38	68
38	70
38	81
39	3
39	7
39	15
39	21
39	22
39	53
39	57
39	80
40	32
40	46
40	54
40	60
40	64
40	67
40	72
40	77
41	22
41	28
41	42
41	44
41	64
41	69
41	74
41	76
42	13
42	31
42	41
42	61
42	67
42	77
42	80
42	81
43	25
43	34
43	46
43	61
43	67
43	72
43	77
43	80
44	3
44	12
44	32
44	41
44	48
44	53
44	63
44	76
45	16
45	20
45	32
45	53
45	55
45	56
45	76
45	78
45	80
46	3
46	37
46	40
46	43
46	50
46	60
46	76
46	78
46	81
47	17
47	49
47	57
47	60
47	70
47	72
47	74
47	76
47	78
48	26
48	27
48	37
48	44
48	61
48	68
48	69
48	71
48	80
49	6
49	33
49	35
49	47
49	55
49	69
49	71
49	75
49	80
49	81
50	38
50	46
50	51
50	54
50	57
50	58
50	66
50	73
50	78
50	81
51	16
51	19
51	50
51	56
51	58
51	68
51	69
51	70
51	76
51	77
51	80
52	6
52	9
52	18
52	32
52	55
52	58
52	59
52	66
52	75
52	76
52	81
53	23
53	29
53	35
53	39
53	44
53	45
53	62
53	63
53	64
53	65
53	80
54	5
54	27
54	35
54	38
54	40
54	50
54	55
54	58
54	66
54	77
54	81
55	18
55	33
55	45
55	49
55	52
55	54
55	58
55	62
55	72
55	74
55	81
56	1
56	28
56	29
56	30
56	37
56	45
56	51
56	58
56	65
56	71
56	78
57	1
57	10
57	23
57	26
57	36
57	39
57	47
57	50
57	63
57	78
57	80
58	10
58	25
58	50
58	51
58	52
58	54
58	55
58	56
58	65
58	69
58	79
58	81
59	20
59	22
59	26
59	33
59	38
59	52
59	62
59	66
59	73
59	79
59	80
59	81
60	4
60	20
60	29
60	30
60	40
60	46
60	47
60	72
60	73
60	77
60	80
60	81
61	14
61	31
61	32
61	34
61	42
61	43
61	48
61	65
61	71
61	72
61	75
61	76
61	78
62	2
62	13
62	16
62	25
62	27
62	53
62	55
62	59
62	66
62	69
62	71
62	72
62	81
63	1
63	12
63	18
63	29
63	44
63	53
63	57
63	65
63	68
63	74
63	76
63	78
63	79
64	1
64	9
64	19
64	23
64	36
64	40
64	41
64	53
64	67
64	68
64	72
64	73
64	78
64	79
65	1
65	4
65	11
65	12
65	23
65	53
65	56
65	58
65	61
65	63
65	66
65	76
65	78
65	79
66	20
66	25
66	31
66	50
66	52
66	54
66	59
66	62
66	65
66	72
66	75
66	76
66	77
66	80
66	81
67	22
67	33
67	36
67	40
67	42
67	43
67	64
67	68
67	72
67	73
67	76
67	77
67	78
67	79
67	80
68	5
68	8
68	14
68	27
68	33
68	38
68	48
68	51
68	63
68	64
68	67
68	70
68	73
68	78
68	79
69	18
69	30
69	41
69	48
69	49
69	51
69	58
69	62
69	70
69	71
69	72
69	73
69	75
69	76
69	79
69	80
70	9
70	10
70	17
70	24
70	31
70	33
70	34
70	38
70	47
70	51
70	68
70	69
70	71
70	74
70	75
70	76
70	77
71	2
71	14
71	24
71	35
71	36
71	37
71	48
71	49
71	56
71	61
71	62
71	69
71	70
71	73
71	76
71	78
71	80
72	10
72	13
72	26
72	30
72	40
72	43
72	47
72	55
72	60
72	61
72	62
72	64
72	66
72	67
72	69
72	79
72	80
73	6
73	8
73	16
73	21
73	22
73	24
73	27
73	50
73	59
73	60
73	64
73	67
73	68
73	69
73	71
73	77
73	78
73	79
73	80
74	2
74	7
74	9
74	10
74	11
74	15
74	20
74	30
74	31
74	34
74	37
74	41
74	47
74	55
74	63
74	70
74	75
74	77
74	81
75	2
75	3
75	6
75	14
75	17
75	30
75	31
75	34
75	37
75	49
75	52
75	61
75	66
75	69
75	70
75	74
75	76
75	77
75	80
76	23
76	28
76	29
76	41
76	44
76	45
76	46
76	47
76	51
76	52
76	61
76	63
76	65
76	66
76	67
76	69
76	70
76	71
76	75
76	79
76	80
77	2
77	5
77	8
77	9
77	10
77	11
77	14
77	17
77	30
77	31
77	40
77	42
77	43
77	51
77	54
77	60
77	66
77	67
77	70
77	73
77	74
77	75
78	3
78	5
78	21
78	22
78	24
78	33
78	36
78	37
78	45
78	46
78	47
78	50
78	56
78	57
78	61
78	63
78	64
78	65
78	67
78	68
78	71
78	73
78	79
79	5
79	19
79	21
79	24
79	25
79	27
79	28
79	29
79	33
79	35
79	36
79	58
79	59
79	63
79	64
79	65
79	67
79	68
79	69
79	72
79	73
79	76
79	78
79	81
80	4
80	7
80	15
80	25
80	35
80	39
80	42
80	43
80	45
80	48
80	49
80	51
80	53
80	57
80	59
80	60
80	66
80	67
80	69
80	71
80	72
80	73
80	75
80	76
81	4
81	12
81	15
81	16
81	17
81	18
81	20
81	25
81	26
81	34
81	38
81	42
81	46
81	49
81	50
81	52
81	54
81	55
81	58
81	59
81	60
81	62
81	66
81	74
81	79
