1	22
1	24
1	28
1	29
1	52
1	64
2	6
2	22
2	36
2	43
2	52
2	76
3	20
3	27
3	54
3	63
3	67
3	68
4	62
4	63
4	68
4	72
4	73
4	81
5	7
5	19
5	43
5	51
5	52
5	61
6	2
6	7
6	15
6	19
6	49
6	71
7	5
7	6
7	22
7	28
7	66
7	79
8	51
8	62
8	66
8	70
8	73
8	75
9	25
9	65
9	66
9	69
9	74
9	75
10	47
10	58
10	72
10	74
10	75
10	77
11	27
11	66
11	71
11	73
11	74
11	75
12	18
12	43
12	62
12	68
12	72
12	81
13	37
13	46
13	59
13	62
13	80
13	81
14	34
14	45
14	50
14	56
14	68
14	73
15	6
15	21
15	65
15	73
15	74
15	79
15	81
16	27
16	34
16	49
16	55
16	70
16	76
16	78
17	25
17	26
17	55
17	65
17	68
17	72
17	81
18	12
18	26
18	51
18	59
18	61
18	66
18	72
19	5
19	6
19	29
19	52
19	61
19	75
19	77
20	3
20	38
20	57
20	63
20	67
20	71
20	80
21	15
21	55
21	60
21	64
21	71
21	78
21	81
22	1
22	2
22	7
22	23
22	29
22	39
22	52
23	22
23	24
23	30
23	38
23	57
23	78
23	79
24	1
24	23
24	63
24	69
24	79
24	80
24	81
25	9
25	17
25	68
25	70
25	72
25	74
25	81
26	17
26	18
26	33
26	43
26	55
26	72
26	77
26	78
27	3
27	11
27	16
27	36
27	52
27	54
27	66
27	68
28	1
28	7
28	31
28	40
28	62
28	63
28	74
28	80
29	1
29	19
29	22
29	45
29	52
29	53
29	64
29	67
30	23
30	31
30	53
30	62
30	67
30	71
30	75
30	80
31	28
31	30
31	44
31	63
31	65
31	74
31	79
31	80
32	44
32	48
32	59
32	60
32	62
32	66
32	76
32	81
33	26
33	37
33	57
33	61
33	76
33	79
33	80
33	81
34	14
34	16
34	44
34	56
34	63
34	67
34	68
34	75
34	81
35	53
35	56
35	57
35	60
35	65
35	67
35	73
35	74
35	75
36	2
36	27
36	43
36	44
36	57
36	68
36	70
36	76
36	78
37	13
37	33
37	48
37	59
37	60
37	71
37	72
37	74
37	81
38	20
38	23
38	44
38	53
38	60
38	64
38	71
38	77
38	79
39	22
39	46
39	58
39	61
39	66
39	69
39	71
39	78
39	80
40	28
40	47
40	50
40	67
40	69
40	74
40	76
40	77
40	80
41	53
41	58
41	64
41	71
41	73
41	74
41	75
41	80
41	81
42	46
42	49
42	53
42	63
42	65
42	69
42	73
42	75
42	76
43	2
43	5
43	12
43	26
43	36
43	54
43	56
43	58
43	68
44	31
44	32
44	34
44	36
44	38
44	50
44	54
44	56
44	68
44	78
45	14
45	29
45	61
45	66
45	67
45	68
45	69
45	71
45	79
45	80
46	13
46	39
46	42
46	58
46	59
46	60
46	73
46	74
46	75
46	78
47	10
47	40
47	48
47	53
47	72
47	76
47	77
47	78
47	79
47	81
48	32
48	37
48	47
48	50
48	55
48	63
48	69
48	70
48	72
48	81
49	6
49	16
49	42
49	51
49	54
49	57
49	64
49	67
49	69
49	73
49	79
50	14
50	40
50	44
50	48
50	51
50	70
50	73
50	75
50	76
50	77
50	79
51	5
51	8
51	18
51	49
51	50
51	53
51	56
51	61
51	71
51	73
51	78
52	1
52	2
52	5
52	19
52	22
52	27
52	29
52	54
52	79
52	80
52	81
53	29
53	30
53	35
53	38
53	41
53	42
53	47
53	51
53	73
53	75
53	80
54	3
54	27
54	43
54	44
54	49
54	52
54	56
54	68
54	69
54	71
54	78
54	80
55	16
55	17
55	21
55	26
55	48
55	60
55	63
55	68
55	72
55	73
55	74
55	81
56	14
56	34
56	35
56	43
56	44
56	51
56	54
56	59
56	68
56	72
56	75
56	76
57	20
57	23
57	33
57	35
57	36
57	49
57	58
57	61
57	64
57	65
57	66
57	77
58	10
58	39
58	41
58	43
58	46
58	57
58	64
58	65
58	70
58	73
58	74
58	75
58	81
59	13
59	18
59	32
59	37
59	46
59	56
59	64
59	70
59	71
59	76
59	77
59	78
59	80
60	21
60	32
60	35
60	37
60	38
60	46
60	55
60	62
60	66
60	70
60	72
60	78
60	79
60	81
61	5
61	18
61	19
61	33
61	39
61	45
61	51
61	57
61	63
61	67
61	69
61	71
61	77
61	80
62	4
62	8
62	12
62	13
62	28
62	30
62	32
62	60
62	66
62	69
62	70
62	72
62	79
62	81
63	3
63	4
63	20
63	24
63	28
63	31
63	34
63	42
63	48
63	55
63	61
63	69
63	70
63	71
63	80
64	1
64	21
64	29
64	38
64	41
64	49
64	57
64	58
64	59
64	70
64	74
64	76
64	78
64	79
64	80
65	9
65	15
65	17
65	31
65	35
65	42
65	57
65	58
65	67
65	68
65	73
65	74
65	75
65	76
65	77
65	79
66	7
66	8
66	9
66	11
66	18
66	27
66	32
66	39
66	45
66	57
66	60
66	62
66	70
66	76
66	77
66	78
66	79
67	3
67	20
67	29
67	30
67	34
67	35
67	40
67	45
67	49
67	61
67	65
67	69
67	71
67	73
67	75
67	78
67	80
68	3
68	4
68	12
68	14
68	17
68	25
68	27
68	34
68	36
68	43
68	44
68	45
68	54
68	55
68	56
68	65
68	78
69	9
69	24
69	39
69	40
69	42
69	45
69	48
69	49
69	54
69	61
69	62
69	63
69	67
69	71
69	76
69	77
69	80
69	81
70	8
70	16
70	25
70	36
70	48
70	50
70	58
70	59
70	60
70	62
70	63
70	64
70	66
70	72
70	74
70	77
70	78
70	79
71	6
71	11
71	20
71	21
71	30
71	37
71	38
71	39
71	41
71	45
71	51
71	54
71	59
71	61
71	63
71	67
71	69
71	78
71	80
72	4
72	10
72	12
72	17
72	18
72	25
72	26
72	37
72	47
72	48
72	55
72	56
72	60
72	62
72	70
72	77
72	78
72	80
72	81
73	4
73	8
73	11
73	14
73	15
73	35
73	41
73	42
73	46
73	49
73	50
73	51
73	53
73	55
73	58
73	65
73	67
73	74
73	76
73	80
74	9
74	10
74	11
74	15
74	25
74	28
74	31
74	35
74	37
74	40
74	41
74	46
74	55
74	58
74	64
74	65
74	70
74	73
74	77
74	81
75	8
75	9
75	10
75	11
75	19
75	30
75	34
75	35
75	41
75	42
75	46
75	50
75	53
75	56
75	58
75	65
75	67
75	77
75	79
75	81
76	2
76	16
76	32
76	33
76	36
76	40
76	42
76	47
76	50
76	56
76	59
76	64
76	65
76	66
76	69
76	73
76	77
76	78
76	79
76	80
77	10
77	19
77	26
77	38
77	40
77	47
77	50
77	57
77	59
77	61
77	65
77	66
77	69
77	70
77	72
77	74
77	75
77	76
77	78
77	79
77	81
78	16
78	21
78	23
78	26
78	36
78	39
78	44
78	46
78	47
78	51
78	54
78	59
78	60
78	64
78	66
78	67
78	68
78	70
78	71
78	72
78	76
78	77
78	79
79	7
79	15
79	23
79	24
79	31
79	33
79	38
79	45
79	47
79	49
79	50
79	52
79	60
79	62
79	64
79	65
79	66
79	70
79	75
79	76
79	77
79	78
79	80
80	13
80	20
80	24
80	28
80	30
80	31
80	33
80	39
80	40
80	41
80	45
80	52
80	53
80	54
80	59
80	61
80	63
80	64
80	67
80	69
80	71
80	72
80	73
80	76
80	79
81	4
81	12
81	13
81	15
81	17
81	21
81	24
81	25
81	32
81	33
81	34
81	37
81	41
81	47
81	48
81	52
81	55
81	58
81	60
81	62
81	69
81	72
81	74
81	75
81	77
