1	14
1	35
1	65
1	66
1	75
1	79
2	5
2	18
2	60
2	61
2	63
2	67
3	60
3	65
3	69
3	79
3	80
3	81
4	52
4	58
4	62
4	66
4	74
4	79
5	2
5	57
5	64
5	66
5	74
5	80
6	20
6	25
6	59
6	75
6	80
6	81
7	40
7	44
7	50
7	59
7	75
7	81
8	19
8	58
8	71
8	75
8	76
8	80
9	32
9	37
9	42
9	55
9	70
9	78
10	17
10	19
10	40
10	49
10	51
10	71
11	32
11	46
11	61
11	67
11	78
11	81
12	24
12	37
12	43
12	49
12	68
12	69
13	32
13	49
13	56
13	68
13	80
13	81
14	1
14	26
14	65
14	68
14	70
14	75
14	77
15	50
15	60
15	62
15	63
15	67
15	69
15	74
16	29
16	37
16	39
16	61
16	72
16	78
16	79
17	10
17	24
17	40
17	45
17	50
17	74
17	81
18	2
18	50
18	65
18	71
18	75
18	76
18	80
19	8
19	10
19	21
19	36
19	39
19	75
19	78
20	6
20	50
20	70
20	71
20	72
20	73
20	77
21	19
21	23
21	28
21	48
21	62
21	73
21	76
22	25
22	29
22	32
22	45
22	61
22	66
22	78
23	21
23	30
23	42
23	57
23	75
23	80
23	81
24	12
24	17
24	46
24	49
24	60
24	67
24	81
25	6
25	22
25	33
25	39
25	41
25	55
25	78
26	14
26	66
26	69
26	71
26	74
26	79
26	81
27	51
27	56
27	67
27	71
27	77
27	79
27	81
28	21
28	48
28	53
28	69
28	71
28	76
28	77
29	16
29	22
29	65
29	66
29	73
29	75
29	80
30	23
30	46
30	57
30	66
30	69
30	72
30	79
30	80
31	53
31	56
31	59
31	65
31	69
31	74
31	76
31	79
32	9
32	11
32	13
32	22
32	46
32	52
32	55
32	78
33	25
33	35
33	39
33	61
33	64
33	68
33	70
33	78
34	38
34	41
34	58
34	70
34	71
34	74
34	75
34	76
35	1
35	33
35	40
35	41
35	68
35	74
35	77
35	79
36	19
36	59
36	61
36	62
36	71
36	72
36	73
36	77
37	9
37	12
37	16
37	38
37	56
37	61
37	78
37	79
38	34
38	37
38	47
38	62
38	70
38	71
38	76
38	77
38	80
39	16
39	19
39	25
39	33
39	59
39	70
39	74
39	77
39	78
40	7
40	10
40	17
40	35
40	43
40	45
40	58
40	68
40	77
41	25
41	34
41	35
41	46
41	50
41	55
41	69
41	74
41	80
42	9
42	23
42	51
42	52
42	54
42	61
42	63
42	67
42	77
43	12
43	40
43	45
43	49
43	58
43	61
43	67
43	73
43	80
44	7
44	68
44	69
44	70
44	72
44	73
44	77
44	78
44	79
45	17
45	22
45	40
45	43
45	49
45	64
45	69
45	79
45	81
46	11
46	24
46	30
46	32
46	41
46	60
46	66
46	74
46	79
47	38
47	53
47	58
47	59
47	62
47	63
47	71
47	75
47	76
48	21
48	28
48	53
48	62
48	68
48	69
48	71
48	76
48	80
48	81
49	10
49	12
49	13
49	24
49	43
49	45
49	62
49	63
49	78
49	79
50	7
50	15
50	17
50	18
50	20
50	41
50	61
50	64
50	75
50	81
51	10
51	27
51	42
51	53
51	57
51	60
51	63
51	67
51	71
51	80
52	4
52	32
52	42
52	53
52	60
52	63
52	66
52	67
52	79
52	80
53	28
53	31
53	47
53	48
53	51
53	52
53	57
53	60
53	63
53	67
54	42
54	61
54	63
54	64
54	68
54	70
54	72
54	73
54	75
54	77
54	78
55	9
55	25
55	32
55	41
55	66
55	67
55	69
55	73
55	74
55	76
55	79
56	13
56	27
56	31
56	37
56	64
56	65
56	70
56	71
56	73
56	80
56	81
57	5
57	23
57	30
57	51
57	53
57	60
57	64
57	66
57	77
57	80
57	81
58	4
58	8
58	34
58	40
58	43
58	47
58	62
58	69
58	71
58	76
58	77
59	6
59	7
59	31
59	36
59	39
59	47
59	65
59	68
59	70
59	72
59	73
59	77
60	2
60	3
60	15
60	24
60	46
60	51
60	52
60	53
60	57
60	63
60	67
60	73
60	81
61	2
61	11
61	16
61	22
61	33
61	36
61	37
61	42
61	43
61	50
61	54
61	65
61	78
62	4
62	15
62	21
62	36
62	38
62	47
62	48
62	49
62	58
62	64
62	71
62	74
62	76
62	81
63	2
63	15
63	42
63	47
63	49
63	51
63	52
63	53
63	54
63	60
63	67
63	72
63	73
63	80
64	5
64	33
64	45
64	50
64	54
64	56
64	57
64	62
64	65
64	66
64	75
64	77
64	78
64	80
64	81
65	1
65	3
65	14
65	18
65	29
65	31
65	56
65	59
65	61
65	64
65	68
65	73
65	75
65	78
65	80
65	81
66	1
66	4
66	5
66	22
66	26
66	29
66	30
66	46
66	52
66	55
66	57
66	64
66	69
66	75
66	79
66	81
67	2
67	11
67	15
67	24
67	27
67	42
67	43
67	51
67	52
67	53
67	55
67	60
67	63
67	70
67	72
67	74
68	12
68	13
68	14
68	33
68	35
68	40
68	44
68	48
68	54
68	59
68	65
68	70
68	72
68	73
68	76
68	77
68	81
69	3
69	12
69	15
69	26
69	28
69	30
69	31
69	41
69	44
69	45
69	48
69	55
69	58
69	66
69	74
69	79
69	81
70	9
70	14
70	20
70	33
70	34
70	38
70	39
70	44
70	54
70	56
70	59
70	67
70	68
70	72
70	73
70	77
70	79
71	8
71	10
71	18
71	20
71	26
71	27
71	28
71	34
71	36
71	38
71	47
71	48
71	51
71	56
71	58
71	62
71	76
71	78
72	16
72	20
72	30
72	36
72	44
72	54
72	59
72	63
72	67
72	68
72	70
72	73
72	74
72	75
72	76
72	77
72	78
72	80
73	20
73	21
73	29
73	36
73	43
73	44
73	54
73	55
73	56
73	59
73	60
73	63
73	65
73	68
73	70
73	72
73	74
73	77
73	78
74	4
74	5
74	15
74	17
74	26
74	31
74	34
74	35
74	39
74	41
74	46
74	55
74	62
74	67
74	69
74	72
74	73
74	76
74	79
75	1
75	6
75	7
75	8
75	14
75	18
75	19
75	23
75	29
75	34
75	47
75	50
75	54
75	64
75	65
75	66
75	72
75	76
75	80
75	81
76	8
76	18
76	21
76	28
76	31
76	34
76	38
76	47
76	48
76	55
76	58
76	62
76	68
76	71
76	72
76	74
76	75
76	78
76	79
76	80
77	14
77	20
77	27
77	28
77	35
77	36
77	38
77	39
77	40
77	42
77	44
77	54
77	57
77	58
77	59
77	64
77	68
77	70
77	72
77	73
78	9
78	11
78	16
78	19
78	22
78	25
78	32
78	33
78	37
78	39
78	44
78	49
78	54
78	61
78	64
78	65
78	71
78	72
78	73
78	76
78	81
79	1
79	3
79	4
79	16
79	26
79	27
79	30
79	31
79	35
79	37
79	44
79	45
79	46
79	49
79	52
79	55
79	66
79	69
79	70
79	74
79	76
79	80
80	3
80	5
80	6
80	8
80	13
80	18
80	23
80	29
80	30
80	38
80	41
80	43
80	48
80	51
80	52
80	56
80	57
80	63
80	64
80	65
80	72
80	75
80	76
80	79
81	3
81	6
81	7
81	11
81	13
81	17
81	23
81	24
81	26
81	27
81	45
81	48
81	50
81	56
81	57
81	60
81	62
81	64
81	65
81	66
81	68
81	69
81	75
81	78
