1	16
1	18
1	32
1	52
1	63
1	64
2	34
2	59
2	69
2	73
2	74
2	76
3	19
3	63
3	71
3	72
3	79
3	80
4	9
4	41
4	49
4	68
4	70
4	76
5	22
5	30
5	51
5	55
5	62
5	81
6	23
6	48
6	56
6	74
6	75
6	80
7	45
7	53
7	72
7	73
7	78
7	79
8	44
8	49
8	61
8	67
8	70
8	77
9	4
9	21
9	57
9	63
9	74
9	75
10	35
10	44
10	55
10	62
10	69
10	81
11	20
11	66
11	72
11	77
11	78
11	80
12	27
12	43
12	61
12	72
12	76
12	77
13	14
13	34
13	39
13	40
13	49
13	81
14	13
14	37
14	58
14	66
14	68
14	81
15	39
15	58
15	65
15	67
15	78
15	80
16	1
16	27
16	29
16	40
16	59
16	72
17	39
17	46
17	69
17	73
17	76
17	81
18	1
18	24
18	28
18	29
18	74
18	75
19	3
19	41
19	63
19	68
19	70
19	76
20	11
20	25
20	66
20	70
20	80
20	81
21	9
21	27
21	59
21	62
21	77
21	81
22	5
22	43
22	58
22	61
22	64
22	71
22	72
23	6
23	37
23	47
23	71
23	74
23	75
23	80
24	18
24	27
24	29
24	32
24	44
24	66
24	75
25	20
25	60
25	62
25	63
25	71
25	72
25	80
26	29
26	31
26	41
26	61
26	63
26	71
26	72
27	12
27	16
27	21
27	24
27	32
27	51
27	73
28	18
28	40
28	56
28	76
28	77
28	78
28	79
29	16
29	18
29	24
29	26
29	49
29	53
29	61
30	5
30	37
30	53
30	55
30	57
30	78
30	79
31	26
31	51
31	57
31	62
31	66
31	69
31	80
32	1
32	24
32	27
32	52
32	57
32	62
32	65
33	47
33	57
33	60
33	74
33	75
33	78
33	81
34	2
34	13
34	55
34	59
34	67
34	74
34	81
35	10
35	53
35	57
35	70
35	71
35	74
35	75
36	38
36	56
36	58
36	64
36	70
36	74
36	76
36	81
37	14
37	23
37	30
37	41
37	55
37	62
37	65
37	70
38	36
38	41
38	46
38	48
38	59
38	78
38	80
38	81
39	13
39	15
39	17
39	47
39	57
39	74
39	75
39	77
40	13
40	16
40	28
40	68
40	69
40	73
40	76
40	80
41	4
41	19
41	26
41	37
41	38
41	45
41	63
41	81
42	45
42	49
42	60
42	62
42	64
42	77
42	78
42	79
43	12
43	22
43	47
43	48
43	51
43	63
43	69
43	71
44	8
44	10
44	24
44	50
44	52
44	76
44	77
44	79
45	7
45	41
45	42
45	46
45	59
45	67
45	76
45	77
45	81
46	17
46	38
46	45
46	49
46	56
46	59
46	63
46	76
46	81
47	23
47	33
47	39
47	43
47	54
47	70
47	74
47	75
47	77
47	80
48	6
48	38
48	43
48	52
48	53
48	64
48	77
48	78
48	79
48	80
49	4
49	8
49	13
49	29
49	42
49	46
49	56
49	77
49	78
49	79
50	44
50	54
50	60
50	61
50	65
50	66
50	67
50	68
50	70
50	80
50	81
51	5
51	27
51	31
51	43
51	54
51	62
51	65
51	67
51	74
51	78
51	80
52	1
52	32
52	44
52	48
52	56
52	59
52	69
52	77
52	78
52	79
52	81
53	7
53	29
53	30
53	35
53	48
53	60
53	68
53	69
53	77
53	78
53	81
54	47
54	50
54	51
54	60
54	65
54	66
54	67
54	69
54	71
54	74
54	78
55	5
55	10
55	30
55	34
55	37
55	62
55	73
55	77
55	78
55	79
55	81
56	6
56	28
56	36
56	46
56	49
56	52
56	61
56	66
56	77
56	78
56	79
57	9
57	30
57	31
57	32
57	33
57	35
57	39
57	61
57	68
57	74
57	75
57	76
58	14
58	15
58	22
58	36
58	68
58	69
58	70
58	71
58	73
58	75
58	76
58	78
59	2
59	16
59	21
59	34
59	38
59	45
59	46
59	52
59	63
59	67
59	72
59	81
60	25
60	33
60	42
60	50
60	53
60	54
60	64
60	65
60	66
60	67
60	72
60	80
61	8
61	12
61	22
61	26
61	29
61	50
61	56
61	57
61	63
61	71
61	72
61	80
62	5
62	10
62	21
62	25
62	31
62	32
62	37
62	42
62	51
62	55
62	75
62	81
63	1
63	3
63	9
63	19
63	25
63	26
63	41
63	43
63	46
63	59
63	61
63	72
64	1
64	22
64	36
64	42
64	48
64	60
64	68
64	69
64	70
64	73
64	76
64	77
64	79
65	15
65	32
65	37
65	50
65	51
65	54
65	60
65	67
65	70
65	73
65	79
65	80
65	81
66	11
66	14
66	20
66	24
66	31
66	50
66	54
66	56
66	60
66	71
66	72
66	76
66	80
67	8
67	15
67	34
67	45
67	50
67	51
67	54
67	59
67	60
67	65
67	71
67	73
67	79
67	80
68	4
68	14
68	19
68	40
68	50
68	53
68	57
68	58
68	64
68	69
68	73
68	74
68	78
68	79
69	2
69	10
69	17
69	31
69	40
69	43
69	52
69	53
69	54
69	58
69	64
69	68
69	70
69	74
70	4
70	8
70	19
70	20
70	35
70	36
70	37
70	47
70	50
70	58
70	64
70	65
70	69
70	73
70	76
71	3
71	22
71	23
71	25
71	26
71	35
71	43
71	54
71	58
71	61
71	66
71	67
71	72
71	76
71	79
72	3
72	7
72	11
72	12
72	16
72	22
72	25
72	26
72	59
72	60
72	61
72	63
72	66
72	71
72	75
72	77
72	81
73	2
73	7
73	17
73	27
73	40
73	55
73	58
73	64
73	65
73	67
73	68
73	70
73	75
73	76
73	79
73	80
73	81
74	2
74	6
74	9
74	18
74	23
74	33
74	34
74	35
74	36
74	39
74	47
74	51
74	54
74	57
74	68
74	69
74	75
74	79
75	6
75	9
75	18
75	23
75	24
75	33
75	35
75	39
75	47
75	57
75	58
75	62
75	72
75	73
75	74
75	77
75	78
75	79
76	2
76	4
76	12
76	17
76	19
76	28
76	36
76	40
76	44
76	45
76	46
76	57
76	58
76	64
76	66
76	70
76	71
76	73
76	79
76	80
77	8
77	11
77	12
77	21
77	28
77	39
77	42
77	44
77	45
77	47
77	48
77	49
77	52
77	53
77	55
77	56
77	64
77	72
77	75
77	78
77	79
77	81
78	7
78	11
78	15
78	28
78	30
78	33
78	38
78	42
78	48
78	49
78	51
78	52
78	53
78	54
78	55
78	56
78	58
78	68
78	75
78	77
78	79
78	80
79	3
79	7
79	28
79	30
79	42
79	44
79	48
79	49
79	52
79	55
79	56
79	64
79	65
79	67
79	68
79	71
79	73
79	74
79	75
79	76
79	77
79	78
80	3
80	6
80	11
80	15
80	20
80	23
80	25
80	31
80	38
80	40
80	47
80	48
80	50
80	51
80	60
80	61
80	65
80	66
80	67
80	73
80	76
80	78
80	81
81	5
81	10
81	13
81	14
81	17
81	20
81	21
81	33
81	34
81	36
81	38
81	41
81	45
81	46
81	50
81	52
81	53
81	55
81	59
81	62
81	65
81	72
81	73
81	77
81	80
