1	5
1	17
1	35
1	53
1	65
1	78
2	27
2	38
2	67
2	76
2	77
2	79
3	22
3	25
3	46
3	59
3	76
3	79
4	36
4	45
4	71
4	74
4	79
4	80
5	1
5	9
5	16
5	29
5	35
5	69
6	15
6	62
6	70
6	72
6	78
6	80
7	34
7	56
7	68
7	70
7	75
7	81
8	12
8	40
8	56
8	57
8	62
8	78
9	5
9	11
9	19
9	30
9	32
9	61
10	13
10	23
10	30
10	58
10	76
10	81
11	9
11	31
11	50
11	59
11	73
11	79
12	8
12	45
12	48
12	56
12	59
12	80
13	10
13	29
13	59
13	60
13	61
13	63
14	15
14	47
14	50
14	60
14	62
14	65
15	6
15	14
15	34
15	38
15	59
15	61
16	5
16	20
16	44
16	70
16	72
16	80
17	1
17	49
17	69
17	72
17	78
17	81
18	20
18	26
18	43
18	55
18	58
18	73
19	9
19	35
19	38
19	57
19	78
19	81
20	16
20	18
20	43
20	66
20	74
20	75
21	45
21	46
21	63
21	68
21	77
21	81
22	3
22	54
22	64
22	70
22	74
22	79
23	10
23	28
23	43
23	54
23	66
23	79
24	36
24	54
24	66
24	69
24	73
24	76
25	3
25	26
25	34
25	49
25	65
25	71
25	75
26	18
26	25
26	37
26	57
26	60
26	62
26	79
27	2
27	40
27	52
27	64
27	67
27	75
27	80
28	23
28	37
28	56
28	71
28	75
28	76
28	81
29	5
29	13
29	35
29	41
29	48
29	60
29	72
30	9
30	10
30	39
30	51
30	56
30	59
30	80
31	11
31	39
31	60
31	71
31	75
31	76
31	81
32	9
32	33
32	42
32	50
32	70
32	71
32	78
33	32
33	37
33	63
33	73
33	74
33	75
33	77
34	7
34	15
34	25
34	41
34	52
34	56
34	74
35	1
35	5
35	19
35	29
35	44
35	60
35	61
35	66
36	4
36	24
36	39
36	43
36	46
36	54
36	66
36	68
37	26
37	28
37	33
37	48
37	59
37	65
37	79
37	80
38	2
38	15
38	19
38	45
38	46
38	55
38	60
38	77
39	30
39	31
39	36
39	59
39	64
39	70
39	80
39	81
40	8
40	27
40	45
40	50
40	63
40	64
40	65
40	74
41	29
41	34
41	42
41	44
41	60
41	61
41	72
41	76
42	32
42	41
42	46
42	62
42	69
42	78
42	79
42	80
43	18
43	20
43	23
43	36
43	44
43	54
43	62
43	66
43	74
44	16
44	35
44	41
44	43
44	55
44	60
44	61
44	67
44	73
45	4
45	12
45	21
45	38
45	40
45	58
45	59
45	74
45	76
46	3
46	21
46	36
46	38
46	42
46	53
46	63
46	67
46	77
47	14
47	57
47	58
47	64
47	68
47	70
47	76
47	80
47	81
48	12
48	29
48	37
48	52
48	54
48	56
48	63
48	77
48	80
49	17
49	25
49	50
49	51
49	55
49	67
49	73
49	77
49	81
50	11
50	14
50	32
50	40
50	49
50	71
50	74
50	75
50	76
51	30
51	49
51	61
51	68
51	71
51	75
51	76
51	78
51	80
51	81
52	27
52	34
52	48
52	58
52	61
52	64
52	70
52	72
52	74
52	77
53	1
53	46
53	55
53	58
53	71
53	74
53	75
53	76
53	79
53	81
54	22
54	23
54	24
54	36
54	43
54	48
54	66
54	69
54	72
54	79
55	18
55	38
55	44
55	49
55	53
55	67
55	70
55	73
55	78
55	81
56	7
56	8
56	12
56	28
56	30
56	34
56	48
56	64
56	70
56	72
56	77
57	8
57	19
57	26
57	47
57	62
57	69
57	71
57	77
57	78
57	80
57	81
58	10
58	18
58	45
58	47
58	52
58	53
58	67
58	71
58	73
58	78
58	81
59	3
59	11
59	12
59	13
59	15
59	30
59	37
59	39
59	45
59	64
59	79
60	13
60	14
60	26
60	29
60	31
60	35
60	38
60	41
60	44
60	61
60	79
61	9
61	13
61	15
61	35
61	41
61	44
61	51
61	52
61	60
61	68
61	72
62	6
62	8
62	14
62	26
62	42
62	43
62	57
62	63
62	68
62	69
62	78
63	13
63	21
63	33
63	40
63	46
63	48
63	62
63	67
63	70
63	73
63	77
64	22
64	27
64	39
64	40
64	47
64	52
64	56
64	59
64	72
64	77
64	80
64	81
65	1
65	14
65	25
65	37
65	40
65	67
65	69
65	74
65	78
65	79
65	80
65	81
66	20
66	23
66	24
66	35
66	36
66	43
66	54
66	67
66	69
66	72
66	76
66	80
67	2
67	27
67	44
67	46
67	49
67	55
67	58
67	63
67	65
67	66
67	73
67	80
68	7
68	21
68	36
68	47
68	51
68	61
68	62
68	75
68	76
68	77
68	79
68	81
69	5
69	17
69	24
69	42
69	54
69	57
69	62
69	65
69	66
69	73
69	78
69	79
70	6
70	7
70	16
70	22
70	32
70	39
70	47
70	52
70	55
70	56
70	63
70	72
70	80
71	4
71	25
71	28
71	31
71	32
71	50
71	51
71	53
71	57
71	58
71	73
71	75
71	78
71	81
72	6
72	16
72	17
72	29
72	41
72	52
72	54
72	56
72	61
72	64
72	66
72	70
72	75
72	80
73	11
73	18
73	24
73	33
73	44
73	49
73	55
73	58
73	63
73	67
73	69
73	71
73	77
73	80
74	4
74	20
74	22
74	33
74	34
74	40
74	43
74	45
74	50
74	52
74	53
74	65
74	77
74	78
74	79
74	81
75	7
75	20
75	25
75	27
75	28
75	31
75	33
75	50
75	51
75	53
75	68
75	71
75	72
75	76
75	77
75	78
75	81
76	2
76	3
76	10
76	24
76	28
76	31
76	41
76	45
76	47
76	50
76	51
76	53
76	66
76	68
76	75
76	79
76	81
77	2
77	21
77	33
77	38
77	46
77	48
77	49
77	52
77	56
77	57
77	63
77	64
77	68
77	73
77	74
77	75
77	81
78	1
78	6
78	8
78	17
78	19
78	32
78	42
78	51
78	55
78	57
78	58
78	62
78	65
78	69
78	71
78	74
78	75
78	80
79	2
79	3
79	4
79	11
79	22
79	23
79	26
79	37
79	42
79	53
79	54
79	59
79	60
79	65
79	68
79	69
79	74
79	76
80	4
80	6
80	12
80	16
80	27
80	30
80	37
80	39
80	42
80	47
80	48
80	51
80	57
80	64
80	65
80	66
80	67
80	70
80	72
80	73
80	78
80	81
81	7
81	10
81	17
81	19
81	21
81	28
81	31
81	39
81	47
81	49
81	51
81	53
81	55
81	57
81	58
81	64
81	65
81	68
81	71
81	74
81	75
81	76
81	77
81	80
