1	29
1	38
1	48
1	57
1	65
1	81
2	19
2	22
2	34
2	69
2	72
2	80
3	54
3	58
3	59
3	72
3	74
3	78
4	51
4	52
4	67
4	69
4	72
4	78
5	26
5	50
5	60
5	61
5	65
5	77
6	11
6	21
6	37
6	48
6	57
6	69
7	24
7	46
7	53
7	65
7	68
7	71
8	42
8	43
8	50
8	62
8	63
8	79
9	18
9	25
9	35
9	37
9	42
9	64
10	31
10	58
10	68
10	69
10	76
10	80
11	6
11	26
11	48
11	70
11	73
11	80
12	16
12	27
12	28
12	37
12	79
12	80
13	37
13	56
13	58
13	60
13	62
13	70
14	16
14	29
14	36
14	55
14	79
14	80
15	27
15	46
15	56
15	65
15	75
15	80
16	12
16	14
16	61
16	65
16	73
16	81
17	32
17	48
17	49
17	56
17	60
17	78
18	9
18	59
18	61
18	71
18	77
18	80
19	2
19	23
19	68
19	74
19	76
19	79
20	67
20	68
20	69
20	75
20	76
20	78
21	6
21	50
21	57
21	78
21	80
21	81
22	2
22	33
22	44
22	60
22	71
22	74
23	19
23	41
23	62
23	65
23	77
23	79
24	7
24	32
24	56
24	66
24	69
24	78
25	9
25	27
25	49
25	73
25	74
25	76
26	5
26	11
26	59
26	60
26	62
26	64
26	66
27	12
27	15
27	25
27	38
27	70
27	73
27	78
28	12
28	56
28	58
28	62
28	70
28	75
28	81
29	1
29	14
29	43
29	61
29	71
29	80
29	81
30	31
30	38
30	42
30	52
30	74
30	75
30	77
31	10
31	30
31	48
31	54
31	63
31	75
31	81
32	17
32	24
32	33
32	50
32	52
32	56
32	62
32	68
33	22
33	32
33	41
33	47
33	69
33	72
33	76
33	77
34	2
34	40
34	46
34	57
34	64
34	69
34	71
34	77
35	9
35	46
35	55
35	61
35	73
35	74
35	76
35	81
36	14
36	39
36	44
36	45
36	49
36	66
36	74
36	77
37	6
37	9
37	12
37	13
37	39
37	73
37	77
37	81
38	1
38	27
38	30
38	39
38	51
38	58
38	73
38	81
39	36
39	37
39	38
39	64
39	66
39	74
39	76
39	79
40	34
40	45
40	49
40	59
40	64
40	67
40	78
40	81
41	23
41	33
41	57
41	67
41	68
41	71
41	72
41	76
41	80
42	8
42	9
42	30
42	44
42	46
42	47
42	52
42	70
42	77
43	8
43	29
43	53
43	62
43	63
43	67
43	68
43	69
43	72
44	22
44	36
44	42
44	47
44	59
44	65
44	74
44	76
44	78
45	36
45	40
45	46
45	50
45	51
45	58
45	63
45	75
45	80
46	7
46	15
46	34
46	35
46	42
46	45
46	64
46	71
46	76
46	78
47	33
47	42
47	44
47	50
47	51
47	59
47	65
47	71
47	75
47	79
48	1
48	6
48	11
48	17
48	31
48	60
48	61
48	64
48	71
48	73
48	81
49	17
49	25
49	36
49	40
49	54
49	58
49	59
49	70
49	78
49	79
49	81
50	5
50	8
50	21
50	32
50	45
50	47
50	56
50	57
50	60
50	62
50	73
51	4
51	38
51	45
51	47
51	52
51	55
51	63
51	73
51	77
51	79
51	80
52	4
52	30
52	32
52	42
52	51
52	59
52	66
52	69
52	71
52	74
52	78
53	7
53	43
53	58
53	59
53	65
53	68
53	69
53	72
53	76
53	79
53	81
54	3
54	31
54	49
54	55
54	58
54	62
54	72
54	73
54	77
54	80
54	81
55	14
55	35
55	51
55	54
55	58
55	59
55	66
55	69
55	70
55	77
55	81
56	13
56	15
56	17
56	24
56	28
56	32
56	50
56	60
56	62
56	70
56	79
57	1
57	6
57	21
57	34
57	41
57	50
57	63
57	68
57	70
57	78
57	79
57	80
58	3
58	10
58	13
58	28
58	38
58	45
58	49
58	53
58	54
58	55
58	70
58	72
58	81
59	3
59	18
59	26
59	40
59	44
59	47
59	49
59	52
59	53
59	55
59	70
59	74
59	78
60	5
60	13
60	17
60	22
60	26
60	48
60	50
60	56
60	62
60	73
60	75
60	80
60	81
61	5
61	16
61	18
61	29
61	35
61	48
61	63
61	65
61	70
61	73
61	78
61	80
61	81
62	8
62	13
62	23
62	26
62	28
62	32
62	43
62	50
62	54
62	56
62	60
62	65
62	79
63	8
63	31
63	43
63	45
63	51
63	57
63	61
63	67
63	69
63	73
63	74
63	75
63	77
63	79
64	9
64	26
64	34
64	39
64	40
64	46
64	48
64	71
64	74
64	77
64	78
64	79
64	80
64	81
65	1
65	5
65	7
65	15
65	16
65	23
65	44
65	47
65	53
65	61
65	62
65	75
65	77
65	79
66	24
66	26
66	36
66	39
66	52
66	55
66	70
66	71
66	72
66	74
66	76
66	77
66	78
66	80
67	4
67	20
67	40
67	41
67	43
67	63
67	68
67	69
67	70
67	72
67	74
67	75
67	76
67	79
67	81
68	7
68	10
68	19
68	20
68	32
68	41
68	43
68	53
68	57
68	67
68	72
68	73
68	75
68	80
68	81
69	2
69	4
69	6
69	10
69	20
69	24
69	33
69	34
69	43
69	52
69	53
69	55
69	63
69	67
69	76
69	77
70	11
70	13
70	27
70	28
70	42
70	49
70	55
70	56
70	57
70	58
70	59
70	61
70	66
70	67
70	76
70	81
71	7
71	18
71	22
71	29
71	34
71	41
71	46
71	47
71	48
71	52
71	64
71	66
71	73
71	75
71	78
71	80
72	2
72	3
72	4
72	33
72	41
72	43
72	53
72	54
72	58
72	66
72	67
72	68
72	75
72	76
72	78
72	80
73	11
73	16
73	25
73	27
73	35
73	37
73	38
73	48
73	50
73	51
73	54
73	60
73	61
73	63
73	68
73	71
73	79
74	3
74	19
74	22
74	25
74	30
74	35
74	36
74	39
74	44
74	52
74	59
74	63
74	64
74	66
74	67
74	76
74	79
75	15
75	20
75	28
75	30
75	31
75	45
75	47
75	60
75	63
75	65
75	67
75	68
75	71
75	72
75	77
75	78
75	79
75	80
76	10
76	19
76	20
76	25
76	33
76	35
76	39
76	41
76	44
76	46
76	53
76	66
76	67
76	69
76	70
76	72
76	74
76	78
77	5
77	18
77	23
77	30
77	33
77	34
77	36
77	37
77	42
77	51
77	54
77	55
77	63
77	64
77	65
77	66
77	69
77	75
77	80
77	81
78	3
78	4
78	17
78	20
78	21
78	24
78	27
78	40
78	44
78	46
78	49
78	52
78	57
78	59
78	61
78	64
78	66
78	71
78	72
78	75
78	76
79	8
79	12
79	14
79	19
79	23
79	39
79	47
79	49
79	51
79	53
79	56
79	57
79	62
79	63
79	64
79	65
79	67
79	73
79	74
79	75
79	80
79	81
80	2
80	10
80	11
80	12
80	14
80	15
80	18
80	21
80	29
80	41
80	45
80	51
80	54
80	57
80	60
80	61
80	64
80	66
80	68
80	71
80	72
80	75
80	77
80	79
81	1
81	16
81	21
81	28
81	29
81	31
81	35
81	37
81	38
81	40
81	48
81	49
81	53
81	54
81	55
81	58
81	60
81	61
81	64
81	67
81	68
81	70
81	77
81	79
