1	37
1	48
1	51
1	62
1	70
1	72
2	31
2	54
2	57
2	68
2	70
2	78
3	39
3	52
3	63
3	65
3	69
3	78
4	11
4	15
4	57
4	59
4	72
4	77
5	24
5	46
5	52
5	56
5	59
5	61
6	9
6	39
6	40
6	41
6	45
6	80
7	55
7	59
7	62
7	70
7	72
7	78
8	16
8	54
8	63
8	71
8	72
8	76
9	6
9	60
9	66
9	76
9	79
9	80
10	23
10	37
10	45
10	74
10	75
10	81
11	4
11	15
11	32
11	58
11	59
11	78
12	18
12	36
12	45
12	50
12	74
12	75
13	20
13	24
13	50
13	52
13	59
13	72
14	36
14	45
14	52
14	60
14	68
14	76
15	4
15	11
15	58
15	59
15	70
15	80
16	8
16	40
16	47
16	49
16	72
16	78
17	30
17	43
17	65
17	69
17	73
17	81
18	12
18	27
18	51
18	70
18	74
18	79
18	80
19	48
19	59
19	70
19	71
19	74
19	75
19	79
20	13
20	56
20	67
20	69
20	73
20	76
20	77
21	32
21	37
21	59
21	62
21	68
21	75
21	79
22	29
22	31
22	40
22	43
22	45
22	50
22	74
23	10
23	38
23	49
23	66
23	72
23	78
23	80
24	5
24	13
24	46
24	52
24	54
24	57
24	79
25	38
25	47
25	50
25	57
25	64
25	68
25	74
26	51
26	53
26	58
26	73
26	74
26	76
26	77
27	18
27	34
27	53
27	58
27	64
27	69
27	73
28	34
28	44
28	60
28	73
28	74
28	76
28	81
29	22
29	34
29	44
29	62
29	71
29	74
29	81
30	17
30	33
30	45
30	50
30	53
30	66
30	67
30	68
31	2
31	22
31	39
31	40
31	45
31	60
31	61
31	73
32	11
32	21
32	43
32	48
32	57
32	68
32	69
32	81
33	30
33	38
33	42
33	70
33	75
33	79
33	80
33	81
34	27
34	28
34	29
34	59
34	71
34	77
34	80
34	81
35	44
35	46
35	58
35	60
35	69
35	75
35	77
35	79
35	81
36	12
36	14
36	39
36	43
36	47
36	60
36	73
36	76
36	77
37	1
37	10
37	21
37	38
37	56
37	61
37	65
37	67
37	78
38	23
38	25
38	33
38	37
38	47
38	48
38	53
38	65
38	81
39	3
39	6
39	31
39	36
39	40
39	45
39	73
39	79
39	81
40	6
40	16
40	22
40	31
40	39
40	45
40	64
40	67
40	80
41	6
41	48
41	49
41	54
41	68
41	72
41	79
41	80
41	81
42	33
42	57
42	64
42	66
42	69
42	71
42	72
42	76
42	77
42	80
43	17
43	22
43	32
43	36
43	64
43	66
43	70
43	74
43	79
43	80
44	28
44	29
44	35
44	51
44	63
44	65
44	71
44	73
44	77
44	78
45	6
45	10
45	12
45	14
45	22
45	30
45	31
45	39
45	40
45	73
46	5
46	24
46	35
46	51
46	57
46	73
46	75
46	76
46	77
46	81
47	16
47	25
47	36
47	38
47	50
47	65
47	67
47	69
47	75
47	80
48	1
48	19
48	32
48	38
48	41
48	49
48	67
48	70
48	77
48	79
49	16
49	23
49	41
49	48
49	55
49	63
49	64
49	65
49	66
49	73
49	77
50	12
50	13
50	22
50	25
50	30
50	47
50	65
50	68
50	69
50	75
50	79
51	1
51	18
51	26
51	44
51	46
51	54
51	56
51	68
51	73
51	76
51	77
52	3
52	5
52	13
52	14
52	24
52	59
52	63
52	69
52	71
52	76
52	81
53	26
53	27
53	30
53	38
53	58
53	60
53	63
53	65
53	72
53	77
53	78
54	2
54	8
54	24
54	41
54	51
54	55
54	58
54	60
54	64
54	66
54	79
55	7
55	49
55	54
55	57
55	58
55	66
55	68
55	69
55	74
55	78
55	79
55	80
56	5
56	20
56	37
56	51
56	61
56	62
56	63
56	65
56	68
56	72
56	77
56	78
57	2
57	4
57	24
57	25
57	32
57	42
57	46
57	55
57	64
57	70
57	76
57	80
58	11
58	15
58	26
58	27
58	35
58	53
58	54
58	55
58	61
58	67
58	71
58	75
58	81
59	4
59	5
59	7
59	11
59	13
59	15
59	19
59	21
59	34
59	52
59	67
59	74
59	76
60	9
60	14
60	28
60	31
60	35
60	36
60	53
60	54
60	73
60	76
60	77
60	78
60	79
61	5
61	31
61	37
61	56
61	58
61	67
61	69
61	70
61	71
61	74
61	75
61	76
61	78
61	81
62	1
62	7
62	21
62	29
62	56
62	63
62	65
62	68
62	69
62	70
62	71
62	72
62	75
62	78
63	3
63	8
63	44
63	49
63	52
63	53
63	56
63	62
63	71
63	72
63	73
63	75
63	78
63	79
64	25
64	27
64	40
64	42
64	43
64	49
64	54
64	57
64	66
64	69
64	70
64	71
64	72
64	73
64	75
64	79
65	3
65	17
65	37
65	38
65	44
65	47
65	49
65	50
65	53
65	56
65	62
65	66
65	67
65	72
65	78
65	80
66	9
66	23
66	30
66	42
66	43
66	49
66	54
66	55
66	64
66	65
66	72
66	74
66	76
66	78
66	80
66	81
67	20
67	30
67	37
67	40
67	47
67	48
67	58
67	59
67	61
67	65
67	69
67	71
67	74
67	75
67	77
67	79
67	81
68	2
68	14
68	21
68	25
68	30
68	32
68	41
68	50
68	51
68	55
68	56
68	62
68	70
68	71
68	74
68	75
68	78
68	81
69	3
69	17
69	20
69	27
69	32
69	35
69	42
69	47
69	50
69	52
69	55
69	61
69	62
69	64
69	67
69	71
69	73
69	74
69	78
70	1
70	2
70	7
70	15
70	18
70	19
70	33
70	43
70	48
70	57
70	61
70	62
70	64
70	68
70	73
70	75
70	77
70	79
70	80
71	8
71	19
71	29
71	34
71	42
71	44
71	52
71	58
71	61
71	62
71	63
71	64
71	67
71	68
71	69
71	72
71	74
71	75
71	80
71	81
72	1
72	4
72	7
72	8
72	13
72	16
72	23
72	41
72	42
72	53
72	56
72	62
72	63
72	64
72	65
72	66
72	71
72	75
72	78
72	80
73	17
73	20
73	26
73	27
73	28
73	31
73	36
73	39
73	44
73	45
73	46
73	49
73	51
73	60
73	63
73	64
73	69
73	70
73	76
73	77
74	10
74	12
74	18
74	19
74	22
74	25
74	26
74	28
74	29
74	43
74	55
74	59
74	61
74	66
74	67
74	68
74	69
74	71
74	76
74	80
74	81
75	10
75	12
75	19
75	21
75	33
75	35
75	46
75	47
75	50
75	58
75	61
75	62
75	63
75	64
75	67
75	68
75	70
75	71
75	72
75	78
75	81
76	8
76	9
76	14
76	20
76	26
76	28
76	36
76	42
76	46
76	51
76	52
76	57
76	59
76	60
76	61
76	66
76	73
76	74
76	77
76	78
76	79
77	4
77	20
77	26
77	34
77	35
77	36
77	42
77	44
77	46
77	48
77	49
77	51
77	53
77	56
77	60
77	67
77	70
77	73
77	76
77	79
77	80
78	2
78	3
78	7
78	11
78	16
78	23
78	37
78	44
78	53
78	55
78	56
78	60
78	61
78	62
78	63
78	65
78	66
78	68
78	69
78	72
78	75
78	76
79	9
79	18
79	19
79	21
79	24
79	33
79	35
79	39
79	41
79	43
79	48
79	50
79	54
79	55
79	60
79	63
79	64
79	67
79	70
79	76
79	77
79	80
79	81
80	6
80	9
80	15
80	18
80	23
80	33
80	34
80	40
80	41
80	42
80	43
80	47
80	55
80	57
80	65
80	66
80	70
80	71
80	72
80	74
80	77
80	79
80	81
81	10
81	17
81	28
81	29
81	32
81	33
81	34
81	35
81	38
81	39
81	41
81	46
81	52
81	58
81	61
81	66
81	67
81	68
81	71
81	74
81	75
81	79
81	80
