1	3
1	23
1	28
1	61
1	68
1	77
2	19
2	47
2	64
2	73
2	77
2	81
3	1
3	13
3	19
3	21
3	51
3	78
4	9
4	36
4	53
4	62
4	80
4	81
5	44
5	45
5	52
5	66
5	67
5	81
6	49
6	75
6	76
6	78
6	79
6	80
7	29
7	40
7	43
7	58
7	64
7	67
8	14
8	52
8	59
8	76
8	80
8	81
9	4
9	12
9	17
9	30
9	51
9	62
10	11
10	36
10	56
10	68
10	72
10	80
11	10
11	35
11	37
11	48
11	57
11	63
12	9
12	13
12	51
12	63
12	65
12	67
13	3
13	12
13	30
13	76
13	77
13	81
14	8
14	17
14	18
14	32
14	50
14	55
15	24
15	47
15	61
15	66
15	71
15	74
16	32
16	41
16	54
16	71
16	78
16	79
17	9
17	14
17	32
17	52
17	68
17	78
18	14
18	42
18	69
18	73
18	80
18	81
19	2
19	3
19	30
19	51
19	72
19	74
20	24
20	34
20	60
20	66
20	78
20	79
21	3
21	40
21	53
21	56
21	57
21	65
21	79
22	56
22	60
22	63
22	70
22	73
22	77
22	80
23	1
23	25
23	45
23	63
23	64
23	68
23	69
24	15
24	20
24	44
24	46
24	63
24	66
24	68
25	23
25	47
25	54
25	63
25	72
25	73
25	81
26	66
26	71
26	72
26	75
26	77
26	78
26	79
27	50
27	53
27	56
27	74
27	76
27	77
27	81
28	1
28	32
28	34
28	37
28	38
28	60
28	68
29	7
29	38
29	58
29	60
29	65
29	74
29	76
30	9
30	13
30	19
30	41
30	51
30	73
30	79
31	36
31	59
31	68
31	71
31	78
31	79
31	81
32	14
32	16
32	17
32	28
32	68
32	74
32	76
33	45
33	50
33	54
33	56
33	63
33	76
33	77
34	20
34	28
34	47
34	49
34	64
34	65
34	70
34	77
35	11
35	44
35	58
35	64
35	71
35	75
35	78
35	79
36	4
36	10
36	31
36	38
36	59
36	66
36	74
36	76
37	11
37	28
37	54
37	61
37	63
37	68
37	70
37	81
38	28
38	29
38	36
38	62
38	65
38	70
38	76
38	78
39	40
39	46
39	48
39	60
39	73
39	75
39	78
39	79
40	7
40	21
40	39
40	56
40	65
40	69
40	74
40	76
40	80
41	16
41	30
41	42
41	53
41	57
41	58
41	70
41	72
41	77
42	18
42	41
42	44
42	50
42	58
42	67
42	68
42	77
42	80
43	7
43	48
43	54
43	60
43	61
43	72
43	74
43	80
43	81
44	5
44	24
44	35
44	42
44	45
44	46
44	65
44	66
44	75
45	5
45	23
45	33
45	44
45	46
45	47
45	66
45	79
45	81
46	24
46	39
46	44
46	45
46	51
46	57
46	66
46	72
46	81
47	2
47	15
47	25
47	34
47	45
47	54
47	66
47	70
47	80
48	11
48	39
48	43
48	57
48	60
48	62
48	67
48	70
48	78
48	80
49	6
49	34
49	61
49	64
49	67
49	69
49	70
49	71
49	73
49	81
50	14
50	27
50	33
50	42
50	54
50	57
50	63
50	66
50	68
50	78
51	3
51	9
51	12
51	19
51	30
51	46
51	64
51	70
51	72
51	75
52	5
52	8
52	17
52	60
52	63
52	69
52	72
52	77
52	80
52	81
53	4
53	21
53	27
53	41
53	59
53	69
53	71
53	73
53	74
53	75
53	76
54	16
54	25
54	33
54	37
54	43
54	47
54	50
54	59
54	63
54	67
54	79
55	14
55	57
55	61
55	62
55	67
55	69
55	71
55	72
55	76
55	79
55	81
56	10
56	21
56	22
56	27
56	33
56	40
56	59
56	73
56	74
56	75
56	76
56	80
57	11
57	21
57	41
57	46
57	48
57	50
57	55
57	61
57	66
57	71
57	79
57	81
58	7
58	29
58	35
58	41
58	42
58	59
58	65
58	67
58	73
58	74
58	75
58	78
59	8
59	31
59	36
59	53
59	54
59	56
59	58
59	62
59	65
59	74
59	76
59	78
60	20
60	22
60	28
60	29
60	39
60	43
60	48
60	52
60	71
60	75
60	78
60	79
61	1
61	15
61	37
61	43
61	49
61	55
61	57
61	62
61	69
61	71
61	76
61	77
61	81
62	4
62	9
62	38
62	48
62	55
62	59
62	61
62	64
62	68
62	72
62	78
62	79
62	80
62	81
63	11
63	12
63	22
63	23
63	24
63	25
63	33
63	37
63	50
63	52
63	54
63	68
63	70
63	71
64	2
64	7
64	23
64	34
64	35
64	49
64	51
64	62
64	69
64	70
64	72
64	73
64	77
64	80
65	12
65	21
65	29
65	34
65	38
65	40
65	44
65	58
65	59
65	68
65	72
65	74
65	76
65	77
66	5
66	15
66	20
66	24
66	26
66	36
66	44
66	45
66	46
66	47
66	50
66	57
66	67
66	79
67	5
67	7
67	12
67	42
67	48
67	49
67	54
67	55
67	58
67	66
67	68
67	70
67	73
67	75
67	77
68	1
68	10
68	17
68	23
68	24
68	28
68	31
68	32
68	37
68	42
68	50
68	62
68	63
68	65
68	67
69	18
69	23
69	40
69	49
69	52
69	53
69	55
69	61
69	64
69	72
69	75
69	76
69	78
69	80
69	81
70	22
70	34
70	37
70	38
70	41
70	47
70	48
70	49
70	51
70	63
70	64
70	67
70	73
70	75
70	77
70	80
71	15
71	16
71	26
71	31
71	35
71	49
71	53
71	55
71	57
71	60
71	61
71	63
71	73
71	75
71	78
71	79
72	10
72	19
72	25
72	26
72	41
72	43
72	46
72	51
72	52
72	55
72	62
72	64
72	65
72	69
72	80
72	81
73	2
73	18
73	22
73	25
73	30
73	39
73	49
73	53
73	56
73	58
73	64
73	67
73	70
73	71
73	77
73	80
74	15
74	19
74	27
74	29
74	32
74	36
74	40
74	43
74	53
74	56
74	58
74	59
74	65
74	75
74	76
74	80
74	81
75	6
75	26
75	35
75	39
75	44
75	51
75	53
75	56
75	58
75	60
75	67
75	69
75	70
75	71
75	74
75	78
75	79
76	6
76	8
76	13
76	27
76	29
76	32
76	33
76	36
76	38
76	40
76	53
76	55
76	56
76	59
76	61
76	65
76	69
76	74
76	79
77	1
77	2
77	13
77	22
77	26
77	27
77	33
77	34
77	41
77	42
77	52
77	61
77	64
77	65
77	67
77	70
77	73
77	79
77	80
78	3
78	6
78	16
78	17
78	20
78	26
78	31
78	35
78	38
78	39
78	48
78	50
78	58
78	59
78	60
78	62
78	69
78	71
78	75
78	79
78	80
78	81
79	6
79	16
79	20
79	21
79	26
79	30
79	31
79	35
79	39
79	45
79	54
79	55
79	57
79	60
79	62
79	66
79	71
79	75
79	76
79	77
79	78
79	81
80	4
80	6
80	8
80	10
80	18
80	22
80	40
80	42
80	43
80	47
80	48
80	52
80	56
80	62
80	64
80	69
80	70
80	72
80	73
80	74
80	77
80	78
80	81
81	2
81	4
81	5
81	8
81	13
81	18
81	25
81	27
81	31
81	37
81	43
81	45
81	46
81	49
81	52
81	55
81	57
81	61
81	62
81	69
81	72
81	74
81	78
81	79
81	80
