1	32
1	69
1	70
1	76
1	77
1	81
2	10
2	42
2	58
2	74
2	75
2	77
3	41
3	44
3	48
3	61
3	75
3	77
4	10
4	38
4	49
4	62
4	65
4	76
5	9
5	53
5	57
5	60
5	62
5	63
6	35
6	48
6	61
6	65
6	78
6	80
7	46
7	52
7	55
7	69
7	78
7	80
8	28
8	46
8	58
8	66
8	72
8	80
9	5
9	23
9	36
9	59
9	68
9	76
10	2
10	4
10	42
10	51
10	65
10	74
11	15
11	29
11	58
11	72
11	78
11	80
12	48
12	53
12	66
12	67
12	73
12	79
13	43
13	51
13	72
13	73
13	74
13	77
14	15
14	16
14	17
14	75
14	76
14	77
15	11
15	14
15	69
15	71
15	78
15	79
16	14
16	36
16	43
16	50
16	64
16	70
16	73
17	14
17	33
17	66
17	71
17	75
17	77
17	80
18	20
18	36
18	43
18	45
18	48
18	50
18	70
19	34
19	46
19	47
19	55
19	58
19	72
19	74
20	18
20	30
20	43
20	50
20	54
20	58
20	79
21	36
21	46
21	49
21	54
21	65
21	73
21	79
22	25
22	32
22	35
22	40
22	73
22	78
22	80
23	9
23	32
23	46
23	49
23	53
23	64
23	70
24	27
24	45
24	50
24	61
24	76
24	78
24	80
25	22
25	37
25	45
25	52
25	67
25	75
25	77
26	31
26	60
26	71
26	72
26	73
26	79
26	81
27	24
27	36
27	64
27	69
27	72
27	74
27	79
27	81
28	8
28	68
28	71
28	76
28	77
28	78
28	79
28	81
29	11
29	57
29	60
29	75
29	76
29	78
29	80
29	81
30	20
30	36
30	43
30	50
30	59
30	62
30	80
30	81
31	26
31	44
31	53
31	56
31	57
31	62
31	66
31	73
32	1
32	22
32	23
32	55
32	58
32	73
32	74
32	77
33	17
33	35
33	56
33	57
33	68
33	70
33	75
33	80
34	19
34	44
34	56
34	62
34	68
34	69
34	70
34	72
34	81
35	6
35	22
35	33
35	61
35	63
35	66
35	67
35	68
35	79
36	9
36	16
36	18
36	21
36	27
36	30
36	50
36	65
36	68
37	25
37	40
37	41
37	63
37	66
37	73
37	74
37	77
37	79
38	4
38	41
38	42
38	51
38	52
38	54
38	63
38	75
38	77
39	44
39	47
39	53
39	57
39	62
39	64
39	69
39	78
39	81
40	22
40	37
40	53
40	55
40	57
40	60
40	61
40	67
40	71
40	80
41	3
41	37
41	38
41	45
41	52
41	56
41	73
41	75
41	77
41	78
42	2
42	10
42	38
42	52
42	61
42	63
42	69
42	70
42	75
42	77
43	13
43	16
43	18
43	20
43	30
43	50
43	69
43	72
43	74
43	81
44	3
44	31
44	34
44	39
44	53
44	57
44	62
44	76
44	80
44	81
45	18
45	24
45	25
45	41
45	47
45	60
45	61
45	66
45	78
45	80
46	7
46	8
46	19
46	21
46	23
46	49
46	51
46	54
46	65
46	78
47	19
47	39
47	45
47	59
47	64
47	67
47	69
47	70
47	76
47	81
48	3
48	6
48	12
48	18
48	55
48	57
48	67
48	71
48	76
48	81
49	4
49	21
49	23
49	46
49	51
49	52
49	54
49	65
49	68
49	72
49	74
50	16
50	18
50	20
50	24
50	30
50	36
50	43
50	53
50	56
50	64
50	75
51	10
51	13
51	38
51	46
51	49
51	54
51	58
51	59
51	61
51	65
51	80
52	7
52	25
52	38
52	41
52	42
52	49
52	74
52	75
52	76
52	77
52	81
53	5
53	12
53	23
53	31
53	39
53	40
53	44
53	50
53	57
53	62
53	80
54	20
54	21
54	38
54	46
54	49
54	51
54	55
54	65
54	71
54	72
54	81
55	7
55	19
55	32
55	40
55	48
55	54
55	60
55	66
55	68
55	78
55	80
56	31
56	33
56	34
56	41
56	50
56	64
56	67
56	68
56	70
56	72
56	78
57	5
57	29
57	31
57	33
57	39
57	40
57	44
57	48
57	53
57	62
57	75
57	79
58	2
58	8
58	11
58	19
58	20
58	32
58	51
58	59
58	68
58	70
58	76
58	78
59	9
59	30
59	47
59	51
59	58
59	60
59	63
59	67
59	72
59	73
59	74
59	79
60	5
60	26
60	29
60	40
60	45
60	55
60	59
60	66
60	68
60	78
60	80
60	81
61	3
61	6
61	24
61	35
61	40
61	42
61	45
61	51
61	64
61	74
61	76
61	78
61	80
62	4
62	5
62	30
62	31
62	34
62	39
62	44
62	53
62	57
62	71
62	73
62	74
62	81
63	5
63	35
63	37
63	38
63	42
63	59
63	66
63	67
63	71
63	72
63	73
63	74
63	78
64	16
64	23
64	27
64	39
64	47
64	50
64	56
64	61
64	67
64	75
64	76
64	79
64	81
65	4
65	6
65	10
65	21
65	36
65	46
65	49
65	51
65	54
65	68
65	75
65	78
65	79
66	8
66	12
66	17
66	31
66	35
66	37
66	45
66	55
66	60
66	63
66	68
66	70
66	73
66	74
66	77
67	12
67	25
67	35
67	40
67	47
67	48
67	56
67	59
67	63
67	64
67	68
67	76
67	78
67	79
67	81
68	9
68	28
68	33
68	34
68	35
68	36
68	49
68	55
68	56
68	58
68	60
68	65
68	66
68	67
68	71
69	1
69	7
69	15
69	27
69	34
69	39
69	42
69	43
69	47
69	71
69	74
69	76
69	79
69	80
69	81
70	1
70	16
70	18
70	23
70	33
70	34
70	42
70	47
70	56
70	58
70	66
70	73
70	75
70	80
70	81
71	15
71	17
71	26
71	28
71	40
71	48
71	54
71	62
71	63
71	68
71	69
71	72
71	75
71	76
71	79
71	81
72	8
72	11
72	13
72	19
72	26
72	27
72	34
72	43
72	49
72	54
72	56
72	59
72	63
72	71
72	73
72	74
72	77
72	79
73	12
73	13
73	16
73	21
73	22
73	26
73	31
73	32
73	37
73	41
73	59
73	62
73	63
73	66
73	70
73	72
73	74
73	77
74	2
74	10
74	13
74	19
74	27
74	32
74	37
74	43
74	49
74	52
74	59
74	61
74	62
74	63
74	66
74	69
74	72
74	73
75	2
75	3
75	14
75	17
75	25
75	29
75	33
75	38
75	41
75	42
75	50
75	52
75	57
75	64
75	65
75	70
75	71
75	77
75	79
76	1
76	4
76	9
76	14
76	24
76	28
76	29
76	44
76	47
76	48
76	52
76	58
76	61
76	64
76	67
76	69
76	71
76	79
76	80
76	81
77	1
77	2
77	3
77	13
77	14
77	17
77	25
77	28
77	32
77	37
77	38
77	41
77	42
77	52
77	66
77	72
77	73
77	75
77	79
77	80
78	6
78	7
78	11
78	15
78	22
78	24
78	28
78	29
78	39
78	41
78	45
78	46
78	55
78	56
78	58
78	60
78	61
78	63
78	65
78	67
78	79
78	80
79	12
79	15
79	20
79	21
79	26
79	27
79	28
79	35
79	37
79	57
79	59
79	64
79	65
79	67
79	69
79	71
79	72
79	75
79	76
79	77
79	78
79	81
80	6
80	7
80	8
80	11
80	17
80	22
80	24
80	29
80	30
80	33
80	40
80	44
80	45
80	51
80	53
80	55
80	60
80	61
80	69
80	70
80	76
80	77
80	78
80	81
81	1
81	26
81	27
81	28
81	29
81	30
81	34
81	39
81	43
81	44
81	47
81	48
81	52
81	54
81	60
81	62
81	64
81	67
81	69
81	70
81	71
81	76
81	79
81	80
