1	16
1	17
1	35
1	56
1	68
1	71
2	50
2	51
2	56
2	65
2	66
2	76
3	4
3	24
3	59
3	64
3	68
3	74
4	3
4	13
4	32
4	68
4	72
4	79
5	13
5	31
5	60
5	76
5	78
5	80
6	32
6	52
6	65
6	70
6	80
6	81
7	67
7	72
7	73
7	75
7	76
7	81
8	24
8	47
8	49
8	55
8	61
8	73
9	21
9	56
9	76
9	77
9	78
9	79
10	14
10	22
10	39
10	53
10	57
10	64
11	20
11	30
11	31
11	32
11	40
11	76
12	35
12	41
12	47
12	55
12	66
12	68
13	4
13	5
13	38
13	65
13	72
13	73
14	10
14	20
14	62
14	69
14	73
14	75
15	38
15	59
15	66
15	68
15	78
15	80
16	1
16	19
16	35
16	44
16	47
16	58
16	72
17	1
17	66
17	69
17	77
17	79
17	80
17	81
18	22
18	58
18	61
18	71
18	72
18	73
18	80
19	16
19	22
19	39
19	70
19	76
19	78
19	79
20	11
20	14
20	57
20	59
20	60
20	64
20	76
21	9
21	28
21	56
21	69
21	75
21	77
21	79
22	10
22	18
22	19
22	26
22	46
22	65
22	80
23	41
23	43
23	68
23	74
23	75
23	79
23	81
24	3
24	8
24	38
24	57
24	59
24	64
24	67
25	27
25	31
25	32
25	40
25	49
25	76
25	81
26	22
26	42
26	53
26	63
26	68
26	74
26	78
27	25
27	34
27	50
27	51
27	63
27	77
27	79
28	21
28	32
28	40
28	45
28	50
28	76
28	81
29	39
29	55
29	61
29	71
29	76
29	78
29	79
30	11
30	46
30	68
30	70
30	74
30	77
30	80
31	5
31	11
31	25
31	32
31	40
31	74
31	80
32	4
32	6
32	11
32	25
32	28
32	31
32	56
32	73
33	46
33	61
33	67
33	69
33	73
33	75
33	78
33	80
34	27
34	43
34	51
34	52
34	74
34	75
34	77
34	78
35	1
35	12
35	16
35	66
35	70
35	72
35	74
35	80
36	41
36	47
36	49
36	53
36	69
36	70
36	73
36	75
37	45
37	48
37	52
37	59
37	61
37	65
37	71
37	77
38	13
38	15
38	24
38	42
38	43
38	74
38	77
38	80
39	10
39	19
39	29
39	57
39	59
39	64
39	79
39	81
40	11
40	25
40	28
40	31
40	46
40	64
40	68
40	70
41	12
41	23
41	36
41	45
41	55
41	57
41	70
41	74
42	26
42	38
42	44
42	58
42	65
42	68
42	74
42	79
42	81
43	23
43	34
43	38
43	58
43	69
43	72
43	74
43	79
43	80
44	16
44	42
44	45
44	47
44	49
44	54
44	55
44	71
44	81
45	28
45	37
45	41
45	44
45	49
45	55
45	69
45	75
45	77
46	22
46	30
46	33
46	40
46	63
46	68
46	69
46	72
46	74
47	8
47	12
47	16
47	36
47	44
47	49
47	62
47	71
47	75
48	37
48	57
48	59
48	75
48	76
48	77
48	79
48	80
48	81
49	8
49	25
49	36
49	44
49	45
49	47
49	55
49	66
49	78
50	2
50	27
50	28
50	61
50	64
50	73
50	77
50	78
50	80
51	2
51	27
51	34
51	65
51	69
51	73
51	74
51	77
51	79
51	80
52	6
52	34
52	37
52	55
52	61
52	65
52	67
52	71
52	77
52	79
53	10
53	26
53	36
53	56
53	60
53	62
53	63
53	70
53	73
53	75
54	44
54	56
54	58
54	60
54	71
54	72
54	76
54	78
54	79
54	80
54	81
55	8
55	12
55	29
55	41
55	44
55	45
55	49
55	52
55	71
55	72
55	81
56	1
56	2
56	9
56	21
56	32
56	53
56	54
56	61
56	62
56	65
56	68
56	77
57	10
57	20
57	24
57	39
57	41
57	48
57	59
57	64
57	73
57	74
57	77
57	81
58	16
58	18
58	42
58	43
58	54
58	64
58	65
58	66
58	67
58	72
58	74
58	75
59	3
59	15
59	20
59	24
59	37
59	39
59	48
59	57
59	64
59	65
59	67
59	78
60	5
60	20
60	53
60	54
60	62
60	64
60	66
60	67
60	69
60	73
60	74
60	75
60	79
61	8
61	18
61	29
61	33
61	37
61	50
61	52
61	56
61	65
61	68
61	71
61	72
61	77
62	14
62	47
62	53
62	56
62	60
62	67
62	69
62	71
62	73
62	75
62	77
62	78
62	80
63	26
63	27
63	46
63	53
63	64
63	70
63	72
63	73
63	76
63	78
63	79
63	80
63	81
64	3
64	10
64	20
64	24
64	39
64	40
64	50
64	57
64	58
64	59
64	60
64	63
64	68
64	81
65	2
65	6
65	13
65	22
65	37
65	42
65	51
65	52
65	56
65	58
65	59
65	61
65	75
65	77
66	2
66	12
66	15
66	17
66	35
66	49
66	58
66	60
66	67
66	70
66	71
66	74
66	76
66	79
66	81
67	7
67	24
67	33
67	52
67	58
67	59
67	60
67	62
67	66
67	69
67	73
67	75
67	76
67	77
67	78
68	1
68	3
68	4
68	12
68	15
68	23
68	26
68	30
68	40
68	42
68	46
68	56
68	61
68	64
68	72
68	75
69	14
69	17
69	21
69	33
69	36
69	43
69	45
69	46
69	51
69	60
69	62
69	67
69	72
69	73
69	75
69	78
70	6
70	19
70	30
70	35
70	36
70	40
70	41
70	53
70	63
70	66
70	71
70	73
70	75
70	76
70	78
70	80
70	81
71	1
71	18
71	29
71	37
71	44
71	47
71	52
71	54
71	55
71	61
71	62
71	66
71	70
71	76
71	78
71	79
71	80
71	81
72	4
72	7
72	13
72	16
72	18
72	35
72	43
72	46
72	54
72	55
72	58
72	61
72	63
72	68
72	69
72	74
72	75
72	78
72	81
73	7
73	8
73	13
73	14
73	18
73	32
73	33
73	36
73	50
73	51
73	53
73	57
73	60
73	62
73	63
73	67
73	69
73	70
73	75
74	3
74	23
74	26
74	30
74	31
74	34
74	35
74	38
74	41
74	42
74	43
74	46
74	51
74	57
74	58
74	60
74	66
74	72
74	76
74	80
75	7
75	14
75	21
75	23
75	33
75	34
75	36
75	45
75	47
75	48
75	53
75	58
75	60
75	62
75	65
75	67
75	68
75	69
75	70
75	72
75	73
76	2
76	5
76	7
76	9
76	11
76	19
76	20
76	25
76	28
76	29
76	48
76	54
76	63
76	66
76	67
76	70
76	71
76	74
76	77
76	79
76	81
77	9
77	17
77	21
77	27
77	30
77	34
77	37
77	38
77	45
77	48
77	50
77	51
77	52
77	56
77	57
77	61
77	62
77	65
77	67
77	76
77	78
77	81
78	5
78	9
78	15
78	19
78	26
78	29
78	33
78	34
78	49
78	50
78	54
78	59
78	62
78	63
78	67
78	69
78	70
78	71
78	72
78	77
78	79
78	80
78	81
79	4
79	9
79	17
79	19
79	21
79	23
79	27
79	29
79	39
79	42
79	43
79	48
79	51
79	52
79	54
79	60
79	63
79	66
79	71
79	76
79	78
79	80
79	81
80	5
80	6
80	15
80	17
80	18
80	22
80	30
80	31
80	33
80	35
80	38
80	43
80	48
80	50
80	51
80	54
80	62
80	63
80	70
80	71
80	74
80	78
80	79
80	81
81	6
81	7
81	17
81	23
81	25
81	28
81	39
81	42
81	44
81	48
81	54
81	55
81	57
81	63
81	64
81	66
81	70
81	71
81	72
81	76
81	77
81	78
81	79
81	80
