1	53
1	60
1	62
1	66
1	74
1	81
2	13
2	33
2	62
2	64
2	71
2	79
3	54
3	63
3	68
3	70
3	72
3	77
4	7
4	14
4	55
4	69
4	70
4	81
5	8
5	14
5	16
5	43
5	79
5	81
6	16
6	20
6	31
6	61
6	68
6	80
7	4
7	17
7	46
7	47
7	52
7	78
8	5
8	61
8	68
8	71
8	74
8	75
9	22
9	44
9	72
9	76
9	77
9	78
10	39
10	41
10	63
10	66
10	74
10	79
11	24
11	25
11	47
11	69
11	74
11	80
12	28
12	48
12	65
12	68
12	73
12	81
13	2
13	31
13	55
13	60
13	62
13	69
14	4
14	5
14	24
14	59
14	62
14	77
15	44
15	45
15	58
15	67
15	80
15	81
16	5
16	6
16	21
16	27
16	43
16	67
16	71
17	7
17	25
17	42
17	59
17	66
17	72
17	81
18	21
18	31
18	35
18	52
18	57
18	67
18	76
19	23
19	37
19	42
19	50
19	55
19	72
19	80
20	6
20	22
20	23
20	30
20	59
20	65
20	71
21	16
21	18
21	63
21	67
21	74
21	77
21	80
22	9
22	20
22	26
22	43
22	60
22	71
22	75
23	19
23	20
23	45
23	69
23	70
23	80
23	81
24	11
24	14
24	33
24	34
24	49
24	63
24	76
25	11
25	17
25	39
25	52
25	75
25	77
25	80
26	22
26	50
26	52
26	73
26	75
26	76
26	78
27	16
27	45
27	60
27	61
27	71
27	76
27	78
28	12
28	29
28	66
28	69
28	74
28	77
28	81
29	28
29	56
29	63
29	67
29	70
29	77
29	79
30	20
30	31
30	36
30	60
30	64
30	73
30	75
31	6
31	13
31	18
31	30
31	60
31	68
31	71
32	35
32	55
32	66
32	75
32	76
32	77
32	80
33	2
33	24
33	43
33	44
33	46
33	60
33	69
33	71
34	24
34	36
34	59
34	68
34	72
34	77
34	79
34	80
35	18
35	32
35	39
35	72
35	75
35	76
35	77
35	80
36	30
36	34
36	50
36	52
36	74
36	75
36	78
36	81
37	19
37	42
37	46
37	53
37	58
37	70
37	79
37	80
38	48
38	50
38	51
38	54
38	62
38	65
38	78
38	80
39	10
39	25
39	35
39	52
39	61
39	65
39	80
39	81
40	49
40	51
40	52
40	57
40	58
40	61
40	73
40	79
41	10
41	49
41	50
41	63
41	65
41	75
41	80
41	81
42	17
42	19
42	37
42	47
42	57
42	63
42	64
42	72
42	78
43	5
43	16
43	22
43	33
43	45
43	48
43	60
43	80
43	81
44	9
44	15
44	33
44	51
44	54
44	59
44	62
44	76
44	77
45	15
45	23
45	27
45	43
45	46
45	47
45	49
45	63
45	76
46	7
46	33
46	37
46	45
46	49
46	55
46	56
46	62
46	73
47	7
47	11
47	42
47	45
47	48
47	49
47	53
47	69
47	70
47	81
48	12
48	38
48	43
48	47
48	58
48	61
48	66
48	70
48	77
48	81
49	24
49	40
49	41
49	45
49	46
49	47
49	56
49	63
49	77
49	80
50	19
50	26
50	36
50	38
50	41
50	56
50	71
50	76
50	79
50	80
51	38
51	40
51	44
51	61
51	69
51	73
51	74
51	76
51	78
51	79
52	7
52	18
52	25
52	26
52	36
52	39
52	40
52	56
52	73
52	81
53	1
53	37
53	47
53	57
53	59
53	60
53	66
53	70
53	72
53	81
54	3
54	38
54	44
54	61
54	64
54	65
54	67
54	68
54	73
54	78
55	4
55	13
55	19
55	32
55	46
55	56
55	62
55	63
55	78
55	79
56	29
56	46
56	49
56	50
56	52
56	55
56	58
56	60
56	71
56	76
57	18
57	40
57	42
57	53
57	68
57	71
57	72
57	75
57	76
57	78
57	81
58	15
58	37
58	40
58	48
58	56
58	59
58	64
58	65
58	67
58	71
58	74
58	80
59	14
59	17
59	20
59	34
59	44
59	53
59	58
59	74
59	75
59	78
59	79
59	80
60	1
60	13
60	22
60	27
60	30
60	31
60	33
60	43
60	53
60	56
60	70
60	71
60	79
61	6
61	8
61	27
61	39
61	40
61	48
61	51
61	54
61	63
61	64
61	73
61	74
61	79
62	1
62	2
62	13
62	14
62	38
62	44
62	46
62	55
62	67
62	76
62	77
62	78
62	79
63	3
63	10
63	21
63	24
63	29
63	41
63	42
63	45
63	49
63	55
63	61
63	75
63	77
64	2
64	30
64	42
64	54
64	58
64	61
64	67
64	68
64	73
64	74
64	75
64	77
64	78
64	80
65	12
65	20
65	38
65	39
65	41
65	54
65	58
65	66
65	67
65	74
65	77
65	79
65	80
65	81
66	1
66	10
66	17
66	28
66	32
66	48
66	53
66	65
66	69
66	70
66	72
66	77
66	79
66	81
67	15
67	16
67	18
67	21
67	29
67	54
67	58
67	62
67	64
67	65
67	72
67	74
67	76
67	77
67	79
68	3
68	6
68	8
68	12
68	31
68	34
68	54
68	57
68	64
68	69
68	72
68	73
68	74
68	75
68	78
69	4
69	11
69	13
69	23
69	28
69	33
69	47
69	51
69	66
69	68
69	70
69	76
69	79
69	80
69	81
70	3
70	4
70	23
70	29
70	37
70	47
70	48
70	53
70	60
70	66
70	69
70	73
70	74
70	76
70	77
70	81
71	2
71	8
71	16
71	20
71	22
71	27
71	31
71	33
71	50
71	56
71	57
71	58
71	60
71	73
71	75
71	79
72	3
72	9
72	17
72	19
72	34
72	35
72	42
72	53
72	57
72	66
72	67
72	68
72	73
72	75
72	76
72	78
73	12
73	26
73	30
73	40
73	46
73	51
73	52
73	54
73	61
73	64
73	68
73	70
73	71
73	72
73	75
73	78
73	81
74	1
74	8
74	10
74	11
74	21
74	28
74	36
74	51
74	58
74	59
74	61
74	64
74	65
74	67
74	68
74	70
74	78
74	79
75	8
75	22
75	25
75	26
75	30
75	32
75	35
75	36
75	41
75	57
75	59
75	63
75	64
75	68
75	71
75	72
75	73
75	78
75	79
75	81
76	9
76	18
76	24
76	26
76	27
76	32
76	35
76	44
76	45
76	50
76	51
76	56
76	57
76	62
76	67
76	69
76	70
76	72
76	77
76	78
76	79
77	3
77	9
77	14
77	21
77	25
77	28
77	29
77	32
77	34
77	35
77	44
77	48
77	49
77	62
77	63
77	64
77	65
77	66
77	67
77	70
77	76
77	78
78	7
78	9
78	26
78	27
78	36
78	38
78	42
78	51
78	54
78	55
78	57
78	59
78	62
78	64
78	68
78	72
78	73
78	74
78	75
78	76
78	77
78	80
79	2
79	5
79	10
79	29
79	34
79	37
79	40
79	50
79	51
79	55
79	59
79	60
79	61
79	62
79	65
79	66
79	67
79	69
79	71
79	74
79	75
79	76
80	6
80	11
80	15
80	19
80	21
80	23
80	25
80	32
80	34
80	35
80	37
80	38
80	39
80	41
80	43
80	49
80	50
80	58
80	59
80	64
80	65
80	69
80	78
81	1
81	4
81	5
81	12
81	15
81	17
81	23
81	28
81	36
81	39
81	41
81	43
81	47
81	48
81	52
81	53
81	57
81	65
81	66
81	69
81	70
81	73
81	75
