1	3
1	41
1	56
1	65
1	67
1	77
2	3
2	17
2	34
2	60
2	61
2	69
3	1
3	2
3	20
3	67
3	79
3	81
4	28
4	52
4	56
4	59
4	61
4	79
5	14
5	53
5	60
5	61
5	77
5	78
6	9
6	12
6	38
6	44
6	64
6	67
7	22
7	39
7	48
7	71
7	77
7	81
8	39
8	42
8	44
8	53
8	79
8	80
9	6
9	28
9	59
9	72
9	73
9	74
10	33
10	48
10	54
10	57
10	65
10	70
10	79
11	36
11	40
11	57
11	59
11	68
11	75
11	76
12	6
12	27
12	50
12	58
12	61
12	74
12	77
13	16
13	57
13	60
13	63
13	69
13	80
13	81
14	5
14	21
14	56
14	60
14	72
14	80
14	81
15	27
15	38
15	43
15	46
15	71
15	72
15	80
16	13
16	33
16	55
16	57
16	58
16	61
16	70
17	2
17	42
17	49
17	51
17	58
17	73
17	75
17	78
18	23
18	54
18	56
18	64
18	65
18	75
18	76
18	78
19	30
19	38
19	49
19	68
19	70
19	71
19	80
19	81
20	3
20	36
20	37
20	41
20	42
20	53
20	67
20	77
21	14
21	32
21	37
21	38
21	41
21	67
21	68
21	80
22	7
22	23
22	51
22	56
22	62
22	64
22	68
22	75
23	18
23	22
23	35
23	47
23	48
23	55
23	61
23	65
24	31
24	33
24	43
24	45
24	48
24	55
24	65
24	80
25	27
25	42
25	43
25	45
25	46
25	51
25	70
25	73
26	37
26	40
26	42
26	54
26	59
26	64
26	68
26	75
26	76
27	12
27	15
27	25
27	30
27	38
27	50
27	63
27	67
27	78
28	4
28	9
28	39
28	51
28	62
28	64
28	66
28	70
28	81
29	33
29	47
29	48
29	55
29	62
29	64
29	65
29	71
29	80
30	19
30	27
30	51
30	60
30	62
30	63
30	64
30	71
30	78
31	24
31	34
31	43
31	44
31	56
31	59
31	68
31	70
31	76
32	21
32	45
32	50
32	66
32	71
32	73
32	75
32	80
32	81
33	10
33	16
33	24
33	29
33	47
33	55
33	64
33	65
33	67
34	2
34	31
34	66
34	69
34	71
34	72
34	74
34	77
34	79
35	23
35	39
35	47
35	54
35	66
35	69
35	76
35	77
35	78
36	11
36	20
36	45
36	47
36	57
36	61
36	77
36	79
36	80
37	20
37	21
37	26
37	38
37	41
37	67
37	73
37	76
37	80
38	6
38	15
38	19
38	21
38	27
38	37
38	41
38	67
38	75
38	78
39	7
39	8
39	28
39	35
39	54
39	55
39	59
39	69
39	70
39	74
40	11
40	26
40	44
40	54
40	63
40	69
40	71
40	75
40	76
40	77
41	1
41	20
41	21
41	37
41	38
41	43
41	47
41	58
41	67
41	69
41	74
42	8
42	17
42	20
42	25
42	26
42	47
42	58
42	60
42	61
42	63
42	78
43	15
43	24
43	25
43	31
43	41
43	56
43	58
43	66
43	70
43	77
43	81
44	6
44	8
44	31
44	40
44	53
44	56
44	64
44	72
44	74
44	76
44	80
45	24
45	25
45	32
45	36
45	49
45	51
45	61
45	72
45	73
45	76
45	77
46	15
46	25
46	56
46	57
46	58
46	60
46	61
46	73
46	75
46	78
46	81
47	23
47	29
47	33
47	35
47	36
47	41
47	42
47	48
47	55
47	60
47	65
47	72
48	7
48	10
48	23
48	24
48	29
48	47
48	65
48	68
48	70
48	73
48	75
48	77
49	17
49	19
49	45
49	52
49	54
49	59
49	63
49	66
49	69
49	72
49	74
49	75
50	12
50	27
50	32
50	51
50	53
50	57
50	60
50	63
50	64
50	66
50	74
50	78
51	17
51	22
51	25
51	28
51	30
51	45
51	50
51	63
51	70
51	71
51	73
51	78
52	4
52	49
52	53
52	58
52	59
52	62
52	63
52	68
52	73
52	76
52	77
52	80
53	5
53	8
53	20
53	44
53	50
53	52
53	55
53	62
53	63
53	69
53	70
53	80
54	10
54	18
54	26
54	35
54	39
54	40
54	49
54	55
54	66
54	67
54	72
54	74
54	81
55	16
55	23
55	24
55	29
55	33
55	39
55	47
55	53
55	54
55	58
55	65
55	74
55	79
56	1
56	4
56	14
56	18
56	22
56	31
56	43
56	44
56	46
56	68
56	74
56	75
56	76
57	10
57	11
57	13
57	16
57	36
57	46
57	50
57	63
57	70
57	71
57	74
57	75
57	78
58	12
58	16
58	17
58	41
58	42
58	43
58	46
58	52
58	55
58	63
58	76
58	77
58	78
58	81
59	4
59	9
59	11
59	26
59	31
59	39
59	49
59	52
59	64
59	66
59	69
59	72
59	74
59	76
60	2
60	5
60	13
60	14
60	30
60	42
60	46
60	47
60	50
60	62
60	73
60	77
60	78
60	80
61	2
61	4
61	5
61	12
61	16
61	23
61	36
61	42
61	45
61	46
61	63
61	73
61	78
61	81
62	22
62	28
62	29
62	30
62	52
62	53
62	60
62	66
62	72
62	77
62	78
62	79
62	80
62	81
63	13
63	27
63	30
63	40
63	42
63	49
63	50
63	51
63	52
63	53
63	57
63	58
63	61
63	65
63	73
64	6
64	18
64	22
64	26
64	28
64	29
64	30
64	33
64	44
64	50
64	59
64	65
64	68
64	75
64	76
65	1
65	10
65	18
65	23
65	24
65	29
65	33
65	47
65	48
65	55
65	63
65	64
65	67
65	79
65	80
65	81
66	28
66	32
66	34
66	35
66	43
66	49
66	50
66	54
66	59
66	62
66	69
66	71
66	72
66	74
66	76
66	79
67	1
67	3
67	6
67	20
67	21
67	27
67	33
67	37
67	38
67	41
67	54
67	65
67	71
67	72
67	79
67	81
68	11
68	19
68	21
68	22
68	26
68	31
68	48
68	52
68	56
68	64
68	70
68	71
68	74
68	75
68	76
68	79
69	2
69	13
69	34
69	35
69	39
69	40
69	41
69	49
69	53
69	59
69	66
69	70
69	72
69	73
69	74
69	75
70	10
70	16
70	19
70	25
70	28
70	31
70	39
70	43
70	48
70	51
70	53
70	57
70	68
70	69
70	73
70	79
70	80
71	7
71	15
71	19
71	29
71	30
71	32
71	34
71	40
71	51
71	57
71	66
71	67
71	68
71	74
71	77
71	79
71	81
72	9
72	14
72	15
72	34
72	44
72	45
72	47
72	49
72	54
72	59
72	62
72	66
72	67
72	69
72	74
72	75
72	80
73	9
73	17
73	25
73	32
73	37
73	45
73	46
73	48
73	51
73	52
73	60
73	61
73	63
73	69
73	70
73	79
73	81
74	9
74	12
74	34
74	39
74	41
74	44
74	49
74	50
74	54
74	55
74	56
74	57
74	59
74	66
74	68
74	69
74	71
74	72
74	81
75	11
75	17
75	18
75	22
75	26
75	32
75	38
75	40
75	46
75	48
75	49
75	56
75	57
75	64
75	68
75	69
75	72
75	76
75	78
76	11
76	18
76	26
76	31
76	35
76	37
76	40
76	44
76	45
76	52
76	56
76	58
76	59
76	64
76	66
76	68
76	75
76	79
76	80
77	1
77	5
77	7
77	12
77	20
77	34
77	35
77	36
77	40
77	43
77	45
77	48
77	52
77	58
77	60
77	62
77	71
77	78
77	79
77	81
78	5
78	17
78	18
78	27
78	30
78	35
78	38
78	42
78	46
78	50
78	51
78	57
78	58
78	60
78	61
78	62
78	75
78	77
78	79
78	81
79	3
79	4
79	8
79	10
79	34
79	36
79	55
79	62
79	65
79	66
79	67
79	68
79	70
79	71
79	73
79	76
79	77
79	78
79	80
79	81
80	8
80	13
80	14
80	15
80	19
80	21
80	24
80	29
80	32
80	36
80	37
80	44
80	52
80	53
80	60
80	62
80	65
80	70
80	72
80	76
80	79
81	3
81	7
81	13
81	14
81	19
81	28
81	32
81	43
81	46
81	54
81	58
81	61
81	62
81	65
81	67
81	71
81	73
81	74
81	77
81	78
81	79
