1	14
1	61
1	66
1	70
1	76
1	79
2	35
2	55
2	64
2	72
2	74
2	77
3	52
3	65
3	69
3	77
3	79
3	80
4	9
4	47
4	50
4	51
4	65
4	76
5	12
5	38
5	69
5	76
5	77
5	80
6	14
6	66
6	70
6	74
6	78
6	81
7	18
7	32
7	38
7	51
7	57
7	69
8	19
8	64
8	70
8	71
8	78
8	79
9	4
9	13
9	38
9	51
9	54
9	56
10	30
10	34
10	49
10	68
10	73
10	74
11	39
11	55
11	60
11	70
11	72
11	81
12	5
12	20
12	26
12	40
12	64
12	71
13	9
13	36
13	59
13	66
13	78
13	79
14	1
14	6
14	67
14	69
14	74
14	80
15	32
15	42
15	62
15	63
15	73
15	77
16	51
16	52
16	53
16	56
16	66
16	74
17	22
17	31
17	65
17	67
17	69
17	80
18	7
18	39
18	56
18	60
18	77
18	79
19	8
19	36
19	41
19	46
19	75
19	76
19	81
20	12
20	24
20	27
20	61
20	64
20	70
20	71
21	25
21	45
21	48
21	59
21	64
21	71
21	79
22	17
22	37
22	38
22	52
22	67
22	74
22	81
23	32
23	45
23	54
23	63
23	74
23	76
23	81
24	20
24	30
24	58
24	59
24	67
24	75
24	80
25	21
25	45
25	48
25	55
25	64
25	71
25	74
26	12
26	34
26	45
26	60
26	75
26	77
26	78
27	20
27	45
27	53
27	64
27	70
27	71
27	78
28	40
28	41
28	53
28	62
28	64
28	65
28	76
29	44
29	58
29	63
29	66
29	69
29	78
29	79
30	10
30	24
30	42
30	53
30	54
30	61
30	62
31	17
31	34
31	65
31	66
31	73
31	79
31	81
32	7
32	15
32	23
32	52
32	53
32	62
32	80
33	47
33	51
33	55
33	58
33	60
33	61
33	72
34	10
34	26
34	31
34	40
34	48
34	59
34	67
34	74
35	2
35	36
35	43
35	44
35	47
35	72
35	76
35	81
36	13
36	19
36	35
36	43
36	57
36	70
36	78
36	79
37	22
37	50
37	51
37	52
37	54
37	56
37	57
37	74
38	5
38	7
38	9
38	22
38	52
38	56
38	75
38	77
39	11
39	18
39	44
39	47
39	62
39	71
39	72
39	73
40	12
40	28
40	34
40	54
40	58
40	63
40	68
40	79
41	19
41	28
41	42
41	43
41	49
41	52
41	54
41	62
41	75
42	15
42	30
42	41
42	50
42	53
42	54
42	57
42	75
42	80
43	35
43	36
43	41
43	48
43	57
43	67
43	71
43	75
43	80
44	29
44	35
44	39
44	55
44	67
44	68
44	72
44	79
44	81
45	21
45	23
45	25
45	26
45	27
45	64
45	71
45	72
45	80
46	19
46	47
46	49
46	72
46	73
46	74
46	78
46	79
46	80
46	81
47	4
47	33
47	35
47	39
47	46
47	55
47	57
47	69
47	72
47	77
48	21
48	25
48	34
48	43
48	60
48	64
48	67
48	71
48	75
48	81
49	10
49	41
49	46
49	50
49	55
49	61
49	63
49	74
49	76
49	81
50	4
50	37
50	42
50	49
50	56
50	65
50	74
50	76
50	77
50	80
50	81
51	4
51	7
51	9
51	16
51	33
51	37
51	52
51	56
51	59
51	63
51	70
52	3
52	16
52	22
52	32
52	37
52	38
52	41
52	51
52	56
52	59
52	78
53	16
53	27
53	28
53	30
53	32
53	42
53	54
53	60
53	62
53	65
53	68
54	9
54	23
54	30
54	37
54	40
54	41
54	42
54	53
54	62
54	68
54	80
54	81
55	2
55	11
55	25
55	33
55	44
55	47
55	49
55	56
55	66
55	71
55	72
55	73
56	9
56	16
56	18
56	37
56	38
56	50
56	51
56	52
56	55
56	76
56	79
56	81
57	7
57	36
57	37
57	42
57	43
57	47
57	67
57	69
57	72
57	77
57	78
57	80
58	24
58	29
58	33
58	40
58	61
58	67
58	68
58	69
58	73
58	78
58	79
58	80
59	13
59	21
59	24
59	34
59	51
59	52
59	68
59	71
59	75
59	77
59	80
59	81
60	11
60	18
60	26
60	33
60	48
60	53
60	71
60	73
60	74
60	75
60	77
60	80
61	1
61	20
61	30
61	33
61	49
61	58
61	65
61	67
61	68
61	70
61	75
61	78
61	79
62	15
62	28
62	30
62	32
62	39
62	41
62	53
62	54
62	67
62	69
62	72
62	76
62	79
63	15
63	23
63	29
63	40
63	49
63	51
63	68
63	70
63	72
63	76
63	78
63	79
63	80
64	2
64	8
64	12
64	20
64	21
64	25
64	27
64	28
64	45
64	48
64	68
64	71
64	77
64	79
65	3
65	4
65	17
65	28
65	31
65	50
65	53
65	61
65	66
65	70
65	73
65	76
65	80
65	81
66	1
66	6
66	13
66	16
66	29
66	31
66	55
66	65
66	72
66	73
66	74
66	75
66	76
66	81
67	14
67	17
67	22
67	24
67	34
67	43
67	44
67	48
67	57
67	58
67	61
67	62
67	73
67	74
67	77
68	10
68	40
68	44
68	53
68	54
68	58
68	59
68	61
68	63
68	64
68	70
68	77
68	78
68	79
68	80
69	3
69	5
69	7
69	14
69	17
69	29
69	47
69	57
69	58
69	62
69	75
69	76
69	78
69	79
69	80
70	1
70	6
70	8
70	11
70	20
70	27
70	36
70	51
70	61
70	63
70	65
70	68
70	78
70	79
70	80
71	8
71	12
71	20
71	21
71	25
71	27
71	39
71	43
71	45
71	48
71	55
71	59
71	60
71	64
71	81
72	2
72	11
72	33
72	35
72	39
72	44
72	45
72	46
72	47
72	55
72	57
72	62
72	63
72	66
72	80
72	81
73	10
73	15
73	31
73	39
73	46
73	55
73	58
73	60
73	65
73	66
73	67
73	74
73	75
73	76
73	77
73	78
73	81
74	2
74	6
74	10
74	14
74	16
74	22
74	23
74	25
74	34
74	37
74	46
74	49
74	50
74	60
74	66
74	67
74	73
74	81
75	19
75	24
75	26
75	38
75	41
75	42
75	43
75	48
75	59
75	60
75	61
75	66
75	69
75	73
75	76
75	77
75	78
75	80
76	1
76	4
76	5
76	19
76	23
76	28
76	35
76	49
76	50
76	56
76	62
76	63
76	65
76	66
76	69
76	73
76	75
76	79
76	81
77	2
77	3
77	5
77	15
77	18
77	26
77	38
77	47
77	50
77	57
77	59
77	60
77	64
77	67
77	68
77	73
77	75
77	79
77	80
77	81
78	6
78	8
78	13
78	26
78	27
78	29
78	36
78	46
78	52
78	57
78	58
78	61
78	63
78	68
78	69
78	70
78	73
78	75
78	79
78	81
79	1
79	3
79	8
79	13
79	18
79	21
79	29
79	31
79	36
79	40
79	44
79	46
79	56
79	58
79	61
79	62
79	63
79	64
79	68
79	69
79	70
79	76
79	77
79	78
80	3
80	5
80	14
80	17
80	24
80	32
80	42
80	43
80	45
80	46
80	50
80	54
80	57
80	58
80	59
80	60
80	63
80	65
80	68
80	69
80	70
80	72
80	75
80	77
81	6
81	11
81	19
81	22
81	23
81	31
81	35
81	44
81	46
81	48
81	49
81	50
81	54
81	56
81	59
81	65
81	66
81	71
81	72
81	73
81	74
81	76
81	77
81	78
