1	56
1	57
1	72
1	75
1	78
1	79
2	7
2	32
2	53
2	65
2	66
2	67
3	13
3	34
3	68
3	72
3	74
3	76
4	22
4	24
4	33
4	59
4	71
4	79
5	10
5	27
5	30
5	33
5	76
5	80
6	49
6	52
6	66
6	75
6	79
6	81
7	2
7	34
7	39
7	75
7	76
7	80
8	12
8	15
8	56
8	64
8	72
8	81
9	45
9	47
9	70
9	73
9	75
9	76
10	5
10	33
10	41
10	45
10	57
10	65
11	22
11	40
11	52
11	56
11	72
11	74
12	8
12	21
12	66
12	71
12	75
12	79
13	3
13	18
13	66
13	68
13	75
13	79
14	25
14	41
14	42
14	54
14	58
14	60
14	71
15	8
15	34
15	42
15	48
15	52
15	77
15	81
16	18
16	51
16	52
16	61
16	74
16	78
16	81
17	23
17	38
17	49
17	77
17	78
17	80
17	81
18	13
18	16
18	63
18	68
18	76
18	80
18	81
19	28
19	33
19	51
19	67
19	70
19	72
19	79
20	21
20	33
20	51
20	59
20	70
20	76
20	80
21	12
21	20
21	50
21	60
21	69
21	70
21	81
22	4
22	11
22	33
22	38
22	55
22	71
22	72
23	17
23	41
23	42
23	58
23	70
23	73
23	79
24	4
24	29
24	51
24	55
24	64
24	71
24	81
25	14
25	26
25	42
25	44
25	62
25	68
25	80
26	25
26	38
26	49
26	55
26	64
26	67
26	81
27	5
27	34
27	38
27	49
27	55
27	72
27	79
28	19
28	54
28	64
28	67
28	74
28	77
28	78
28	81
29	24
29	38
29	53
29	55
29	68
29	71
29	73
29	76
30	5
30	49
30	53
30	69
30	74
30	77
30	78
30	81
31	46
31	47
31	51
31	52
31	55
31	67
31	71
31	74
32	2
32	34
32	51
32	52
32	55
32	57
32	71
32	80
33	4
33	5
33	10
33	19
33	20
33	22
33	41
33	67
34	3
34	7
34	15
34	27
34	32
34	69
34	76
34	80
35	36
35	43
35	64
35	74
35	75
35	77
35	78
35	81
36	35
36	43
36	59
36	68
36	73
36	76
36	78
36	80
37	42
37	43
37	59
37	66
37	67
37	69
37	72
37	75
37	79
38	17
38	22
38	26
38	27
38	29
38	52
38	54
38	57
38	71
39	7
39	48
39	55
39	60
39	61
39	69
39	73
39	80
39	81
40	11
40	44
40	53
40	62
40	64
40	66
40	67
40	71
40	72
41	10
41	14
41	23
41	33
41	46
41	59
41	62
41	70
41	72
41	80
42	14
42	15
42	23
42	25
42	37
42	63
42	74
42	77
42	78
42	81
43	35
43	36
43	37
43	50
43	59
43	63
43	65
43	72
43	75
43	79
44	25
44	40
44	50
44	57
44	60
44	63
44	66
44	67
44	76
44	79
45	9
45	10
45	46
45	48
45	61
45	69
45	70
45	71
45	73
45	78
46	31
46	41
46	45
46	62
46	63
46	64
46	68
46	75
46	76
46	77
46	80
47	9
47	31
47	48
47	50
47	51
47	72
47	74
47	76
47	77
47	78
47	81
48	15
48	39
48	45
48	47
48	64
48	66
48	74
48	77
48	78
48	79
48	81
49	6
49	17
49	26
49	27
49	30
49	57
49	64
49	65
49	70
49	72
49	80
50	21
50	43
50	44
50	47
50	63
50	65
50	69
50	75
50	77
50	79
50	80
51	16
51	19
51	20
51	24
51	31
51	32
51	47
51	52
51	62
51	69
51	71
52	6
52	11
52	15
52	16
52	31
52	32
52	38
52	51
52	62
52	71
52	77
53	2
53	29
53	30
53	40
53	56
53	59
53	61
53	62
53	63
53	65
53	67
53	72
54	14
54	28
54	38
54	55
54	58
54	60
54	69
54	70
54	73
54	74
54	78
54	80
55	22
55	24
55	26
55	27
55	29
55	31
55	32
55	39
55	54
55	58
55	71
55	79
56	1
56	8
56	11
56	53
56	60
56	61
56	64
56	67
56	73
56	76
56	77
56	78
57	1
57	10
57	32
57	38
57	44
57	49
57	63
57	66
57	67
57	75
57	77
57	79
58	14
58	23
58	54
58	55
58	60
58	68
58	69
58	70
58	71
58	73
58	75
58	79
58	81
59	4
59	20
59	36
59	37
59	41
59	43
59	53
59	62
59	68
59	76
59	78
59	79
59	80
60	14
60	21
60	39
60	44
60	54
60	56
60	58
60	61
60	63
60	65
60	68
60	69
60	76
61	16
61	39
61	45
61	53
61	56
61	60
61	64
61	69
61	70
61	72
61	73
61	74
61	77
62	25
62	40
62	41
62	46
62	51
62	52
62	53
62	59
62	65
62	68
62	70
62	76
62	78
62	80
63	18
63	42
63	43
63	44
63	46
63	50
63	53
63	57
63	60
63	66
63	67
63	70
63	74
63	75
63	79
64	8
64	24
64	26
64	28
64	35
64	40
64	46
64	48
64	49
64	56
64	61
64	65
64	71
64	72
64	75
65	2
65	10
65	43
65	49
65	50
65	53
65	60
65	62
65	64
65	66
65	67
65	68
65	70
65	72
65	81
66	2
66	6
66	12
66	13
66	37
66	40
66	44
66	48
66	57
66	63
66	65
66	68
66	70
66	74
66	75
66	77
66	79
67	2
67	19
67	26
67	28
67	31
67	33
67	37
67	40
67	44
67	53
67	56
67	57
67	63
67	65
67	69
67	72
67	78
68	3
68	13
68	18
68	25
68	29
68	36
68	46
68	58
68	59
68	60
68	62
68	65
68	66
68	73
68	75
68	76
68	77
68	80
69	21
69	30
69	34
69	37
69	39
69	45
69	50
69	51
69	54
69	58
69	60
69	61
69	67
69	70
69	73
69	75
69	76
69	79
70	9
70	19
70	20
70	21
70	23
70	41
70	45
70	49
70	54
70	58
70	61
70	62
70	63
70	65
70	66
70	69
70	71
70	73
71	4
71	12
71	14
71	22
71	24
71	29
71	31
71	32
71	38
71	40
71	45
71	51
71	52
71	55
71	58
71	64
71	70
71	74
71	81
72	1
72	3
72	8
72	11
72	19
72	22
72	27
72	37
72	40
72	41
72	43
72	47
72	49
72	53
72	61
72	64
72	65
72	67
72	80
73	9
73	23
73	29
73	36
73	39
73	45
73	54
73	56
73	58
73	61
73	68
73	69
73	70
73	74
73	76
73	77
73	78
73	79
73	80
74	3
74	11
74	16
74	28
74	30
74	31
74	35
74	42
74	47
74	48
74	54
74	61
74	63
74	66
74	71
74	73
74	75
74	77
74	78
74	81
75	1
75	6
75	7
75	9
75	12
75	13
75	35
75	37
75	43
75	46
75	50
75	57
75	58
75	63
75	64
75	66
75	68
75	69
75	74
75	81
76	3
76	5
76	7
76	9
76	18
76	20
76	29
76	34
76	36
76	44
76	46
76	47
76	56
76	59
76	60
76	62
76	68
76	69
76	73
76	78
76	80
77	15
77	17
77	28
77	30
77	35
77	42
77	46
77	47
77	48
77	50
77	52
77	56
77	57
77	61
77	66
77	68
77	73
77	74
77	78
77	79
77	81
78	1
78	16
78	17
78	28
78	30
78	35
78	36
78	42
78	45
78	47
78	48
78	54
78	56
78	59
78	62
78	67
78	73
78	74
78	76
78	77
78	80
78	81
79	1
79	4
79	6
79	12
79	13
79	19
79	23
79	27
79	37
79	43
79	44
79	48
79	50
79	55
79	57
79	58
79	59
79	63
79	66
79	69
79	73
79	77
80	5
80	7
80	17
80	18
80	20
80	25
80	32
80	34
80	36
80	39
80	41
80	46
80	49
80	50
80	54
80	59
80	62
80	68
80	72
80	73
80	76
80	78
80	81
81	6
81	8
81	15
81	16
81	17
81	18
81	21
81	24
81	26
81	28
81	30
81	35
81	39
81	42
81	47
81	48
81	58
81	65
81	71
81	74
81	75
81	77
81	78
81	80
