1	45
1	59
1	71
1	73
1	77
1	78
2	6
2	26
2	53
2	58
2	67
2	70
3	24
3	30
3	40
3	47
3	55
3	65
4	19
4	53
4	59
4	65
4	68
4	77
5	44
5	48
5	63
5	64
5	69
5	79
6	2
6	61
6	62
6	63
6	72
6	76
7	29
7	54
7	62
7	72
7	76
7	78
8	32
8	37
8	73
8	74
8	76
8	79
9	22
9	40
9	66
9	71
9	73
9	79
10	65
10	71
10	72
10	73
10	78
10	80
11	27
11	51
11	53
11	57
11	62
11	65
12	16
12	51
12	66
12	73
12	78
12	81
13	21
13	42
13	55
13	57
13	75
13	76
14	26
14	46
14	63
14	66
14	76
14	81
15	51
15	54
15	56
15	67
15	71
15	72
16	12
16	30
16	39
16	68
16	74
16	79
16	81
17	18
17	19
17	42
17	59
17	63
17	69
17	73
18	17
18	26
18	38
18	52
18	54
18	63
18	66
19	4
19	17
19	21
19	42
19	47
19	48
19	52
20	48
20	49
20	61
20	64
20	66
20	74
20	79
21	13
21	19
21	52
21	64
21	76
21	77
21	80
22	9
22	24
22	59
22	60
22	63
22	69
22	80
23	24
23	60
23	66
23	70
23	71
23	73
23	78
24	3
24	22
24	23
24	45
24	61
24	70
24	76
25	49
25	64
25	72
25	74
25	77
25	78
25	79
26	2
26	14
26	18
26	52
26	63
26	64
26	73
26	77
27	11
27	34
27	46
27	60
27	61
27	68
27	80
27	81
28	49
28	55
28	57
28	58
28	65
28	68
28	79
28	81
29	7
29	53
29	64
29	66
29	67
29	71
29	73
29	78
30	3
30	16
30	40
30	59
30	67
30	75
30	77
30	81
31	43
31	66
31	67
31	68
31	71
31	72
31	73
31	78
32	8
32	33
32	53
32	56
32	62
32	68
32	72
32	78
33	32
33	62
33	64
33	67
33	68
33	71
33	72
33	79
34	27
34	36
34	46
34	49
34	61
34	65
34	70
34	76
35	38
35	45
35	54
35	60
35	62
35	67
35	72
35	79
36	34
36	44
36	47
36	50
36	58
36	59
36	68
36	70
36	71
37	8
37	47
37	49
37	59
37	63
37	64
37	68
37	74
37	79
38	18
38	35
38	50
38	53
38	57
38	62
38	67
38	72
38	75
39	16
39	44
39	55
39	57
39	64
39	67
39	74
39	79
39	81
40	3
40	9
40	30
40	51
40	52
40	62
40	75
40	77
40	80
41	44
41	55
41	57
41	59
41	64
41	70
41	76
41	77
41	80
42	13
42	17
42	19
42	46
42	52
42	63
42	73
42	74
42	81
43	31
43	58
43	63
43	68
43	69
43	74
43	76
43	77
43	78
43	81
44	5
44	36
44	39
44	41
44	56
44	58
44	64
44	69
44	74
44	79
45	1
45	24
45	35
45	47
45	69
45	73
45	75
45	78
45	80
45	81
46	14
46	27
46	34
46	42
46	52
46	61
46	63
46	71
46	75
46	78
47	3
47	19
47	36
47	37
47	45
47	55
47	58
47	77
47	80
47	81
48	5
48	19
48	20
48	51
48	58
48	61
48	63
48	69
48	76
48	79
49	20
49	25
49	28
49	34
49	37
49	52
49	58
49	69
49	74
49	79
50	36
50	38
50	59
50	60
50	68
50	69
50	70
50	74
50	78
50	81
51	11
51	12
51	15
51	40
51	48
51	56
51	57
51	62
51	80
51	81
52	18
52	19
52	21
52	26
52	40
52	42
52	46
52	49
52	63
52	70
52	75
53	2
53	4
53	11
53	29
53	32
53	38
53	54
53	64
53	66
53	67
53	72
54	7
54	15
54	18
54	35
54	53
54	56
54	72
54	73
54	76
54	80
54	81
55	3
55	13
55	28
55	39
55	41
55	47
55	60
55	64
55	68
55	70
55	71
55	78
56	15
56	32
56	44
56	51
56	54
56	57
56	61
56	75
56	77
56	79
56	80
56	81
57	11
57	13
57	28
57	38
57	39
57	41
57	51
57	56
57	60
57	61
57	68
57	70
58	2
58	28
58	36
58	43
58	44
58	47
58	48
58	49
58	66
58	68
58	69
58	75
58	76
58	81
59	1
59	4
59	17
59	22
59	30
59	36
59	37
59	41
59	50
59	60
59	65
59	72
59	76
59	78
60	22
60	23
60	27
60	35
60	50
60	55
60	57
60	59
60	65
60	69
60	71
60	73
60	75
60	77
61	6
61	20
61	24
61	27
61	34
61	46
61	48
61	56
61	57
61	69
61	76
61	77
61	80
61	81
62	6
62	7
62	11
62	32
62	33
62	35
62	38
62	40
62	51
62	65
62	67
62	69
62	73
62	80
63	5
63	6
63	14
63	17
63	18
63	22
63	26
63	37
63	42
63	43
63	46
63	48
63	52
63	79
64	5
64	20
64	21
64	25
64	26
64	29
64	33
64	37
64	39
64	41
64	44
64	53
64	55
64	74
64	79
65	3
65	4
65	10
65	11
65	28
65	34
65	59
65	60
65	62
65	66
65	68
65	70
65	77
65	78
65	80
66	9
66	12
66	14
66	18
66	20
66	23
66	29
66	31
66	53
66	58
66	65
66	71
66	73
66	78
66	80
67	2
67	15
67	29
67	30
67	31
67	33
67	35
67	38
67	39
67	53
67	62
67	72
67	75
67	80
67	81
68	4
68	16
68	27
68	28
68	31
68	32
68	33
68	36
68	37
68	43
68	50
68	55
68	57
68	58
68	65
68	70
68	75
69	5
69	17
69	22
69	43
69	44
69	45
69	48
69	49
69	50
69	58
69	60
69	61
69	62
69	70
69	75
69	77
69	80
70	2
70	23
70	24
70	34
70	36
70	41
70	50
70	52
70	55
70	57
70	65
70	68
70	69
70	74
70	75
70	77
70	78
70	81
71	1
71	9
71	10
71	15
71	23
71	29
71	31
71	33
71	36
71	46
71	55
71	60
71	66
71	72
71	73
71	74
71	75
71	78
72	6
72	7
72	10
72	15
72	25
72	31
72	32
72	33
72	35
72	38
72	53
72	54
72	59
72	67
72	71
72	74
72	75
72	77
72	79
73	1
73	8
73	9
73	10
73	12
73	17
73	23
73	26
73	29
73	31
73	42
73	45
73	54
73	60
73	62
73	66
73	71
73	78
73	79
74	8
74	16
74	20
74	25
74	37
74	39
74	42
74	43
74	44
74	49
74	50
74	64
74	70
74	71
74	72
74	76
74	77
74	79
74	80
75	13
75	30
75	38
75	40
75	45
75	46
75	52
75	56
75	58
75	60
75	67
75	68
75	69
75	70
75	71
75	72
75	76
75	80
75	81
76	6
76	7
76	8
76	13
76	14
76	21
76	24
76	34
76	41
76	43
76	48
76	54
76	58
76	59
76	61
76	74
76	75
76	77
76	80
76	81
77	1
77	4
77	21
77	25
77	26
77	30
77	40
77	41
77	43
77	47
77	56
77	60
77	61
77	65
77	69
77	70
77	72
77	74
77	76
77	81
78	1
78	7
78	10
78	12
78	23
78	25
78	29
78	31
78	32
78	43
78	45
78	46
78	50
78	55
78	59
78	65
78	66
78	70
78	71
78	73
79	5
79	8
79	9
79	16
79	20
79	25
79	28
79	33
79	35
79	37
79	39
79	44
79	48
79	49
79	56
79	63
79	64
79	72
79	73
79	74
79	80
79	81
80	10
80	21
80	22
80	27
80	40
80	41
80	45
80	47
80	51
80	54
80	56
80	61
80	62
80	65
80	66
80	67
80	69
80	74
80	75
80	76
80	79
80	81
81	12
81	14
81	16
81	27
81	28
81	30
81	39
81	42
81	43
81	45
81	47
81	50
81	51
81	54
81	56
81	58
81	61
81	67
81	70
81	75
81	76
81	77
81	79
81	80
