1	31
1	46
1	72
1	73
1	79
1	81
2	45
2	49
2	59
2	70
2	78
2	81
3	11
3	36
3	68
3	71
3	72
3	73
4	33
4	41
4	57
4	79
4	80
4	81
5	32
5	33
5	52
5	59
5	61
5	63
6	28
6	38
6	40
6	41
6	50
6	73
7	16
7	17
7	40
7	60
7	65
7	72
8	53
8	54
8	57
8	58
8	64
8	74
9	29
9	37
9	43
9	53
9	64
9	74
10	51
10	56
10	67
10	73
10	78
10	81
11	3
11	18
11	66
11	72
11	73
11	78
12	43
12	64
12	71
12	72
12	73
12	77
13	25
13	46
13	65
13	70
13	78
13	81
14	57
14	62
14	63
14	71
14	77
14	80
15	73
15	74
15	75
15	78
15	79
15	80
16	7
16	28
16	48
16	50
16	64
16	81
17	7
17	40
17	41
17	43
17	79
17	80
18	11
18	36
18	47
18	75
18	76
18	80
19	24
19	38
19	46
19	48
19	50
19	66
19	73
20	26
20	35
20	42
20	49
20	58
20	74
20	80
21	25
21	32
21	55
21	68
21	71
21	75
21	77
22	57
22	59
22	63
22	65
22	76
22	79
22	80
23	38
23	61
23	67
23	70
23	73
23	80
23	81
24	19
24	31
24	40
24	49
24	56
24	62
24	63
25	13
25	21
25	27
25	43
25	50
25	61
25	74
26	20
26	33
26	52
26	55
26	58
26	61
26	79
27	25
27	29
27	64
27	68
27	74
27	76
27	79
28	6
28	16
28	48
28	64
28	75
28	77
28	80
29	9
29	27
29	30
29	55
29	61
29	64
29	71
29	74
30	29
30	50
30	63
30	68
30	69
30	70
30	78
30	81
31	1
31	24
31	58
31	67
31	69
31	72
31	78
31	81
32	5
32	21
32	37
32	57
32	67
32	68
32	71
32	75
33	4
33	5
33	26
33	49
33	52
33	63
33	67
33	74
34	37
34	49
34	62
34	74
34	75
34	76
34	79
34	80
35	20
35	59
35	69
35	70
35	74
35	75
35	77
35	79
36	3
36	18
36	57
36	60
36	62
36	66
36	68
36	77
37	9
37	32
37	34
37	42
37	54
37	58
37	60
37	65
38	6
38	19
38	23
38	48
38	50
38	64
38	65
38	75
39	43
39	46
39	63
39	69
39	70
39	72
39	73
39	80
40	6
40	7
40	17
40	24
40	54
40	60
40	65
40	72
41	4
41	6
41	17
41	50
41	56
41	59
41	72
41	75
41	76
42	20
42	37
42	44
42	54
42	59
42	65
42	68
42	78
42	81
43	9
43	12
43	17
43	25
43	39
43	47
43	66
43	72
43	73
44	42
44	54
44	60
44	61
44	65
44	75
44	77
44	78
44	81
45	2
45	49
45	59
45	60
45	74
45	76
45	78
45	79
45	80
46	1
46	13
46	19
46	39
46	55
46	57
46	70
46	72
46	73
47	18
47	43
47	48
47	51
47	53
47	66
47	71
47	77
47	81
48	16
48	19
48	28
48	38
48	47
48	50
48	51
48	56
48	69
49	2
49	20
49	24
49	33
49	34
49	45
49	56
49	62
49	63
49	76
50	6
50	16
50	19
50	25
50	30
50	38
50	41
50	48
50	73
50	76
51	10
51	47
51	48
51	57
51	59
51	66
51	71
51	75
51	77
51	78
52	5
52	26
52	33
52	54
52	56
52	62
52	63
52	67
52	68
52	74
53	8
53	9
53	47
53	66
53	68
53	69
53	71
53	76
53	77
53	78
54	8
54	37
54	40
54	42
54	44
54	52
54	60
54	61
54	63
54	65
54	81
55	21
55	26
55	29
55	46
55	66
55	67
55	69
55	70
55	78
55	79
55	81
56	10
56	24
56	41
56	48
56	49
56	52
56	60
56	62
56	63
56	74
56	79
57	4
57	8
57	14
57	22
57	32
57	36
57	46
57	51
57	66
57	75
57	77
57	80
58	8
58	20
58	26
58	31
58	37
58	61
58	64
58	66
58	67
58	70
58	74
58	76
59	2
59	5
59	22
59	35
59	41
59	42
59	45
59	51
59	66
59	76
59	78
59	80
60	7
60	36
60	37
60	40
60	44
60	45
60	54
60	56
60	65
60	68
60	79
60	80
61	5
61	23
61	25
61	26
61	29
61	44
61	54
61	58
61	64
61	68
61	74
61	76
61	78
62	14
62	24
62	34
62	36
62	49
62	52
62	56
62	63
62	67
62	71
62	72
62	75
62	79
63	5
63	14
63	22
63	24
63	30
63	33
63	39
63	49
63	52
63	54
63	56
63	62
63	64
64	8
64	9
64	12
64	16
64	27
64	28
64	29
64	38
64	58
64	61
64	63
64	67
64	71
65	7
65	13
65	22
65	37
65	38
65	40
65	42
65	44
65	54
65	60
65	70
65	72
65	73
65	79
66	11
66	19
66	36
66	43
66	47
66	51
66	53
66	55
66	57
66	58
66	59
66	68
66	71
66	79
67	10
67	23
67	31
67	32
67	33
67	52
67	55
67	58
67	62
67	64
67	69
67	74
67	78
67	81
68	3
68	21
68	27
68	30
68	32
68	36
68	42
68	52
68	53
68	60
68	61
68	66
68	71
68	77
68	80
69	30
69	31
69	35
69	39
69	48
69	53
69	55
69	67
69	70
69	71
69	77
69	78
69	79
69	80
69	81
70	2
70	13
70	23
70	30
70	35
70	39
70	46
70	55
70	58
70	65
70	69
70	72
70	77
70	78
70	81
71	3
71	12
71	14
71	21
71	29
71	32
71	47
71	51
71	53
71	62
71	64
71	66
71	68
71	69
71	77
72	1
72	3
72	7
72	11
72	12
72	31
72	39
72	40
72	41
72	43
72	46
72	62
72	65
72	70
72	73
73	1
73	3
73	6
73	10
73	11
73	12
73	15
73	19
73	23
73	39
73	43
73	46
73	50
73	65
73	72
73	77
74	8
74	9
74	15
74	20
74	25
74	27
74	29
74	33
74	34
74	35
74	45
74	52
74	56
74	58
74	61
74	67
75	15
75	18
75	21
75	28
75	32
75	34
75	35
75	38
75	41
75	44
75	51
75	57
75	62
75	76
75	79
75	80
76	18
76	22
76	27
76	34
76	41
76	45
76	49
76	50
76	53
76	58
76	59
76	61
76	75
76	78
76	79
76	80
76	81
77	12
77	14
77	21
77	28
77	35
77	36
77	44
77	47
77	51
77	53
77	57
77	68
77	69
77	70
77	71
77	73
77	80
77	81
78	2
78	10
78	11
78	13
78	15
78	30
78	31
78	42
78	44
78	45
78	51
78	53
78	55
78	59
78	61
78	67
78	69
78	70
78	76
78	81
79	1
79	4
79	15
79	17
79	22
79	26
79	27
79	34
79	35
79	45
79	55
79	56
79	60
79	62
79	65
79	66
79	69
79	75
79	76
79	80
79	81
80	4
80	14
80	15
80	17
80	18
80	20
80	22
80	23
80	28
80	34
80	39
80	45
80	57
80	59
80	60
80	68
80	69
80	75
80	76
80	77
80	79
80	81
81	1
81	2
81	4
81	10
81	13
81	16
81	23
81	30
81	31
81	42
81	44
81	47
81	54
81	55
81	67
81	69
81	70
81	76
81	77
81	78
81	79
81	80
