1	13
1	23
1	40
1	66
1	79
1	81
2	33
2	41
2	42
2	68
2	74
2	75
3	45
3	55
3	59
3	69
3	77
3	80
4	26
4	27
4	33
4	42
4	70
4	73
5	34
5	35
5	65
5	72
5	74
5	75
6	36
6	68
6	69
6	71
6	77
6	80
7	38
7	46
7	54
7	59
7	60
7	72
8	29
8	30
8	60
8	69
8	73
8	81
9	27
9	64
9	66
9	71
9	75
9	76
10	13
10	28
10	29
10	58
10	67
10	76
11	46
11	53
11	57
11	59
11	60
11	63
12	39
12	44
12	49
12	72
12	73
12	75
12	77
13	1
13	10
13	14
13	31
13	36
13	63
13	78
14	13
14	62
14	66
14	76
14	77
14	78
14	79
15	28
15	52
15	64
15	68
15	69
15	70
15	74
16	17
16	28
16	53
16	62
16	70
16	77
16	78
17	16
17	56
17	57
17	62
17	70
17	72
17	78
18	30
18	33
18	48
18	56
18	58
18	73
18	77
19	38
19	54
19	55
19	63
19	67
19	77
19	80
20	42
20	55
20	65
20	75
20	76
20	80
20	81
21	26
21	34
21	38
21	53
21	61
21	78
21	80
22	23
22	49
22	57
22	64
22	72
22	76
22	80
23	1
23	22
23	41
23	44
23	45
23	72
23	74
24	31
24	35
24	40
24	73
24	78
24	79
24	81
25	32
25	67
25	71
25	74
25	77
25	78
25	80
26	4
26	21
26	52
26	66
26	68
26	69
26	74
27	4
27	9
27	32
27	43
27	47
27	69
27	73
28	10
28	15
28	16
28	39
28	63
28	66
28	76
29	8
29	10
29	52
29	55
29	65
29	75
29	76
29	79
30	8
30	18
30	32
30	37
30	51
30	60
30	68
30	81
31	13
31	24
31	64
31	67
31	68
31	74
31	78
31	79
32	25
32	27
32	30
32	44
32	58
32	69
32	73
32	75
33	2
33	4
33	18
33	40
33	43
33	50
33	56
33	69
34	5
34	21
34	45
34	56
34	66
34	75
34	76
34	80
35	5
35	24
35	60
35	61
35	63
35	70
35	78
35	79
35	81
36	6
36	13
36	47
36	63
36	66
36	70
36	72
36	78
36	79
37	30
37	40
37	56
37	62
37	64
37	69
37	70
37	73
37	76
38	7
38	19
38	21
38	53
38	54
38	59
38	60
38	74
38	81
39	12
39	28
39	43
39	44
39	45
39	52
39	66
39	72
39	78
40	1
40	24
40	33
40	37
40	48
40	73
40	74
40	75
40	81
41	2
41	23
41	48
41	51
41	66
41	67
41	71
41	77
41	80
42	2
42	4
42	20
42	48
42	51
42	52
42	64
42	68
42	74
43	27
43	33
43	39
43	45
43	49
43	51
43	55
43	72
43	75
44	12
44	23
44	32
44	39
44	49
44	61
44	62
44	72
44	80
45	3
45	23
45	34
45	39
45	43
45	51
45	58
45	72
45	78
46	7
46	11
46	47
46	62
46	64
46	65
46	70
46	78
46	80
47	27
47	36
47	46
47	63
47	67
47	70
47	74
47	75
47	78
48	18
48	40
48	41
48	42
48	54
48	75
48	77
48	79
48	81
49	12
49	22
49	43
49	44
49	53
49	63
49	71
49	72
49	73
49	76
50	33
50	57
50	58
50	61
50	65
50	68
50	69
50	79
50	80
50	81
51	30
51	41
51	42
51	43
51	45
51	67
51	68
51	71
51	77
51	80
52	15
52	26
52	29
52	39
52	42
52	63
52	64
52	73
52	74
52	77
53	11
53	16
53	21
53	38
53	49
53	56
53	59
53	60
53	68
53	76
54	7
54	19
54	38
54	48
54	57
54	58
54	62
54	65
54	79
54	81
55	3
55	19
55	20
55	29
55	43
55	59
55	60
55	71
55	77
55	80
56	17
56	18
56	33
56	34
56	37
56	53
56	59
56	67
56	69
56	73
57	11
57	17
57	22
57	50
57	54
57	61
57	64
57	73
57	79
57	81
58	10
58	18
58	32
58	45
58	50
58	54
58	61
58	70
58	76
58	79
58	81
59	3
59	7
59	11
59	38
59	53
59	55
59	56
59	60
59	65
59	73
59	77
60	7
60	8
60	11
60	30
60	35
60	38
60	53
60	55
60	59
60	62
60	70
61	21
61	35
61	44
61	50
61	57
61	58
61	62
61	71
61	79
61	80
61	81
62	14
62	16
62	17
62	37
62	44
62	46
62	54
62	60
62	61
62	63
62	78
62	81
63	11
63	13
63	19
63	28
63	35
63	36
63	47
63	49
63	52
63	62
63	70
63	78
64	9
64	15
64	22
64	31
64	37
64	42
64	46
64	52
64	57
64	68
64	74
64	76
65	5
65	20
65	29
65	46
65	50
65	54
65	59
65	66
65	70
65	75
65	76
65	79
65	81
66	1
66	9
66	14
66	26
66	28
66	34
66	36
66	39
66	41
66	65
66	72
66	75
66	76
67	10
67	19
67	25
67	31
67	41
67	47
67	51
67	56
67	71
67	77
67	79
67	80
67	81
68	2
68	6
68	15
68	26
68	30
68	31
68	42
68	50
68	51
68	53
68	64
68	72
68	74
68	80
69	3
69	6
69	8
69	15
69	26
69	27
69	32
69	33
69	37
69	50
69	56
69	73
69	75
69	81
70	4
70	15
70	16
70	17
70	35
70	36
70	37
70	46
70	47
70	58
70	60
70	63
70	65
70	75
70	78
71	6
71	9
71	25
71	41
71	49
71	51
71	55
71	61
71	67
71	74
71	77
71	78
71	79
71	80
71	81
72	5
72	7
72	12
72	17
72	22
72	23
72	36
72	39
72	43
72	44
72	45
72	49
72	66
72	68
72	76
73	4
73	8
73	12
73	18
73	24
73	27
73	32
73	37
73	40
73	49
73	52
73	56
73	57
73	59
73	69
74	2
74	5
74	15
74	23
74	25
74	26
74	31
74	38
74	40
74	42
74	47
74	52
74	64
74	68
74	71
74	79
75	2
75	5
75	9
75	12
75	20
75	29
75	32
75	34
75	40
75	43
75	47
75	48
75	65
75	66
75	69
75	70
75	76
76	9
76	10
76	14
76	20
76	22
76	28
76	29
76	34
76	37
76	49
76	53
76	58
76	64
76	65
76	66
76	72
76	75
76	77
76	81
77	3
77	6
77	12
77	14
77	16
77	18
77	19
77	25
77	41
77	48
77	51
77	52
77	55
77	59
77	67
77	71
77	76
77	79
77	80
78	13
78	14
78	16
78	17
78	21
78	24
78	25
78	31
78	35
78	36
78	39
78	45
78	46
78	47
78	62
78	63
78	70
78	71
78	79
79	1
79	14
79	24
79	29
79	31
79	35
79	36
79	48
79	50
79	54
79	57
79	58
79	61
79	65
79	67
79	71
79	74
79	77
79	78
79	81
80	3
80	6
80	19
80	20
80	21
80	22
80	25
80	34
80	41
80	44
80	46
80	50
80	51
80	55
80	61
80	67
80	68
80	71
80	77
80	81
81	1
81	8
81	20
81	24
81	30
81	35
81	38
81	40
81	48
81	50
81	54
81	57
81	58
81	61
81	62
81	65
81	67
81	69
81	71
81	76
81	79
81	80
