1	26
1	27
1	36
1	52
1	77
1	81
2	34
2	36
2	57
2	65
2	69
2	72
3	41
3	44
3	48
3	55
3	68
3	71
4	10
4	21
4	59
4	73
4	80
4	81
5	15
5	38
5	40
5	43
5	58
5	71
6	10
6	64
6	66
6	75
6	77
6	78
7	42
7	60
7	68
7	70
7	75
7	77
8	15
8	16
8	41
8	56
8	61
8	67
9	19
9	25
9	45
9	69
9	72
9	81
10	4
10	6
10	17
10	25
10	70
10	71
11	41
11	57
11	68
11	70
11	75
11	77
12	57
12	60
12	65
12	70
12	76
12	78
13	30
13	38
13	45
13	58
13	80
13	81
14	29
14	36
14	63
14	67
14	70
14	71
14	78
15	5
15	8
15	17
15	33
15	50
15	54
15	79
16	8
16	21
16	30
16	53
16	62
16	71
16	80
17	10
17	15
17	32
17	40
17	47
17	74
17	75
18	31
18	53
18	62
18	76
18	77
18	80
18	81
19	9
19	22
19	52
19	73
19	79
19	80
19	81
20	35
20	39
20	42
20	51
20	59
20	61
20	74
21	4
21	16
21	50
21	53
21	54
21	61
21	65
22	19
22	23
22	54
22	64
22	74
22	78
22	79
23	22
23	74
23	75
23	76
23	78
23	80
23	81
24	50
24	57
24	58
24	64
24	66
24	74
24	78
25	9
25	10
25	26
25	51
25	73
25	74
25	78
26	1
26	25
26	60
26	61
26	71
26	74
26	78
27	1
27	28
27	29
27	66
27	74
27	78
27	79
28	27
28	36
28	52
28	66
28	69
28	74
28	78
28	80
29	14
29	27
29	30
29	50
29	52
29	68
29	72
29	76
30	13
30	16
30	29
30	35
30	48
30	63
30	75
30	79
31	18
31	33
31	34
31	57
31	68
31	75
31	80
31	81
32	17
32	40
32	61
32	63
32	67
32	70
32	76
32	77
33	15
33	31
33	48
33	56
33	65
33	68
33	73
33	78
34	2
34	31
34	59
34	65
34	68
34	76
34	77
34	79
35	20
35	30
35	47
35	62
35	76
35	79
35	80
35	81
36	1
36	2
36	14
36	28
36	39
36	54
36	61
36	75
37	55
37	60
37	63
37	65
37	68
37	72
37	75
37	81
38	5
38	13
38	47
38	53
38	55
38	61
38	67
38	71
38	77
39	20
39	36
39	40
39	60
39	64
39	66
39	72
39	74
39	78
40	5
40	17
40	32
40	39
40	47
40	67
40	72
40	74
40	78
41	3
41	8
41	11
41	57
41	60
41	67
41	68
41	69
41	71
42	7
42	20
42	49
42	57
42	62
42	67
42	71
42	72
42	79
43	5
43	58
43	66
43	71
43	73
43	76
43	79
43	80
43	81
44	3
44	50
44	58
44	62
44	63
44	66
44	73
44	76
44	80
45	9
45	13
45	58
45	64
45	69
45	76
45	77
45	78
45	79
46	49
46	59
46	62
46	66
46	67
46	69
46	70
46	71
46	78
47	17
47	35
47	38
47	40
47	65
47	66
47	70
47	72
47	81
48	3
48	30
48	33
48	52
48	57
48	60
48	62
48	65
48	67
48	74
49	42
49	46
49	53
49	56
49	61
49	63
49	70
49	71
49	74
49	80
50	15
50	21
50	24
50	29
50	44
50	59
50	66
50	67
50	77
50	81
51	20
51	25
51	57
51	58
51	59
51	72
51	76
51	77
51	79
51	81
52	1
52	19
52	28
52	29
52	48
52	60
52	69
52	70
52	72
52	75
53	16
53	18
53	21
53	38
53	49
53	54
53	56
53	67
53	72
53	73
54	15
54	21
54	22
54	36
54	53
54	55
54	56
54	58
54	73
54	75
54	81
55	3
55	37
55	38
55	54
55	66
55	69
55	75
55	76
55	77
55	79
55	80
55	81
56	8
56	33
56	49
56	53
56	54
56	65
56	67
56	70
56	71
56	73
56	74
56	80
57	2
57	11
57	12
57	24
57	31
57	41
57	42
57	48
57	51
57	60
57	67
57	75
57	80
58	5
58	13
58	24
58	43
58	44
58	45
58	51
58	54
58	73
58	76
58	77
58	80
58	81
59	4
59	20
59	34
59	46
59	50
59	51
59	63
59	68
59	69
59	74
59	76
59	77
59	79
60	7
60	12
60	26
60	37
60	39
60	41
60	48
60	52
60	57
60	65
60	68
60	75
60	79
61	8
61	20
61	21
61	26
61	32
61	36
61	38
61	49
61	63
61	64
61	66
61	75
61	77
62	16
62	18
62	35
62	42
62	44
62	46
62	48
62	65
62	71
62	73
62	76
62	79
62	80
62	81
63	14
63	30
63	32
63	37
63	44
63	49
63	59
63	61
63	65
63	68
63	69
63	72
63	79
63	80
64	6
64	22
64	24
64	39
64	45
64	61
64	66
64	70
64	71
64	73
64	74
64	77
64	78
64	79
65	2
65	12
65	21
65	33
65	34
65	37
65	47
65	48
65	56
65	60
65	62
65	63
65	68
65	76
66	6
66	24
66	27
66	28
66	39
66	43
66	44
66	46
66	47
66	50
66	55
66	61
66	64
66	74
66	78
66	79
67	8
67	14
67	32
67	38
67	40
67	41
67	42
67	46
67	48
67	50
67	53
67	56
67	57
67	69
67	75
67	80
68	3
68	7
68	11
68	29
68	31
68	33
68	34
68	37
68	41
68	59
68	60
68	63
68	65
68	70
68	77
68	81
69	2
69	9
69	28
69	41
69	45
69	46
69	52
69	55
69	59
69	63
69	67
69	72
69	73
69	76
69	77
69	78
69	79
70	7
70	10
70	11
70	12
70	14
70	32
70	46
70	47
70	49
70	52
70	56
70	64
70	68
70	71
70	77
70	78
70	79
71	3
71	5
71	10
71	14
71	16
71	26
71	38
71	41
71	42
71	43
71	46
71	49
71	56
71	62
71	64
71	70
71	81
72	2
72	9
72	29
72	37
72	39
72	40
72	42
72	47
72	51
72	52
72	53
72	63
72	69
72	73
72	75
72	78
72	80
72	81
73	4
73	19
73	25
73	33
73	43
73	44
73	53
73	54
73	56
73	58
73	62
73	64
73	69
73	72
73	74
73	76
73	80
73	81
74	17
74	20
74	22
74	23
74	24
74	25
74	26
74	27
74	28
74	39
74	40
74	48
74	49
74	56
74	59
74	64
74	66
74	73
74	78
75	6
75	7
75	11
75	17
75	23
75	30
75	31
75	36
75	37
75	52
75	54
75	55
75	57
75	60
75	61
75	67
75	72
75	79
75	80
75	81
76	12
76	18
76	23
76	29
76	32
76	34
76	35
76	43
76	44
76	45
76	51
76	55
76	58
76	59
76	62
76	65
76	69
76	73
76	80
76	81
77	1
77	6
77	7
77	11
77	18
77	32
77	34
77	38
77	45
77	50
77	51
77	55
77	58
77	59
77	61
77	64
77	68
77	69
77	70
77	79
77	80
78	6
78	12
78	14
78	22
78	23
78	24
78	25
78	26
78	27
78	28
78	33
78	39
78	40
78	45
78	46
78	64
78	66
78	69
78	70
78	72
78	74
79	15
79	19
79	22
79	27
79	30
79	34
79	35
79	42
79	43
79	45
79	51
79	55
79	59
79	60
79	62
79	63
79	64
79	66
79	69
79	70
79	75
79	77
80	4
80	13
80	16
80	18
80	19
80	23
80	28
80	31
80	35
80	43
80	44
80	49
80	55
80	56
80	57
80	58
80	62
80	63
80	67
80	72
80	73
80	75
80	76
80	77
80	81
81	1
81	4
81	9
81	13
81	18
81	19
81	23
81	31
81	35
81	37
81	43
81	47
81	50
81	51
81	54
81	55
81	58
81	62
81	68
81	71
81	72
81	73
81	75
81	76
81	80
