1	15
1	32
1	46
1	57
1	75
1	76
2	4
2	8
2	13
2	15
2	64
2	72
3	11
3	13
3	18
3	26
3	39
3	57
4	2
4	7
4	20
4	29
4	46
4	73
5	7
5	67
5	72
5	75
5	78
5	80
6	22
6	26
6	65
6	68
6	78
6	80
7	4
7	5
7	10
7	60
7	69
7	73
8	2
8	25
8	52
8	63
8	79
8	81
9	16
9	52
9	61
9	64
9	65
9	80
10	7
10	29
10	36
10	45
10	59
10	80
11	3
11	18
11	21
11	23
11	27
11	81
12	16
12	25
12	39
12	41
12	66
12	69
13	2
13	3
13	23
13	24
13	41
13	76
14	16
14	50
14	55
14	56
14	65
14	79
15	1
15	2
15	19
15	25
15	36
15	71
16	9
16	12
16	14
16	52
16	64
16	81
17	21
17	51
17	60
17	78
17	80
17	81
18	3
18	11
18	23
18	24
18	75
18	81
19	15
19	21
19	53
19	57
19	71
19	79
19	81
20	4
20	24
20	31
20	42
20	45
20	64
20	73
21	11
21	17
21	19
21	22
21	35
21	54
21	79
22	6
22	21
22	49
22	54
22	70
22	75
22	77
23	11
23	13
23	18
23	24
23	55
23	72
23	80
24	13
24	18
24	20
24	23
24	33
24	61
24	74
25	8
25	12
25	15
25	30
25	57
25	63
25	74
26	3
26	6
26	28
26	54
26	63
26	71
26	79
27	11
27	35
27	43
27	51
27	56
27	77
27	81
28	26
28	36
28	51
28	60
28	73
28	80
28	81
29	4
29	10
29	47
29	59
29	63
29	76
29	81
30	25
30	48
30	50
30	71
30	72
30	78
30	80
31	20
31	44
31	66
31	69
31	72
31	73
31	79
32	1
32	38
32	41
32	46
32	51
32	74
32	79
33	24
33	34
33	45
33	60
33	67
33	75
33	81
34	33
34	44
34	58
34	65
34	68
34	77
34	80
35	21
35	27
35	54
35	63
35	66
35	68
35	81
36	10
36	15
36	28
36	52
36	62
36	66
36	79
36	80
37	50
37	56
37	65
37	68
37	74
37	75
37	77
37	81
38	32
38	40
38	49
38	56
38	57
38	60
38	76
38	78
39	3
39	12
39	50
39	64
39	66
39	69
39	73
39	80
40	38
40	43
40	56
40	59
40	70
40	72
40	74
40	76
41	12
41	13
41	32
41	56
41	60
41	73
41	79
41	81
42	20
42	58
42	64
42	66
42	69
42	73
42	78
42	81
43	27
43	40
43	52
43	58
43	65
43	70
43	77
43	79
44	31
44	34
44	53
44	60
44	62
44	64
44	67
44	69
44	81
45	10
45	20
45	33
45	55
45	63
45	74
45	76
45	77
45	79
46	1
46	4
46	32
46	50
46	65
46	70
46	72
46	75
46	77
47	29
47	48
47	62
47	64
47	65
47	66
47	70
47	79
47	81
48	30
48	47
48	60
48	61
48	64
48	65
48	67
48	77
48	81
49	22
49	38
49	55
49	58
49	65
49	67
49	70
49	77
49	80
50	14
50	30
50	37
50	39
50	46
50	57
50	60
50	70
50	75
51	17
51	27
51	28
51	32
51	53
51	71
51	76
51	78
51	80
52	8
52	9
52	16
52	36
52	43
52	71
52	72
52	77
52	78
52	80
53	19
53	44
53	51
53	54
53	61
53	63
53	68
53	72
53	74
53	80
54	21
54	22
54	26
54	35
54	53
54	56
54	65
54	67
54	78
54	80
55	14
55	23
55	45
55	49
55	59
55	61
55	63
55	71
55	74
55	76
56	14
56	27
56	37
56	38
56	40
56	41
56	54
56	59
56	62
56	67
56	71
57	1
57	3
57	19
57	25
57	38
57	50
57	59
57	71
57	74
57	78
57	80
58	34
58	42
58	43
58	49
58	60
58	66
58	69
58	70
58	74
58	75
58	77
59	10
59	29
59	40
59	55
59	56
59	57
59	69
59	70
59	76
59	78
59	81
60	7
60	17
60	28
60	33
60	38
60	41
60	44
60	48
60	50
60	58
60	62
60	76
61	9
61	24
61	48
61	53
61	55
61	68
61	71
61	74
61	76
61	78
61	79
61	80
62	36
62	44
62	47
62	56
62	60
62	70
62	74
62	75
62	76
62	77
62	78
62	81
63	8
63	25
63	26
63	29
63	35
63	45
63	53
63	55
63	67
63	74
63	76
63	78
63	81
64	2
64	9
64	16
64	20
64	39
64	42
64	44
64	47
64	48
64	69
64	76
64	79
64	80
65	6
65	9
65	14
65	34
65	37
65	43
65	46
65	47
65	48
65	49
65	54
65	75
65	77
66	12
66	31
66	35
66	36
66	39
66	42
66	47
66	58
66	69
66	71
66	73
66	74
66	77
67	5
67	33
67	44
67	48
67	49
67	54
67	56
67	63
67	68
67	75
67	76
67	77
67	79
68	6
68	34
68	35
68	37
68	53
68	61
68	67
68	71
68	72
68	73
68	78
68	79
68	80
68	81
69	7
69	12
69	31
69	39
69	42
69	44
69	58
69	59
69	64
69	66
69	73
69	75
69	76
69	79
70	22
70	40
70	43
70	46
70	47
70	49
70	50
70	58
70	59
70	62
70	72
70	73
70	75
70	78
71	15
71	19
71	26
71	30
71	51
71	52
71	55
71	56
71	57
71	61
71	66
71	68
71	72
71	78
71	80
72	2
72	5
72	23
72	30
72	31
72	40
72	46
72	52
72	53
72	68
72	70
72	71
72	78
72	80
72	81
73	4
73	7
73	20
73	28
73	31
73	39
73	41
73	42
73	66
73	68
73	69
73	70
73	79
73	80
73	81
74	24
74	25
74	32
74	37
74	40
74	45
74	53
74	55
74	57
74	58
74	61
74	62
74	63
74	66
74	76
74	78
75	1
75	5
75	18
75	22
75	33
75	37
75	46
75	50
75	58
75	62
75	65
75	67
75	69
75	70
75	77
75	78
75	79
76	1
76	13
76	29
76	38
76	40
76	45
76	51
76	55
76	59
76	60
76	61
76	62
76	63
76	64
76	67
76	69
76	74
76	80
77	22
77	27
77	34
77	37
77	43
77	45
77	46
77	48
77	49
77	52
77	58
77	62
77	65
77	66
77	67
77	75
77	79
77	81
78	5
78	6
78	17
78	30
78	38
78	42
78	51
78	52
78	54
78	57
78	59
78	61
78	62
78	63
78	68
78	70
78	71
78	72
78	74
78	75
78	80
79	8
79	14
79	19
79	21
79	26
79	31
79	32
79	36
79	41
79	43
79	45
79	47
79	61
79	64
79	67
79	68
79	69
79	73
79	75
79	77
79	81
80	5
80	6
80	9
80	10
80	17
80	23
80	28
80	30
80	34
80	36
80	39
80	49
80	51
80	52
80	53
80	54
80	57
80	61
80	64
80	68
80	71
80	72
80	73
80	76
80	78
81	8
81	11
81	16
81	17
81	18
81	19
81	27
81	28
81	29
81	33
81	35
81	37
81	41
81	42
81	44
81	47
81	48
81	59
81	62
81	63
81	68
81	72
81	73
81	77
81	79
