1	33
1	51
1	55
1	63
1	73
1	79
2	9
2	35
2	58
2	67
2	74
2	80
3	49
3	50
3	63
3	73
3	79
3	81
4	6
4	31
4	69
4	74
4	77
4	81
5	28
5	38
5	44
5	45
5	71
5	73
6	4
6	45
6	71
6	77
6	78
6	81
7	28
7	36
7	57
7	63
7	68
7	81
8	21
8	41
8	51
8	55
8	78
8	81
9	2
9	46
9	53
9	60
9	62
9	66
10	26
10	44
10	45
10	64
10	72
10	79
11	24
11	36
11	59
11	70
11	71
11	80
12	19
12	32
12	39
12	48
12	66
12	80
13	25
13	26
13	54
13	70
13	76
13	79
14	33
14	43
14	47
14	52
14	62
14	67
14	77
15	40
15	56
15	64
15	66
15	77
15	78
15	80
16	19
16	32
16	55
16	59
16	75
16	77
16	78
17	21
17	34
17	45
17	46
17	61
17	79
17	81
18	24
18	27
18	37
18	50
18	67
18	77
18	80
19	12
19	16
19	21
19	26
19	32
19	59
19	76
20	26
20	45
20	54
20	62
20	67
20	71
20	77
21	8
21	17
21	19
21	56
21	60
21	64
21	69
22	29
22	51
22	66
22	70
22	72
22	75
22	78
23	34
23	40
23	47
23	58
23	71
23	73
23	79
24	11
24	18
24	63
24	64
24	68
24	69
24	70
25	13
25	33
25	35
25	71
25	76
25	79
25	81
26	10
26	13
26	19
26	20
26	38
26	40
26	42
27	18
27	42
27	44
27	54
27	61
27	63
27	69
28	5
28	7
28	33
28	39
28	53
28	70
28	74
29	22
29	43
29	56
29	62
29	66
29	72
29	77
30	37
30	57
30	71
30	72
30	73
30	75
30	76
30	79
31	4
31	38
31	39
31	42
31	59
31	74
31	78
31	81
32	12
32	16
32	19
32	46
32	56
32	66
32	74
32	79
33	1
33	14
33	25
33	28
33	37
33	50
33	66
33	72
34	17
34	23
34	44
34	61
34	70
34	72
34	74
34	75
35	2
35	25
35	40
35	71
35	72
35	75
35	80
35	81
36	7
36	11
36	45
36	52
36	56
36	59
36	67
36	76
36	81
37	18
37	30
37	33
37	62
37	71
37	75
37	76
37	80
37	81
38	5
38	26
38	31
38	43
38	57
38	63
38	72
38	76
38	77
39	12
39	28
39	31
39	43
39	51
39	53
39	57
39	77
39	78
40	15
40	23
40	26
40	35
40	41
40	59
40	67
40	68
40	77
41	8
41	40
41	43
41	48
41	61
41	65
41	69
41	71
41	79
42	26
42	27
42	31
42	49
42	51
42	59
42	65
42	77
42	78
43	14
43	29
43	38
43	39
43	41
43	52
43	70
43	71
43	80
44	5
44	10
44	27
44	34
44	58
44	62
44	63
44	64
44	79
45	5
45	6
45	10
45	17
45	20
45	36
45	54
45	59
45	78
46	9
46	17
46	32
46	52
46	53
46	57
46	59
46	60
46	61
46	81
47	14
47	23
47	55
47	58
47	60
47	63
47	72
47	74
47	77
47	80
48	12
48	41
48	50
48	51
48	52
48	64
48	69
48	73
48	76
48	79
49	3
49	42
49	52
49	56
49	60
49	61
49	67
49	68
49	72
49	74
50	3
50	18
50	33
50	48
50	53
50	54
50	66
50	67
50	73
50	76
51	1
51	8
51	22
51	39
51	42
51	48
51	71
51	72
51	77
51	78
52	14
52	36
52	43
52	46
52	48
52	49
52	60
52	72
52	74
52	75
53	9
53	28
53	39
53	46
53	50
53	57
53	66
53	72
53	75
53	76
53	80
54	13
54	20
54	27
54	45
54	50
54	59
54	68
54	74
54	75
54	80
54	81
55	1
55	8
55	16
55	47
55	56
55	58
55	70
55	71
55	78
55	80
55	81
56	15
56	21
56	29
56	32
56	36
56	49
56	55
56	72
56	77
56	78
56	79
57	7
57	30
57	38
57	39
57	46
57	53
57	64
57	67
57	68
57	75
57	81
58	2
58	23
58	44
58	47
58	55
58	60
58	63
58	64
58	65
58	75
58	81
59	11
59	16
59	19
59	31
59	36
59	40
59	42
59	45
59	46
59	54
59	68
59	80
60	9
60	21
60	46
60	47
60	49
60	52
60	58
60	66
60	69
60	70
60	77
60	81
61	17
61	27
61	34
61	41
61	46
61	49
61	62
61	65
61	68
61	69
61	73
61	79
62	9
62	14
62	20
62	29
62	37
62	44
62	61
62	70
62	71
62	76
62	78
62	81
63	1
63	3
63	7
63	24
63	27
63	38
63	44
63	47
63	58
63	65
63	68
63	73
64	10
64	15
64	21
64	24
64	44
64	48
64	57
64	58
64	69
64	73
64	79
64	80
65	41
65	42
65	58
65	61
65	63
65	69
65	72
65	73
65	74
65	75
65	78
65	79
66	9
66	12
66	15
66	22
66	29
66	32
66	33
66	50
66	53
66	60
66	69
66	74
66	77
66	78
67	2
67	14
67	18
67	20
67	36
67	40
67	49
67	50
67	57
67	76
67	77
67	78
67	79
67	80
68	7
68	24
68	40
68	49
68	54
68	57
68	59
68	61
68	63
68	74
68	76
68	78
68	80
68	81
69	4
69	21
69	24
69	27
69	41
69	48
69	60
69	61
69	64
69	65
69	66
69	73
69	76
69	79
69	80
70	11
70	13
70	22
70	24
70	28
70	34
70	43
70	55
70	60
70	62
70	71
70	72
70	74
70	75
70	76
70	80
70	81
71	5
71	6
71	11
71	20
71	23
71	25
71	30
71	35
71	37
71	41
71	43
71	51
71	55
71	62
71	70
71	73
71	75
71	81
72	10
72	22
72	29
72	30
72	33
72	34
72	35
72	38
72	47
72	49
72	51
72	52
72	53
72	56
72	65
72	70
72	75
72	80
73	1
73	3
73	5
73	23
73	30
73	48
73	50
73	61
73	63
73	64
73	65
73	69
73	71
73	74
73	76
73	77
73	79
73	80
74	2
74	4
74	28
74	31
74	32
74	34
74	47
74	49
74	52
74	54
74	65
74	66
74	68
74	70
74	73
74	75
74	76
74	77
74	80
75	16
75	22
75	30
75	34
75	35
75	37
75	52
75	53
75	54
75	57
75	58
75	65
75	70
75	71
75	72
75	74
75	78
75	79
75	80
75	81
76	13
76	19
76	25
76	30
76	36
76	37
76	38
76	48
76	50
76	53
76	62
76	67
76	68
76	69
76	70
76	73
76	74
76	78
76	79
76	80
77	4
77	6
77	14
77	15
77	16
77	18
77	20
77	29
77	38
77	39
77	40
77	42
77	47
77	51
77	56
77	60
77	66
77	67
77	73
77	74
77	78
77	81
78	6
78	8
78	15
78	16
78	22
78	31
78	39
78	42
78	45
78	51
78	55
78	56
78	62
78	65
78	66
78	67
78	68
78	75
78	76
78	77
78	80
78	81
79	1
79	3
79	10
79	13
79	17
79	23
79	25
79	30
79	32
79	41
79	44
79	48
79	56
79	61
79	64
79	65
79	67
79	69
79	73
79	75
79	76
79	81
80	2
80	11
80	12
80	15
80	18
80	35
80	37
80	43
80	47
80	53
80	54
80	55
80	59
80	64
80	67
80	68
80	69
80	70
80	72
80	73
80	74
80	75
80	76
80	78
81	3
81	4
81	6
81	7
81	8
81	17
81	25
81	31
81	35
81	36
81	37
81	46
81	54
81	55
81	57
81	58
81	60
81	62
81	68
81	70
81	71
81	75
81	77
81	78
81	79
