1	18
1	41
1	62
1	63
1	68
1	70
2	14
2	51
2	57
2	58
2	63
2	72
3	11
3	62
3	77
3	79
3	80
3	81
4	35
4	57
4	67
4	69
4	73
4	77
5	19
5	33
5	45
5	70
5	74
5	80
6	34
6	71
6	76
6	79
6	80
6	81
7	23
7	25
7	45
7	53
7	56
7	73
7	74
8	21
8	28
8	38
8	43
8	49
8	71
8	72
9	33
9	54
9	64
9	71
9	74
9	75
9	76
10	14
10	25
10	31
10	36
10	56
10	80
10	81
11	3
11	45
11	48
11	50
11	58
11	66
11	71
12	42
12	53
12	55
12	60
12	68
12	69
12	72
13	38
13	45
13	48
13	52
13	70
13	74
13	79
14	2
14	10
14	15
14	36
14	38
14	55
14	67
15	14
15	28
15	42
15	48
15	67
15	69
15	76
15	78
16	19
16	23
16	41
16	48
16	51
16	57
16	58
16	71
17	23
17	32
17	36
17	46
17	52
17	62
17	69
17	78
18	1
18	48
18	51
18	54
18	57
18	63
18	66
18	71
19	5
19	16
19	35
19	38
19	39
19	50
19	62
19	76
20	22
20	31
20	32
20	47
20	61
20	71
20	78
20	79
21	8
21	31
21	34
21	59
21	61
21	69
21	73
21	77
22	20
22	42
22	47
22	53
22	55
22	56
22	74
22	76
23	7
23	16
23	17
23	33
23	50
23	52
23	59
23	62
24	46
24	62
24	70
24	75
24	77
24	78
24	80
24	81
25	7
25	10
25	27
25	33
25	40
25	62
25	64
25	74
26	40
26	45
26	49
26	50
26	58
26	65
26	69
26	78
27	25
27	28
27	46
27	56
27	59
27	61
27	65
27	79
28	8
28	15
28	27
28	40
28	44
28	68
28	72
28	73
29	39
29	54
29	58
29	63
29	66
29	72
29	78
29	79
30	37
30	57
30	60
30	67
30	71
30	76
30	78
30	81
31	10
31	20
31	21
31	39
31	52
31	61
31	73
31	77
32	17
32	20
32	39
32	42
32	46
32	61
32	69
32	73
32	77
33	5
33	9
33	23
33	25
33	44
33	52
33	55
33	66
33	75
34	6
34	21
34	47
34	49
34	52
34	54
34	59
34	77
34	78
35	4
35	19
35	41
35	46
35	48
35	52
35	57
35	63
35	81
36	10
36	14
36	17
36	37
36	48
36	61
36	69
36	73
36	77
37	30
37	36
37	41
37	42
37	53
37	69
37	73
37	77
37	78
38	8
38	13
38	14
38	19
38	51
38	64
38	70
38	71
38	80
39	19
39	29
39	31
39	32
39	40
39	49
39	55
39	67
39	80
40	25
40	26
40	28
40	39
40	53
40	56
40	68
40	71
40	72
41	1
41	16
41	35
41	37
41	48
41	53
41	63
41	65
41	66
42	12
42	15
42	22
42	32
42	37
42	43
42	65
42	68
42	72
43	8
43	42
43	52
43	53
43	60
43	67
43	68
43	72
43	81
44	28
44	33
44	46
44	52
44	55
44	59
44	62
44	64
44	70
44	74
45	5
45	7
45	11
45	13
45	26
45	54
45	61
45	62
45	74
45	75
46	17
46	24
46	27
46	32
46	35
46	44
46	52
46	62
46	74
46	78
47	20
47	22
47	34
47	51
47	56
47	64
47	68
47	76
47	80
47	81
48	11
48	13
48	15
48	16
48	18
48	35
48	36
48	41
48	51
48	57
48	79
49	8
49	26
49	34
49	39
49	54
49	62
49	63
49	64
49	68
49	73
49	81
50	11
50	19
50	23
50	26
50	55
50	59
50	62
50	65
50	67
50	72
50	79
51	2
51	16
51	18
51	38
51	47
51	48
51	57
51	63
51	73
51	77
51	78
52	13
52	17
52	23
52	31
52	33
52	34
52	35
52	43
52	44
52	46
52	80
53	7
53	12
53	22
53	37
53	40
53	41
53	43
53	65
53	68
53	70
53	72
54	9
54	18
54	29
54	34
54	45
54	49
54	64
54	74
54	75
54	77
54	79
55	12
55	14
55	22
55	33
55	39
55	44
55	50
55	64
55	67
55	72
55	81
56	7
56	10
56	22
56	27
56	40
56	47
56	60
56	65
56	68
56	76
56	79
56	80
56	81
57	2
57	4
57	16
57	18
57	30
57	35
57	48
57	51
57	60
57	63
57	71
57	72
57	75
58	2
58	11
58	16
58	26
58	29
58	65
58	69
58	71
58	74
58	76
58	78
58	79
58	81
59	21
59	23
59	27
59	34
59	44
59	50
59	60
59	66
59	70
59	71
59	75
59	77
59	81
60	12
60	30
60	43
60	56
60	57
60	59
60	61
60	65
60	70
60	75
60	76
60	78
60	79
60	80
61	20
61	21
61	27
61	31
61	32
61	36
61	45
61	60
61	64
61	65
61	69
61	73
61	76
61	77
62	1
62	3
62	17
62	19
62	23
62	24
62	25
62	44
62	45
62	46
62	49
62	50
62	74
62	75
63	1
63	2
63	18
63	29
63	35
63	41
63	49
63	51
63	57
63	68
63	74
63	75
63	78
63	80
64	9
64	25
64	38
64	44
64	47
64	49
64	54
64	55
64	61
64	68
64	72
64	75
64	76
64	77
65	26
65	27
65	41
65	42
65	50
65	53
65	56
65	58
65	60
65	61
65	66
65	70
65	75
65	81
66	11
66	18
66	29
66	33
66	41
66	59
66	65
66	69
66	70
66	74
66	75
66	79
66	80
66	81
67	4
67	14
67	15
67	30
67	39
67	43
67	50
67	55
67	70
67	73
67	78
67	79
67	80
67	81
68	1
68	12
68	28
68	40
68	42
68	43
68	47
68	49
68	53
68	56
68	63
68	64
68	72
68	77
69	4
69	12
69	15
69	17
69	21
69	26
69	32
69	36
69	37
69	58
69	61
69	66
69	73
69	77
69	80
70	1
70	5
70	13
70	24
70	38
70	44
70	53
70	59
70	60
70	65
70	66
70	67
70	76
70	79
70	80
70	81
71	6
71	8
71	9
71	11
71	16
71	18
71	20
71	30
71	38
71	40
71	57
71	58
71	59
71	76
71	78
71	80
72	2
72	8
72	12
72	28
72	29
72	40
72	42
72	43
72	50
72	53
72	55
72	57
72	64
72	68
72	77
72	81
73	4
73	7
73	21
73	28
73	31
73	32
73	36
73	37
73	49
73	51
73	61
73	67
73	69
73	74
73	76
73	77
73	80
74	5
74	7
74	9
74	13
74	22
74	25
74	44
74	45
74	46
74	54
74	58
74	62
74	63
74	66
74	73
74	76
74	81
75	9
75	24
75	33
75	45
75	54
75	57
75	59
75	60
75	62
75	63
75	64
75	65
75	66
75	78
75	79
75	80
75	81
76	6
76	9
76	15
76	19
76	22
76	30
76	47
76	56
76	58
76	60
76	61
76	64
76	70
76	71
76	73
76	74
76	79
77	3
77	4
77	21
77	24
77	31
77	32
77	34
77	36
77	37
77	51
77	54
77	59
77	61
77	64
77	68
77	69
77	72
77	73
78	15
78	17
78	20
78	24
78	26
78	29
78	30
78	34
78	37
78	46
78	51
78	58
78	60
78	63
78	67
78	71
78	75
78	81
79	3
79	6
79	13
79	20
79	27
79	29
79	48
79	50
79	54
79	56
79	58
79	60
79	66
79	67
79	70
79	75
79	76
79	80
79	81
80	3
80	5
80	6
80	10
80	24
80	38
80	39
80	47
80	52
80	56
80	60
80	63
80	66
80	67
80	69
80	70
80	71
80	73
80	75
80	79
80	81
81	3
81	6
81	10
81	24
81	30
81	35
81	43
81	47
81	49
81	55
81	56
81	58
81	59
81	65
81	66
81	67
81	70
81	72
81	74
81	75
81	78
81	79
81	80
