1	7
1	19
1	31
1	52
1	58
1	78
2	4
2	32
2	43
2	55
2	59
2	67
3	14
3	20
3	58
3	63
3	72
3	74
4	2
4	15
4	27
4	63
4	70
4	71
5	26
5	33
5	45
5	57
5	64
5	78
6	15
6	24
6	32
6	65
6	74
6	81
7	1
7	29
7	30
7	61
7	77
7	80
8	16
8	46
8	54
8	68
8	69
8	72
9	19
9	51
9	63
9	72
9	75
9	78
10	47
10	51
10	56
10	65
10	72
10	78
11	24
11	57
11	70
11	73
11	78
11	81
12	48
12	60
12	64
12	70
12	77
12	78
13	21
13	62
13	70
13	74
13	75
13	79
14	3
14	31
14	40
14	52
14	68
14	79
15	4
15	6
15	39
15	53
15	57
15	75
16	8
16	52
16	59
16	63
16	68
16	71
16	81
17	31
17	55
17	65
17	69
17	72
17	77
17	80
18	37
18	43
18	44
18	58
18	59
18	69
18	73
19	1
19	9
19	47
19	64
19	74
19	78
19	81
20	3
20	33
20	36
20	49
20	66
20	67
20	81
21	13
21	41
21	56
21	61
21	74
21	75
21	80
22	29
22	46
22	53
22	54
22	64
22	76
22	79
23	36
23	44
23	49
23	65
23	76
23	77
23	80
24	6
24	11
24	43
24	63
24	66
24	72
24	79
25	40
25	49
25	62
25	69
25	70
25	76
25	81
26	5
26	49
26	55
26	61
26	62
26	77
26	79
27	4
27	37
27	66
27	67
27	68
27	73
27	81
28	29
28	30
28	57
28	64
28	65
28	77
28	79
29	7
29	22
29	28
29	35
29	38
29	71
29	80
30	7
30	28
30	59
30	61
30	62
30	68
30	72
31	1
31	14
31	17
31	53
31	57
31	64
31	68
31	74
32	2
32	6
32	41
32	55
32	66
32	76
32	80
32	81
33	5
33	20
33	46
33	51
33	56
33	64
33	77
33	78
34	51
34	55
34	56
34	67
34	70
34	74
34	76
34	80
35	29
35	63
35	65
35	71
35	72
35	77
35	80
35	81
36	20
36	23
36	53
36	56
36	62
36	69
36	76
36	77
36	81
37	18
37	27
37	41
37	42
37	46
37	49
37	69
37	72
37	79
38	29
38	40
38	50
38	52
38	54
38	58
38	60
38	61
38	78
39	15
39	48
39	58
39	61
39	62
39	69
39	76
39	77
39	81
40	14
40	25
40	38
40	46
40	50
40	58
40	64
40	65
40	78
41	21
41	32
41	37
41	67
41	74
41	76
41	77
41	79
41	81
42	37
42	48
42	49
42	52
42	53
42	68
42	70
42	79
42	80
42	81
43	2
43	18
43	24
43	50
43	59
43	60
43	61
43	74
43	79
43	80
44	18
44	23
44	45
44	58
44	60
44	71
44	73
44	76
44	79
44	80
45	5
45	44
45	47
45	49
45	51
45	55
45	58
45	63
45	77
45	80
46	8
46	22
46	33
46	37
46	40
46	50
46	54
46	55
46	64
46	70
46	79
47	10
47	19
47	45
47	50
47	55
47	56
47	59
47	60
47	65
47	72
47	78
48	12
48	39
48	42
48	50
48	59
48	67
48	69
48	74
48	76
48	78
48	81
49	20
49	23
49	25
49	26
49	37
49	42
49	45
49	53
49	63
49	77
49	80
50	38
50	40
50	43
50	46
50	47
50	48
50	51
50	53
50	56
50	62
50	78
51	9
51	10
51	33
51	34
51	45
51	50
51	55
51	65
51	73
51	75
51	77
51	80
52	1
52	14
52	16
52	38
52	42
52	54
52	58
52	66
52	69
52	70
52	77
52	80
53	15
53	22
53	31
53	36
53	42
53	49
53	50
53	70
53	71
53	75
53	77
53	79
54	8
54	22
54	38
54	46
54	52
54	70
54	71
54	72
54	73
54	74
54	75
54	76
54	79
55	2
55	17
55	26
55	32
55	34
55	45
55	46
55	47
55	51
55	63
55	65
55	73
55	80
56	10
56	21
56	33
56	34
56	36
56	47
56	50
56	57
56	60
56	66
56	74
56	78
56	79
57	5
57	11
57	15
57	28
57	31
57	56
57	62
57	70
57	71
57	73
57	78
57	79
57	81
58	1
58	3
58	18
58	38
58	39
58	40
58	44
58	45
58	52
58	73
58	79
58	80
58	81
59	2
59	16
59	18
59	30
59	43
59	47
59	48
59	60
59	68
59	71
59	75
59	79
59	81
60	12
60	38
60	43
60	44
60	47
60	56
60	59
60	64
60	68
60	70
60	75
60	78
60	79
61	7
61	21
61	26
61	30
61	38
61	39
61	43
61	68
61	69
61	72
61	73
61	74
61	75
61	80
62	13
62	25
62	26
62	30
62	36
62	39
62	50
62	57
62	66
62	69
62	72
62	76
62	78
62	81
63	3
63	4
63	9
63	16
63	24
63	35
63	45
63	49
63	55
63	65
63	66
63	72
63	74
63	80
64	5
64	12
64	19
64	22
64	28
64	31
64	33
64	40
64	46
64	60
64	66
64	75
64	78
64	81
65	6
65	10
65	17
65	23
65	28
65	35
65	40
65	47
65	51
65	55
65	63
65	67
65	71
65	77
65	80
66	20
66	24
66	27
66	32
66	52
66	56
66	62
66	63
66	64
66	68
66	69
66	70
66	73
66	76
66	81
67	2
67	20
67	27
67	34
67	41
67	48
67	65
67	68
67	69
67	70
67	73
67	76
67	77
67	80
67	81
68	8
68	14
68	16
68	27
68	30
68	31
68	42
68	59
68	60
68	61
68	66
68	67
68	72
68	74
68	75
69	8
69	17
69	18
69	25
69	36
69	37
69	39
69	48
69	52
69	61
69	62
69	66
69	67
69	75
69	76
69	78
69	81
70	4
70	11
70	12
70	13
70	25
70	34
70	42
70	46
70	52
70	53
70	54
70	57
70	60
70	66
70	67
70	71
70	73
71	4
71	16
71	29
71	35
71	44
71	53
71	54
71	57
71	59
71	65
71	70
71	72
71	73
71	75
71	76
71	77
71	79
72	3
72	8
72	9
72	10
72	17
72	24
72	30
72	35
72	37
72	47
72	54
72	61
72	62
72	63
72	68
72	71
72	75
72	76
73	11
73	18
73	27
73	44
73	51
73	54
73	55
73	57
73	58
73	61
73	66
73	67
73	70
73	71
73	75
73	77
73	78
73	79
74	3
74	6
74	13
74	19
74	21
74	31
74	34
74	41
74	43
74	48
74	54
74	56
74	61
74	63
74	68
74	75
74	76
74	78
75	9
75	13
75	15
75	21
75	51
75	53
75	54
75	59
75	60
75	61
75	64
75	68
75	69
75	71
75	72
75	73
75	74
75	78
75	81
76	22
76	23
76	25
76	32
76	34
76	36
76	39
76	41
76	44
76	48
76	54
76	62
76	66
76	67
76	69
76	71
76	72
76	74
76	77
76	80
76	81
77	7
77	12
77	17
77	23
77	26
77	28
77	33
77	35
77	36
77	39
77	41
77	45
77	49
77	51
77	52
77	53
77	65
77	67
77	71
77	73
77	76
77	80
78	1
78	5
78	9
78	10
78	11
78	12
78	19
78	33
78	38
78	40
78	47
78	48
78	50
78	56
78	57
78	60
78	62
78	64
78	69
78	73
78	74
78	75
79	13
79	14
79	22
79	24
79	26
79	28
79	37
79	41
79	42
79	43
79	44
79	46
79	53
79	54
79	56
79	57
79	58
79	59
79	60
79	71
79	73
79	80
79	81
80	7
80	17
80	21
80	23
80	29
80	32
80	34
80	35
80	42
80	43
80	44
80	45
80	49
80	51
80	52
80	55
80	58
80	61
80	63
80	65
80	67
80	76
80	77
80	79
81	6
81	11
81	16
81	19
81	20
81	25
81	27
81	32
81	35
81	36
81	39
81	41
81	42
81	48
81	57
81	58
81	59
81	62
81	64
81	66
81	67
81	69
81	75
81	76
81	79
