1	3
1	5
1	22
1	27
1	30
1	79
2	6
2	18
2	74
2	76
2	77
2	81
3	1
3	11
3	30
3	51
3	65
3	79
4	35
4	44
4	58
4	73
4	79
4	81
5	1
5	54
5	63
5	69
5	71
5	72
6	2
6	57
6	63
6	74
6	75
6	77
7	13
7	45
7	77
7	78
7	80
7	81
8	19
8	68
8	77
8	79
8	80
8	81
9	31
9	54
9	63
9	76
9	78
9	81
10	37
10	44
10	47
10	49
10	60
10	66
11	3
11	41
11	49
11	51
11	65
11	69
12	14
12	27
12	38
12	58
12	69
12	80
13	7
13	46
13	51
13	65
13	74
13	80
14	12
14	53
14	62
14	67
14	70
14	80
15	46
15	63
15	65
15	71
15	77
15	80
16	58
16	60
16	67
16	70
16	76
16	81
17	18
17	36
17	43
17	67
17	73
17	80
17	81
18	2
18	17
18	27
18	30
18	39
18	45
18	46
19	8
19	26
19	57
19	72
19	73
19	74
19	77
20	32
20	50
20	55
20	57
20	64
20	71
20	73
21	26
21	55
21	64
21	66
21	75
21	80
21	81
22	1
22	30
22	39
22	42
22	45
22	57
22	61
23	25
23	31
23	48
23	51
23	77
23	78
23	81
24	26
24	56
24	60
24	67
24	70
24	79
24	81
25	23
25	45
25	54
25	64
25	71
25	72
25	73
26	19
26	21
26	24
26	56
26	77
26	78
26	81
27	1
27	12
27	18
27	39
27	43
27	45
27	80
28	37
28	40
28	43
28	55
28	70
28	74
28	78
29	49
29	55
29	74
29	76
29	77
29	78
29	81
30	1
30	3
30	18
30	22
30	33
30	37
30	53
31	9
31	23
31	40
31	43
31	71
31	72
31	78
32	20
32	47
32	50
32	58
32	61
32	66
32	71
33	30
33	64
33	69
33	72
33	73
33	74
33	78
34	55
34	56
34	61
34	68
34	72
34	77
34	80
35	4
35	49
35	53
35	60
35	67
35	70
35	74
35	79
36	17
36	40
36	42
36	58
36	62
36	67
36	74
36	78
37	10
37	28
37	30
37	45
37	69
37	72
37	79
37	80
38	12
38	43
38	47
38	48
38	56
38	66
38	68
38	75
39	18
39	22
39	27
39	45
39	56
39	60
39	61
39	70
40	28
40	31
40	36
40	46
40	52
40	71
40	72
40	77
41	11
41	60
41	65
41	68
41	72
41	76
41	78
41	81
42	22
42	36
42	51
42	59
42	68
42	69
42	73
42	74
43	17
43	27
43	28
43	31
43	38
43	54
43	73
43	77
43	79
44	4
44	10
44	50
44	53
44	54
44	66
44	67
44	79
44	80
45	7
45	18
45	22
45	25
45	27
45	37
45	39
45	65
45	81
46	13
46	15
46	18
46	40
46	51
46	65
46	68
46	71
46	73
47	10
47	32
47	38
47	49
47	50
47	61
47	62
47	70
47	80
48	23
48	38
48	49
48	50
48	56
48	64
48	67
48	69
48	80
49	10
49	11
49	29
49	35
49	47
49	48
49	56
49	66
49	74
50	20
50	32
50	44
50	47
50	48
50	56
50	57
50	66
50	72
50	76
51	3
51	11
51	13
51	23
51	42
51	46
51	63
51	65
51	66
51	80
52	40
52	57
52	59
52	67
52	71
52	72
52	73
52	75
52	76
52	80
53	14
53	30
53	35
53	44
53	55
53	60
53	67
53	70
53	75
53	77
54	5
54	9
54	25
54	43
54	44
54	58
54	60
54	62
54	64
54	68
55	20
55	21
55	28
55	29
55	34
55	53
55	58
55	70
55	74
55	75
55	78
56	24
56	26
56	34
56	38
56	39
56	48
56	49
56	50
56	63
56	66
56	68
57	6
57	19
57	20
57	22
57	50
57	52
57	64
57	66
57	71
57	75
57	79
58	4
58	12
58	16
58	32
58	36
58	54
58	55
58	61
58	71
58	72
58	76
59	42
59	52
59	61
59	62
59	69
59	75
59	76
59	77
59	78
59	80
59	81
60	10
60	16
60	24
60	35
60	39
60	41
60	53
60	54
60	62
60	67
60	69
60	70
61	22
61	32
61	34
61	39
61	47
61	58
61	59
61	63
61	65
61	74
61	75
61	79
62	14
62	36
62	47
62	54
62	59
62	60
62	64
62	76
62	77
62	78
62	81
63	5
63	6
63	9
63	15
63	51
63	56
63	61
63	65
63	68
63	78
63	79
63	80
64	20
64	21
64	25
64	33
64	48
64	54
64	57
64	62
64	68
64	71
64	72
64	73
64	81
65	3
65	11
65	13
65	15
65	41
65	45
65	46
65	51
65	61
65	63
65	67
65	75
65	77
66	10
66	21
66	32
66	38
66	44
66	49
66	50
66	51
66	56
66	57
66	69
66	72
66	76
67	14
67	16
67	17
67	24
67	35
67	36
67	44
67	48
67	52
67	53
67	60
67	65
67	70
67	78
68	8
68	34
68	38
68	41
68	42
68	46
68	54
68	56
68	63
68	64
68	71
68	75
68	78
68	79
68	80
69	5
69	11
69	12
69	33
69	37
69	42
69	48
69	59
69	60
69	66
69	74
69	75
69	76
69	80
69	81
70	14
70	16
70	24
70	28
70	35
70	39
70	47
70	53
70	55
70	60
70	67
70	71
70	73
70	75
70	76
71	5
71	15
71	20
71	25
71	31
71	32
71	40
71	46
71	52
71	57
71	58
71	64
71	68
71	70
71	73
71	79
72	5
72	19
72	25
72	31
72	33
72	34
72	37
72	40
72	41
72	50
72	52
72	58
72	64
72	66
72	73
72	74
73	4
73	17
73	19
73	20
73	25
73	33
73	42
73	43
73	46
73	52
73	64
73	70
73	71
73	72
73	76
73	79
74	2
74	6
74	13
74	19
74	28
74	29
74	33
74	35
74	36
74	42
74	49
74	55
74	61
74	69
74	72
74	75
74	79
74	81
75	6
75	21
75	38
75	52
75	53
75	55
75	57
75	59
75	61
75	65
75	68
75	69
75	70
75	74
75	77
75	78
75	79
75	80
75	81
76	2
76	9
76	16
76	29
76	41
76	50
76	52
76	58
76	59
76	62
76	66
76	69
76	70
76	73
76	77
76	78
76	79
76	80
76	81
77	2
77	6
77	7
77	8
77	15
77	19
77	23
77	26
77	29
77	34
77	40
77	43
77	53
77	59
77	62
77	65
77	75
77	76
77	78
77	79
77	81
78	7
78	9
78	23
78	26
78	28
78	29
78	31
78	33
78	36
78	41
78	55
78	59
78	62
78	63
78	67
78	68
78	75
78	76
78	77
78	79
78	81
79	1
79	3
79	4
79	8
79	24
79	35
79	37
79	43
79	44
79	57
79	61
79	63
79	68
79	71
79	73
79	74
79	75
79	76
79	77
79	78
79	80
79	81
80	7
80	8
80	12
80	13
80	14
80	15
80	17
80	21
80	27
80	34
80	37
80	44
80	47
80	48
80	51
80	52
80	59
80	63
80	68
80	69
80	75
80	76
80	79
81	2
81	4
81	7
81	8
81	9
81	16
81	17
81	21
81	23
81	24
81	26
81	29
81	41
81	45
81	59
81	62
81	64
81	69
81	74
81	75
81	76
81	77
81	78
81	79
