1	30
1	32
1	42
1	57
1	63
1	70
2	27
2	39
2	57
2	59
2	78
2	81
3	38
3	46
3	61
3	69
3	75
3	79
4	22
4	39
4	48
4	72
4	78
4	81
5	23
5	40
5	48
5	50
5	58
5	67
6	28
6	33
6	38
6	64
6	79
6	81
7	33
7	40
7	45
7	62
7	67
7	68
8	54
8	62
8	65
8	67
8	71
8	79
9	49
9	62
9	66
9	71
9	80
9	81
10	38
10	52
10	55
10	60
10	66
10	73
11	22
11	30
11	52
11	66
11	67
11	69
12	20
12	23
12	41
12	47
12	52
12	74
13	31
13	68
13	73
13	75
13	77
13	80
14	33
14	56
14	60
14	69
14	77
14	81
15	27
15	42
15	50
15	51
15	70
15	76
16	20
16	29
16	60
16	75
16	76
16	79
17	20
17	58
17	59
17	71
17	76
17	80
18	58
18	60
18	69
18	77
18	78
18	81
19	26
19	36
19	44
19	54
19	58
19	62
19	69
20	12
20	16
20	17
20	53
20	73
20	80
20	81
21	24
21	29
21	45
21	52
21	65
21	72
21	80
22	4
22	11
22	39
22	65
22	69
22	74
22	76
23	5
23	12
23	28
23	61
23	63
23	73
23	81
24	21
24	36
24	48
24	73
24	75
24	78
24	79
25	53
25	66
25	68
25	71
25	72
25	75
25	80
26	19
26	30
26	52
26	56
26	61
26	67
26	76
27	2
27	15
27	42
27	43
27	55
27	74
27	81
28	6
28	23
28	32
28	44
28	50
28	73
28	78
29	16
29	21
29	34
29	59
29	60
29	61
29	72
30	1
30	11
30	26
30	41
30	45
30	65
30	79
31	13
31	46
31	51
31	62
31	73
31	78
31	79
32	1
32	28
32	43
32	51
32	74
32	75
32	81
33	6
33	7
33	14
33	50
33	64
33	66
33	77
34	29
34	38
34	40
34	56
34	63
34	68
34	81
35	37
35	46
35	62
35	65
35	71
35	77
35	80
36	19
36	24
36	57
36	61
36	68
36	70
36	77
37	35
37	57
37	62
37	66
37	75
37	76
37	77
37	78
38	3
38	6
38	10
38	34
38	40
38	60
38	64
38	77
39	2
39	4
39	22
39	49
39	71
39	77
39	78
39	80
40	5
40	7
40	34
40	38
40	69
40	71
40	74
40	79
41	12
41	30
41	57
41	58
41	59
41	65
41	74
41	75
42	1
42	15
42	27
42	55
42	58
42	67
42	68
42	81
43	27
43	32
43	51
43	66
43	71
43	74
43	76
43	81
44	19
44	28
44	52
44	60
44	73
44	78
44	79
44	80
45	7
45	21
45	30
45	56
45	58
45	68
45	79
45	80
46	3
46	31
46	35
46	58
46	59
46	70
46	78
46	80
47	12
47	58
47	61
47	64
47	70
47	71
47	76
47	79
48	4
48	5
48	24
48	62
48	64
48	70
48	74
48	81
49	9
49	39
49	53
49	57
49	61
49	75
49	78
49	79
49	80
50	5
50	15
50	28
50	33
50	59
50	65
50	73
50	80
50	81
51	15
51	31
51	32
51	43
51	55
51	63
51	65
51	70
51	76
52	10
52	11
52	12
52	21
52	26
52	44
52	68
52	71
52	72
53	20
53	25
53	49
53	59
53	60
53	63
53	71
53	74
53	78
53	80
54	8
54	19
54	55
54	56
54	57
54	58
54	61
54	68
54	77
54	81
55	10
55	27
55	42
55	51
55	54
55	61
55	64
55	69
55	75
55	78
56	14
56	26
56	34
56	45
56	54
56	62
56	67
56	68
56	75
56	77
56	79
57	1
57	2
57	36
57	37
57	41
57	49
57	54
57	68
57	77
57	79
57	81
58	5
58	17
58	18
58	19
58	41
58	42
58	45
58	46
58	47
58	54
58	73
59	2
59	17
59	29
59	41
59	46
59	50
59	53
59	62
59	67
59	72
59	73
60	10
60	14
60	16
60	18
60	29
60	38
60	44
60	53
60	65
60	67
60	74
60	80
61	3
61	23
61	26
61	29
61	36
61	47
61	49
61	54
61	55
61	67
61	70
61	76
62	7
62	8
62	9
62	19
62	31
62	35
62	37
62	48
62	56
62	59
62	63
62	77
63	1
63	23
63	34
63	51
63	53
63	62
63	64
63	70
63	72
63	76
63	77
63	79
64	6
64	33
64	38
64	47
64	48
64	55
64	63
64	66
64	70
64	73
64	74
64	81
65	8
65	21
65	22
65	30
65	35
65	41
65	50
65	51
65	60
65	71
65	74
65	81
66	9
66	10
66	11
66	25
66	33
66	37
66	43
66	64
66	72
66	75
66	76
66	78
67	5
67	7
67	8
67	11
67	26
67	42
67	56
67	59
67	60
67	61
67	69
67	74
67	76
68	7
68	13
68	25
68	34
68	36
68	42
68	45
68	52
68	54
68	56
68	57
68	72
68	77
69	3
69	11
69	14
69	18
69	19
69	22
69	40
69	55
69	67
69	72
69	75
69	79
69	80
69	81
70	1
70	15
70	36
70	46
70	47
70	48
70	51
70	61
70	63
70	64
70	72
70	74
70	76
70	80
71	8
71	9
71	17
71	25
71	35
71	39
71	40
71	43
71	47
71	52
71	53
71	65
71	72
71	73
71	76
72	4
72	21
72	25
72	29
72	52
72	59
72	63
72	66
72	68
72	69
72	70
72	71
72	74
72	75
72	78
72	79
73	10
73	13
73	20
73	23
73	24
73	28
73	31
73	44
73	50
73	58
73	59
73	64
73	71
73	76
73	78
73	79
73	80
74	12
74	22
74	27
74	32
74	40
74	41
74	43
74	48
74	53
74	60
74	64
74	65
74	67
74	70
74	72
74	75
74	76
75	3
75	13
75	16
75	24
75	25
75	32
75	37
75	41
75	49
75	55
75	56
75	66
75	69
75	72
75	74
75	77
75	79
75	80
76	15
76	16
76	17
76	22
76	26
76	37
76	43
76	47
76	51
76	61
76	63
76	66
76	67
76	70
76	71
76	73
76	74
76	78
76	80
77	13
77	14
77	18
77	33
77	35
77	36
77	37
77	38
77	39
77	54
77	56
77	57
77	62
77	63
77	68
77	75
77	79
77	80
77	81
78	2
78	4
78	18
78	24
78	28
78	31
78	37
78	39
78	44
78	46
78	49
78	53
78	55
78	66
78	72
78	73
78	76
78	79
78	80
78	81
79	3
79	6
79	8
79	16
79	24
79	30
79	31
79	40
79	44
79	45
79	47
79	49
79	56
79	57
79	63
79	69
79	72
79	73
79	75
79	77
79	78
79	81
80	9
80	13
80	17
80	20
80	21
80	25
80	35
80	39
80	44
80	45
80	46
80	49
80	50
80	53
80	60
80	69
80	70
80	73
80	75
80	76
80	77
80	78
80	81
81	2
81	4
81	6
81	9
81	14
81	18
81	20
81	23
81	27
81	32
81	34
81	42
81	43
81	48
81	50
81	54
81	57
81	64
81	65
81	69
81	77
81	78
81	79
81	80
