1	42
1	46
1	54
1	63
1	65
1	80
2	27
2	50
2	55
2	72
2	79
2	81
3	37
3	48
3	62
3	73
3	74
3	80
4	7
4	8
4	54
4	61
4	71
4	74
5	21
5	22
5	24
5	72
5	74
5	79
6	29
6	45
6	63
6	68
6	75
6	78
7	4
7	24
7	44
7	66
7	68
7	70
8	4
8	32
8	73
8	75
8	76
8	77
9	36
9	67
9	68
9	69
9	71
9	74
10	33
10	42
10	45
10	52
10	63
10	71
11	17
11	70
11	73
11	75
11	77
11	78
12	52
12	66
12	72
12	74
12	78
12	79
13	21
13	48
13	62
13	71
13	72
13	79
14	36
14	40
14	50
14	74
14	79
14	81
15	51
15	69
15	74
15	79
15	80
15	81
16	18
16	26
16	63
16	76
16	77
16	80
17	11
17	19
17	27
17	60
17	62
17	80
18	16
18	19
18	41
18	69
18	75
18	79
19	17
19	18
19	31
19	77
19	79
19	80
20	34
20	39
20	42
20	60
20	67
20	74
20	76
21	5
21	13
21	56
21	66
21	74
21	77
21	81
22	5
22	25
22	27
22	37
22	40
22	73
22	74
23	24
23	28
23	55
23	62
23	63
23	77
23	80
24	5
24	7
24	23
24	50
24	70
24	77
24	80
25	22
25	27
25	31
25	55
25	59
25	65
25	70
25	73
26	16
26	52
26	57
26	63
26	68
26	75
26	76
26	80
27	2
27	17
27	22
27	25
27	29
27	62
27	73
27	77
28	23
28	49
28	65
28	75
28	78
28	79
28	80
28	81
29	6
29	27
29	50
29	56
29	72
29	78
29	79
29	80
30	38
30	49
30	59
30	61
30	62
30	65
30	72
30	78
31	19
31	25
31	39
31	58
31	59
31	73
31	80
31	81
32	8
32	51
32	52
32	64
32	67
32	68
32	75
32	76
33	10
33	36
33	42
33	50
33	55
33	74
33	77
33	81
34	20
34	53
34	66
34	68
34	70
34	72
34	75
34	76
35	53
35	54
35	68
35	72
35	73
35	75
35	76
35	77
36	9
36	14
36	33
36	39
36	49
36	59
36	61
36	69
37	3
37	22
37	72
37	74
37	75
37	77
37	78
37	79
38	30
38	47
38	64
38	66
38	69
38	70
38	77
38	81
39	20
39	31
39	36
39	55
39	64
39	65
39	67
39	76
40	14
40	22
40	47
40	51
40	56
40	69
40	70
40	81
41	18
41	47
41	52
41	57
41	61
41	67
41	70
41	78
41	79
42	1
42	10
42	20
42	33
42	49
42	51
42	69
42	71
42	78
43	44
43	55
43	57
43	58
43	62
43	73
43	75
43	80
43	81
44	7
44	43
44	60
44	63
44	67
44	70
44	76
44	77
44	81
45	6
45	10
45	46
45	60
45	61
45	64
45	74
45	76
45	80
46	1
46	45
46	50
46	54
46	56
46	61
46	62
46	69
46	71
47	38
47	40
47	41
47	54
47	59
47	66
47	68
47	76
47	77
48	3
48	13
48	65
48	66
48	67
48	68
48	75
48	79
48	80
48	81
49	28
49	30
49	36
49	42
49	51
49	57
49	58
49	59
49	69
49	71
50	2
50	14
50	24
50	29
50	33
50	46
50	64
50	73
50	74
50	78
51	15
51	32
51	40
51	42
51	49
51	61
51	67
51	69
51	71
51	74
52	10
52	12
52	26
52	32
52	41
52	67
52	70
52	73
52	76
52	78
53	34
53	35
53	56
53	60
53	66
53	69
53	71
53	73
53	75
53	77
53	81
54	1
54	4
54	35
54	46
54	47
54	55
54	64
54	68
54	69
54	71
54	76
55	2
55	23
55	25
55	33
55	39
55	43
55	54
55	56
55	58
55	70
55	73
55	81
56	21
56	29
56	40
56	46
56	53
56	55
56	57
56	58
56	68
56	70
56	73
56	77
57	26
57	41
57	43
57	49
57	56
57	58
57	59
57	70
57	72
57	75
57	78
57	79
58	31
58	43
58	49
58	55
58	56
58	57
58	60
58	65
58	74
58	79
58	80
58	81
59	25
59	30
59	31
59	36
59	47
59	49
59	57
59	65
59	66
59	75
59	78
59	79
60	17
60	20
60	44
60	45
60	53
60	58
60	63
60	64
60	67
60	70
60	72
60	76
60	78
61	4
61	30
61	36
61	41
61	45
61	46
61	51
61	69
61	71
61	72
61	77
61	78
61	80
62	3
62	13
62	17
62	23
62	27
62	30
62	43
62	46
62	74
62	76
62	79
62	80
62	81
63	1
63	6
63	10
63	16
63	23
63	26
63	44
63	60
63	64
63	66
63	76
63	78
63	80
64	32
64	38
64	39
64	45
64	50
64	54
64	60
64	63
64	67
64	69
64	73
64	76
64	78
65	1
65	25
65	28
65	30
65	39
65	48
65	58
65	59
65	71
65	73
65	75
65	76
65	78
65	79
65	80
66	7
66	12
66	21
66	34
66	38
66	47
66	48
66	53
66	59
66	63
66	69
66	73
66	76
66	77
66	81
67	9
67	20
67	32
67	39
67	41
67	44
67	48
67	51
67	52
67	60
67	64
67	74
67	76
67	77
67	78
67	81
68	6
68	7
68	9
68	26
68	32
68	34
68	35
68	47
68	48
68	54
68	56
68	70
68	73
68	74
68	75
68	77
68	78
69	9
69	15
69	18
69	36
69	38
69	40
69	42
69	46
69	49
69	51
69	53
69	54
69	61
69	64
69	66
69	71
69	79
70	7
70	11
70	24
70	25
70	34
70	38
70	40
70	41
70	44
70	52
70	55
70	56
70	57
70	60
70	68
70	79
70	81
71	4
71	9
71	10
71	13
71	42
71	46
71	49
71	51
71	53
71	54
71	61
71	65
71	69
71	72
71	76
71	77
71	79
71	80
72	2
72	5
72	12
72	13
72	29
72	30
72	34
72	35
72	37
72	57
72	60
72	61
72	71
72	74
72	75
72	78
72	79
72	81
73	3
73	8
73	11
73	22
73	25
73	27
73	31
73	35
73	43
73	50
73	52
73	53
73	55
73	56
73	64
73	65
73	66
73	68
73	75
73	77
73	79
74	3
74	4
74	5
74	9
74	12
74	14
74	15
74	20
74	21
74	22
74	33
74	37
74	45
74	50
74	51
74	58
74	62
74	67
74	68
74	72
74	80
74	81
75	6
75	8
75	11
75	18
75	26
75	28
75	32
75	34
75	35
75	37
75	43
75	48
75	53
75	57
75	59
75	65
75	68
75	72
75	73
75	78
75	79
75	80
76	8
76	16
76	20
76	26
76	32
76	34
76	35
76	39
76	44
76	45
76	47
76	52
76	54
76	60
76	62
76	63
76	64
76	65
76	66
76	67
76	71
76	80
76	81
77	8
77	11
77	16
77	19
77	21
77	23
77	24
77	27
77	33
77	35
77	37
77	38
77	44
77	47
77	53
77	56
77	61
77	66
77	67
77	68
77	71
77	73
77	78
78	6
78	11
78	12
78	28
78	29
78	30
78	37
78	41
78	42
78	50
78	52
78	57
78	59
78	60
78	61
78	63
78	64
78	65
78	67
78	68
78	72
78	75
78	77
78	81
79	2
79	5
79	12
79	13
79	14
79	15
79	18
79	19
79	28
79	29
79	37
79	41
79	48
79	57
79	58
79	59
79	62
79	65
79	69
79	70
79	71
79	72
79	73
79	75
79	81
80	1
80	3
80	15
80	16
80	17
80	19
80	23
80	24
80	26
80	28
80	29
80	31
80	43
80	45
80	48
80	58
80	61
80	62
80	63
80	65
80	71
80	74
80	75
80	76
80	81
81	2
81	14
81	15
81	21
81	28
81	31
81	33
81	38
81	40
81	43
81	44
81	48
81	53
81	55
81	58
81	62
81	66
81	67
81	70
81	72
81	74
81	76
81	78
81	79
81	80
