1	22
1	55
1	59
1	72
1	76
1	78
2	34
2	63
2	76
2	79
2	80
2	81
3	24
3	36
3	48
3	56
3	64
3	81
4	50
4	58
4	64
4	68
4	72
4	78
5	19
5	45
5	53
5	60
5	64
5	70
6	14
6	67
6	69
6	73
6	74
6	79
7	32
7	40
7	42
7	65
7	80
7	81
8	19
8	25
8	34
8	58
8	71
8	76
9	40
9	59
9	66
9	67
9	74
9	77
10	38
10	44
10	55
10	58
10	79
10	80
11	22
11	46
11	72
11	73
11	76
11	80
12	33
12	35
12	44
12	48
12	79
12	80
13	27
13	29
13	37
13	66
13	76
13	78
14	6
14	30
14	44
14	59
14	70
14	80
15	29
15	65
15	70
15	71
15	73
15	79
15	81
16	33
16	40
16	50
16	63
16	64
16	66
16	80
17	41
17	45
17	49
17	60
17	64
17	79
17	81
18	37
18	45
18	62
18	63
18	69
18	71
18	80
19	5
19	8
19	22
19	35
19	50
19	73
19	78
20	22
20	29
20	32
20	44
20	50
20	66
20	71
21	25
21	46
21	56
21	62
21	66
21	69
21	74
22	1
22	11
22	19
22	20
22	56
22	78
22	81
23	32
23	38
23	55
23	60
23	69
23	76
23	80
24	3
24	31
24	48
24	52
24	54
24	55
24	57
25	8
25	21
25	49
25	55
25	68
25	74
25	77
26	28
26	29
26	59
26	61
26	65
26	69
26	79
27	13
27	33
27	34
27	43
27	57
27	62
27	63
27	65
28	26
28	37
28	48
28	50
28	65
28	67
28	76
28	81
29	13
29	15
29	20
29	26
29	36
29	42
29	75
29	81
30	14
30	33
30	38
30	41
30	50
30	53
30	58
30	80
31	24
31	41
31	52
31	63
31	68
31	74
31	79
31	81
32	7
32	20
32	23
32	38
32	49
32	73
32	75
32	80
33	12
33	16
33	27
33	30
33	48
33	49
33	68
33	80
34	2
34	8
34	27
34	36
34	51
34	74
34	76
34	78
35	12
35	19
35	39
35	47
35	52
35	76
35	77
35	79
36	3
36	29
36	34
36	51
36	52
36	72
36	79
36	80
37	13
37	18
37	28
37	43
37	68
37	72
37	77
37	78
38	10
38	23
38	30
38	32
38	43
38	47
38	65
38	77
38	80
39	35
39	42
39	58
39	67
39	69
39	73
39	74
39	78
39	80
40	7
40	9
40	16
40	44
40	62
40	67
40	71
40	80
40	81
41	17
41	30
41	31
41	47
41	57
41	60
41	62
41	64
41	69
42	7
42	29
42	39
42	51
42	57
42	69
42	77
42	79
42	81
43	27
43	37
43	38
43	54
43	57
43	73
43	77
43	78
43	81
44	10
44	12
44	14
44	20
44	40
44	47
44	54
44	70
44	80
45	5
45	17
45	18
45	46
45	47
45	56
45	64
45	77
45	79
46	11
46	21
46	45
46	47
46	60
46	64
46	70
46	75
46	77
47	35
47	38
47	41
47	44
47	45
47	46
47	51
47	60
47	72
47	81
48	3
48	12
48	24
48	28
48	33
48	52
48	61
48	69
48	71
48	75
49	17
49	25
49	32
49	33
49	52
49	66
49	69
49	75
49	76
49	81
50	4
50	16
50	19
50	20
50	28
50	30
50	66
50	76
50	78
50	80
51	34
51	36
51	42
51	47
51	54
51	72
51	73
51	77
51	78
51	79
52	24
52	31
52	35
52	36
52	48
52	49
52	55
52	61
52	62
52	78
52	79
53	5
53	30
53	69
53	70
53	71
53	72
53	74
53	76
53	78
53	79
53	81
54	24
54	43
54	44
54	51
54	67
54	69
54	71
54	75
54	76
54	77
54	78
55	1
55	10
55	23
55	24
55	25
55	52
55	56
55	62
55	65
55	75
55	77
56	3
56	21
56	22
56	45
56	55
56	61
56	64
56	67
56	70
56	76
56	81
57	24
57	27
57	41
57	42
57	43
57	58
57	59
57	73
57	75
57	76
57	77
58	4
58	8
58	10
58	30
58	39
58	57
58	60
58	66
58	75
58	76
58	77
59	1
59	9
59	14
59	26
59	57
59	61
59	64
59	67
59	71
59	77
59	78
60	5
60	17
60	23
60	41
60	46
60	47
60	58
60	64
60	66
60	76
60	81
61	26
61	48
61	52
61	56
61	59
61	66
61	70
61	74
61	78
61	79
61	81
62	18
62	21
62	27
62	40
62	41
62	52
62	55
62	70
62	71
62	74
62	76
62	78
63	2
63	16
63	18
63	27
63	31
63	65
63	66
63	68
63	69
63	70
63	72
63	74
63	77
64	3
64	4
64	5
64	16
64	17
64	41
64	45
64	46
64	56
64	59
64	60
64	71
64	80
65	7
65	15
65	26
65	27
65	28
65	38
65	55
65	63
65	67
65	68
65	71
65	75
65	80
66	9
66	13
66	16
66	20
66	21
66	49
66	50
66	58
66	60
66	61
66	63
66	68
66	72
66	75
67	6
67	9
67	28
67	39
67	40
67	54
67	56
67	59
67	65
67	68
67	72
67	76
67	77
67	79
68	4
68	25
68	31
68	33
68	37
68	63
68	65
68	66
68	67
68	71
68	73
68	75
68	77
68	78
69	6
69	18
69	21
69	23
69	26
69	39
69	41
69	42
69	48
69	49
69	53
69	54
69	63
69	71
69	74
69	75
69	80
70	5
70	14
70	15
70	44
70	46
70	53
70	56
70	61
70	62
70	63
70	72
70	73
70	74
70	75
70	78
70	79
70	81
71	8
71	15
71	18
71	20
71	40
71	48
71	53
71	54
71	59
71	62
71	64
71	65
71	68
71	69
71	73
71	75
71	78
72	1
72	4
72	11
72	36
72	37
72	47
72	51
72	53
72	63
72	66
72	67
72	70
72	73
72	74
72	77
72	79
72	81
73	6
73	11
73	15
73	19
73	32
73	39
73	43
73	51
73	57
73	68
73	70
73	71
73	72
73	74
73	79
73	80
73	81
74	6
74	9
74	21
74	25
74	31
74	34
74	39
74	53
74	61
74	62
74	63
74	69
74	70
74	72
74	73
74	75
74	81
75	29
75	32
75	46
75	48
75	49
75	54
75	55
75	57
75	58
75	65
75	66
75	68
75	69
75	70
75	71
75	74
75	77
75	81
76	1
76	2
76	8
76	11
76	13
76	23
76	28
76	34
76	35
76	49
76	50
76	53
76	54
76	56
76	57
76	58
76	60
76	62
76	67
76	78
77	9
77	25
77	35
77	37
77	38
77	42
77	43
77	45
77	46
77	51
77	54
77	55
77	57
77	58
77	59
77	63
77	67
77	68
77	72
77	75
77	78
78	1
78	4
78	13
78	19
78	22
78	34
78	37
78	39
78	43
78	50
78	51
78	52
78	53
78	54
78	59
78	61
78	62
78	68
78	70
78	71
78	76
78	77
79	2
79	6
79	10
79	12
79	15
79	17
79	26
79	31
79	35
79	36
79	42
79	45
79	51
79	52
79	53
79	61
79	67
79	70
79	72
79	73
79	80
79	81
80	2
80	7
80	10
80	11
80	12
80	14
80	16
80	18
80	23
80	30
80	32
80	33
80	36
80	38
80	39
80	40
80	44
80	50
80	64
80	65
80	69
80	73
80	79
81	2
81	3
81	7
81	15
81	17
81	22
81	28
81	29
81	31
81	40
81	42
81	43
81	47
81	49
81	53
81	56
81	60
81	61
81	70
81	72
81	73
81	74
81	75
81	79
