1	11
1	21
1	36
1	50
1	58
1	62
2	20
2	56
2	70
2	75
2	79
2	80
3	8
3	9
3	11
3	70
3	77
3	80
4	18
4	54
4	64
4	78
4	79
4	81
5	20
5	33
5	38
5	76
5	79
5	80
6	30
6	38
6	42
6	55
6	65
6	72
7	16
7	57
7	67
7	74
7	77
7	79
8	3
8	12
8	37
8	60
8	78
8	80
9	3
9	62
9	64
9	68
9	72
9	77
10	20
10	32
10	64
10	65
10	71
10	74
11	1
11	3
11	22
11	32
11	44
11	77
12	8
12	55
12	64
12	72
12	73
12	74
13	36
13	43
13	45
13	51
13	55
13	73
14	19
14	53
14	56
14	60
14	76
14	78
15	18
15	37
15	38
15	61
15	72
15	73
16	7
16	22
16	30
16	35
16	76
16	78
17	26
17	34
17	50
17	74
17	75
17	81
18	4
18	15
18	20
18	31
18	75
18	78
19	14
19	36
19	53
19	60
19	71
19	78
20	2
20	5
20	10
20	18
20	67
20	69
21	1
21	40
21	51
21	58
21	68
21	80
22	11
22	16
22	63
22	66
22	77
22	81
23	25
23	33
23	63
23	66
23	78
23	81
24	40
24	50
24	52
24	54
24	57
24	63
24	77
25	23
25	43
25	51
25	57
25	58
25	75
25	81
26	17
26	45
26	68
26	70
26	72
26	79
26	80
27	47
27	49
27	52
27	59
27	63
27	76
27	77
28	29
28	48
28	53
28	60
28	61
28	62
28	70
29	28
29	30
29	46
29	63
29	74
29	76
29	77
30	6
30	16
30	29
30	42
30	44
30	46
30	53
31	18
31	59
31	60
31	68
31	69
31	75
31	76
32	10
32	11
32	35
32	44
32	62
32	74
32	79
33	5
33	23
33	41
33	51
33	63
33	73
33	76
34	17
34	56
34	69
34	71
34	72
34	75
34	78
35	16
35	32
35	59
35	72
35	76
35	78
35	79
36	1
36	13
36	19
36	43
36	48
36	58
36	66
37	8
37	15
37	47
37	52
37	72
37	76
37	80
38	5
38	6
38	15
38	59
38	66
38	75
38	80
39	56
39	59
39	62
39	63
39	65
39	75
39	79
39	81
40	21
40	24
40	52
40	61
40	69
40	78
40	80
40	81
41	33
41	52
41	60
41	70
41	72
41	73
41	74
41	81
42	6
42	30
42	61
42	63
42	77
42	78
42	80
42	81
43	13
43	25
43	36
43	51
43	55
43	75
43	76
43	81
44	11
44	30
44	32
44	60
44	70
44	73
44	78
44	81
45	13
45	26
45	61
45	64
45	67
45	68
45	71
45	80
46	29
46	30
46	49
46	52
46	53
46	63
46	66
46	70
47	27
47	37
47	53
47	59
47	62
47	63
47	78
47	79
48	28
48	36
48	55
48	64
48	68
48	71
48	79
48	81
49	27
49	46
49	52
49	64
49	65
49	77
49	79
49	81
50	1
50	17
50	24
50	56
50	62
50	69
50	75
50	77
50	79
51	13
51	21
51	25
51	33
51	43
51	54
51	58
51	67
51	80
52	24
52	27
52	37
52	40
52	41
52	46
52	49
52	77
52	81
53	14
53	19
53	28
53	30
53	46
53	47
53	68
53	73
53	76
54	4
54	24
54	51
54	60
54	66
54	71
54	78
54	79
54	81
55	6
55	12
55	13
55	43
55	48
55	61
55	65
55	71
55	74
56	2
56	14
56	34
56	39
56	50
56	58
56	69
56	74
56	75
56	76
57	7
57	24
57	25
57	67
57	68
57	70
57	73
57	74
57	77
57	78
58	1
58	21
58	25
58	36
58	51
58	56
58	73
58	77
58	78
58	79
59	27
59	31
59	35
59	38
59	39
59	47
59	72
59	73
59	76
59	81
60	8
60	14
60	19
60	28
60	31
60	41
60	44
60	54
60	70
60	73
60	76
61	15
61	28
61	40
61	42
61	45
61	55
61	66
61	67
61	69
61	70
61	80
62	1
62	9
62	28
62	32
62	39
62	47
62	50
62	65
62	67
62	75
62	77
62	80
63	22
63	23
63	24
63	27
63	29
63	33
63	39
63	42
63	46
63	47
63	77
63	78
64	4
64	9
64	10
64	12
64	45
64	48
64	49
64	67
64	68
64	69
64	71
64	75
64	80
65	6
65	10
65	39
65	49
65	55
65	62
65	69
65	71
65	76
65	78
65	79
65	80
65	81
66	22
66	23
66	36
66	38
66	46
66	54
66	61
66	68
66	69
66	70
66	77
66	79
66	81
67	7
67	20
67	45
67	51
67	57
67	61
67	62
67	64
67	68
67	71
67	73
67	74
67	75
68	9
68	21
68	26
68	31
68	45
68	48
68	53
68	57
68	64
68	66
68	67
68	74
68	76
69	20
69	31
69	34
69	40
69	50
69	56
69	61
69	64
69	65
69	66
69	74
69	75
69	79
70	2
70	3
70	26
70	28
70	41
70	44
70	46
70	57
70	60
70	61
70	66
70	79
70	80
71	10
71	19
71	34
71	45
71	48
71	54
71	55
71	64
71	65
71	67
71	74
71	77
71	78
71	80
71	81
72	6
72	9
72	12
72	15
72	26
72	34
72	35
72	37
72	41
72	59
72	73
72	75
72	76
72	80
72	81
73	12
73	13
73	15
73	33
73	41
73	44
73	53
73	57
73	58
73	59
73	60
73	67
73	72
73	74
73	76
73	80
74	7
74	10
74	12
74	17
74	29
74	32
74	41
74	55
74	56
74	57
74	67
74	68
74	69
74	71
74	73
74	81
75	2
75	17
75	18
75	25
75	31
75	34
75	38
75	39
75	43
75	50
75	56
75	62
75	64
75	67
75	69
75	72
75	80
76	5
76	14
76	16
76	27
76	29
76	31
76	33
76	35
76	37
76	43
76	53
76	56
76	59
76	60
76	65
76	68
76	72
76	73
76	79
77	3
77	7
77	9
77	11
77	22
77	24
77	27
77	29
77	42
77	49
77	50
77	52
77	57
77	58
77	62
77	63
77	66
77	71
77	78
77	79
78	4
78	8
78	14
78	16
78	18
78	19
78	23
78	34
78	35
78	40
78	42
78	44
78	47
78	54
78	57
78	58
78	63
78	65
78	71
78	77
78	79
78	80
79	2
79	4
79	5
79	7
79	26
79	32
79	35
79	39
79	47
79	48
79	49
79	50
79	54
79	58
79	65
79	66
79	69
79	70
79	76
79	77
79	78
79	81
80	2
80	3
80	5
80	8
80	21
80	26
80	37
80	38
80	40
80	42
80	45
80	51
80	61
80	62
80	64
80	65
80	70
80	71
80	72
80	73
80	75
80	78
80	81
81	4
81	17
81	22
81	23
81	25
81	39
81	40
81	41
81	42
81	43
81	44
81	48
81	49
81	52
81	54
81	59
81	65
81	66
81	71
81	72
81	74
81	79
81	80
