1	38
1	46
1	71
1	74
1	79
1	80
2	26
2	49
2	50
2	58
2	73
2	76
3	49
3	65
3	67
3	73
3	76
3	78
4	35
4	36
4	51
4	70
4	74
4	80
5	7
5	41
5	51
5	52
5	69
5	73
6	12
6	18
6	43
6	58
6	63
6	76
7	5
7	8
7	13
7	75
7	79
7	80
8	7
8	44
8	47
8	66
8	73
8	76
9	40
9	49
9	68
9	75
9	77
9	81
10	11
10	42
10	48
10	54
10	63
10	79
11	10
11	26
11	27
11	37
11	54
11	77
12	6
12	41
12	54
12	55
12	63
12	73
13	7
13	39
13	43
13	61
13	62
13	72
14	28
14	44
14	59
14	60
14	74
14	77
14	79
15	16
15	40
15	44
15	55
15	66
15	68
15	80
16	15
16	23
16	45
16	51
16	57
16	60
16	81
17	36
17	57
17	61
17	65
17	77
17	78
17	79
18	6
18	40
18	43
18	44
18	64
18	70
18	80
19	32
19	45
19	49
19	62
19	69
19	72
19	74
20	28
20	33
20	45
20	57
20	61
20	67
20	70
21	22
21	31
21	38
21	51
21	54
21	74
21	79
22	21
22	28
22	55
22	59
22	64
22	69
22	80
23	16
23	39
23	47
23	58
23	77
23	79
23	80
24	40
24	41
24	66
24	73
24	76
24	80
24	81
25	27
25	50
25	52
25	55
25	66
25	76
25	77
26	2
26	11
26	29
26	37
26	46
26	68
26	79
27	11
27	25
27	38
27	66
27	73
27	76
27	78
27	81
28	14
28	20
28	22
28	37
28	50
28	59
28	62
28	65
29	26
29	54
29	58
29	65
29	68
29	69
29	70
29	77
30	34
30	43
30	45
30	48
30	54
30	63
30	69
30	70
31	21
31	34
31	42
31	45
31	57
31	59
31	72
31	81
32	19
32	33
32	46
32	62
32	69
32	72
32	75
32	78
33	20
33	32
33	39
33	42
33	51
33	63
33	66
33	72
34	30
34	31
34	39
34	46
34	51
34	74
34	78
34	81
35	4
35	53
35	60
35	62
35	69
35	72
35	77
35	81
36	4
36	17
36	50
36	56
36	67
36	68
36	70
36	71
36	75
37	11
37	26
37	28
37	48
37	56
37	64
37	68
37	73
37	81
38	1
38	21
38	27
38	55
38	60
38	62
38	69
38	77
38	79
39	13
39	23
39	33
39	34
39	45
39	55
39	60
39	72
39	78
40	9
40	15
40	18
40	24
40	50
40	52
40	67
40	73
40	76
41	5
41	12
41	24
41	42
41	58
41	65
41	71
41	75
41	79
42	10
42	31
42	33
42	41
42	45
42	53
42	60
42	70
42	72
43	6
43	13
43	18
43	30
43	48
43	53
43	54
43	63
43	74
43	77
44	8
44	14
44	15
44	18
44	49
44	66
44	67
44	77
44	78
44	80
45	16
45	19
45	20
45	30
45	31
45	39
45	42
45	53
45	71
45	75
46	1
46	26
46	32
46	34
46	61
46	69
46	71
46	72
46	73
46	80
46	81
47	8
47	23
47	64
47	68
47	70
47	72
47	74
47	75
47	78
47	80
47	81
48	10
48	30
48	37
48	43
48	54
48	55
48	59
48	63
48	68
48	72
48	76
49	2
49	3
49	9
49	19
49	44
49	52
49	56
49	66
49	73
49	76
49	78
50	2
50	25
50	28
50	36
50	40
50	56
50	61
50	65
50	67
50	74
50	75
51	4
51	5
51	16
51	21
51	33
51	34
51	53
51	58
51	64
51	74
51	77
52	5
52	25
52	40
52	49
52	66
52	68
52	70
52	73
52	76
52	77
52	79
53	35
53	42
53	43
53	45
53	51
53	60
53	62
53	63
53	72
53	76
53	79
53	80
54	10
54	11
54	12
54	21
54	29
54	30
54	43
54	48
54	63
54	66
54	71
54	79
55	12
55	15
55	22
55	25
55	38
55	39
55	48
55	56
55	69
55	78
55	79
55	81
56	36
56	37
56	49
56	50
56	55
56	59
56	65
56	67
56	68
56	75
56	78
56	80
56	81
57	16
57	17
57	20
57	31
57	65
57	71
57	72
57	74
57	77
57	78
57	79
57	80
57	81
58	2
58	6
58	23
58	29
58	41
58	51
58	61
58	65
58	69
58	70
58	71
58	75
58	81
59	14
59	22
59	28
59	31
59	48
59	56
59	64
59	66
59	68
59	69
59	70
59	76
59	81
60	14
60	16
60	35
60	38
60	39
60	42
60	53
60	71
60	72
60	73
60	74
60	76
60	80
61	13
61	17
61	20
61	46
61	50
61	58
61	63
61	71
61	73
61	76
61	77
61	78
61	79
62	13
62	19
62	28
62	32
62	35
62	38
62	53
62	69
62	70
62	71
62	72
62	75
62	76
63	6
63	10
63	12
63	30
63	33
63	43
63	48
63	53
63	54
63	61
63	66
63	78
63	79
63	81
64	18
64	22
64	37
64	47
64	51
64	59
64	65
64	70
64	71
64	74
64	75
64	77
64	79
64	80
65	3
65	17
65	28
65	29
65	41
65	50
65	56
65	57
65	58
65	64
65	68
65	75
65	77
65	78
65	80
66	8
66	15
66	24
66	25
66	27
66	33
66	44
66	49
66	52
66	54
66	59
66	63
66	73
66	76
66	81
67	3
67	20
67	36
67	40
67	44
67	50
67	56
67	70
67	71
67	74
67	75
67	76
67	78
67	79
67	81
68	9
68	15
68	26
68	29
68	36
68	37
68	47
68	48
68	52
68	56
68	59
68	65
68	74
68	75
68	78
68	81
69	5
69	19
69	22
69	29
69	30
69	32
69	35
69	38
69	46
69	55
69	58
69	59
69	62
69	70
69	78
69	80
70	4
70	18
70	20
70	29
70	30
70	36
70	42
70	47
70	52
70	58
70	59
70	62
70	64
70	67
70	69
70	71
70	76
70	78
71	1
71	36
71	41
71	45
71	46
71	54
71	57
71	58
71	60
71	61
71	62
71	64
71	67
71	70
71	72
71	77
71	78
71	80
71	81
72	13
72	19
72	31
72	32
72	33
72	35
72	39
72	42
72	46
72	47
72	48
72	53
72	57
72	60
72	62
72	71
72	73
72	74
72	76
72	78
73	2
73	3
73	5
73	8
73	12
73	24
73	27
73	37
73	40
73	46
73	49
73	52
73	60
73	61
73	66
73	72
73	75
73	76
73	77
73	80
73	81
74	1
74	4
74	14
74	19
74	21
74	34
74	43
74	47
74	50
74	51
74	57
74	60
74	64
74	67
74	68
74	72
74	75
74	77
74	79
74	80
74	81
75	7
75	9
75	32
75	36
75	41
75	45
75	47
75	50
75	56
75	58
75	62
75	64
75	65
75	67
75	68
75	73
75	74
75	77
75	78
75	79
75	80
75	81
76	2
76	3
76	6
76	8
76	24
76	25
76	27
76	40
76	48
76	49
76	52
76	53
76	59
76	60
76	61
76	62
76	66
76	67
76	70
76	72
76	73
76	80
77	9
77	11
77	14
77	17
77	23
77	25
77	29
77	35
77	38
77	43
77	44
77	51
77	52
77	57
77	61
77	64
77	65
77	71
77	73
77	74
77	75
77	79
78	3
78	17
78	27
78	32
78	34
78	39
78	44
78	47
78	49
78	55
78	56
78	57
78	61
78	63
78	65
78	67
78	68
78	69
78	70
78	71
78	72
78	75
78	79
79	1
79	7
79	10
79	14
79	17
79	21
79	23
79	26
79	38
79	41
79	52
79	53
79	54
79	55
79	57
79	61
79	63
79	64
79	67
79	74
79	75
79	77
79	78
80	1
80	4
80	7
80	15
80	18
80	22
80	23
80	24
80	44
80	46
80	47
80	53
80	56
80	57
80	60
80	64
80	65
80	69
80	71
80	73
80	74
80	75
80	76
80	81
81	9
81	16
81	24
81	27
81	31
81	34
81	35
81	37
81	46
81	47
81	55
81	56
81	57
81	58
81	59
81	63
81	66
81	67
81	68
81	71
81	73
81	74
81	75
81	80
