1	33
1	61
1	69
1	72
1	74
1	75
2	26
2	46
2	62
2	64
2	76
2	79
3	47
3	48
3	57
3	60
3	62
3	79
4	17
4	62
4	75
4	76
4	77
4	81
5	32
5	46
5	58
5	75
5	77
5	79
6	15
6	28
6	37
6	50
6	72
6	76
7	19
7	54
7	55
7	67
7	69
7	77
8	36
8	71
8	73
8	77
8	78
8	81
9	31
9	48
9	50
9	51
9	67
9	76
10	30
10	44
10	66
10	71
10	76
10	77
11	28
11	29
11	62
11	67
11	75
11	79
12	13
12	66
12	74
12	75
12	77
12	80
13	12
13	16
13	21
13	22
13	40
13	69
14	27
14	31
14	36
14	51
14	67
14	68
15	6
15	34
15	62
15	70
15	76
15	79
16	13
16	22
16	26
16	27
16	62
16	76
17	4
17	27
17	44
17	64
17	71
17	76
18	39
18	45
18	46
18	53
18	56
18	79
19	7
19	20
19	22
19	36
19	61
19	69
19	79
20	19
20	56
20	70
20	73
20	74
20	78
20	80
21	13
21	30
21	33
21	45
21	47
21	59
21	69
22	13
22	16
22	19
22	61
22	67
22	79
22	80
23	38
23	40
23	61
23	63
23	67
23	79
23	80
24	40
24	50
24	53
24	66
24	70
24	75
24	76
25	31
25	33
25	36
25	45
25	49
25	58
25	69
26	2
26	16
26	51
26	52
26	62
26	74
26	79
27	14
27	16
27	17
27	39
27	60
27	64
27	78
28	6
28	11
28	33
28	62
28	67
28	68
28	69
28	73
29	11
29	36
29	48
29	57
29	59
29	67
29	69
29	74
30	10
30	21
30	44
30	54
30	59
30	71
30	76
30	81
31	9
31	14
31	25
31	47
31	49
31	50
31	57
31	73
32	5
32	51
32	53
32	58
32	61
32	64
32	80
32	81
33	1
33	21
33	25
33	28
33	43
33	60
33	67
33	71
34	15
34	48
34	60
34	63
34	66
34	68
34	69
34	75
35	38
35	59
35	65
35	66
35	73
35	75
35	77
35	81
36	8
36	14
36	19
36	25
36	29
36	42
36	67
36	69
36	81
37	6
37	43
37	44
37	50
37	62
37	63
37	68
37	72
37	76
38	23
38	35
38	52
38	65
38	70
38	74
38	77
38	80
38	81
39	18
39	27
39	42
39	50
39	53
39	60
39	63
39	79
39	81
40	13
40	23
40	24
40	45
40	52
40	70
40	71
40	73
40	80
41	42
41	54
41	57
41	58
41	68
41	69
41	71
41	73
41	78
41	81
42	36
42	39
42	41
42	56
42	57
42	59
42	73
42	75
42	76
42	78
43	33
43	37
43	47
43	61
43	72
43	75
43	77
43	79
43	80
43	81
44	10
44	17
44	30
44	37
44	51
44	65
44	66
44	74
44	76
44	80
45	18
45	21
45	25
45	40
45	47
45	48
45	50
45	72
45	74
45	75
45	76
46	2
46	5
46	18
46	51
46	53
46	58
46	64
46	65
46	71
46	75
46	79
47	3
47	21
47	31
47	43
47	45
47	59
47	64
47	65
47	74
47	75
47	78
48	3
48	9
48	29
48	34
48	45
48	56
48	64
48	73
48	74
48	78
48	81
49	25
49	31
49	53
49	58
49	60
49	63
49	64
49	66
49	77
49	78
49	81
50	6
50	9
50	24
50	31
50	37
50	39
50	45
50	55
50	62
50	63
50	72
51	9
51	14
51	26
51	32
51	44
51	46
51	61
51	65
51	68
51	71
51	76
51	77
52	26
52	38
52	40
52	63
52	65
52	66
52	71
52	74
52	75
52	77
52	78
52	80
53	18
53	24
53	32
53	39
53	46
53	49
53	57
53	58
53	68
53	70
53	73
53	78
54	7
54	30
54	41
54	62
54	66
54	70
54	71
54	73
54	74
54	77
54	80
54	81
55	7
55	50
55	61
55	63
55	66
55	70
55	71
55	73
55	74
55	75
55	77
55	80
56	18
56	20
56	42
56	48
56	58
56	64
56	65
56	70
56	74
56	75
56	78
56	81
57	3
57	29
57	31
57	41
57	42
57	53
57	63
57	69
57	75
57	78
57	80
57	81
58	5
58	25
58	32
58	41
58	46
58	49
58	53
58	56
58	68
58	73
58	75
58	78
58	81
59	21
59	29
59	30
59	35
59	42
59	47
59	63
59	66
59	68
59	71
59	72
59	79
59	81
60	3
60	27
60	33
60	34
60	39
60	49
60	61
60	64
60	67
60	72
60	73
60	77
60	78
60	81
61	1
61	19
61	22
61	23
61	32
61	43
61	51
61	55
61	60
61	64
61	68
61	72
61	78
61	79
62	2
62	3
62	4
62	11
62	15
62	16
62	26
62	28
62	37
62	50
62	54
62	67
62	68
62	76
63	23
63	34
63	37
63	39
63	49
63	50
63	52
63	55
63	57
63	59
63	65
63	68
63	71
63	72
63	79
64	2
64	17
64	27
64	32
64	46
64	47
64	48
64	49
64	56
64	60
64	61
64	65
64	69
64	78
64	81
65	35
65	38
65	44
65	46
65	47
65	51
65	52
65	56
65	63
65	64
65	66
65	68
65	78
65	79
65	80
65	81
66	10
66	12
66	24
66	34
66	35
66	44
66	49
66	52
66	54
66	55
66	59
66	65
66	72
66	75
66	79
66	80
67	7
67	9
67	11
67	14
67	22
67	23
67	28
67	29
67	33
67	36
67	60
67	62
67	69
67	72
67	76
67	77
68	14
68	28
68	34
68	37
68	41
68	51
68	53
68	58
68	59
68	61
68	62
68	63
68	65
68	70
68	79
68	80
68	81
69	1
69	7
69	13
69	19
69	21
69	25
69	28
69	29
69	34
69	36
69	41
69	57
69	64
69	67
69	70
69	72
69	75
70	15
70	20
70	24
70	38
70	40
70	53
70	54
70	55
70	56
70	68
70	69
70	71
70	72
70	73
70	74
70	77
70	78
70	79
70	80
71	8
71	10
71	17
71	30
71	33
71	40
71	41
71	46
71	51
71	52
71	54
71	55
71	59
71	63
71	70
71	73
71	74
71	77
71	79
71	80
72	1
72	6
72	37
72	43
72	45
72	50
72	59
72	60
72	61
72	63
72	66
72	67
72	69
72	70
72	73
72	74
72	75
72	76
72	79
72	81
73	8
73	20
73	28
73	31
73	35
73	40
73	41
73	42
73	48
73	53
73	54
73	55
73	58
73	60
73	70
73	71
73	72
73	74
73	76
73	77
73	80
74	1
74	12
74	20
74	26
74	29
74	38
74	44
74	45
74	47
74	48
74	52
74	54
74	55
74	56
74	70
74	71
74	72
74	73
74	77
74	78
74	80
75	1
75	4
75	5
75	11
75	12
75	24
75	34
75	35
75	42
75	43
75	45
75	46
75	47
75	52
75	55
75	56
75	57
75	58
75	66
75	69
75	72
75	76
76	2
76	4
76	6
76	9
76	10
76	15
76	16
76	17
76	24
76	30
76	37
76	42
76	44
76	45
76	51
76	62
76	67
76	72
76	73
76	75
76	79
76	80
77	4
77	5
77	7
77	8
77	10
77	12
77	35
77	38
77	43
77	49
77	51
77	52
77	54
77	55
77	60
77	67
77	70
77	71
77	73
77	74
77	78
77	80
78	8
78	20
78	27
78	41
78	42
78	47
78	48
78	49
78	52
78	53
78	56
78	57
78	58
78	60
78	61
78	64
78	65
78	70
78	74
78	77
78	79
78	80
78	81
79	2
79	3
79	5
79	11
79	15
79	18
79	19
79	22
79	23
79	26
79	39
79	43
79	46
79	59
79	61
79	63
79	65
79	66
79	68
79	70
79	71
79	72
79	76
79	78
80	12
80	20
80	22
80	23
80	32
80	38
80	40
80	43
80	44
80	52
80	54
80	55
80	57
80	65
80	66
80	68
80	70
80	71
80	73
80	74
80	76
80	77
80	78
80	81
81	4
81	8
81	30
81	32
81	35
81	36
81	38
81	39
81	41
81	43
81	48
81	49
81	54
81	56
81	57
81	58
81	59
81	60
81	64
81	65
81	68
81	72
81	78
81	80
