1	4
1	16
1	30
1	50
1	57
1	63
2	17
2	19
2	22
2	49
2	64
2	79
3	36
3	56
3	58
3	76
3	78
3	79
4	1
4	27
4	29
4	37
4	63
4	69
5	6
5	37
5	53
5	69
5	79
5	80
6	5
6	7
6	33
6	62
6	74
6	81
7	6
7	16
7	25
7	26
7	37
7	60
8	29
8	33
8	39
8	55
8	70
8	71
9	23
9	43
9	49
9	68
9	73
9	81
10	26
10	29
10	45
10	55
10	62
10	72
11	46
11	52
11	55
11	62
11	67
11	73
12	55
12	71
12	72
12	75
12	77
12	78
13	35
13	44
13	57
13	61
13	66
13	68
13	69
14	18
14	43
14	44
14	69
14	73
14	78
14	79
15	53
15	65
15	73
15	76
15	77
15	79
15	80
16	1
16	7
16	37
16	59
16	73
16	74
16	80
17	2
17	31
17	39
17	52
17	58
17	80
17	81
18	14
18	19
18	56
18	59
18	66
18	75
18	81
19	2
19	18
19	56
19	66
19	69
19	72
19	75
20	40
20	63
20	65
20	66
20	67
20	75
20	81
21	22
21	49
21	58
21	64
21	65
21	77
21	79
22	2
22	21
22	27
22	57
22	64
22	77
22	78
23	9
23	27
23	29
23	33
23	45
23	55
23	67
24	32
24	35
24	45
24	50
24	63
24	70
24	80
25	7
25	27
25	49
25	50
25	57
25	64
25	74
26	7
26	10
26	29
26	30
26	45
26	55
26	61
26	62
27	4
27	22
27	23
27	25
27	39
27	49
27	58
27	64
28	42
28	48
28	49
28	58
28	72
28	77
28	78
28	80
29	4
29	8
29	10
29	23
29	26
29	46
29	71
29	79
30	1
30	26
30	47
30	56
30	60
30	66
30	67
30	75
31	17
31	42
31	46
31	52
31	54
31	62
31	71
31	77
32	24
32	48
32	58
32	60
32	61
32	67
32	68
32	73
33	6
33	8
33	23
33	43
33	45
33	53
33	55
33	69
34	39
34	40
34	47
34	56
34	67
34	75
34	77
34	79
35	13
35	24
35	37
35	38
35	50
35	56
35	63
35	73
36	3
36	51
36	57
36	61
36	70
36	74
36	77
36	78
36	80
37	4
37	5
37	7
37	16
37	35
37	50
37	63
37	68
37	79
38	35
38	50
38	51
38	64
38	70
38	77
38	79
38	80
38	81
39	8
39	17
39	27
39	34
39	58
39	63
39	67
39	70
39	81
40	20
40	34
40	42
40	56
40	57
40	65
40	66
40	67
40	81
41	42
41	43
41	46
41	48
41	57
41	61
41	63
41	73
41	76
42	28
42	31
42	40
42	41
42	52
42	54
42	62
42	74
42	77
43	9
43	14
43	33
43	41
43	61
43	68
43	73
43	74
43	79
44	13
44	14
44	46
44	50
44	52
44	54
44	57
44	62
44	80
45	10
45	23
45	24
45	26
45	33
45	50
45	55
45	68
45	71
45	75
46	11
46	29
46	31
46	41
46	44
46	47
46	49
46	54
46	62
46	64
47	30
47	34
47	46
47	50
47	59
47	65
47	70
47	76
47	78
47	79
48	28
48	32
48	41
48	54
48	57
48	63
48	68
48	72
48	73
48	80
49	2
49	9
49	21
49	25
49	27
49	28
49	46
49	59
49	64
49	78
50	1
50	24
50	25
50	35
50	37
50	38
50	44
50	45
50	47
50	63
51	36
51	38
51	60
51	67
51	71
51	73
51	76
51	78
51	79
51	81
52	11
52	17
52	31
52	42
52	44
52	54
52	61
52	62
52	70
52	78
52	79
53	5
53	15
53	33
53	54
53	68
53	69
53	71
53	75
53	76
53	78
53	79
54	31
54	42
54	44
54	46
54	48
54	52
54	53
54	62
54	65
54	71
54	80
55	8
55	10
55	11
55	12
55	23
55	26
55	33
55	45
55	56
55	71
55	77
56	3
56	18
56	19
56	30
56	34
56	35
56	40
56	55
56	75
56	78
56	81
57	1
57	13
57	22
57	25
57	36
57	40
57	41
57	44
57	48
57	61
57	68
57	73
58	3
58	17
58	21
58	27
58	28
58	32
58	39
58	63
58	67
58	72
58	77
58	80
59	16
59	18
59	47
59	49
59	60
59	65
59	69
59	70
59	74
59	76
59	78
59	79
60	7
60	30
60	32
60	51
60	59
60	62
60	64
60	70
60	71
60	72
60	76
60	81
61	13
61	26
61	32
61	36
61	41
61	43
61	52
61	57
61	68
61	70
61	73
61	76
61	80
62	6
62	10
62	11
62	26
62	31
62	42
62	44
62	46
62	52
62	54
62	60
62	72
62	75
63	1
63	4
63	20
63	24
63	35
63	37
63	39
63	41
63	48
63	50
63	58
63	72
63	79
64	2
64	21
64	22
64	25
64	27
64	38
64	46
64	49
64	60
64	74
64	75
64	77
64	81
65	15
65	20
65	21
65	40
65	47
65	54
65	59
65	68
65	69
65	76
65	78
65	79
65	80
66	13
66	18
66	19
66	20
66	30
66	40
66	67
66	69
66	71
66	72
66	73
66	75
66	76
66	80
67	11
67	20
67	23
67	30
67	32
67	34
67	39
67	40
67	51
67	58
67	66
67	74
67	75
67	81
68	9
68	13
68	32
68	37
68	43
68	45
68	48
68	53
68	57
68	61
68	65
68	73
68	75
68	80
68	81
69	4
69	5
69	13
69	14
69	19
69	33
69	53
69	59
69	65
69	66
69	76
69	78
69	79
69	80
69	81
70	8
70	24
70	36
70	38
70	39
70	47
70	52
70	59
70	60
70	61
70	71
70	73
70	74
70	76
70	77
70	80
71	8
71	12
71	29
71	31
71	45
71	51
71	53
71	54
71	55
71	60
71	66
71	70
71	72
71	74
71	80
71	81
72	10
72	12
72	19
72	28
72	48
72	58
72	60
72	62
72	63
72	66
72	71
72	74
72	75
72	76
72	77
72	81
73	9
73	11
73	14
73	15
73	16
73	32
73	35
73	41
73	43
73	48
73	51
73	57
73	61
73	66
73	68
73	70
74	6
74	16
74	25
74	36
74	42
74	43
74	59
74	64
74	67
74	70
74	71
74	72
74	75
74	78
74	80
74	81
75	12
75	18
75	19
75	20
75	30
75	34
75	45
75	53
75	56
75	62
75	64
75	66
75	67
75	68
75	72
75	74
75	81
76	3
76	15
76	41
76	47
76	51
76	53
76	59
76	60
76	61
76	65
76	66
76	69
76	70
76	72
76	77
76	78
76	79
77	12
77	15
77	21
77	22
77	28
77	31
77	34
77	36
77	38
77	42
77	55
77	58
77	64
77	70
77	72
77	76
77	80
77	81
78	3
78	12
78	14
78	22
78	28
78	36
78	47
78	49
78	51
78	52
78	53
78	56
78	59
78	65
78	69
78	74
78	76
78	79
78	81
79	2
79	3
79	5
79	14
79	15
79	21
79	29
79	34
79	37
79	38
79	43
79	47
79	51
79	52
79	53
79	59
79	63
79	65
79	69
79	76
79	78
80	5
80	15
80	16
80	17
80	24
80	28
80	36
80	38
80	44
80	48
80	54
80	58
80	61
80	65
80	66
80	68
80	69
80	70
80	71
80	74
80	77
80	81
81	6
81	9
81	17
81	18
81	20
81	38
81	39
81	40
81	51
81	56
81	60
81	64
81	67
81	68
81	69
81	71
81	72
81	74
81	75
81	77
81	78
81	80
