1	16
1	19
1	47
1	65
1	70
1	73
2	11
2	19
2	35
2	61
2	75
2	81
3	34
3	59
3	64
3	65
3	66
3	77
4	37
4	42
4	50
4	61
4	79
4	80
5	14
5	26
5	29
5	59
5	75
5	77
6	19
6	28
6	29
6	30
6	35
6	50
7	19
7	28
7	47
7	74
7	78
7	81
8	43
8	57
8	59
8	64
8	76
8	77
9	21
9	23
9	32
9	39
9	70
9	77
10	20
10	21
10	32
10	35
10	43
10	74
11	2
11	34
11	43
11	74
11	77
11	81
12	23
12	31
12	45
12	50
12	73
12	79
13	49
13	53
13	56
13	69
13	71
13	77
13	81
14	5
14	17
14	26
14	51
14	55
14	60
14	76
15	36
15	47
15	48
15	60
15	78
15	80
15	81
16	1
16	53
16	56
16	63
16	79
16	80
16	81
17	14
17	18
17	50
17	55
17	63
17	73
17	76
18	17
18	21
18	35
18	48
18	51
18	60
18	73
19	1
19	2
19	6
19	7
19	31
19	66
19	81
20	10
20	30
20	35
20	43
20	52
20	59
20	61
21	9
21	10
21	18
21	40
21	69
21	74
21	79
22	38
22	41
22	65
22	68
22	69
22	75
22	80
23	9
23	12
23	44
23	62
23	65
23	74
23	75
24	31
24	34
24	65
24	66
24	68
24	70
24	75
25	56
25	65
25	72
25	74
25	78
25	79
25	80
26	5
26	14
26	29
26	63
26	64
26	75
26	77
27	52
27	59
27	66
27	70
27	77
27	78
27	81
28	6
28	7
28	30
28	35
28	43
28	51
28	80
29	5
29	6
29	26
29	40
29	46
29	78
29	81
30	6
30	20
30	28
30	43
30	47
30	54
30	57
30	68
31	12
31	19
31	24
31	41
31	51
31	58
31	73
31	75
32	9
32	10
32	36
32	63
32	66
32	69
32	79
32	80
33	40
33	49
33	56
33	58
33	63
33	64
33	77
33	79
34	3
34	11
34	24
34	62
34	67
34	72
34	76
34	80
35	2
35	6
35	10
35	18
35	20
35	28
35	42
35	56
36	15
36	32
36	40
36	48
36	65
36	66
36	69
36	78
37	4
37	54
37	63
37	65
37	66
37	69
37	70
37	80
38	22
38	50
38	57
38	62
38	74
38	75
38	79
38	80
39	9
39	46
39	47
39	52
39	57
39	61
39	63
39	75
40	21
40	29
40	33
40	36
40	42
40	45
40	48
40	78
40	81
41	22
41	31
41	42
41	43
41	45
41	50
41	60
41	70
41	73
42	4
42	35
42	40
42	41
42	58
42	62
42	67
42	71
42	78
43	8
43	10
43	11
43	20
43	28
43	30
43	41
43	53
43	80
44	23
44	53
44	61
44	68
44	70
44	72
44	75
44	79
44	80
45	12
45	40
45	41
45	53
45	58
45	69
45	71
45	72
45	76
46	29
46	39
46	52
46	56
46	64
46	66
46	67
46	77
46	78
46	81
47	1
47	7
47	15
47	30
47	39
47	61
47	68
47	73
47	75
47	77
48	15
48	18
48	36
48	40
48	54
48	62
48	71
48	72
48	76
48	78
49	13
49	33
49	56
49	58
49	62
49	64
49	67
49	68
49	74
49	77
50	4
50	6
50	12
50	17
50	38
50	41
50	60
50	71
50	73
50	77
51	14
51	18
51	28
51	31
51	60
51	69
51	73
51	76
51	79
51	80
52	20
52	27
52	39
52	46
52	58
52	66
52	73
52	77
52	78
52	81
53	13
53	16
53	43
53	44
53	45
53	54
53	62
53	64
53	67
53	76
54	30
54	37
54	48
54	53
54	56
54	57
54	69
54	71
54	72
54	76
55	14
55	17
55	56
55	57
55	61
55	63
55	69
55	74
55	76
55	80
56	13
56	16
56	25
56	33
56	35
56	46
56	49
56	54
56	55
56	59
56	77
57	8
57	30
57	38
57	39
57	54
57	55
57	69
57	74
57	78
57	79
57	80
58	31
58	33
58	42
58	45
58	49
58	52
58	67
58	71
58	74
58	75
58	76
59	3
59	5
59	8
59	20
59	27
59	56
59	64
59	67
59	76
59	77
59	79
60	14
60	15
60	18
60	41
60	50
60	51
60	70
60	73
60	76
60	78
60	81
61	2
61	4
61	20
61	39
61	44
61	47
61	55
61	68
61	70
61	73
61	76
62	23
62	34
62	38
62	42
62	48
62	49
62	53
62	72
62	73
62	76
62	78
62	81
63	16
63	17
63	26
63	32
63	33
63	37
63	39
63	55
63	64
63	72
63	79
63	80
64	3
64	8
64	26
64	33
64	46
64	49
64	53
64	59
64	63
64	65
64	77
64	79
64	80
64	81
65	1
65	3
65	22
65	23
65	24
65	25
65	36
65	37
65	64
65	68
65	70
65	75
65	80
65	81
66	3
66	19
66	24
66	27
66	32
66	36
66	37
66	46
66	52
66	72
66	74
66	76
66	78
66	81
67	34
67	42
67	46
67	49
67	53
67	58
67	59
67	69
67	71
67	72
67	76
67	77
67	79
67	80
68	22
68	24
68	30
68	44
68	47
68	49
68	61
68	65
68	70
68	71
68	73
68	74
68	75
68	79
68	81
69	13
69	21
69	22
69	32
69	36
69	37
69	45
69	51
69	54
69	55
69	57
69	67
69	71
69	74
69	79
69	80
70	1
70	9
70	24
70	27
70	37
70	41
70	44
70	60
70	61
70	65
70	68
70	72
70	74
70	75
70	80
70	81
71	13
71	42
71	45
71	48
71	50
71	54
71	58
71	67
71	68
71	69
71	72
71	75
71	76
71	78
71	79
71	81
72	25
72	34
72	44
72	45
72	48
72	54
72	62
72	63
72	66
72	67
72	70
72	71
72	75
72	76
72	78
72	81
73	1
73	12
73	17
73	18
73	31
73	41
73	47
73	50
73	51
73	52
73	60
73	61
73	62
73	68
73	76
73	78
73	79
74	7
74	10
74	11
74	21
74	23
74	25
74	38
74	49
74	55
74	57
74	58
74	66
74	68
74	69
74	70
74	79
74	80
74	81
75	2
75	5
75	22
75	23
75	24
75	26
75	31
75	38
75	39
75	44
75	47
75	58
75	65
75	68
75	70
75	71
75	72
75	77
75	78
76	8
76	14
76	17
76	34
76	45
76	48
76	51
76	53
76	54
76	55
76	58
76	59
76	60
76	61
76	62
76	66
76	67
76	71
76	72
76	73
77	3
77	5
77	8
77	9
77	11
77	13
77	26
77	27
77	33
77	46
77	47
77	49
77	50
77	52
77	56
77	59
77	64
77	67
77	75
77	80
78	7
78	15
78	25
78	27
78	29
78	36
78	40
78	42
78	46
78	48
78	52
78	57
78	60
78	62
78	66
78	71
78	72
78	73
78	75
78	79
78	81
79	4
79	12
79	16
79	21
79	25
79	32
79	33
79	38
79	44
79	51
79	57
79	59
79	63
79	64
79	67
79	68
79	69
79	71
79	73
79	74
79	78
79	80
79	81
80	4
80	15
80	16
80	22
80	25
80	28
80	32
80	34
80	37
80	38
80	43
80	44
80	51
80	55
80	57
80	63
80	64
80	65
80	67
80	69
80	70
80	74
80	77
80	79
81	2
81	7
81	11
81	13
81	15
81	16
81	19
81	27
81	29
81	40
81	46
81	52
81	60
81	62
81	64
81	65
81	66
81	68
81	70
81	71
81	72
81	74
81	78
81	79
