1	13
1	43
1	49
1	55
1	72
1	74
2	3
2	33
2	47
2	62
2	66
2	80
3	2
3	45
3	63
3	71
3	75
3	80
4	39
4	59
4	61
4	69
4	72
4	79
5	50
5	54
5	70
5	75
5	77
5	78
6	35
6	49
6	65
6	70
6	80
6	81
7	8
7	9
7	15
7	49
7	62
7	74
8	7
8	19
8	24
8	59
8	62
8	68
9	7
9	29
9	52
9	57
9	73
9	77
10	25
10	28
10	32
10	63
10	71
10	79
11	17
11	20
11	32
11	37
11	42
11	48
12	33
12	35
12	43
12	66
12	71
12	81
13	1
13	30
13	43
13	71
13	78
13	81
14	15
14	29
14	56
14	67
14	70
14	79
15	7
15	14
15	38
15	63
15	64
15	80
16	44
16	48
16	65
16	75
16	77
16	79
17	11
17	18
17	41
17	61
17	76
17	77
18	17
18	53
18	55
18	68
18	75
18	78
18	81
19	8
19	56
19	64
19	72
19	73
19	75
19	80
20	11
20	43
20	44
20	48
20	61
20	69
20	80
21	39
21	56
21	60
21	65
21	66
21	76
21	79
22	24
22	39
22	43
22	59
22	67
22	77
22	78
23	37
23	44
23	48
23	52
23	62
23	73
23	80
24	8
24	22
24	25
24	68
24	72
24	78
24	79
25	10
25	24
25	39
25	47
25	57
25	61
25	67
26	51
26	54
26	68
26	71
26	75
26	76
26	81
27	52
27	56
27	61
27	65
27	75
27	78
27	81
28	10
28	50
28	56
28	57
28	69
28	73
28	78
29	9
29	14
29	58
29	63
29	64
29	66
29	69
29	72
30	13
30	42
30	45
30	51
30	59
30	76
30	78
30	81
31	32
31	42
31	44
31	49
31	51
31	72
31	75
31	77
32	10
32	11
32	31
32	33
32	46
32	69
32	76
32	77
33	2
33	12
33	32
33	37
33	40
33	52
33	67
33	74
34	40
34	52
34	58
34	64
34	70
34	73
34	76
34	80
35	6
35	12
35	47
35	60
35	68
35	69
35	70
35	80
36	38
36	46
36	62
36	64
36	66
36	69
36	79
36	81
37	11
37	23
37	33
37	44
37	48
37	55
37	65
37	71
38	15
38	36
38	45
38	53
38	67
38	69
38	70
38	77
39	4
39	21
39	22
39	25
39	44
39	61
39	75
39	76
40	33
40	34
40	50
40	53
40	72
40	76
40	78
40	79
40	81
41	17
41	47
41	51
41	54
41	55
41	57
41	59
41	65
41	78
42	11
42	30
42	31
42	43
42	50
42	72
42	74
42	79
42	80
43	1
43	12
43	13
43	20
43	22
43	42
43	49
43	51
43	81
44	16
44	20
44	23
44	31
44	37
44	39
44	48
44	76
44	77
45	3
45	30
45	38
45	62
45	68
45	71
45	74
45	79
45	80
45	81
46	32
46	36
46	53
46	59
46	60
46	62
46	66
46	74
46	80
46	81
47	2
47	25
47	35
47	41
47	69
47	70
47	73
47	75
47	77
47	80
48	11
48	16
48	20
48	23
48	37
48	44
48	56
48	61
48	71
48	78
49	1
49	6
49	7
49	31
49	43
49	64
49	66
49	72
49	73
49	74
50	5
50	28
50	40
50	42
50	53
50	60
50	70
50	71
50	77
50	81
51	26
51	30
51	31
51	41
51	43
51	55
51	62
51	63
51	76
51	78
51	80
52	9
52	23
52	27
52	33
52	34
52	61
52	63
52	68
52	76
52	78
52	79
53	18
53	38
53	40
53	46
53	50
53	56
53	58
53	59
53	64
53	72
53	74
54	5
54	26
54	41
54	57
54	66
54	68
54	74
54	77
54	78
54	79
54	81
55	1
55	18
55	37
55	41
55	51
55	58
55	60
55	65
55	72
55	74
55	77
56	14
56	19
56	21
56	27
56	28
56	48
56	53
56	58
56	63
56	78
56	80
57	9
57	25
57	28
57	41
57	54
57	67
57	70
57	72
57	75
57	78
57	79
58	29
58	34
58	53
58	55
58	56
58	62
58	63
58	75
58	77
58	79
58	81
59	4
59	8
59	22
59	30
59	41
59	46
59	53
59	66
59	71
59	74
59	81
60	21
60	35
60	46
60	50
60	55
60	64
60	67
60	72
60	75
60	77
60	78
60	81
61	4
61	17
61	20
61	25
61	27
61	39
61	48
61	52
61	65
61	67
61	68
61	69
62	2
62	7
62	8
62	23
62	36
62	45
62	46
62	51
62	58
62	66
62	76
62	81
63	3
63	10
63	15
63	29
63	51
63	52
63	56
63	58
63	64
63	70
63	73
63	80
64	15
64	19
64	29
64	34
64	36
64	49
64	53
64	60
64	63
64	65
64	73
64	80
65	6
65	16
65	21
65	27
65	37
65	41
65	55
65	61
65	64
65	66
65	67
65	75
66	2
66	12
66	21
66	29
66	36
66	46
66	49
66	54
66	59
66	62
66	65
66	68
66	81
67	14
67	22
67	25
67	33
67	38
67	57
67	60
67	61
67	65
67	75
67	77
67	79
67	80
68	8
68	18
68	24
68	26
68	35
68	45
68	52
68	54
68	61
68	66
68	71
68	79
68	81
69	4
69	20
69	28
69	29
69	32
69	35
69	36
69	38
69	47
69	61
69	72
69	75
69	76
69	81
70	5
70	6
70	14
70	34
70	35
70	38
70	47
70	50
70	57
70	63
70	73
70	75
70	77
70	80
71	3
71	10
71	12
71	13
71	26
71	37
71	45
71	48
71	50
71	59
71	68
71	73
71	79
71	81
72	1
72	4
72	19
72	24
72	29
72	31
72	40
72	42
72	49
72	53
72	55
72	57
72	60
72	69
72	77
73	9
73	19
73	23
73	28
73	34
73	47
73	49
73	63
73	64
73	70
73	71
73	74
73	76
73	79
73	80
74	1
74	7
74	33
74	42
74	45
74	46
74	49
74	53
74	54
74	55
74	59
74	73
74	76
74	78
74	81
75	3
75	5
75	16
75	18
75	19
75	26
75	27
75	31
75	39
75	47
75	57
75	58
75	60
75	65
75	67
75	69
75	70
75	78
76	17
76	21
76	26
76	30
76	32
76	34
76	39
76	40
76	44
76	51
76	52
76	62
76	69
76	73
76	74
76	77
76	78
76	79
77	5
77	9
77	16
77	17
77	22
77	31
77	32
77	38
77	44
77	47
77	50
77	54
77	55
77	58
77	60
77	67
77	70
77	72
77	76
77	81
78	5
78	13
78	18
78	22
78	24
78	27
78	28
78	30
78	40
78	41
78	48
78	51
78	52
78	54
78	56
78	57
78	60
78	74
78	75
78	76
78	79
79	4
79	10
79	14
79	16
79	21
79	24
79	36
79	40
79	42
79	45
79	52
79	54
79	57
79	58
79	67
79	68
79	71
79	73
79	76
79	78
79	80
80	2
80	3
80	6
80	15
80	19
80	20
80	23
80	34
80	35
80	42
80	45
80	46
80	47
80	51
80	56
80	63
80	64
80	67
80	70
80	73
80	79
80	81
81	6
81	12
81	13
81	18
81	26
81	27
81	30
81	36
81	40
81	43
81	45
81	46
81	50
81	54
81	58
81	59
81	60
81	62
81	66
81	68
81	69
81	71
81	74
81	77
81	80
