1	17
1	33
1	49
1	68
1	70
1	79
2	48
2	56
2	70
2	73
2	79
2	81
3	5
3	14
3	58
3	59
3	69
3	70
4	44
4	69
4	70
4	78
4	80
4	81
5	3
5	22
5	44
5	45
5	60
5	70
6	19
6	23
6	41
6	67
6	79
6	81
7	29
7	41
7	62
7	68
7	72
7	81
8	24
8	27
8	42
8	49
8	55
8	81
9	28
9	48
9	58
9	65
9	79
9	81
10	20
10	23
10	27
10	41
10	63
10	73
11	16
11	17
11	47
11	61
11	62
11	73
12	43
12	49
12	53
12	59
12	77
12	78
13	14
13	54
13	66
13	74
13	77
13	79
14	3
14	13
14	30
14	42
14	51
14	72
15	17
15	44
15	59
15	60
15	64
15	79
16	11
16	39
16	49
16	55
16	76
16	79
17	1
17	11
17	15
17	37
17	53
17	62
17	80
18	38
18	46
18	54
18	61
18	72
18	75
18	76
19	6
19	28
19	32
19	34
19	35
19	63
19	81
20	10
20	50
20	51
20	70
20	77
20	78
20	80
21	27
21	42
21	43
21	68
21	70
21	78
21	80
22	5
22	57
22	62
22	65
22	73
22	78
22	81
23	6
23	10
23	26
23	28
23	46
23	78
23	80
24	8
24	25
24	30
24	51
24	56
24	67
24	76
25	24
25	44
25	45
25	47
25	67
25	78
25	80
26	23
26	59
26	60
26	74
26	78
26	79
26	80
27	8
27	10
27	21
27	34
27	61
27	71
27	73
28	9
28	19
28	23
28	38
28	55
28	60
28	79
29	7
29	33
29	35
29	40
29	43
29	72
29	75
30	14
30	24
30	43
30	55
30	56
30	59
30	70
31	47
31	50
31	54
31	58
31	69
31	70
31	75
31	77
32	19
32	45
32	50
32	57
32	61
32	62
32	78
32	81
33	1
33	29
33	39
33	46
33	51
33	58
33	67
33	75
34	19
34	27
34	41
34	59
34	64
34	65
34	73
34	81
35	19
35	29
35	57
35	65
35	69
35	79
35	80
35	81
36	40
36	50
36	57
36	58
36	62
36	65
36	75
36	81
37	17
37	50
37	51
37	58
37	60
37	66
37	71
37	74
38	18
38	28
38	43
38	44
38	52
38	61
38	62
38	76
39	16
39	33
39	55
39	60
39	67
39	71
39	72
39	76
40	29
40	36
40	61
40	64
40	68
40	70
40	78
40	80
41	6
41	7
41	10
41	34
41	46
41	48
41	71
41	77
41	81
42	8
42	14
42	21
42	43
42	44
42	50
42	66
42	76
42	79
43	12
43	21
43	29
43	30
43	38
43	42
43	59
43	64
43	73
43	74
44	4
44	5
44	15
44	25
44	38
44	42
44	63
44	64
44	66
44	77
45	5
45	25
45	32
45	60
45	64
45	68
45	74
45	75
45	76
45	81
46	18
46	23
46	33
46	41
46	53
46	55
46	67
46	68
46	78
46	80
47	11
47	25
47	31
47	50
47	69
47	71
47	72
47	74
47	75
47	76
48	2
48	9
48	41
48	52
48	54
48	55
48	57
48	59
48	64
48	65
48	79
49	1
49	8
49	12
49	16
49	52
49	56
49	69
49	72
49	73
49	74
49	76
50	20
50	31
50	32
50	36
50	37
50	42
50	47
50	52
50	71
50	75
50	77
51	14
51	20
51	24
51	33
51	37
51	61
51	64
51	74
51	76
51	80
51	81
52	38
52	48
52	49
52	50
52	66
52	70
52	71
52	73
52	76
52	78
52	81
53	12
53	17
53	46
53	54
53	55
53	61
53	62
53	68
53	70
53	78
53	80
54	13
54	18
54	31
54	48
54	53
54	55
54	56
54	57
54	72
54	74
54	79
55	8
55	16
55	28
55	30
55	39
55	46
55	48
55	53
55	54
55	60
55	71
55	79
56	2
56	24
56	30
56	49
56	54
56	59
56	60
56	66
56	68
56	72
56	79
56	81
57	22
57	32
57	35
57	36
57	48
57	54
57	65
57	67
57	76
57	78
57	80
57	81
58	3
58	9
58	31
58	33
58	36
58	37
58	61
58	66
58	72
58	73
58	75
58	77
59	3
59	12
59	15
59	26
59	30
59	34
59	43
59	48
59	56
59	60
59	69
59	79
59	80
60	5
60	15
60	26
60	28
60	37
60	39
60	45
60	55
60	56
60	59
60	68
60	75
60	79
61	11
61	18
61	27
61	32
61	38
61	40
61	51
61	53
61	58
61	66
61	71
61	72
61	77
62	7
62	11
62	17
62	22
62	32
62	36
62	38
62	53
62	65
62	67
62	75
62	77
62	81
63	10
63	19
63	44
63	66
63	67
63	68
63	69
63	70
63	71
63	74
63	75
63	80
63	81
64	15
64	34
64	40
64	43
64	44
64	45
64	48
64	51
64	65
64	66
64	69
64	74
64	75
64	77
65	9
65	22
65	34
65	35
65	36
65	48
65	57
65	62
65	64
65	69
65	78
65	79
65	80
65	81
66	13
66	37
66	42
66	44
66	52
66	56
66	58
66	61
66	63
66	64
66	71
66	72
66	76
66	77
67	6
67	24
67	25
67	33
67	39
67	46
67	57
67	62
67	63
67	69
67	73
67	74
67	77
67	78
67	80
68	1
68	7
68	21
68	40
68	45
68	46
68	53
68	56
68	60
68	63
68	70
68	77
68	78
68	80
68	81
69	3
69	4
69	31
69	35
69	47
69	49
69	59
69	63
69	64
69	65
69	67
69	71
69	74
69	77
69	80
70	1
70	2
70	3
70	4
70	5
70	20
70	21
70	30
70	31
70	40
70	52
70	53
70	63
70	68
70	75
70	80
71	27
71	37
71	39
71	41
71	47
71	50
71	52
71	55
71	61
71	63
71	66
71	69
71	72
71	73
71	78
71	79
72	7
72	14
72	18
72	29
72	39
72	47
72	49
72	54
72	56
72	58
72	61
72	66
72	71
72	75
72	76
72	77
72	80
73	2
73	10
73	11
73	22
73	27
73	34
73	43
73	49
73	52
73	58
73	67
73	71
73	74
73	76
73	77
73	78
73	81
74	13
74	26
74	37
74	43
74	45
74	47
74	49
74	51
74	54
74	63
74	64
74	67
74	69
74	73
74	76
74	77
74	80
75	18
75	29
75	31
75	33
75	36
75	45
75	47
75	50
75	58
75	60
75	62
75	63
75	64
75	70
75	72
75	76
75	77
76	16
76	18
76	24
76	38
76	39
76	42
76	45
76	47
76	49
76	51
76	52
76	57
76	66
76	72
76	73
76	74
76	75
76	77
76	79
77	12
77	13
77	20
77	31
77	41
77	44
77	50
77	58
77	61
77	62
77	64
77	66
77	67
77	68
77	69
77	72
77	73
77	74
77	75
77	76
78	4
78	12
78	20
78	21
78	22
78	23
78	25
78	26
78	32
78	40
78	46
78	52
78	53
78	57
78	65
78	67
78	68
78	71
78	73
78	79
78	80
79	1
79	2
79	6
79	9
79	13
79	15
79	16
79	26
79	28
79	35
79	42
79	48
79	54
79	55
79	56
79	59
79	60
79	65
79	71
79	76
79	78
79	81
80	4
80	17
80	20
80	21
80	23
80	25
80	26
80	35
80	40
80	46
80	51
80	53
80	57
80	59
80	63
80	65
80	67
80	68
80	69
80	70
80	72
80	74
80	78
80	81
81	2
81	4
81	6
81	7
81	8
81	9
81	19
81	22
81	32
81	34
81	35
81	36
81	41
81	45
81	51
81	52
81	56
81	57
81	62
81	63
81	65
81	68
81	73
81	79
81	80
