1	5
1	15
1	44
1	78
1	79
1	81
2	14
2	70
2	77
2	78
2	79
2	81
3	7
3	22
3	23
3	54
3	64
3	77
4	16
4	35
4	38
4	39
4	62
4	80
5	1
5	61
5	68
5	71
5	72
5	75
6	48
6	55
6	62
6	65
6	66
6	68
7	3
7	52
7	62
7	71
7	72
7	81
8	25
8	41
8	74
8	78
8	79
8	81
9	28
9	50
9	61
9	76
9	78
9	81
10	44
10	49
10	56
10	61
10	65
10	77
11	30
11	33
11	59
11	69
11	73
11	75
12	29
12	43
12	50
12	62
12	68
12	74
13	21
13	22
13	33
13	35
13	59
13	62
14	2
14	62
14	63
14	72
14	77
14	80
15	1
15	47
15	53
15	64
15	73
15	78
15	80
16	4
16	41
16	60
16	62
16	72
16	76
16	77
17	39
17	68
17	69
17	70
17	71
17	73
17	75
18	46
18	54
18	57
18	70
18	74
18	75
18	79
19	24
19	35
19	62
19	70
19	72
19	77
19	79
20	41
20	47
20	54
20	57
20	62
20	65
20	66
21	13
21	22
21	24
21	37
21	70
21	74
21	79
22	3
22	13
22	21
22	51
22	52
22	65
22	74
23	3
23	53
23	58
23	59
23	60
23	63
23	79
24	19
24	21
24	34
24	55
24	57
24	58
24	61
25	8
25	50
25	57
25	72
25	74
25	77
25	80
26	31
26	44
26	45
26	54
26	56
26	59
26	65
26	66
27	43
27	50
27	57
27	71
27	72
27	73
27	75
27	80
28	9
28	44
28	59
28	60
28	71
28	73
28	74
28	75
29	12
29	30
29	31
29	45
29	67
29	68
29	73
29	75
30	11
30	29
30	51
30	57
30	72
30	74
30	77
30	78
31	26
31	29
31	36
31	57
31	65
31	66
31	76
31	79
32	38
32	43
32	56
32	58
32	61
32	66
32	72
32	81
33	11
33	13
33	40
33	42
33	46
33	50
33	67
33	80
34	24
34	52
34	55
34	56
34	58
34	61
34	66
34	69
35	4
35	13
35	19
35	55
35	69
35	76
35	78
35	79
35	81
36	31
36	42
36	54
36	63
36	65
36	66
36	72
36	73
36	76
37	21
37	45
37	49
37	50
37	63
37	66
37	67
37	70
37	71
38	4
38	32
38	40
38	44
38	53
38	56
38	60
38	61
38	81
39	4
39	17
39	46
39	53
39	68
39	70
39	74
39	75
39	81
40	33
40	38
40	68
40	69
40	76
40	77
40	78
40	79
40	81
41	8
41	16
41	20
41	47
41	48
41	54
41	55
41	65
41	66
42	33
42	36
42	50
42	64
42	65
42	67
42	73
42	76
42	77
42	80
43	12
43	27
43	32
43	48
43	56
43	59
43	70
43	71
43	75
43	76
44	1
44	10
44	26
44	28
44	38
44	54
44	56
44	58
44	61
44	66
45	26
45	29
45	37
45	51
45	55
45	58
45	64
45	67
45	75
45	80
46	18
46	33
46	39
46	54
46	57
46	59
46	64
46	66
46	74
46	77
47	15
47	20
47	41
47	54
47	63
47	69
47	76
47	78
47	79
47	81
48	6
48	41
48	43
48	49
48	58
48	63
48	64
48	67
48	73
48	80
49	10
49	37
49	48
49	51
49	53
49	63
49	77
49	78
49	79
49	81
50	9
50	12
50	25
50	27
50	33
50	37
50	42
50	51
50	60
50	71
50	80
51	22
51	30
51	45
51	49
51	50
51	52
51	64
51	69
51	73
51	76
51	80
52	7
52	22
52	34
52	51
52	60
52	63
52	67
52	77
52	78
52	80
52	81
53	15
53	23
53	38
53	39
53	49
53	56
53	60
53	63
53	64
53	70
53	73
53	78
54	3
54	18
54	20
54	26
54	36
54	41
54	44
54	46
54	47
54	59
54	65
54	66
55	6
55	24
55	34
55	35
55	41
55	45
55	69
55	74
55	76
55	78
55	79
55	81
56	10
56	26
56	32
56	34
56	38
56	43
56	44
56	53
56	58
56	61
56	63
56	68
56	75
57	18
57	20
57	24
57	25
57	27
57	30
57	31
57	46
57	63
57	70
57	72
57	77
57	79
58	23
58	24
58	32
58	34
58	44
58	45
58	48
58	56
58	61
58	67
58	72
58	79
58	80
59	11
59	13
59	23
59	26
59	28
59	43
59	46
59	54
59	68
59	71
59	73
59	75
59	77
59	81
60	16
60	23
60	28
60	38
60	50
60	52
60	53
60	64
60	67
60	71
60	77
60	78
60	80
60	81
61	5
61	9
61	10
61	24
61	32
61	34
61	38
61	44
61	56
61	58
61	72
61	74
61	78
61	79
62	4
62	6
62	7
62	12
62	13
62	14
62	16
62	19
62	20
62	64
62	69
62	77
62	80
62	81
63	14
63	23
63	36
63	37
63	47
63	48
63	49
63	52
63	53
63	56
63	57
63	68
63	72
63	80
64	3
64	15
64	42
64	45
64	46
64	48
64	51
64	53
64	60
64	62
64	70
64	73
64	75
64	76
64	80
65	6
65	10
65	20
65	22
65	26
65	31
65	36
65	41
65	42
65	54
65	66
65	67
65	68
65	71
65	78
66	6
66	20
66	26
66	31
66	32
66	34
66	36
66	37
66	41
66	44
66	46
66	54
66	65
66	68
66	74
66	81
67	29
67	33
67	37
67	42
67	45
67	48
67	52
67	58
67	60
67	65
67	68
67	69
67	73
67	74
67	76
67	80
68	5
68	6
68	12
68	17
68	29
68	39
68	40
68	56
68	59
68	63
68	65
68	66
68	67
68	71
68	73
68	75
69	11
69	17
69	34
69	35
69	40
69	47
69	51
69	55
69	62
69	67
69	71
69	75
69	76
69	78
69	79
69	81
70	2
70	17
70	18
70	19
70	21
70	37
70	39
70	43
70	53
70	57
70	64
70	71
70	72
70	74
70	77
70	80
70	81
71	5
71	7
71	17
71	27
71	28
71	37
71	43
71	50
71	59
71	60
71	65
71	68
71	69
71	70
71	73
71	74
71	75
71	76
72	5
72	7
72	14
72	16
72	19
72	25
72	27
72	30
72	32
72	36
72	57
72	58
72	61
72	63
72	70
72	74
72	78
72	80
73	11
73	15
73	17
73	27
73	28
73	29
73	36
73	42
73	48
73	51
73	53
73	59
73	64
73	67
73	68
73	71
73	75
73	78
73	79
74	8
74	12
74	18
74	21
74	22
74	25
74	28
74	30
74	39
74	46
74	55
74	61
74	66
74	67
74	70
74	71
74	72
74	76
74	77
74	80
75	5
75	11
75	17
75	18
75	27
75	28
75	29
75	39
75	43
75	45
75	56
75	59
75	64
75	68
75	69
75	71
75	73
75	78
75	79
75	80
75	81
76	9
76	16
76	31
76	35
76	36
76	40
76	42
76	43
76	47
76	51
76	55
76	64
76	67
76	69
76	71
76	74
76	77
76	78
76	79
76	81
77	2
77	3
77	10
77	14
77	16
77	19
77	25
77	30
77	40
77	42
77	46
77	49
77	52
77	57
77	59
77	60
77	62
77	70
77	74
77	76
77	79
77	80
77	81
78	1
78	2
78	8
78	9
78	15
78	30
78	35
78	40
78	47
78	49
78	52
78	53
78	55
78	60
78	61
78	65
78	69
78	72
78	73
78	75
78	76
78	79
78	81
79	1
79	2
79	8
79	18
79	19
79	21
79	23
79	31
79	35
79	40
79	47
79	49
79	55
79	57
79	58
79	61
79	69
79	73
79	75
79	76
79	77
79	78
79	81
80	4
80	14
80	15
80	25
80	27
80	33
80	42
80	45
80	48
80	50
80	51
80	52
80	58
80	60
80	62
80	63
80	64
80	67
80	70
80	72
80	74
80	75
80	77
81	1
81	2
81	7
81	8
81	9
81	32
81	35
81	38
81	39
81	40
81	47
81	49
81	52
81	55
81	59
81	60
81	62
81	66
81	69
81	70
81	75
81	76
81	77
81	78
81	79
