1	24
1	31
1	32
1	47
1	50
1	57
2	26
2	29
2	46
2	65
2	68
2	76
3	22
3	40
3	55
3	69
3	71
3	72
4	5
4	49
4	51
4	66
4	68
4	74
5	4
5	30
5	56
5	57
5	67
5	74
6	43
6	45
6	60
6	69
6	70
6	77
7	49
7	63
7	70
7	78
7	80
7	81
8	46
8	50
8	70
8	78
8	79
8	81
9	35
9	51
9	63
9	68
9	73
9	80
10	18
10	39
10	55
10	66
10	71
10	75
11	22
11	33
11	40
11	50
11	56
11	81
12	15
12	34
12	66
12	67
12	71
12	76
13	40
13	54
13	66
13	68
13	72
13	80
14	28
14	31
14	34
14	61
14	68
14	75
15	12
15	56
15	60
15	69
15	74
15	81
16	44
16	55
16	57
16	61
16	63
16	65
17	30
17	36
17	56
17	61
17	67
17	69
17	74
18	10
18	50
18	58
18	64
18	68
18	69
18	74
19	25
19	30
19	48
19	59
19	64
19	78
19	80
20	26
20	53
20	70
20	73
20	75
20	77
20	78
21	24
21	25
21	39
21	69
21	79
21	80
21	81
22	3
22	11
22	35
22	46
22	54
22	62
22	68
23	33
23	37
23	40
23	48
23	59
23	67
23	75
24	1
24	21
24	33
24	48
24	49
24	67
24	74
24	79
25	19
25	21
25	61
25	63
25	65
25	66
25	68
25	69
26	2
26	20
26	28
26	37
26	45
26	63
26	67
26	78
27	40
27	53
27	62
27	72
27	73
27	75
27	77
27	79
28	14
28	26
28	34
28	36
28	49
28	54
28	67
28	81
29	2
29	38
29	62
29	64
29	70
29	73
29	76
29	77
30	5
30	17
30	19
30	42
30	52
30	62
30	74
30	76
31	1
31	14
31	35
31	43
31	47
31	60
31	68
31	72
32	1
32	40
32	44
32	46
32	50
32	51
32	71
32	77
33	11
33	23
33	24
33	46
33	54
33	72
33	80
33	81
34	12
34	14
34	28
34	51
34	55
34	66
34	71
34	72
34	79
35	9
35	22
35	31
35	38
35	45
35	52
35	55
35	68
35	69
36	17
36	28
36	44
36	45
36	49
36	60
36	72
36	73
36	74
37	23
37	26
37	42
37	49
37	51
37	56
37	61
37	66
37	81
38	29
38	35
38	39
38	42
38	73
38	78
38	79
38	80
38	81
39	10
39	21
39	38
39	48
39	62
39	70
39	73
39	77
39	80
40	3
40	11
40	13
40	23
40	27
40	32
40	49
40	78
40	79
41	54
41	55
41	66
41	71
41	72
41	76
41	77
41	79
41	80
42	30
42	37
42	38
42	43
42	44
42	56
42	60
42	65
42	74
43	6
43	31
43	42
43	47
43	51
43	62
43	70
43	71
43	73
43	77
44	16
44	32
44	36
44	42
44	45
44	46
44	60
44	70
44	73
44	74
45	6
45	26
45	35
45	36
45	44
45	56
45	60
45	64
45	74
45	75
46	2
46	8
46	22
46	32
46	33
46	44
46	64
46	65
46	67
46	78
47	1
47	31
47	43
47	65
47	71
47	76
47	78
47	79
47	80
47	81
48	19
48	23
48	24
48	39
48	49
48	64
48	76
48	78
48	79
48	80
48	81
49	4
49	7
49	24
49	28
49	36
49	37
49	40
49	48
49	53
49	67
49	70
50	1
50	8
50	11
50	18
50	32
50	57
50	58
50	59
50	65
50	72
50	76
51	4
51	9
51	32
51	34
51	37
51	43
51	56
51	64
51	67
51	77
51	81
52	30
52	35
52	55
52	58
52	62
52	64
52	76
52	78
52	79
52	80
52	81
53	20
53	27
53	49
53	55
53	56
53	59
53	70
53	72
53	73
53	77
53	78
54	13
54	22
54	28
54	33
54	41
54	55
54	61
54	71
54	72
54	77
54	81
55	3
55	10
55	16
55	34
55	35
55	41
55	52
55	53
55	54
55	72
55	81
56	5
56	11
56	15
56	17
56	37
56	42
56	45
56	51
56	53
56	68
56	74
56	75
57	1
57	5
57	16
57	50
57	60
57	62
57	63
57	64
57	65
57	66
57	69
57	76
58	18
58	50
58	52
58	59
58	62
58	64
58	65
58	67
58	69
58	73
58	77
58	79
59	19
59	23
59	50
59	53
59	58
59	63
59	64
59	69
59	74
59	78
59	80
59	81
60	6
60	15
60	31
60	36
60	42
60	44
60	45
60	57
60	74
60	76
60	78
60	80
61	14
61	16
61	17
61	25
61	37
61	54
61	75
61	76
61	78
61	79
61	80
61	81
62	22
62	27
62	29
62	30
62	39
62	43
62	52
62	57
62	58
62	70
62	73
62	77
62	79
63	7
63	9
63	16
63	25
63	26
63	57
63	59
63	64
63	65
63	69
63	74
63	77
63	80
64	18
64	19
64	29
64	45
64	46
64	48
64	51
64	52
64	57
64	58
64	59
64	63
64	69
64	79
65	2
65	16
65	25
65	42
65	46
65	47
65	50
65	57
65	58
65	63
65	67
65	69
65	79
65	80
66	4
66	10
66	12
66	13
66	25
66	34
66	37
66	41
66	57
66	68
66	71
66	72
66	74
66	80
67	5
67	12
67	17
67	23
67	24
67	26
67	28
67	46
67	49
67	51
67	58
67	65
67	68
67	78
67	81
68	2
68	4
68	9
68	13
68	14
68	18
68	22
68	25
68	31
68	35
68	56
68	66
68	67
68	74
68	77
69	3
69	6
69	15
69	17
69	18
69	21
69	25
69	35
69	57
69	58
69	59
69	63
69	64
69	65
69	76
70	6
70	7
70	8
70	20
70	29
70	39
70	43
70	44
70	49
70	53
70	62
70	71
70	75
70	77
70	80
71	3
71	10
71	12
71	32
71	34
71	41
71	43
71	47
71	54
71	66
71	70
71	72
71	73
71	77
71	78
71	81
72	3
72	13
72	27
72	31
72	33
72	34
72	36
72	41
72	50
72	53
72	54
72	55
72	66
72	71
72	74
72	79
73	9
73	20
73	27
73	29
73	36
73	38
73	39
73	43
73	44
73	53
73	58
73	62
73	71
73	75
73	77
73	78
73	79
74	4
74	5
74	15
74	17
74	18
74	24
74	30
74	36
74	42
74	44
74	45
74	56
74	59
74	60
74	63
74	66
74	68
74	72
74	81
75	10
75	14
75	20
75	23
75	27
75	45
75	56
75	61
75	70
75	73
75	76
75	78
75	79
75	80
75	81
76	2
76	12
76	29
76	30
76	41
76	47
76	48
76	50
76	52
76	57
76	60
76	61
76	69
76	75
76	77
76	78
76	79
76	80
76	81
77	6
77	20
77	27
77	29
77	32
77	39
77	41
77	43
77	51
77	53
77	54
77	58
77	62
77	63
77	68
77	70
77	71
77	73
77	76
77	79
78	7
78	8
78	19
78	20
78	26
78	38
78	40
78	46
78	47
78	48
78	52
78	53
78	59
78	60
78	61
78	67
78	71
78	73
78	75
78	76
78	79
78	80
78	81
79	8
79	21
79	24
79	27
79	34
79	38
79	40
79	41
79	47
79	48
79	52
79	58
79	61
79	62
79	64
79	65
79	72
79	73
79	75
79	76
79	77
79	78
79	80
79	81
80	7
80	9
80	13
80	19
80	21
80	33
80	38
80	39
80	41
80	47
80	48
80	52
80	59
80	60
80	61
80	63
80	65
80	66
80	70
80	75
80	76
80	78
80	79
80	81
81	7
81	8
81	11
81	15
81	21
81	28
81	33
81	37
81	38
81	47
81	48
81	51
81	52
81	54
81	55
81	59
81	61
81	67
81	71
81	74
81	75
81	76
81	78
81	79
81	80
