1	5
1	62
1	66
1	70
1	73
1	81
2	5
2	38
2	61
2	71
2	76
2	77
3	24
3	39
3	58
3	59
3	74
3	81
4	65
4	67
4	75
4	77
4	78
4	79
5	1
5	2
5	41
5	68
5	73
5	81
6	30
6	56
6	59
6	60
6	61
6	68
7	29
7	39
7	44
7	67
7	76
7	81
8	31
8	40
8	57
8	60
8	74
8	80
9	10
9	68
9	71
9	76
9	77
9	78
10	9
10	29
10	45
10	53
10	79
10	81
11	16
11	25
11	35
11	44
11	53
11	57
12	16
12	32
12	49
12	73
12	79
12	80
13	23
13	33
13	41
13	42
13	60
13	61
13	80
14	43
14	48
14	52
14	70
14	75
14	77
14	78
15	19
15	41
15	57
15	67
15	68
15	75
15	77
16	11
16	12
16	59
16	68
16	75
16	77
16	78
17	24
17	39
17	40
17	52
17	53
17	59
17	79
18	47
18	50
18	60
18	61
18	62
18	73
18	74
19	15
19	48
19	54
19	66
19	70
19	71
19	81
20	32
20	50
20	58
20	69
20	71
20	72
20	73
21	28
21	29
21	37
21	55
21	66
21	70
21	71
22	44
22	48
22	52
22	62
22	65
22	70
22	71
23	13
23	34
23	56
23	61
23	66
23	69
23	78
24	3
24	17
24	38
24	40
24	59
24	76
24	80
25	11
25	34
25	48
25	61
25	63
25	75
25	79
26	34
26	55
26	57
26	64
26	69
26	72
26	73
26	79
27	38
27	44
27	45
27	49
27	66
27	70
27	71
27	81
28	21
28	43
28	48
28	63
28	64
28	69
28	70
28	73
29	7
29	10
29	21
29	31
29	39
29	40
29	59
29	64
30	6
30	36
30	54
30	56
30	76
30	78
30	79
30	80
31	8
31	29
31	39
31	40
31	54
31	59
31	73
31	78
32	12
32	20
32	47
32	56
32	60
32	61
32	79
32	80
33	13
33	45
33	46
33	63
33	75
33	77
33	78
33	81
34	23
34	25
34	26
34	43
34	69
34	72
34	78
34	80
35	11
35	49
35	63
35	71
35	74
35	75
35	77
35	78
35	79
36	30
36	43
36	53
36	63
36	68
36	74
36	75
36	77
36	78
37	21
37	38
37	41
37	51
37	57
37	62
37	66
37	71
37	72
38	2
38	24
38	27
38	37
38	51
38	53
38	56
38	62
38	63
39	3
39	7
39	17
39	29
39	31
39	42
39	51
39	59
39	76
40	8
40	17
40	24
40	29
40	31
40	59
40	70
40	71
40	78
40	79
41	5
41	13
41	15
41	37
41	50
41	62
41	66
41	69
41	70
41	71
42	13
42	39
42	46
42	50
42	55
42	64
42	69
42	72
42	77
42	81
43	14
43	28
43	34
43	36
43	46
43	55
43	58
43	65
43	69
43	72
44	7
44	11
44	22
44	27
44	57
44	62
44	64
44	70
44	71
44	78
45	10
45	27
45	33
45	65
45	68
45	71
45	75
45	76
45	77
45	78
46	33
46	42
46	43
46	50
46	56
46	58
46	61
46	72
46	74
46	81
47	18
47	32
47	51
47	56
47	60
47	61
47	63
47	64
47	74
47	75
48	14
48	19
48	22
48	25
48	28
48	72
48	73
48	74
48	78
48	81
49	12
49	27
49	35
49	62
49	65
49	68
49	70
49	75
49	77
49	78
50	18
50	20
50	41
50	42
50	46
50	52
50	62
50	69
50	72
50	73
50	78
51	37
51	38
51	39
51	47
51	60
51	67
51	70
51	73
51	74
51	76
51	80
52	14
52	17
52	22
52	50
52	64
52	69
52	72
52	74
52	76
52	79
52	80
53	10
53	11
53	17
53	36
53	38
53	55
53	60
53	65
53	66
53	75
53	76
53	79
54	19
54	30
54	31
54	61
54	72
54	73
54	74
54	75
54	76
54	78
54	79
54	80
55	21
55	26
55	42
55	43
55	53
55	58
55	65
55	68
55	69
55	72
55	76
55	80
56	6
56	23
56	30
56	32
56	38
56	46
56	47
56	58
56	60
56	61
56	65
56	79
57	8
57	11
57	15
57	26
57	37
57	44
57	64
57	65
57	67
57	73
57	75
57	81
58	3
58	20
58	43
58	46
58	55
58	56
58	62
58	63
58	69
58	72
58	80
58	81
59	3
59	6
59	16
59	17
59	24
59	29
59	31
59	39
59	40
59	63
59	67
59	70
59	75
59	81
60	6
60	8
60	13
60	18
60	32
60	47
60	51
60	53
60	56
60	61
60	62
60	67
60	76
60	77
60	80
61	2
61	6
61	13
61	18
61	23
61	25
61	32
61	46
61	47
61	54
61	56
61	60
61	64
61	73
61	80
62	1
62	18
62	22
62	37
62	38
62	41
62	44
62	49
62	50
62	58
62	60
62	66
62	71
62	73
62	80
63	25
63	28
63	33
63	35
63	36
63	38
63	47
63	58
63	59
63	67
63	68
63	74
63	75
63	79
63	80
63	81
64	26
64	28
64	29
64	42
64	44
64	47
64	52
64	57
64	61
64	65
64	68
64	74
64	76
64	78
64	80
64	81
65	4
65	22
65	43
65	45
65	49
65	53
65	55
65	56
65	57
65	64
65	66
65	67
65	74
65	79
65	80
65	81
66	1
66	19
66	21
66	23
66	27
66	37
66	41
66	53
66	62
66	65
66	67
66	68
66	70
66	71
66	74
66	76
66	79
67	4
67	7
67	15
67	51
67	57
67	59
67	60
67	63
67	65
67	66
67	68
67	72
67	74
67	75
67	76
67	77
67	80
67	81
68	5
68	6
68	9
68	15
68	16
68	36
68	45
68	49
68	55
68	63
68	64
68	66
68	67
68	75
68	77
68	78
68	80
68	81
69	20
69	23
69	26
69	28
69	34
69	41
69	42
69	43
69	50
69	52
69	55
69	58
69	71
69	72
69	74
69	75
69	77
69	79
69	80
70	1
70	14
70	19
70	21
70	22
70	27
70	28
70	40
70	41
70	44
70	49
70	51
70	59
70	66
70	71
70	72
70	73
70	77
70	81
71	2
71	9
71	19
71	20
71	21
71	22
71	27
71	35
71	37
71	40
71	41
71	44
71	45
71	62
71	66
71	69
71	70
71	72
71	74
71	79
72	20
72	26
72	34
72	37
72	42
72	43
72	46
72	48
72	50
72	52
72	54
72	55
72	58
72	67
72	69
72	70
72	71
72	74
72	76
72	79
72	80
73	1
73	5
73	12
73	18
73	20
73	26
73	28
73	31
73	48
73	50
73	51
73	54
73	57
73	61
73	62
73	70
73	75
73	76
73	77
73	79
73	80
73	81
74	3
74	8
74	18
74	35
74	36
74	46
74	47
74	48
74	51
74	52
74	54
74	63
74	64
74	65
74	66
74	67
74	69
74	71
74	72
74	78
74	80
74	81
75	4
75	14
75	15
75	16
75	25
75	33
75	35
75	36
75	45
75	47
75	49
75	53
75	54
75	57
75	59
75	63
75	67
75	68
75	69
75	73
75	76
75	78
76	2
76	7
76	9
76	24
76	30
76	39
76	45
76	51
76	52
76	53
76	54
76	55
76	60
76	64
76	66
76	67
76	72
76	73
76	75
76	77
76	78
76	79
76	81
77	2
77	4
77	9
77	14
77	15
77	16
77	33
77	35
77	36
77	42
77	45
77	49
77	60
77	67
77	68
77	69
77	70
77	73
77	76
77	78
77	79
77	80
77	81
78	4
78	9
78	14
78	16
78	23
78	30
78	31
78	33
78	34
78	35
78	36
78	40
78	44
78	45
78	48
78	49
78	50
78	54
78	64
78	68
78	74
78	75
78	76
78	77
79	4
79	10
79	12
79	17
79	25
79	26
79	30
79	32
79	35
79	40
79	52
79	53
79	54
79	56
79	63
79	65
79	66
79	69
79	71
79	72
79	73
79	76
79	77
79	81
80	8
80	12
80	13
80	24
80	30
80	32
80	34
80	51
80	52
80	54
80	55
80	58
80	60
80	61
80	62
80	63
80	64
80	65
80	67
80	68
80	69
80	72
80	73
80	74
80	77
81	1
81	3
81	5
81	7
81	10
81	19
81	27
81	33
81	42
81	46
81	48
81	57
81	58
81	59
81	63
81	64
81	65
81	67
81	68
81	70
81	73
81	74
81	76
81	77
81	79
