1	33
1	34
1	36
1	51
1	56
1	69
2	20
2	33
2	44
2	49
2	62
2	81
3	21
3	29
3	36
3	45
3	53
3	74
4	28
4	29
4	48
4	68
4	72
4	75
5	19
5	24
5	39
5	41
5	58
5	66
6	18
6	23
6	25
6	42
6	48
6	49
7	15
7	41
7	53
7	65
7	76
7	81
8	19
8	42
8	63
8	75
8	78
8	81
9	68
9	69
9	70
9	75
9	76
9	78
10	55
10	56
10	65
10	69
10	76
10	78
11	54
11	66
11	77
11	79
11	80
11	81
12	17
12	18
12	42
12	55
12	65
12	75
13	22
13	46
13	64
13	67
13	70
13	73
14	22
14	54
14	62
14	63
14	68
14	69
15	7
15	66
15	69
15	73
15	75
15	77
16	25
16	39
16	47
16	55
16	61
16	73
17	12
17	61
17	74
17	77
17	78
17	81
18	6
18	12
18	40
18	45
18	52
18	60
19	5
19	8
19	56
19	60
19	62
19	76
20	2
20	45
20	55
20	60
20	61
20	62
20	80
21	3
21	62
21	66
21	68
21	69
21	71
21	73
22	13
22	14
22	51
22	52
22	68
22	78
22	80
23	6
23	31
23	53
23	60
23	62
23	73
23	79
24	5
24	44
24	63
24	64
24	67
24	68
24	74
25	6
25	16
25	28
25	38
25	49
25	59
25	75
26	36
26	44
26	56
26	57
26	61
26	68
26	71
27	31
27	56
27	58
27	64
27	70
27	79
27	80
28	4
28	25
28	59
28	63
28	74
28	77
28	79
29	3
29	4
29	43
29	47
29	51
29	52
29	71
29	76
30	33
30	43
30	48
30	50
30	57
30	69
30	76
30	78
31	23
31	27
31	35
31	61
31	63
31	70
31	73
31	78
32	44
32	60
32	62
32	72
32	74
32	75
32	79
32	81
33	1
33	2
33	30
33	36
33	40
33	43
33	44
33	50
33	52
34	1
34	49
34	53
34	61
34	66
34	72
34	78
34	79
34	80
35	31
35	38
35	49
35	54
35	58
35	64
35	67
35	71
35	81
36	1
36	3
36	26
36	33
36	47
36	64
36	67
36	75
36	77
37	43
37	44
37	48
37	55
37	64
37	69
37	75
37	79
37	80
38	25
38	35
38	39
38	43
38	45
38	51
38	59
38	72
38	77
39	5
39	16
39	38
39	44
39	52
39	64
39	66
39	72
39	78
40	18
40	33
40	43
40	49
40	59
40	61
40	67
40	70
40	79
41	5
41	7
41	48
41	60
41	63
41	67
41	70
41	75
41	80
42	6
42	8
42	12
42	47
42	53
42	54
42	77
42	78
42	79
42	80
43	29
43	30
43	33
43	37
43	38
43	40
43	61
43	69
43	78
43	80
44	2
44	24
44	26
44	32
44	33
44	37
44	39
44	52
44	71
44	78
45	3
45	18
45	20
45	38
45	51
45	64
45	67
45	72
45	74
45	81
46	13
46	49
46	52
46	53
46	65
46	68
46	74
46	77
46	80
46	81
47	16
47	29
47	36
47	42
47	51
47	61
47	71
47	73
47	80
47	81
48	4
48	6
48	30
48	37
48	41
48	60
48	65
48	71
48	72
48	73
48	79
49	2
49	6
49	25
49	34
49	35
49	40
49	46
49	61
49	70
49	71
49	73
50	30
50	33
50	57
50	62
50	63
50	68
50	71
50	72
50	75
50	76
50	80
51	1
51	22
51	29
51	38
51	45
51	47
51	57
51	61
51	67
51	70
51	72
51	80
52	18
52	22
52	29
52	33
52	39
52	44
52	46
52	53
52	54
52	58
52	71
52	80
53	3
53	7
53	23
53	34
53	42
53	46
53	52
53	65
53	67
53	68
53	74
53	77
53	78
54	11
54	14
54	35
54	42
54	52
54	56
54	60
54	61
54	71
54	72
54	75
54	76
54	80
55	10
55	12
55	16
55	20
55	37
55	57
55	58
55	66
55	71
55	72
55	73
55	76
55	78
56	1
56	10
56	19
56	26
56	27
56	54
56	57
56	59
56	62
56	68
56	76
56	77
56	81
57	26
57	30
57	50
57	51
57	55
57	56
57	64
57	65
57	67
57	69
57	74
57	76
57	77
58	5
58	27
58	35
58	52
58	55
58	59
58	63
58	64
58	67
58	70
58	71
58	75
58	79
59	25
59	28
59	38
59	40
59	56
59	58
59	60
59	61
59	65
59	74
59	78
59	79
59	81
60	18
60	19
60	20
60	23
60	32
60	41
60	48
60	54
60	59
60	71
60	74
60	77
60	79
60	81
61	16
61	17
61	20
61	26
61	31
61	34
61	40
61	43
61	47
61	49
61	51
61	54
61	59
61	79
62	2
62	14
62	19
62	20
62	21
62	23
62	32
62	50
62	56
62	65
62	66
62	69
62	76
62	79
63	8
63	14
63	24
63	28
63	31
63	41
63	50
63	58
63	64
63	65
63	67
63	69
63	70
63	72
63	76
64	13
64	24
64	27
64	35
64	36
64	37
64	39
64	45
64	57
64	58
64	63
64	67
64	70
64	73
64	74
65	7
65	10
65	12
65	46
65	48
65	53
65	57
65	59
65	62
65	63
65	75
65	77
65	79
65	80
65	81
66	5
66	11
66	15
66	21
66	34
66	39
66	55
66	62
66	68
66	70
66	72
66	73
66	74
66	75
66	76
66	80
67	13
67	24
67	35
67	36
67	40
67	41
67	45
67	51
67	53
67	57
67	58
67	63
67	64
67	69
67	70
67	81
68	4
68	9
68	14
68	21
68	22
68	24
68	26
68	46
68	50
68	53
68	56
68	66
68	69
68	73
68	76
68	79
69	1
69	9
69	10
69	14
69	15
69	21
69	30
69	37
69	43
69	57
69	62
69	63
69	67
69	68
69	72
69	76
69	77
70	9
70	13
70	27
70	31
70	40
70	41
70	49
70	51
70	58
70	63
70	64
70	66
70	67
70	72
70	74
70	77
70	81
71	21
71	26
71	29
71	35
71	44
71	47
71	48
71	49
71	50
71	52
71	54
71	55
71	58
71	60
71	72
71	73
71	78
71	80
72	4
72	32
72	34
72	38
72	39
72	45
72	48
72	50
72	51
72	54
72	55
72	63
72	66
72	69
72	70
72	71
72	73
72	81
73	13
73	15
73	16
73	21
73	23
73	31
73	47
73	48
73	49
73	55
73	64
73	66
73	68
73	71
73	72
73	75
73	78
73	80
74	3
74	17
74	24
74	28
74	32
74	45
74	46
74	53
74	57
74	59
74	60
74	64
74	66
74	70
74	76
74	77
74	78
74	79
74	81
75	4
75	8
75	9
75	12
75	15
75	25
75	32
75	36
75	37
75	41
75	50
75	54
75	58
75	65
75	66
75	73
75	76
75	77
75	78
75	80
76	7
76	9
76	10
76	19
76	29
76	30
76	50
76	54
76	55
76	56
76	57
76	62
76	63
76	66
76	68
76	69
76	74
76	75
76	79
76	81
77	11
77	15
77	17
77	28
77	36
77	38
77	42
77	46
77	53
77	56
77	57
77	60
77	65
77	69
77	70
77	74
77	75
77	78
77	79
77	81
78	8
78	9
78	10
78	17
78	22
78	30
78	31
78	34
78	39
78	42
78	43
78	44
78	53
78	55
78	59
78	71
78	73
78	74
78	75
78	77
78	80
79	11
79	23
79	27
79	28
79	32
79	34
79	37
79	40
79	42
79	48
79	58
79	59
79	60
79	61
79	62
79	65
79	68
79	74
79	76
79	77
79	81
80	11
80	20
80	22
80	27
80	34
80	37
80	41
80	42
80	43
80	46
80	47
80	50
80	51
80	52
80	54
80	65
80	66
80	71
80	73
80	75
80	78
80	81
81	2
81	7
81	8
81	11
81	17
81	32
81	35
81	45
81	46
81	47
81	56
81	59
81	60
81	65
81	67
81	70
81	72
81	74
81	76
81	77
81	79
81	80
