1	14
1	32
1	36
1	43
1	63
1	73
2	19
2	50
2	55
2	68
2	70
2	76
3	10
3	35
3	53
3	62
3	70
3	80
4	10
4	15
4	18
4	37
4	54
4	60
5	16
5	35
5	37
5	38
5	76
5	78
6	47
6	52
6	57
6	68
6	69
6	75
7	25
7	34
7	47
7	48
7	66
7	75
8	45
8	60
8	66
8	71
8	79
8	80
9	28
9	47
9	57
9	65
9	73
9	79
10	3
10	4
10	38
10	40
10	48
10	73
11	27
11	39
11	49
11	51
11	61
11	69
12	35
12	39
12	44
12	65
12	71
12	73
13	68
13	72
13	74
13	78
13	79
13	80
14	1
14	15
14	49
14	69
14	74
14	76
14	80
15	4
15	14
15	71
15	72
15	73
15	79
15	81
16	5
16	26
16	30
16	49
16	67
16	75
16	79
17	28
17	33
17	34
17	56
17	72
17	77
17	80
18	4
18	53
18	58
18	71
18	72
18	77
18	79
19	2
19	22
19	42
19	61
19	64
19	68
19	77
20	26
20	64
20	72
20	73
20	74
20	79
20	81
21	29
21	35
21	48
21	51
21	65
21	79
21	81
22	19
22	38
22	61
22	74
22	78
22	79
22	81
23	70
23	72
23	73
23	74
23	75
23	79
23	80
24	56
24	59
24	61
24	68
24	72
24	80
24	81
25	7
25	29
25	36
25	58
25	71
25	75
25	81
26	16
26	20
26	28
26	35
26	46
26	65
26	66
27	11
27	48
27	65
27	67
27	71
27	75
27	76
27	78
28	9
28	17
28	26
28	39
28	62
28	69
28	73
28	80
29	21
29	25
29	52
29	54
29	56
29	58
29	71
29	80
30	16
30	31
30	35
30	40
30	66
30	70
30	78
30	81
31	30
31	45
31	52
31	53
31	57
31	75
31	76
31	78
32	1
32	37
32	42
32	47
32	51
32	62
32	80
32	81
33	17
33	43
33	50
33	60
33	67
33	69
33	75
33	76
33	77
34	7
34	17
34	37
34	46
34	49
34	67
34	71
34	74
34	77
35	3
35	5
35	12
35	21
35	26
35	30
35	58
35	77
35	81
36	1
36	25
36	41
36	58
36	60
36	63
36	65
36	76
36	80
37	4
37	5
37	32
37	34
37	42
37	55
37	72
37	78
37	81
38	5
38	10
38	22
38	41
38	51
38	54
38	60
38	63
38	69
38	74
39	11
39	12
39	28
39	52
39	55
39	59
39	64
39	70
39	71
39	79
40	10
40	30
40	42
40	55
40	64
40	66
40	69
40	73
40	76
40	77
41	36
41	38
41	61
41	62
41	63
41	76
41	77
41	78
41	79
41	81
42	19
42	32
42	37
42	40
42	50
42	60
42	63
42	65
42	67
42	75
43	1
43	33
43	57
43	59
43	64
43	68
43	72
43	74
43	76
43	81
44	12
44	47
44	50
44	58
44	63
44	67
44	74
44	75
44	77
44	78
45	8
45	31
45	54
45	56
45	61
45	62
45	64
45	65
45	69
45	80
45	81
46	26
46	34
46	49
46	56
46	58
46	60
46	69
46	71
46	74
46	75
46	81
47	6
47	7
47	9
47	32
47	44
47	51
47	67
47	68
47	73
47	78
47	81
48	7
48	10
48	21
48	27
48	50
48	52
48	61
48	63
48	74
48	77
48	80
49	11
49	14
49	16
49	34
49	46
49	51
49	52
49	56
49	76
49	79
49	81
50	2
50	33
50	42
50	44
50	48
50	65
50	67
50	74
50	75
50	79
50	80
51	11
51	21
51	32
51	38
51	47
51	49
51	54
51	63
51	65
51	66
51	67
51	80
52	6
52	29
52	31
52	39
52	48
52	49
52	55
52	65
52	66
52	68
52	75
52	76
53	3
53	18
53	31
53	55
53	59
53	64
53	70
53	72
53	73
53	76
53	78
53	79
54	4
54	29
54	38
54	45
54	51
54	55
54	63
54	64
54	68
54	79
54	80
54	81
55	2
55	37
55	39
55	40
55	52
55	53
55	54
55	56
55	66
55	67
55	76
55	81
56	17
56	24
56	29
56	45
56	46
56	49
56	55
56	57
56	58
56	59
56	68
56	78
57	6
57	9
57	31
57	43
57	56
57	59
57	61
57	66
57	67
57	70
57	77
57	81
58	18
58	25
58	29
58	35
58	36
58	44
58	46
58	56
58	68
58	74
58	77
58	80
59	24
59	39
59	43
59	53
59	56
59	57
59	60
59	63
59	67
59	75
59	77
59	81
60	4
60	8
60	33
60	36
60	38
60	42
60	46
60	59
60	62
60	63
60	64
60	69
60	78
61	11
61	19
61	22
61	24
61	41
61	45
61	48
61	57
61	62
61	66
61	69
61	71
61	76
62	3
62	28
62	32
62	41
62	45
62	60
62	61
62	69
62	70
62	72
62	76
62	77
62	81
63	1
63	36
63	38
63	41
63	42
63	44
63	48
63	51
63	54
63	59
63	60
63	68
63	77
63	78
64	19
64	20
64	39
64	40
64	43
64	45
64	53
64	54
64	60
64	70
64	71
64	72
64	77
64	79
65	9
65	12
65	21
65	26
65	27
65	36
65	42
65	45
65	50
65	51
65	52
65	75
65	76
65	80
66	7
66	8
66	26
66	30
66	40
66	51
66	52
66	55
66	57
66	61
66	72
66	75
66	76
66	78
67	16
67	27
67	33
67	34
67	42
67	44
67	47
67	50
67	51
67	55
67	57
67	59
67	73
67	75
67	76
67	79
68	2
68	6
68	13
68	19
68	24
68	43
68	47
68	52
68	54
68	56
68	58
68	63
68	69
68	71
68	73
68	74
69	6
69	11
69	14
69	28
69	33
69	38
69	40
69	45
69	46
69	60
69	61
69	62
69	68
69	75
69	76
69	77
70	2
70	3
70	23
70	30
70	39
70	53
70	57
70	62
70	64
70	71
70	72
70	73
70	74
70	76
70	77
70	79
70	81
71	8
71	12
71	15
71	18
71	25
71	27
71	29
71	34
71	39
71	46
71	61
71	64
71	68
71	70
71	72
71	73
71	74
71	78
71	79
72	13
72	15
72	17
72	18
72	20
72	23
72	24
72	37
72	43
72	53
72	62
72	64
72	66
72	70
72	71
72	73
72	78
72	79
72	80
73	1
73	9
73	10
73	12
73	15
73	20
73	23
73	28
73	40
73	47
73	53
73	67
73	68
73	70
73	71
73	72
73	74
73	78
73	79
73	80
74	13
74	14
74	20
74	22
74	23
74	34
74	38
74	43
74	44
74	46
74	48
74	50
74	58
74	68
74	70
74	71
74	73
74	77
74	78
74	80
74	81
75	6
75	7
75	16
75	23
75	25
75	27
75	31
75	33
75	42
75	44
75	46
75	50
75	52
75	59
75	65
75	66
75	67
75	69
75	76
75	78
75	80
76	2
76	5
76	14
76	27
76	31
76	33
76	36
76	40
76	41
76	43
76	49
76	52
76	53
76	55
76	61
76	62
76	65
76	66
76	67
76	69
76	70
76	75
77	17
77	18
77	19
77	33
77	34
77	35
77	40
77	41
77	44
77	48
77	57
77	58
77	59
77	62
77	63
77	64
77	69
77	70
77	74
77	78
77	79
77	80
78	5
78	13
78	22
78	27
78	30
78	31
78	37
78	41
78	44
78	47
78	53
78	56
78	60
78	63
78	66
78	71
78	72
78	73
78	74
78	75
78	77
78	81
79	8
79	9
79	13
79	15
79	16
79	18
79	20
79	21
79	22
79	23
79	39
79	41
79	49
79	50
79	53
79	54
79	64
79	67
79	70
79	71
79	72
79	73
79	77
80	3
80	8
80	13
80	14
80	17
80	23
80	24
80	28
80	29
80	32
80	36
80	45
80	48
80	50
80	51
80	54
80	58
80	65
80	72
80	73
80	74
80	75
80	77
80	81
81	15
81	20
81	21
81	22
81	24
81	25
81	30
81	32
81	35
81	37
81	41
81	43
81	45
81	46
81	47
81	49
81	54
81	55
81	57
81	59
81	62
81	70
81	74
81	78
81	80
