1	9
1	44
1	45
1	52
1	58
1	66
2	19
2	42
2	55
2	61
2	68
2	79
3	4
3	14
3	15
3	31
3	49
3	79
4	3
4	34
4	50
4	72
4	76
4	81
5	16
5	22
5	50
5	69
5	75
5	79
6	25
6	52
6	68
6	77
6	80
6	81
7	18
7	33
7	47
7	63
7	64
7	81
8	11
8	38
8	55
8	68
8	71
8	77
9	1
9	37
9	38
9	55
9	69
9	70
10	39
10	50
10	63
10	70
10	79
10	81
11	8
11	21
11	63
11	67
11	69
11	80
12	15
12	23
12	63
12	69
12	73
12	78
13	29
13	42
13	47
13	67
13	73
13	78
13	80
14	3
14	32
14	38
14	48
14	53
14	58
14	77
15	3
15	12
15	27
15	75
15	76
15	77
15	78
16	5
16	28
16	39
16	56
16	74
16	78
16	81
17	45
17	55
17	68
17	73
17	75
17	76
17	80
18	7
18	20
18	36
18	73
18	75
18	76
18	79
19	2
19	35
19	38
19	54
19	60
19	65
19	79
20	18
20	66
20	67
20	72
20	74
20	77
20	78
21	11
21	24
21	36
21	46
21	47
21	55
21	80
22	5
22	35
22	62
22	76
22	77
22	79
22	81
23	12
23	49
23	63
23	65
23	68
23	71
23	80
23	81
24	21
24	39
24	60
24	61
24	62
24	70
24	73
24	79
25	6
25	48
25	49
25	51
25	53
25	64
25	79
25	81
26	54
26	56
26	59
26	64
26	69
26	73
26	77
26	79
27	15
27	57
27	68
27	69
27	70
27	72
27	74
27	81
28	16
28	34
28	36
28	42
28	64
28	75
28	78
28	81
29	13
29	31
29	64
29	72
29	74
29	75
29	76
29	78
30	56
30	57
30	65
30	68
30	71
30	77
30	78
30	80
31	3
31	29
31	40
31	41
31	51
31	55
31	62
31	77
32	14
32	41
32	45
32	48
32	62
32	69
32	70
32	76
33	7
33	50
33	57
33	67
33	74
33	75
33	80
33	81
34	4
34	28
34	49
34	59
34	61
34	67
34	74
34	81
35	19
35	22
35	44
35	49
35	56
35	60
35	72
35	78
35	79
36	18
36	21
36	28
36	46
36	56
36	60
36	62
36	63
36	76
37	9
37	40
37	57
37	64
37	65
37	66
37	72
37	78
37	80
38	8
38	9
38	14
38	19
38	47
38	69
38	70
38	73
38	74
39	10
39	16
39	24
39	44
39	48
39	67
39	68
39	79
39	80
40	31
40	37
40	63
40	66
40	71
40	72
40	75
40	76
40	78
40	80
41	31
41	32
41	43
41	49
41	53
41	57
41	62
41	67
41	72
41	78
42	2
42	13
42	28
42	54
42	55
42	68
42	74
42	75
42	77
42	81
43	41
43	44
43	47
43	50
43	54
43	59
43	69
43	70
43	71
43	81
44	1
44	35
44	39
44	43
44	54
44	59
44	60
44	61
44	69
44	79
45	1
45	17
45	32
45	59
45	62
45	67
45	68
45	72
45	77
45	81
46	21
46	36
46	63
46	66
46	67
46	71
46	72
46	73
46	78
46	80
47	7
47	13
47	21
47	38
47	43
47	48
47	50
47	53
47	64
47	69
47	70
48	14
48	25
48	32
48	39
48	47
48	51
48	52
48	53
48	57
48	62
48	63
49	3
49	23
49	25
49	34
49	35
49	41
49	51
49	58
49	62
49	65
49	66
50	4
50	5
50	10
50	33
50	43
50	47
50	60
50	61
50	62
50	73
50	79
51	25
51	31
51	48
51	49
51	52
51	53
51	62
51	68
51	71
51	77
51	80
52	1
52	6
52	48
52	51
52	54
52	58
52	70
52	73
52	75
52	76
52	81
53	14
53	25
53	41
53	47
53	48
53	51
53	62
53	67
53	78
53	79
53	80
53	81
54	19
54	26
54	42
54	43
54	44
54	52
54	59
54	64
54	69
54	70
54	74
54	75
55	2
55	8
55	9
55	17
55	21
55	31
55	42
55	61
55	68
55	72
55	74
55	77
56	16
56	26
56	30
56	35
56	36
56	57
56	58
56	61
56	66
56	73
56	76
56	78
57	27
57	30
57	33
57	37
57	41
57	48
57	56
57	60
57	65
57	66
57	71
57	80
58	1
58	14
58	49
58	52
58	56
58	61
58	68
58	70
58	71
58	75
58	76
58	77
58	78
59	26
59	34
59	43
59	44
59	45
59	54
59	61
59	64
59	66
59	69
59	70
59	71
59	77
60	19
60	24
60	35
60	36
60	44
60	50
60	57
60	61
60	71
60	74
60	75
60	76
60	79
61	2
61	24
61	34
61	44
61	50
61	55
61	56
61	58
61	59
61	60
61	66
61	79
61	80
62	22
62	24
62	31
62	32
62	36
62	41
62	45
62	48
62	49
62	50
62	51
62	53
62	66
62	74
63	7
63	10
63	11
63	12
63	23
63	36
63	40
63	46
63	48
63	66
63	71
63	74
63	80
63	81
64	7
64	25
64	26
64	28
64	29
64	37
64	47
64	54
64	59
64	65
64	69
64	70
64	80
64	81
65	19
65	23
65	30
65	37
65	49
65	57
65	64
65	66
65	67
65	71
65	73
65	78
65	79
65	80
66	1
66	20
66	37
66	40
66	46
66	49
66	56
66	57
66	59
66	61
66	62
66	63
66	65
66	70
66	71
66	80
67	11
67	13
67	20
67	33
67	34
67	39
67	41
67	45
67	46
67	53
67	65
67	72
67	74
67	75
67	76
67	77
67	81
68	2
68	6
68	8
68	17
68	23
68	27
68	30
68	39
68	42
68	45
68	51
68	55
68	58
68	74
68	76
68	77
68	81
69	5
69	9
69	11
69	12
69	26
69	27
69	32
69	38
69	43
69	44
69	47
69	54
69	59
69	64
69	70
69	76
69	77
70	9
70	10
70	24
70	27
70	32
70	38
70	43
70	47
70	52
70	54
70	58
70	59
70	64
70	66
70	69
70	71
70	79
71	8
71	23
71	30
71	40
71	43
71	46
71	51
71	57
71	58
71	59
71	60
71	63
71	65
71	66
71	70
71	73
71	76
71	80
72	4
72	20
72	27
72	29
72	35
72	37
72	40
72	41
72	45
72	46
72	55
72	67
72	74
72	75
72	76
72	77
72	78
72	81
73	12
73	13
73	17
73	18
73	24
73	26
73	38
73	46
73	50
73	52
73	56
73	65
73	71
73	75
73	76
73	78
73	79
73	80
74	16
74	20
74	27
74	29
74	33
74	34
74	38
74	42
74	54
74	55
74	60
74	62
74	63
74	67
74	68
74	72
74	75
74	80
74	81
75	5
75	15
75	17
75	18
75	28
75	29
75	33
75	40
75	42
75	52
75	54
75	58
75	60
75	67
75	72
75	73
75	74
75	76
75	78
75	79
76	4
76	15
76	17
76	18
76	22
76	29
76	32
76	36
76	40
76	52
76	56
76	58
76	60
76	67
76	68
76	69
76	71
76	72
76	73
76	75
76	78
77	6
77	8
77	14
77	15
77	20
77	22
77	26
77	30
77	31
77	42
77	45
77	51
77	55
77	58
77	59
77	67
77	68
77	69
77	72
77	79
77	81
78	12
78	13
78	15
78	16
78	20
78	28
78	29
78	30
78	35
78	37
78	40
78	41
78	46
78	53
78	56
78	58
78	65
78	72
78	73
78	75
78	76
78	79
78	80
79	2
79	3
79	5
79	10
79	18
79	19
79	22
79	24
79	25
79	26
79	35
79	39
79	44
79	50
79	53
79	60
79	61
79	65
79	70
79	73
79	75
79	77
79	78
79	81
80	6
80	11
80	13
80	17
80	21
80	23
80	30
80	33
80	37
80	39
80	40
80	46
80	51
80	53
80	57
80	61
80	63
80	64
80	65
80	66
80	71
80	73
80	74
80	78
81	4
81	6
81	7
81	10
81	16
81	22
81	23
81	25
81	27
81	28
81	33
81	34
81	42
81	43
81	45
81	52
81	53
81	63
81	64
81	67
81	68
81	72
81	74
81	77
81	79
