1	18
1	21
1	31
1	37
1	55
1	68
2	55
2	58
2	66
2	73
2	77
2	78
3	11
3	43
3	59
3	64
3	71
3	78
4	43
4	61
4	65
4	73
4	78
4	81
5	47
5	52
5	54
5	63
5	67
5	71
6	7
6	32
6	50
6	69
6	76
6	77
7	6
7	40
7	45
7	50
7	79
7	80
8	26
8	60
8	67
8	72
8	76
8	78
9	30
9	43
9	70
9	73
9	75
9	76
10	33
10	57
10	61
10	66
10	73
10	81
11	3
11	35
11	48
11	64
11	72
11	79
12	21
12	49
12	50
12	54
12	55
12	74
13	51
13	63
13	67
13	68
13	69
13	78
14	29
14	54
14	75
14	76
14	78
14	81
15	57
15	67
15	74
15	75
15	78
15	81
16	19
16	27
16	30
16	32
16	47
16	54
17	29
17	45
17	48
17	72
17	73
17	77
17	78
18	1
18	32
18	46
18	51
18	63
18	65
18	74
19	16
19	22
19	40
19	64
19	70
19	74
19	80
20	27
20	62
20	65
20	73
20	75
20	78
20	81
21	1
21	12
21	41
21	48
21	49
21	50
21	59
22	19
22	41
22	47
22	57
22	76
22	78
22	79
23	36
23	38
23	43
23	55
23	70
23	77
23	80
24	30
24	70
24	73
24	75
24	76
24	77
24	81
25	27
25	30
25	31
25	37
25	65
25	72
25	79
26	8
26	41
26	52
26	54
26	63
26	64
26	71
27	16
27	20
27	25
27	30
27	35
27	46
27	77
28	43
28	57
28	62
28	72
28	74
28	76
28	77
29	14
29	17
29	33
29	42
29	53
29	55
29	72
30	9
30	16
30	24
30	25
30	27
30	42
30	72
31	1
31	25
31	32
31	37
31	61
31	72
31	74
32	6
32	16
32	18
32	31
32	46
32	68
32	77
33	10
33	29
33	47
33	48
33	59
33	61
33	73
33	79
34	64
34	66
34	75
34	77
34	78
34	79
34	80
34	81
35	11
35	27
35	46
35	68
35	69
35	70
35	74
35	76
36	23
36	40
36	56
36	62
36	63
36	75
36	78
36	81
37	1
37	25
37	31
37	46
37	49
37	62
37	72
37	74
38	23
38	41
38	43
38	44
38	46
38	56
38	67
38	79
39	40
39	66
39	71
39	72
39	75
39	78
39	79
39	80
40	7
40	19
40	36
40	39
40	68
40	74
40	76
40	80
41	21
41	22
41	26
41	38
41	45
41	71
41	72
41	80
41	81
42	29
42	30
42	52
42	59
42	64
42	65
42	75
42	80
42	81
43	3
43	4
43	9
43	23
43	28
43	38
43	45
43	61
43	73
44	38
44	49
44	52
44	54
44	58
44	63
44	67
44	69
44	76
45	7
45	17
45	41
45	43
45	47
45	67
45	70
45	76
45	80
46	18
46	27
46	32
46	35
46	37
46	38
46	51
46	69
46	79
47	5
47	16
47	22
47	33
47	45
47	56
47	60
47	61
47	79
48	11
48	17
48	21
48	33
48	53
48	58
48	63
48	74
48	80
48	81
49	12
49	21
49	37
49	44
49	50
49	53
49	57
49	60
49	71
49	72
50	6
50	7
50	12
50	21
50	49
50	51
50	66
50	70
50	79
50	81
51	13
51	18
51	46
51	50
51	56
51	60
51	63
51	71
51	73
51	79
52	5
52	26
52	42
52	44
52	57
52	67
52	74
52	75
52	79
52	80
53	29
53	48
53	49
53	64
53	67
53	68
53	69
53	73
53	76
53	77
54	5
54	12
54	14
54	16
54	26
54	44
54	59
54	66
54	69
54	72
54	74
55	1
55	2
55	12
55	23
55	29
55	61
55	67
55	71
55	77
55	80
55	81
56	36
56	38
56	47
56	51
56	62
56	64
56	65
56	68
56	70
56	75
56	78
56	81
57	10
57	15
57	22
57	28
57	49
57	52
57	61
57	63
57	64
57	74
57	76
57	80
58	2
58	44
58	48
58	60
58	65
58	66
58	68
58	69
58	70
58	75
58	76
58	77
59	3
59	21
59	33
59	42
59	54
59	61
59	66
59	67
59	70
59	71
59	79
59	80
60	8
60	47
60	49
60	51
60	58
60	61
60	65
60	67
60	70
60	71
60	77
60	79
61	4
61	10
61	31
61	33
61	43
61	47
61	55
61	57
61	59
61	60
61	74
61	78
61	80
62	20
62	28
62	36
62	37
62	56
62	68
62	70
62	73
62	74
62	76
62	77
62	78
62	80
63	5
63	13
63	18
63	26
63	36
63	44
63	48
63	51
63	57
63	65
63	72
63	78
63	79
64	3
64	11
64	19
64	26
64	34
64	42
64	53
64	56
64	57
64	72
64	73
64	75
64	78
64	81
65	4
65	18
65	20
65	25
65	42
65	56
65	58
65	60
65	63
65	69
65	75
65	78
65	79
65	80
65	81
66	2
66	10
66	34
66	39
66	50
66	54
66	58
66	59
66	68
66	70
66	71
66	74
66	75
66	80
66	81
67	5
67	8
67	13
67	15
67	38
67	44
67	45
67	52
67	53
67	55
67	59
67	60
67	68
67	72
67	77
67	79
67	80
68	1
68	13
68	32
68	35
68	40
68	53
68	56
68	58
68	62
68	66
68	67
68	69
68	70
68	71
68	73
68	74
68	76
68	77
69	6
69	13
69	35
69	44
69	46
69	53
69	54
69	58
69	65
69	68
69	70
69	73
69	75
69	76
69	77
69	79
69	80
69	81
70	9
70	19
70	23
70	24
70	35
70	45
70	50
70	56
70	58
70	59
70	60
70	62
70	66
70	68
70	69
70	71
70	76
70	77
71	3
71	5
71	26
71	39
71	41
71	49
71	51
71	55
71	59
71	60
71	66
71	68
71	70
71	74
71	75
71	77
71	80
71	81
72	8
72	11
72	17
72	25
72	28
72	29
72	30
72	31
72	37
72	39
72	41
72	49
72	54
72	63
72	64
72	67
72	75
72	79
73	2
73	4
73	9
73	10
73	17
73	20
73	24
73	33
73	43
73	51
73	53
73	62
73	64
73	68
73	69
73	74
73	76
73	77
73	81
74	12
74	15
74	18
74	19
74	28
74	31
74	35
74	37
74	40
74	48
74	52
74	54
74	57
74	61
74	62
74	66
74	68
74	71
74	73
74	79
74	80
75	9
75	14
75	15
75	20
75	24
75	34
75	36
75	39
75	42
75	52
75	56
75	58
75	64
75	65
75	66
75	69
75	71
75	72
75	76
75	78
75	81
76	6
76	8
76	9
76	14
76	22
76	24
76	28
76	35
76	40
76	44
76	45
76	53
76	57
76	58
76	62
76	68
76	69
76	70
76	73
76	75
76	81
77	2
77	6
77	17
77	23
77	24
77	27
77	28
77	32
77	34
77	53
77	55
77	58
77	60
77	62
77	67
77	68
77	69
77	70
77	71
77	73
77	79
78	2
78	3
78	4
78	8
78	13
78	14
78	15
78	17
78	20
78	22
78	34
78	36
78	39
78	56
78	61
78	62
78	63
78	64
78	65
78	75
78	79
78	81
79	7
79	11
79	22
79	25
79	33
79	34
79	38
79	39
79	46
79	47
79	50
79	51
79	52
79	59
79	60
79	63
79	65
79	67
79	69
79	72
79	74
79	77
79	78
80	7
80	19
80	23
80	34
80	39
80	40
80	41
80	42
80	45
80	48
80	52
80	55
80	57
80	59
80	61
80	62
80	65
80	66
80	67
80	69
80	71
80	74
80	81
81	4
81	10
81	14
81	15
81	20
81	24
81	34
81	36
81	41
81	42
81	48
81	50
81	55
81	56
81	64
81	65
81	66
81	69
81	71
81	73
81	75
81	76
81	78
81	80
