1	19
1	26
1	48
1	69
1	71
1	79
2	22
2	36
2	38
2	56
2	60
2	71
3	64
3	68
3	78
3	79
3	80
3	81
4	49
4	71
4	73
4	76
4	77
4	80
5	13
5	56
5	72
5	74
5	77
5	78
6	31
6	34
6	41
6	59
6	62
6	77
7	23
7	40
7	67
7	72
7	76
7	77
8	15
8	31
8	61
8	63
8	67
8	80
9	16
9	22
9	33
9	57
9	64
9	72
10	30
10	33
10	45
10	49
10	74
10	81
11	28
11	40
11	50
11	56
11	61
11	69
12	51
12	55
12	59
12	62
12	70
12	73
12	80
13	5
13	36
13	41
13	52
13	65
13	73
13	76
14	15
14	20
14	53
14	54
14	57
14	73
14	80
15	8
15	14
15	16
15	52
15	56
15	63
15	71
16	9
16	15
16	42
16	65
16	70
16	79
16	81
17	20
17	45
17	54
17	68
17	72
17	75
17	76
18	46
18	54
18	55
18	60
18	63
18	68
18	73
19	1
19	51
19	55
19	58
19	62
19	73
19	81
20	14
20	17
20	56
20	65
20	69
20	71
20	74
21	40
21	52
21	64
21	70
21	73
21	78
21	80
22	2
22	9
22	27
22	47
22	50
22	66
22	67
22	78
23	7
23	24
23	52
23	53
23	60
23	64
23	80
23	81
24	23
24	51
24	65
24	74
24	77
24	78
24	79
24	80
25	40
25	43
25	55
25	58
25	69
25	70
25	72
25	81
26	1
26	32
26	44
26	51
26	61
26	69
26	71
26	75
27	22
27	55
27	66
27	74
27	76
27	78
27	79
27	80
28	11
28	29
28	32
28	46
28	47
28	72
28	76
28	77
29	28
29	36
29	53
29	54
29	60
29	72
29	73
29	79
30	10
30	44
30	47
30	50
30	60
30	66
30	67
30	77
31	6
31	8
31	61
31	74
31	77
31	78
31	79
31	80
32	26
32	28
32	39
32	50
32	57
32	60
32	63
32	66
32	67
33	9
33	10
33	37
33	45
33	68
33	74
33	76
33	77
33	81
34	6
34	35
34	54
34	55
34	59
34	62
34	67
34	72
34	76
35	34
35	39
35	51
35	55
35	59
35	62
35	64
35	69
35	73
36	2
36	13
36	29
36	43
36	59
36	61
36	63
36	71
36	75
37	33
37	47
37	59
37	60
37	63
37	66
37	67
37	71
37	75
38	2
38	40
38	41
38	71
38	73
38	74
38	78
38	79
38	80
39	32
39	35
39	62
39	73
39	74
39	75
39	78
39	79
39	80
40	7
40	11
40	21
40	25
40	38
40	61
40	65
40	79
40	81
41	6
41	13
41	38
41	48
41	57
41	68
41	76
41	77
41	80
42	16
42	52
42	57
42	64
42	70
42	71
42	76
42	78
42	80
43	25
43	36
43	52
43	61
43	64
43	69
43	72
43	76
43	81
44	26
44	30
44	45
44	46
44	47
44	49
44	70
44	73
44	75
44	81
45	10
45	17
45	33
45	44
45	49
45	53
45	56
45	58
45	65
45	75
46	18
46	28
46	44
46	52
46	56
46	64
46	70
46	72
46	76
46	78
46	81
47	22
47	28
47	30
47	37
47	44
47	60
47	62
47	66
47	67
47	68
47	78
48	1
48	41
48	52
48	58
48	60
48	69
48	74
48	75
48	78
48	79
48	80
49	4
49	10
49	44
49	45
49	53
49	65
49	69
49	71
49	72
49	79
49	81
50	11
50	22
50	30
50	32
50	60
50	61
50	66
50	67
50	68
50	69
50	76
50	79
51	12
51	19
51	24
51	26
51	35
51	55
51	59
51	62
51	63
51	67
51	75
51	80
52	13
52	15
52	21
52	23
52	42
52	43
52	46
52	48
52	57
52	58
52	64
52	65
52	70
53	14
53	23
53	29
53	45
53	49
53	64
53	65
53	66
53	70
53	71
53	72
53	73
53	78
54	14
54	17
54	18
54	29
54	34
54	55
54	59
54	60
54	65
54	69
54	70
54	72
54	77
55	12
55	18
55	19
55	25
55	27
55	34
55	35
55	51
55	54
55	59
55	74
55	75
55	77
56	2
56	5
56	11
56	15
56	20
56	45
56	46
56	62
56	63
56	69
56	71
56	78
56	80
57	9
57	14
57	32
57	41
57	42
57	52
57	58
57	65
57	68
57	73
57	74
57	76
57	81
58	19
58	25
58	45
58	48
58	52
58	57
58	64
58	69
58	74
58	75
58	78
58	79
58	80
59	6
59	12
59	34
59	35
59	36
59	37
59	51
59	54
59	55
59	62
59	64
59	78
59	79
59	81
60	2
60	18
60	23
60	29
60	30
60	32
60	37
60	47
60	48
60	50
60	54
60	66
60	67
60	73
61	8
61	11
61	26
61	31
61	36
61	40
61	43
61	50
61	63
61	66
61	69
61	71
61	74
61	81
62	6
62	12
62	19
62	34
62	35
62	39
62	47
62	51
62	56
62	59
62	66
62	72
62	75
62	79
62	81
63	8
63	15
63	18
63	32
63	36
63	37
63	51
63	56
63	61
63	66
63	68
63	69
63	70
63	71
63	79
64	3
64	9
64	21
64	23
64	35
64	42
64	43
64	46
64	52
64	53
64	58
64	59
64	77
64	80
64	81
65	13
65	16
65	20
65	24
65	40
65	45
65	49
65	52
65	53
65	54
65	57
65	67
65	70
65	74
65	81
66	22
66	27
66	30
66	32
66	37
66	47
66	50
66	53
66	60
66	61
66	62
66	63
66	67
66	68
66	76
66	77
67	7
67	8
67	22
67	30
67	32
67	34
67	37
67	47
67	50
67	51
67	60
67	65
67	66
67	70
67	76
67	77
68	3
68	17
68	18
68	33
68	41
68	47
68	50
68	57
68	63
68	66
68	70
68	71
68	72
68	73
68	77
68	81
69	1
69	11
69	20
69	25
69	26
69	35
69	43
69	48
69	49
69	50
69	54
69	56
69	58
69	61
69	63
69	71
69	77
70	12
70	16
70	21
70	25
70	42
70	44
70	46
70	52
70	53
70	54
70	63
70	65
70	67
70	68
70	72
70	75
70	77
70	79
70	81
71	1
71	2
71	4
71	15
71	20
71	26
71	36
71	37
71	38
71	42
71	49
71	53
71	56
71	61
71	63
71	68
71	69
71	73
71	77
71	81
72	5
72	7
72	9
72	17
72	25
72	28
72	29
72	34
72	43
72	46
72	49
72	53
72	54
72	62
72	68
72	70
72	73
72	76
72	77
72	78
72	81
73	4
73	12
73	13
73	14
73	18
73	19
73	21
73	29
73	35
73	38
73	39
73	44
73	53
73	57
73	60
73	68
73	71
73	72
73	76
73	77
73	79
74	5
74	10
74	20
74	24
74	27
74	31
74	33
74	38
74	39
74	48
74	55
74	57
74	58
74	61
74	65
74	75
74	76
74	78
74	79
74	80
74	81
75	17
75	26
75	36
75	37
75	39
75	44
75	45
75	48
75	51
75	55
75	58
75	62
75	70
75	74
75	78
75	79
75	80
75	81
76	4
76	7
76	13
76	17
76	27
76	28
76	33
76	34
76	41
76	42
76	43
76	46
76	50
76	57
76	66
76	67
76	72
76	73
76	74
76	77
76	79
76	80
77	4
77	5
77	6
77	7
77	24
77	28
77	30
77	31
77	33
77	41
77	54
77	55
77	64
77	66
77	67
77	68
77	69
77	70
77	71
77	72
77	73
77	76
77	78
78	3
78	5
78	21
78	22
78	24
78	27
78	31
78	38
78	39
78	42
78	46
78	47
78	48
78	53
78	56
78	58
78	59
78	72
78	74
78	75
78	77
78	79
78	80
79	1
79	3
79	16
79	24
79	27
79	29
79	31
79	38
79	39
79	40
79	48
79	49
79	50
79	58
79	59
79	62
79	63
79	70
79	73
79	74
79	75
79	76
79	78
79	80
80	3
80	4
80	8
80	12
80	14
80	21
80	23
80	24
80	27
80	31
80	38
80	39
80	41
80	42
80	48
80	51
80	56
80	58
80	64
80	74
80	75
80	76
80	78
80	79
81	3
81	10
81	16
81	19
81	23
81	25
81	33
81	40
81	43
81	44
81	46
81	49
81	57
81	59
81	61
81	62
81	64
81	65
81	68
81	70
81	71
81	72
81	74
81	75
