1	10
1	31
1	37
1	54
1	64
1	79
2	19
2	26
2	51
2	55
2	58
2	72
3	34
3	38
3	61
3	69
3	70
3	80
4	16
4	39
4	62
4	65
4	66
4	81
5	47
5	53
5	56
5	57
5	65
5	73
6	21
6	40
6	53
6	56
6	68
6	71
7	55
7	65
7	66
7	69
7	70
7	77
8	36
8	65
8	67
8	75
8	78
8	79
9	35
9	42
9	66
9	67
9	74
9	76
10	1
10	15
10	17
10	37
10	50
10	52
11	56
11	66
11	69
11	70
11	73
11	77
12	19
12	25
12	45
12	54
12	67
12	75
13	34
13	43
13	48
13	60
13	65
13	78
14	23
14	51
14	66
14	69
14	70
14	71
15	10
15	65
15	73
15	75
15	76
15	78
16	4
16	20
16	42
16	44
16	62
16	69
17	10
17	18
17	31
17	47
17	62
17	80
18	17
18	28
18	31
18	37
18	61
18	69
18	77
19	2
19	12
19	33
19	68
19	77
19	79
19	80
20	16
20	42
20	45
20	49
20	64
20	67
20	81
21	6
21	55
21	56
21	68
21	70
21	72
21	74
22	30
22	34
22	67
22	74
22	77
22	79
22	80
23	14
23	52
23	53
23	72
23	77
23	80
23	81
24	37
24	56
24	61
24	73
24	78
24	79
24	81
25	12
25	34
25	46
25	60
25	66
25	74
25	78
26	2
26	55
26	66
26	69
26	70
26	73
26	78
27	29
27	33
27	40
27	49
27	68
27	77
27	79
28	18
28	46
28	48
28	51
28	59
28	72
28	77
29	27
29	57
29	59
29	68
29	73
29	77
29	81
30	22
30	32
30	44
30	62
30	70
30	78
30	80
31	1
31	17
31	18
31	35
31	37
31	51
31	70
31	75
32	30
32	35
32	39
32	44
32	62
32	63
32	71
32	73
33	19
33	27
33	60
33	63
33	65
33	72
33	78
33	79
34	3
34	13
34	22
34	25
34	57
34	66
34	69
34	70
35	9
35	31
35	32
35	43
35	54
35	56
35	67
35	72
36	8
36	42
36	52
36	63
36	65
36	74
36	78
36	80
37	1
37	10
37	18
37	24
37	31
37	72
37	77
37	80
38	3
38	45
38	52
38	59
38	68
38	72
38	74
38	77
39	4
39	32
39	41
39	62
39	68
39	70
39	79
39	81
40	6
40	27
40	43
40	50
40	56
40	57
40	61
40	63
41	39
41	50
41	60
41	63
41	65
41	69
41	73
41	78
42	9
42	16
42	20
42	36
42	64
42	66
42	67
42	79
43	13
43	35
43	40
43	51
43	63
43	64
43	67
43	81
44	16
44	30
44	32
44	45
44	62
44	69
44	71
44	80
45	12
45	20
45	38
45	44
45	51
45	52
45	64
45	80
46	25
46	28
46	47
46	52
46	58
46	63
46	64
46	78
47	5
47	17
47	46
47	58
47	63
47	65
47	67
47	78
47	80
48	13
48	28
48	64
48	65
48	68
48	72
48	75
48	76
48	77
49	20
49	27
49	50
49	59
49	67
49	71
49	75
49	79
49	81
50	10
50	40
50	41
50	49
50	53
50	56
50	57
50	62
50	74
51	2
51	14
51	28
51	31
51	43
51	45
51	54
51	64
51	67
51	68
52	10
52	23
52	36
52	38
52	45
52	46
52	58
52	76
52	80
52	81
53	5
53	6
53	23
53	50
53	56
53	57
53	68
53	74
53	76
53	78
54	1
54	12
54	35
54	51
54	64
54	66
54	67
54	68
54	80
54	81
55	2
55	7
55	21
55	26
55	59
55	61
55	65
55	72
55	77
55	78
55	79
56	5
56	6
56	11
56	21
56	24
56	35
56	40
56	50
56	53
56	57
56	76
57	5
57	29
57	34
57	40
57	50
57	53
57	56
57	73
57	76
57	79
57	81
58	2
58	46
58	47
58	52
58	63
58	70
58	71
58	73
58	75
58	76
58	80
59	28
59	29
59	38
59	49
59	55
59	62
59	64
59	72
59	74
59	76
59	77
59	79
60	13
60	25
60	33
60	41
60	63
60	66
60	71
60	74
60	75
60	77
60	78
60	79
61	3
61	18
61	24
61	40
61	55
61	64
61	70
61	74
61	75
61	76
61	79
61	80
61	81
62	4
62	16
62	17
62	30
62	32
62	39
62	44
62	50
62	59
62	73
62	76
62	78
62	80
63	32
63	33
63	36
63	40
63	41
63	43
63	46
63	47
63	58
63	60
63	64
63	71
63	78
64	1
64	20
64	42
64	43
64	45
64	46
64	48
64	51
64	54
64	59
64	61
64	63
64	65
65	4
65	5
65	7
65	8
65	13
65	15
65	33
65	36
65	41
65	47
65	48
65	55
65	64
65	78
66	4
66	7
66	9
66	11
66	14
66	25
66	26
66	34
66	42
66	54
66	60
66	69
66	70
66	81
67	8
67	9
67	12
67	20
67	22
67	35
67	42
67	43
67	47
67	49
67	51
67	54
67	71
67	72
67	81
68	6
68	19
68	21
68	27
68	29
68	38
68	39
68	48
68	51
68	53
68	54
68	72
68	75
68	76
68	77
69	3
69	7
69	11
69	14
69	16
69	18
69	26
69	34
69	41
69	44
69	66
69	70
69	73
69	75
69	81
70	3
70	7
70	11
70	14
70	21
70	26
70	30
70	31
70	34
70	39
70	58
70	61
70	66
70	69
70	75
70	76
71	6
71	14
71	32
71	44
71	49
71	58
71	60
71	63
71	67
71	72
71	73
71	74
71	76
71	79
71	80
71	81
72	2
72	21
72	23
72	28
72	33
72	35
72	37
72	38
72	48
72	55
72	59
72	67
72	68
72	71
72	75
72	77
72	81
73	5
73	11
73	15
73	24
73	26
73	29
73	32
73	41
73	57
73	58
73	62
73	69
73	71
73	74
73	75
73	79
73	80
73	81
74	9
74	21
74	22
74	25
74	36
74	38
74	50
74	53
74	59
74	60
74	61
74	71
74	73
74	75
74	76
74	79
74	80
74	81
75	8
75	12
75	15
75	31
75	48
75	49
75	58
75	60
75	61
75	68
75	69
75	70
75	72
75	73
75	74
75	76
75	78
75	80
75	81
76	9
76	15
76	48
76	52
76	53
76	56
76	57
76	58
76	59
76	61
76	62
76	68
76	70
76	71
76	74
76	75
76	77
76	79
76	80
76	81
77	7
77	11
77	18
77	19
77	22
77	23
77	27
77	28
77	29
77	37
77	38
77	48
77	55
77	59
77	60
77	68
77	72
77	76
77	80
77	81
78	8
78	13
78	15
78	24
78	25
78	26
78	30
78	33
78	36
78	41
78	46
78	47
78	53
78	55
78	60
78	62
78	63
78	65
78	75
78	79
78	81
79	1
79	8
79	19
79	22
79	24
79	27
79	33
79	39
79	42
79	49
79	55
79	57
79	59
79	60
79	61
79	71
79	73
79	74
79	76
79	78
79	80
79	81
80	3
80	17
80	19
80	22
80	23
80	30
80	36
80	37
80	44
80	45
80	47
80	52
80	54
80	58
80	61
80	62
80	71
80	73
80	74
80	75
80	76
80	77
80	79
80	81
81	4
81	20
81	23
81	24
81	29
81	39
81	43
81	49
81	52
81	54
81	57
81	61
81	66
81	67
81	69
81	71
81	72
81	73
81	74
81	75
81	76
81	77
81	78
81	79
81	80
