1	40
1	43
1	55
1	63
1	76
1	80
2	11
2	30
2	59
2	64
2	67
2	69
3	47
3	50
3	64
3	65
3	70
3	81
4	58
4	60
4	69
4	70
4	74
4	77
5	13
5	36
5	40
5	41
5	51
5	80
6	7
6	17
6	29
6	66
6	69
6	74
7	6
7	26
7	75
7	78
7	80
7	81
8	17
8	25
8	39
8	51
8	52
8	80
9	17
9	38
9	42
9	51
9	58
9	60
10	12
10	18
10	39
10	43
10	70
10	78
11	2
11	24
11	58
11	66
11	74
11	75
12	10
12	13
12	23
12	41
12	78
12	79
13	5
13	12
13	22
13	24
13	41
13	58
14	20
14	25
14	27
14	30
14	51
14	76
15	34
15	38
15	40
15	46
15	53
15	67
16	37
16	58
16	65
16	67
16	73
16	79
17	6
17	8
17	9
17	51
17	57
17	62
18	10
18	45
18	56
18	72
18	77
18	81
19	20
19	49
19	63
19	65
19	66
19	79
20	14
20	19
20	32
20	72
20	75
20	78
21	26
21	54
21	77
21	79
21	80
21	81
22	13
22	23
22	36
22	68
22	73
22	76
23	12
23	22
23	36
23	37
23	41
23	44
23	80
24	11
24	13
24	64
24	73
24	76
24	77
24	78
25	8
25	14
25	26
25	38
25	45
25	59
25	63
26	7
26	21
26	25
26	27
26	38
26	51
26	68
27	14
27	26
27	50
27	52
27	63
27	70
27	79
28	31
28	37
28	47
28	66
28	67
28	69
28	75
29	6
29	31
29	56
29	57
29	73
29	75
29	79
30	2
30	14
30	36
30	38
30	48
30	51
30	64
31	28
31	29
31	54
31	58
31	61
31	73
31	74
32	20
32	40
32	45
32	48
32	53
32	66
32	73
32	79
33	34
33	62
33	63
33	69
33	74
33	78
33	79
33	80
34	15
34	33
34	40
34	63
34	68
34	70
34	71
34	73
35	49
35	54
35	56
35	66
35	69
35	74
35	76
35	81
36	5
36	22
36	23
36	30
36	41
36	71
36	77
36	81
37	16
37	23
37	28
37	49
37	53
37	55
37	65
37	67
38	9
38	15
38	25
38	26
38	30
38	47
38	59
38	71
38	81
39	8
39	10
39	43
39	48
39	54
39	62
39	63
39	70
39	78
40	1
40	5
40	15
40	32
40	34
40	45
40	46
40	48
40	53
41	5
41	12
41	13
41	23
41	36
41	59
41	64
41	75
41	77
41	78
42	9
42	59
42	63
42	65
42	71
42	72
42	73
42	76
42	78
42	81
43	1
43	10
43	39
43	58
43	61
43	66
43	69
43	70
43	74
43	78
44	23
44	50
44	65
44	71
44	75
44	76
44	77
44	79
44	80
44	81
45	18
45	25
45	32
45	40
45	46
45	48
45	53
45	63
45	72
45	80
46	15
46	40
46	45
46	48
46	49
46	53
46	59
46	63
46	78
46	81
47	3
47	28
47	38
47	52
47	57
47	65
47	68
47	76
47	78
47	79
48	30
48	32
48	39
48	40
48	45
48	46
48	52
48	53
48	60
48	68
48	78
49	19
49	35
49	37
49	46
49	59
49	60
49	61
49	64
49	65
49	67
49	74
50	3
50	27
50	44
50	59
50	62
50	64
50	65
50	67
50	70
50	75
50	81
51	5
51	8
51	9
51	14
51	17
51	26
51	30
51	52
51	55
51	72
51	73
52	8
52	27
52	47
52	48
52	51
52	56
52	57
52	58
52	67
52	72
52	79
53	15
53	32
53	37
53	40
53	45
53	46
53	48
53	56
53	69
53	73
53	74
53	76
54	21
54	31
54	35
54	39
54	58
54	61
54	66
54	68
54	69
54	72
54	74
54	80
55	1
55	37
55	51
55	66
55	72
55	73
55	76
55	77
55	78
55	79
55	80
55	81
56	18
56	29
56	35
56	52
56	53
56	58
56	62
56	68
56	71
56	79
56	80
56	81
57	17
57	29
57	47
57	52
57	59
57	61
57	72
57	73
57	74
57	75
57	76
57	77
58	4
58	9
58	11
58	13
58	16
58	31
58	43
58	52
58	54
58	56
58	63
58	69
58	74
59	2
59	25
59	38
59	41
59	42
59	46
59	49
59	50
59	57
59	64
59	65
59	66
59	67
60	4
60	9
60	48
60	49
60	61
60	63
60	68
60	71
60	74
60	75
60	76
60	77
60	80
60	81
61	31
61	43
61	49
61	54
61	57
61	60
61	62
61	70
61	71
61	75
61	77
61	78
61	80
61	81
62	17
62	33
62	39
62	50
62	56
62	61
62	65
62	66
62	68
62	69
62	75
62	77
62	80
62	81
63	1
63	19
63	25
63	27
63	33
63	34
63	39
63	42
63	45
63	46
63	58
63	60
63	66
63	72
63	80
64	2
64	3
64	24
64	30
64	41
64	49
64	50
64	59
64	65
64	66
64	67
64	69
64	76
64	78
64	79
65	3
65	16
65	19
65	37
65	42
65	44
65	47
65	49
65	50
65	59
65	62
65	64
65	67
65	71
65	73
65	77
66	6
66	11
66	19
66	28
66	32
66	35
66	43
66	54
66	55
66	59
66	62
66	63
66	64
66	67
66	69
66	74
67	2
67	15
67	16
67	28
67	37
67	49
67	50
67	52
67	59
67	64
67	65
67	66
67	70
67	71
67	76
67	78
68	22
68	26
68	34
68	47
68	48
68	54
68	56
68	60
68	62
68	70
68	71
68	75
68	76
68	77
68	78
68	80
68	81
69	2
69	4
69	6
69	28
69	33
69	35
69	43
69	53
69	54
69	58
69	62
69	64
69	66
69	70
69	72
69	74
69	80
70	3
70	4
70	10
70	27
70	34
70	39
70	43
70	50
70	61
70	67
70	68
70	69
70	72
70	76
70	78
70	79
70	81
71	34
71	36
71	38
71	42
71	44
71	56
71	60
71	61
71	65
71	67
71	68
71	72
71	73
71	74
71	75
71	77
71	80
71	81
72	18
72	20
72	42
72	45
72	51
72	52
72	54
72	55
72	57
72	63
72	69
72	70
72	71
72	73
72	75
72	77
72	79
72	80
73	16
73	22
73	24
73	29
73	31
73	32
73	34
73	42
73	51
73	53
73	55
73	57
73	65
73	71
73	72
73	76
73	77
73	79
74	4
74	6
74	11
74	31
74	33
74	35
74	43
74	49
74	53
74	54
74	57
74	58
74	60
74	66
74	69
74	71
74	77
74	79
74	81
75	7
75	11
75	20
75	28
75	29
75	41
75	44
75	50
75	57
75	60
75	61
75	62
75	68
75	71
75	72
75	76
75	77
75	79
75	80
75	81
76	1
76	14
76	22
76	24
76	35
76	42
76	44
76	47
76	53
76	55
76	57
76	60
76	64
76	67
76	68
76	70
76	73
76	75
76	78
76	79
77	4
77	18
77	21
77	24
77	36
77	41
77	44
77	55
77	57
77	60
77	61
77	62
77	65
77	68
77	71
77	72
77	73
77	74
77	75
77	79
77	80
77	81
78	7
78	10
78	12
78	20
78	24
78	33
78	39
78	41
78	42
78	43
78	46
78	47
78	48
78	55
78	61
78	64
78	67
78	68
78	70
78	76
78	79
78	80
78	81
79	12
79	16
79	19
79	21
79	27
79	29
79	32
79	33
79	44
79	47
79	52
79	55
79	56
79	64
79	70
79	72
79	73
79	74
79	75
79	76
79	77
79	78
79	80
79	81
80	1
80	5
80	7
80	8
80	21
80	23
80	33
80	44
80	45
80	54
80	55
80	56
80	60
80	61
80	62
80	63
80	68
80	69
80	71
80	72
80	75
80	77
80	78
80	79
80	81
81	3
81	7
81	18
81	21
81	35
81	36
81	38
81	42
81	44
81	46
81	50
81	55
81	56
81	60
81	61
81	62
81	68
81	70
81	71
81	74
81	75
81	77
81	78
81	79
81	80
