1	11
1	27
1	36
1	65
1	71
1	80
2	26
2	30
2	39
2	50
2	52
2	62
3	6
3	12
3	48
3	56
3	66
3	81
4	42
4	47
4	51
4	70
4	79
4	80
5	23
5	36
5	37
5	41
5	42
5	43
6	3
6	61
6	73
6	77
6	79
6	81
7	13
7	16
7	34
7	43
7	58
7	64
8	9
8	16
8	18
8	68
8	70
8	81
9	8
9	33
9	62
9	75
9	76
9	79
10	15
10	17
10	31
10	64
10	68
10	76
11	1
11	38
11	70
11	72
11	79
11	81
12	3
12	50
12	52
12	55
12	63
12	76
13	7
13	56
13	59
13	61
13	76
13	78
14	44
14	49
14	58
14	62
14	72
14	80
15	10
15	19
15	47
15	66
15	69
15	70
15	79
16	7
16	8
16	23
16	34
16	41
16	43
16	47
17	10
17	32
17	57
17	71
17	72
17	78
17	81
18	8
18	28
18	35
18	52
18	59
18	61
18	69
19	15
19	23
19	69
19	75
19	79
19	80
19	81
20	45
20	54
20	67
20	75
20	77
20	80
20	81
21	41
21	53
21	59
21	62
21	70
21	75
21	77
22	28
22	50
22	63
22	67
22	76
22	79
22	80
23	5
23	16
23	19
23	34
23	41
23	66
23	74
24	39
24	50
24	52
24	55
24	63
24	69
24	73
25	26
25	47
25	58
25	73
25	75
25	78
25	79
25	81
26	2
26	25
26	29
26	34
26	35
26	66
26	75
26	81
27	1
27	28
27	51
27	56
27	60
27	67
27	69
27	78
28	18
28	22
28	27
28	35
28	40
28	41
28	60
28	63
29	26
29	37
29	54
29	69
29	71
29	74
29	76
29	80
30	2
30	31
30	53
30	74
30	75
30	78
30	79
30	81
31	10
31	30
31	44
31	67
31	68
31	69
31	75
31	76
32	17
32	38
32	44
32	55
32	63
32	64
32	68
32	76
33	9
33	46
33	48
33	71
33	73
33	77
33	79
33	81
34	7
34	16
34	23
34	26
34	43
34	51
34	66
34	78
35	18
35	26
35	28
35	39
35	52
35	63
35	64
35	74
35	80
36	1
36	5
36	49
36	60
36	62
36	65
36	67
36	79
36	80
37	5
37	29
37	60
37	62
37	65
37	73
37	75
37	78
37	81
38	11
38	32
38	45
38	54
38	60
38	65
38	71
38	74
38	80
39	2
39	24
39	35
39	50
39	60
39	70
39	75
39	80
39	81
40	28
40	44
40	56
40	57
40	59
40	63
40	67
40	70
40	76
41	5
41	16
41	21
41	23
41	28
41	43
41	65
41	73
41	81
42	4
42	5
42	46
42	49
42	51
42	58
42	61
42	80
42	81
43	5
43	7
43	16
43	34
43	41
43	45
43	49
43	55
43	72
43	78
44	14
44	31
44	32
44	40
44	49
44	53
44	57
44	59
44	69
44	79
45	20
45	38
45	43
45	52
45	61
45	65
45	72
45	73
45	78
45	80
46	33
46	42
46	51
46	53
46	54
46	61
46	65
46	77
46	78
46	80
47	4
47	15
47	16
47	25
47	55
47	69
47	71
47	72
47	73
47	74
47	76
48	3
48	33
48	50
48	53
48	55
48	57
48	59
48	62
48	69
48	77
48	78
49	14
49	36
49	42
49	43
49	44
49	53
49	54
49	60
49	62
49	72
49	80
50	2
50	12
50	22
50	24
50	39
50	48
50	59
50	63
50	72
50	75
50	80
51	4
51	27
51	34
51	42
51	46
51	57
51	62
51	64
51	65
51	67
51	75
52	2
52	12
52	18
52	24
52	35
52	45
52	63
52	67
52	74
52	77
52	81
53	21
53	30
53	44
53	46
53	48
53	49
53	66
53	70
53	73
53	74
53	75
53	79
54	20
54	29
54	38
54	46
54	49
54	56
54	62
54	65
54	73
54	75
54	77
54	80
55	12
55	24
55	32
55	43
55	47
55	48
55	61
55	65
55	70
55	71
55	72
55	77
56	3
56	13
56	27
56	40
56	54
56	57
56	63
56	64
56	68
56	73
56	76
56	79
56	80
57	17
57	40
57	44
57	48
57	51
57	56
57	58
57	59
57	64
57	66
57	68
57	71
57	76
58	7
58	14
58	25
58	42
58	57
58	60
58	61
58	64
58	67
58	68
58	73
58	74
58	78
59	13
59	18
59	21
59	40
59	44
59	48
59	50
59	57
59	64
59	67
59	68
59	69
59	76
59	77
60	27
60	28
60	36
60	37
60	38
60	39
60	49
60	58
60	67
60	69
60	70
60	77
60	78
60	79
61	6
61	13
61	18
61	42
61	45
61	46
61	55
61	58
61	66
61	69
61	73
61	74
61	75
61	78
62	2
62	9
62	14
62	21
62	36
62	37
62	48
62	49
62	51
62	54
62	65
62	71
62	73
62	80
63	12
63	22
63	24
63	28
63	32
63	35
63	40
63	50
63	52
63	56
63	69
63	71
63	72
63	80
64	7
64	10
64	32
64	35
64	51
64	56
64	57
64	58
64	59
64	68
64	70
64	72
64	74
64	76
64	78
65	1
65	36
65	37
65	38
65	41
65	45
65	46
65	51
65	54
65	55
65	62
65	68
65	76
65	80
65	81
66	3
66	15
66	23
66	26
66	34
66	53
66	57
66	61
66	68
66	70
66	71
66	72
66	75
66	77
66	79
66	81
67	20
67	22
67	27
67	31
67	36
67	40
67	51
67	52
67	58
67	59
67	60
67	69
67	71
67	72
67	77
67	80
68	8
68	10
68	31
68	32
68	56
68	57
68	58
68	59
68	64
68	65
68	66
68	70
68	71
68	72
68	76
68	78
69	15
69	18
69	19
69	24
69	27
69	29
69	31
69	44
69	47
69	48
69	59
69	60
69	61
69	63
69	67
69	72
69	74
70	4
70	8
70	11
70	15
70	21
70	39
70	40
70	53
70	55
70	60
70	64
70	66
70	68
70	74
70	75
70	79
70	81
71	1
71	17
71	29
71	33
71	38
71	47
71	55
71	57
71	62
71	63
71	66
71	67
71	68
71	73
71	74
71	75
71	77
71	79
72	11
72	14
72	17
72	43
72	45
72	47
72	49
72	50
72	55
72	63
72	64
72	66
72	67
72	68
72	69
72	74
72	77
72	78
72	81
73	6
73	24
73	25
73	33
73	37
73	41
73	45
73	47
73	53
73	54
73	56
73	58
73	61
73	62
73	71
73	74
73	76
73	77
73	78
74	23
74	29
74	30
74	35
74	38
74	47
74	52
74	53
74	58
74	61
74	64
74	69
74	70
74	71
74	72
74	73
74	76
74	77
74	81
75	9
75	19
75	20
75	21
75	25
75	26
75	30
75	31
75	37
75	39
75	50
75	51
75	53
75	54
75	61
75	66
75	70
75	71
75	77
75	81
76	9
76	10
76	12
76	13
76	22
76	29
76	31
76	32
76	40
76	47
76	56
76	57
76	59
76	64
76	65
76	68
76	73
76	74
76	77
76	78
77	6
77	20
77	21
77	33
77	46
77	48
77	52
77	54
77	55
77	59
77	60
77	66
77	67
77	71
77	72
77	73
77	74
77	75
77	76
77	78
77	79
78	13
78	17
78	25
78	27
78	30
78	34
78	37
78	43
78	45
78	46
78	48
78	58
78	60
78	61
78	64
78	68
78	72
78	73
78	76
78	77
78	79
78	81
79	4
79	6
79	9
79	11
79	15
79	19
79	22
79	25
79	30
79	33
79	36
79	44
79	53
79	56
79	60
79	66
79	70
79	71
79	77
79	78
79	80
79	81
80	1
80	4
80	14
80	19
80	20
80	22
80	29
80	35
80	36
80	38
80	39
80	42
80	45
80	46
80	49
80	50
80	54
80	56
80	62
80	63
80	65
80	67
80	79
81	3
81	6
81	8
81	11
81	17
81	19
81	20
81	25
81	26
81	30
81	33
81	37
81	39
81	41
81	42
81	52
81	65
81	66
81	70
81	72
81	74
81	75
81	78
81	79
