1	48
1	59
1	66
1	75
1	78
1	80
2	19
2	52
2	66
2	76
2	78
2	80
3	6
3	33
3	51
3	61
3	72
3	76
4	7
4	46
4	69
4	73
4	77
4	80
5	35
5	39
5	58
5	69
5	71
5	81
6	3
6	38
6	54
6	63
6	65
6	72
7	4
7	52
7	62
7	73
7	74
7	75
8	26
8	44
8	53
8	60
8	69
8	75
9	24
9	42
9	61
9	70
9	78
9	79
10	55
10	56
10	77
10	78
10	79
10	80
11	24
11	26
11	42
11	47
11	72
11	74
12	18
12	29
12	38
12	59
12	76
12	78
13	23
13	60
13	65
13	68
13	73
13	75
14	25
14	44
14	51
14	67
14	71
14	78
15	25
15	31
15	48
15	69
15	76
15	81
16	18
16	27
16	44
16	68
16	74
16	78
17	57
17	63
17	69
17	71
17	74
17	79
18	12
18	16
18	51
18	52
18	59
18	60
18	69
19	2
19	27
19	31
19	36
19	50
19	57
19	74
20	46
20	50
20	56
20	67
20	70
20	71
20	72
21	48
21	55
21	65
21	70
21	79
21	80
21	81
22	49
22	50
22	55
22	63
22	67
22	73
22	76
23	13
23	56
23	69
23	70
23	77
23	78
23	81
24	9
24	11
24	36
24	48
24	70
24	76
24	79
25	14
25	15
25	54
25	55
25	68
25	79
25	81
26	8
26	11
26	59
26	65
26	72
26	77
26	81
27	16
27	19
27	32
27	64
27	65
27	68
27	80
28	49
28	57
28	63
28	64
28	68
28	69
28	77
29	12
29	34
29	57
29	68
29	69
29	74
29	77
29	78
30	37
30	56
30	60
30	66
30	67
30	70
30	73
30	75
31	15
31	19
31	33
31	36
31	40
31	57
31	67
31	68
32	27
32	47
32	48
32	54
32	73
32	76
32	80
32	81
33	3
33	31
33	38
33	47
33	58
33	62
33	63
33	75
34	29
34	57
34	64
34	65
34	67
34	74
34	75
34	76
35	5
35	53
35	67
35	68
35	71
35	74
35	77
35	81
36	19
36	24
36	31
36	63
36	70
36	74
36	75
36	77
37	30
37	40
37	44
37	55
37	62
37	70
37	76
37	79
38	6
38	12
38	33
38	43
38	45
38	53
38	56
38	58
39	5
39	40
39	43
39	61
39	70
39	73
39	76
39	79
40	31
40	37
40	39
40	56
40	58
40	62
40	70
40	79
41	51
41	54
41	61
41	66
41	70
41	74
41	76
41	79
42	9
42	11
42	45
42	46
42	51
42	60
42	70
42	71
42	72
43	38
43	39
43	50
43	61
43	66
43	68
43	69
43	77
43	80
44	8
44	14
44	16
44	37
44	52
44	64
44	72
44	73
44	76
45	38
45	42
45	50
45	52
45	59
45	60
45	65
45	71
45	72
46	4
46	20
46	42
46	49
46	58
46	63
46	69
46	74
46	81
47	11
47	32
47	33
47	53
47	55
47	60
47	63
47	72
47	78
48	1
48	15
48	21
48	24
48	32
48	65
48	75
48	79
48	81
49	22
49	28
49	46
49	57
49	62
49	65
49	74
49	79
49	81
50	19
50	20
50	22
50	43
50	45
50	54
50	61
50	75
50	76
50	81
51	3
51	14
51	18
51	41
51	42
51	59
51	60
51	64
51	77
51	79
52	2
52	7
52	18
52	44
52	45
52	57
52	58
52	62
52	74
52	78
53	8
53	35
53	38
53	47
53	59
53	60
53	64
53	66
53	72
53	75
54	6
54	25
54	32
54	41
54	50
54	55
54	60
54	61
54	79
54	80
55	10
55	21
55	22
55	25
55	37
55	47
55	54
55	66
55	70
55	77
55	79
56	10
56	20
56	23
56	30
56	38
56	40
56	71
56	73
56	76
56	80
56	81
57	17
57	19
57	28
57	29
57	31
57	34
57	49
57	52
57	66
57	67
57	74
58	5
58	33
58	38
58	40
58	46
58	52
58	59
58	62
58	63
58	65
58	74
59	1
59	12
59	18
59	26
59	45
59	51
59	53
59	58
59	67
59	72
59	78
59	79
60	8
60	13
60	18
60	30
60	42
60	45
60	47
60	51
60	53
60	54
60	64
60	72
60	77
61	3
61	9
61	39
61	41
61	43
61	50
61	54
61	62
61	70
61	75
61	78
61	79
61	80
62	7
62	33
62	37
62	40
62	49
62	52
62	58
62	61
62	63
62	68
62	69
62	78
62	81
63	6
63	17
63	22
63	28
63	33
63	36
63	46
63	47
63	58
63	62
63	69
63	71
63	74
63	80
64	27
64	28
64	34
64	44
64	51
64	53
64	60
64	66
64	68
64	69
64	73
64	74
64	77
64	78
64	80
65	6
65	13
65	21
65	26
65	27
65	34
65	45
65	48
65	49
65	58
65	67
65	69
65	71
65	73
65	81
66	1
66	2
66	30
66	41
66	43
66	53
66	55
66	57
66	64
66	68
66	73
66	76
66	77
66	78
66	79
66	80
67	14
67	20
67	22
67	30
67	31
67	34
67	35
67	57
67	59
67	65
67	68
67	72
67	73
67	74
67	76
67	77
68	13
68	16
68	25
68	27
68	28
68	29
68	31
68	35
68	43
68	62
68	64
68	66
68	67
68	75
68	76
68	77
68	79
68	80
68	81
69	4
69	5
69	8
69	15
69	17
69	18
69	23
69	28
69	29
69	43
69	46
69	62
69	63
69	64
69	65
69	75
69	77
69	78
69	80
70	9
70	20
70	21
70	23
70	24
70	30
70	36
70	37
70	39
70	40
70	41
70	42
70	55
70	61
70	72
70	74
70	78
70	79
70	81
71	5
71	14
71	17
71	20
71	35
71	42
71	45
71	56
71	63
71	65
71	72
71	73
71	74
71	75
71	76
71	77
71	78
71	79
71	80
71	81
72	3
72	6
72	11
72	20
72	26
72	42
72	44
72	45
72	47
72	53
72	59
72	60
72	67
72	70
72	71
72	73
72	76
72	79
72	80
72	81
73	4
73	7
73	13
73	22
73	30
73	32
73	39
73	44
73	56
73	64
73	65
73	66
73	67
73	71
73	72
73	75
73	77
73	78
73	79
73	80
73	81
74	7
74	11
74	16
74	17
74	19
74	29
74	34
74	35
74	36
74	41
74	46
74	49
74	52
74	57
74	58
74	63
74	64
74	67
74	70
74	71
74	75
75	1
75	7
75	8
75	13
75	30
75	33
75	34
75	36
75	48
75	50
75	53
75	61
75	68
75	69
75	71
75	73
75	74
75	76
75	77
75	80
75	81
76	2
76	3
76	12
76	15
76	22
76	24
76	32
76	34
76	37
76	39
76	41
76	44
76	50
76	56
76	66
76	67
76	68
76	71
76	72
76	75
76	80
76	81
77	4
77	10
77	23
77	26
77	28
77	29
77	35
77	36
77	43
77	51
77	55
77	60
77	64
77	66
77	67
77	68
77	69
77	71
77	73
77	75
77	78
77	80
77	81
78	1
78	2
78	9
78	10
78	12
78	14
78	16
78	23
78	29
78	47
78	52
78	59
78	61
78	62
78	64
78	66
78	69
78	70
78	71
78	73
78	77
78	80
78	81
79	9
79	10
79	17
79	21
79	24
79	25
79	37
79	39
79	40
79	41
79	48
79	49
79	51
79	54
79	55
79	59
79	61
79	66
79	68
79	70
79	71
79	72
79	73
79	80
80	1
80	2
80	4
80	10
80	21
80	27
80	32
80	43
80	54
80	56
80	61
80	63
80	64
80	66
80	68
80	69
80	71
80	72
80	73
80	75
80	76
80	77
80	78
80	79
80	81
81	5
81	15
81	21
81	23
81	25
81	26
81	32
81	35
81	46
81	48
81	49
81	50
81	56
81	62
81	65
81	68
81	70
81	71
81	72
81	73
81	75
81	76
81	77
81	78
81	80
