1	25
1	42
1	55
1	56
1	63
1	75
2	18
2	22
2	36
2	42
2	70
2	81
3	21
3	57
3	61
3	71
3	74
3	79
4	42
4	47
4	53
4	76
4	78
4	79
5	15
5	18
5	56
5	68
5	70
5	75
6	12
6	17
6	65
6	69
6	75
6	81
7	20
7	47
7	61
7	69
7	75
7	80
8	18
8	30
8	36
8	64
8	70
8	77
9	10
9	68
9	73
9	76
9	78
9	79
10	9
10	48
10	50
10	68
10	71
10	79
11	24
11	57
11	58
11	66
11	77
11	79
12	6
12	21
12	53
12	60
12	72
12	81
13	51
13	63
13	74
13	78
13	79
13	80
14	31
14	33
14	64
14	66
14	75
14	81
15	5
15	46
15	67
15	69
15	72
15	79
16	30
16	73
16	76
16	78
16	79
16	81
17	6
17	27
17	45
17	55
17	72
17	77
17	80
18	2
18	5
18	8
18	40
18	61
18	73
18	77
19	34
19	36
19	52
19	54
19	57
19	66
19	80
20	7
20	35
20	47
20	55
20	74
20	76
20	79
21	3
21	12
21	28
21	60
21	62
21	65
21	76
22	2
22	36
22	37
22	46
22	67
22	72
22	76
23	32
23	61
23	64
23	66
23	67
23	73
23	78
24	11
24	33
24	48
24	50
24	58
24	62
24	70
25	1
25	32
25	60
25	68
25	70
25	76
25	80
26	31
26	38
26	41
26	55
26	58
26	77
26	81
27	17
27	55
27	58
27	67
27	72
27	78
27	79
28	21
28	40
28	42
28	62
28	64
28	68
28	77
29	31
29	39
29	62
29	64
29	65
29	74
29	75
29	76
30	8
30	16
30	47
30	66
30	71
30	72
30	78
30	81
31	14
31	26
31	29
31	43
31	53
31	61
31	62
31	65
32	23
32	25
32	64
32	66
32	72
32	75
32	78
32	80
33	14
33	24
33	39
33	50
33	64
33	65
33	68
33	80
34	19
34	39
34	54
34	60
34	62
34	65
34	71
34	77
35	20
35	38
35	44
35	48
35	50
35	58
35	73
35	80
36	2
36	8
36	19
36	22
36	46
36	63
36	71
36	73
37	22
37	41
37	51
37	60
37	67
37	72
37	76
37	81
38	26
38	35
38	45
38	64
38	66
38	68
38	77
38	80
39	29
39	33
39	34
39	41
39	53
39	60
39	65
39	80
39	81
40	18
40	28
40	72
40	74
40	75
40	76
40	78
40	79
41	26
41	37
41	39
41	54
41	55
41	64
41	67
41	72
41	75
42	1
42	2
42	4
42	28
42	54
42	68
42	70
42	75
42	77
43	31
43	52
43	61
43	68
43	71
43	73
43	74
43	75
43	80
44	35
44	45
44	59
44	66
44	68
44	70
44	78
44	79
44	80
45	17
45	38
45	44
45	46
45	62
45	65
45	67
45	68
45	72
46	15
46	22
46	36
46	45
46	49
46	55
46	61
46	67
46	72
47	4
47	7
47	20
47	30
47	57
47	63
47	73
47	75
47	77
48	10
48	24
48	35
48	54
48	63
48	65
48	69
48	76
48	77
48	81
49	46
49	57
49	60
49	61
49	63
49	70
49	71
49	79
49	80
49	81
50	10
50	24
50	33
50	35
50	51
50	69
50	72
50	73
50	75
50	81
51	13
51	37
51	50
51	54
51	58
51	59
51	63
51	69
51	80
51	81
52	19
52	43
52	59
52	67
52	74
52	76
52	77
52	78
52	79
52	81
53	4
53	12
53	31
53	39
53	55
53	62
53	65
53	71
53	73
53	74
54	19
54	34
54	41
54	42
54	48
54	51
54	58
54	70
54	72
54	74
54	81
55	1
55	17
55	20
55	26
55	27
55	41
55	46
55	53
55	58
55	72
55	81
56	1
56	5
56	59
56	69
56	71
56	73
56	74
56	76
56	78
56	79
56	80
57	3
57	11
57	19
57	47
57	49
57	60
57	66
57	68
57	71
57	74
57	80
58	11
58	24
58	26
58	27
58	35
58	51
58	54
58	55
58	62
58	63
58	72
58	77
59	44
59	51
59	52
59	56
59	66
59	68
59	71
59	74
59	76
59	78
59	79
59	81
60	12
60	21
60	25
60	34
60	37
60	39
60	49
60	57
60	62
60	65
60	67
60	80
61	3
61	7
61	18
61	23
61	31
61	43
61	46
61	49
61	64
61	73
61	74
61	80
62	21
62	24
62	28
62	29
62	31
62	34
62	45
62	53
62	58
62	60
62	69
62	75
62	78
63	1
63	13
63	36
63	47
63	48
63	49
63	51
63	58
63	67
63	71
63	73
63	76
63	81
64	8
64	14
64	23
64	28
64	29
64	32
64	33
64	38
64	41
64	61
64	70
64	75
64	80
65	6
65	21
65	29
65	31
65	33
65	34
65	39
65	45
65	48
65	53
65	60
65	66
65	68
65	80
66	11
66	14
66	19
66	23
66	30
66	32
66	38
66	44
66	57
66	59
66	65
66	69
66	70
66	76
66	81
67	15
67	22
67	23
67	27
67	37
67	41
67	45
67	46
67	52
67	60
67	63
67	71
67	72
67	76
67	77
68	5
68	9
68	10
68	25
68	28
68	33
68	38
68	42
68	43
68	44
68	45
68	57
68	59
68	65
68	71
68	77
69	6
69	7
69	15
69	48
69	50
69	51
69	56
69	62
69	66
69	71
69	72
69	74
69	75
69	77
69	78
69	81
70	2
70	5
70	8
70	24
70	25
70	42
70	44
70	49
70	54
70	64
70	66
70	73
70	78
70	79
70	80
70	81
71	3
71	10
71	30
71	34
71	36
71	43
71	49
71	53
71	56
71	57
71	59
71	63
71	67
71	68
71	69
71	73
71	77
71	80
72	12
72	15
72	17
72	22
72	27
72	30
72	32
72	37
72	40
72	41
72	45
72	46
72	50
72	54
72	55
72	58
72	67
72	69
72	73
73	9
73	16
73	18
73	23
73	35
73	36
73	43
73	47
73	50
73	53
73	56
73	61
73	63
73	70
73	71
73	72
73	76
73	78
73	80
74	3
74	13
74	20
74	29
74	40
74	43
74	52
74	53
74	54
74	56
74	57
74	59
74	61
74	69
74	75
74	76
74	77
74	78
74	79
75	1
75	5
75	6
75	7
75	14
75	29
75	32
75	40
75	41
75	42
75	43
75	47
75	50
75	62
75	64
75	69
75	74
75	78
75	79
75	80
75	81
76	4
76	9
76	16
76	20
76	21
76	22
76	25
76	29
76	37
76	40
76	48
76	52
76	56
76	59
76	63
76	66
76	67
76	73
76	74
76	77
76	78
76	79
77	8
77	11
77	17
77	18
77	26
77	28
77	34
77	38
77	42
77	47
77	48
77	52
77	58
77	67
77	68
77	69
77	71
77	74
77	76
77	78
77	79
77	81
78	4
78	9
78	13
78	16
78	23
78	27
78	30
78	32
78	40
78	44
78	52
78	56
78	59
78	62
78	69
78	70
78	73
78	74
78	75
78	76
78	77
78	79
79	3
79	4
79	9
79	10
79	11
79	13
79	15
79	16
79	20
79	27
79	40
79	44
79	49
79	52
79	56
79	59
79	70
79	74
79	75
79	76
79	77
79	78
79	81
80	7
80	13
80	17
80	19
80	25
80	32
80	33
80	35
80	38
80	39
80	43
80	44
80	49
80	51
80	56
80	57
80	60
80	61
80	64
80	65
80	70
80	71
80	73
80	75
81	2
81	6
81	12
81	14
81	16
81	26
81	30
81	37
81	39
81	48
81	49
81	50
81	51
81	52
81	54
81	55
81	59
81	63
81	66
81	69
81	70
81	75
81	77
81	79
