1	28
1	46
1	55
1	66
1	75
1	77
2	5
2	10
2	43
2	58
2	72
2	76
3	5
3	19
3	57
3	69
3	71
3	73
4	8
4	30
4	33
4	46
4	76
4	80
5	2
5	3
5	27
5	42
5	59
5	74
6	45
6	49
6	55
6	57
6	68
6	79
7	22
7	56
7	72
7	75
7	77
7	81
8	4
8	16
8	31
8	53
8	74
8	76
9	22
9	34
9	37
9	54
9	65
9	77
10	2
10	11
10	60
10	63
10	74
10	79
11	10
11	38
11	50
11	61
11	66
11	78
12	35
12	42
12	50
12	65
12	68
12	81
13	32
13	35
13	52
13	73
13	74
13	78
14	44
14	49
14	62
14	73
14	74
14	77
15	60
15	71
15	74
15	77
15	78
15	80
16	8
16	22
16	36
16	41
16	53
16	59
17	31
17	34
17	53
17	65
17	66
17	68
18	42
18	47
18	66
18	78
18	79
18	80
19	3
19	34
19	59
19	62
19	63
19	71
19	76
20	26
20	52
20	54
20	64
20	70
20	74
20	78
21	37
21	38
21	49
21	55
21	72
21	74
21	79
22	7
22	9
22	16
22	64
22	73
22	75
22	80
23	37
23	40
23	65
23	70
23	72
23	79
23	81
24	39
24	44
24	46
24	53
24	55
24	63
24	70
25	29
25	43
25	49
25	58
25	67
25	70
25	80
26	20
26	45
26	58
26	61
26	62
26	79
26	80
27	5
27	30
27	49
27	57
27	59
27	71
27	75
28	1
28	39
28	46
28	51
28	55
28	64
28	74
29	25
29	55
29	56
29	64
29	65
29	67
29	70
30	4
30	27
30	36
30	40
30	61
30	71
30	81
31	8
31	17
31	41
31	59
31	71
31	72
31	78
32	13
32	42
32	45
32	46
32	50
32	64
32	70
32	78
33	4
33	48
33	53
33	63
33	64
33	65
33	66
33	71
34	9
34	17
34	19
34	56
34	58
34	73
34	75
34	78
35	12
35	13
35	36
35	45
35	56
35	62
35	76
35	81
36	16
36	30
36	35
36	37
36	72
36	74
36	78
36	80
37	9
37	21
37	23
37	36
37	50
37	56
37	59
37	60
38	11
38	21
38	61
38	62
38	73
38	77
38	78
38	81
39	24
39	28
39	44
39	46
39	52
39	55
39	69
39	81
40	23
40	30
40	47
40	61
40	64
40	73
40	74
40	76
41	16
41	31
41	56
41	57
41	61
41	62
41	75
41	76
41	78
42	5
42	12
42	18
42	32
42	49
42	61
42	70
42	73
42	81
43	2
43	25
43	51
43	60
43	66
43	68
43	70
43	74
43	81
44	14
44	24
44	39
44	51
44	67
44	76
44	77
44	78
44	79
45	6
45	26
45	32
45	35
45	54
45	66
45	76
45	78
45	79
46	1
46	4
46	24
46	28
46	32
46	39
46	52
46	55
46	75
47	18
47	40
47	54
47	55
47	66
47	67
47	76
47	77
47	80
48	33
48	50
48	53
48	58
48	59
48	62
48	71
48	79
48	81
49	6
49	14
49	21
49	25
49	27
49	42
49	61
49	70
49	80
50	11
50	12
50	32
50	37
50	48
50	67
50	68
50	75
50	76
51	28
51	43
51	44
51	56
51	72
51	74
51	77
51	79
51	80
52	13
52	20
52	39
52	46
52	56
52	61
52	63
52	66
52	79
52	80
53	8
53	16
53	17
53	24
53	33
53	48
53	54
53	71
53	73
53	78
54	9
54	20
54	45
54	47
54	53
54	58
54	60
54	67
54	68
54	73
55	1
55	6
55	21
55	24
55	28
55	29
55	39
55	46
55	47
55	74
56	7
56	29
56	34
56	35
56	37
56	41
56	51
56	52
56	69
56	75
56	80
57	3
57	6
57	27
57	41
57	60
57	69
57	72
57	75
57	77
57	79
57	81
58	2
58	25
58	26
58	34
58	48
58	54
58	64
58	67
58	70
58	75
58	81
59	5
59	16
59	19
59	27
59	31
59	37
59	48
59	67
59	71
59	74
59	79
60	10
60	15
60	37
60	43
60	54
60	57
60	71
60	72
60	73
60	77
60	79
60	81
61	11
61	26
61	30
61	38
61	40
61	41
61	42
61	49
61	52
61	69
61	77
61	80
62	14
62	19
62	26
62	35
62	38
62	41
62	48
62	64
62	70
62	72
62	75
62	76
63	10
63	19
63	24
63	33
63	52
63	67
63	68
63	71
63	72
63	77
63	78
63	80
64	20
64	22
64	28
64	29
64	32
64	33
64	40
64	58
64	62
64	65
64	67
64	75
64	76
65	9
65	12
65	17
65	23
65	29
65	33
65	64
65	67
65	73
65	75
65	76
65	78
65	79
65	81
66	1
66	11
66	17
66	18
66	33
66	43
66	45
66	47
66	52
66	68
66	72
66	75
66	80
66	81
67	25
67	29
67	44
67	47
67	50
67	54
67	58
67	59
67	63
67	64
67	65
67	69
67	77
67	81
68	6
68	12
68	17
68	43
68	50
68	54
68	63
68	66
68	72
68	76
68	78
68	79
68	80
68	81
69	3
69	39
69	56
69	57
69	61
69	67
69	71
69	72
69	73
69	74
69	75
69	76
69	77
69	79
69	81
70	20
70	23
70	24
70	25
70	29
70	32
70	42
70	43
70	49
70	58
70	62
70	73
70	75
70	77
70	80
70	81
71	3
71	15
71	19
71	27
71	30
71	31
71	33
71	48
71	53
71	59
71	60
71	63
71	69
71	73
71	76
71	78
72	2
72	7
72	21
72	23
72	31
72	36
72	51
72	57
72	60
72	62
72	63
72	66
72	68
72	69
72	75
72	77
72	78
72	80
73	3
73	13
73	14
73	22
73	34
73	38
73	40
73	42
73	53
73	54
73	60
73	65
73	69
73	70
73	71
73	76
73	77
73	81
74	5
74	8
74	10
74	13
74	14
74	15
74	20
74	21
74	28
74	36
74	40
74	43
74	51
74	55
74	59
74	69
74	78
74	79
74	80
75	1
75	7
75	22
75	27
75	34
75	41
75	46
75	50
75	56
75	57
75	58
75	62
75	64
75	65
75	66
75	69
75	70
75	72
75	80
75	81
76	2
76	4
76	8
76	19
76	35
76	40
76	41
76	44
76	45
76	47
76	50
76	62
76	64
76	65
76	68
76	69
76	71
76	73
76	77
76	79
76	81
77	1
77	7
77	9
77	14
77	15
77	38
77	44
77	47
77	51
77	57
77	60
77	61
77	63
77	67
77	69
77	70
77	72
77	73
77	76
77	79
77	80
77	81
78	11
78	13
78	15
78	18
78	20
78	31
78	32
78	34
78	36
78	38
78	41
78	44
78	45
78	53
78	63
78	65
78	68
78	71
78	72
78	74
78	79
78	80
79	6
79	10
79	18
79	21
79	23
79	26
79	44
79	45
79	48
79	51
79	52
79	57
79	59
79	60
79	65
79	68
79	69
79	74
79	76
79	77
79	78
79	81
80	4
80	15
80	18
80	22
80	25
80	26
80	36
80	47
80	49
80	51
80	52
80	56
80	61
80	63
80	66
80	68
80	70
80	72
80	74
80	75
80	77
80	78
81	7
81	12
81	23
81	30
81	35
81	38
81	39
81	42
81	43
81	48
81	57
81	58
81	60
81	65
81	66
81	67
81	68
81	69
81	70
81	73
81	75
81	76
81	77
81	79
