1	3
1	30
1	32
1	36
1	71
1	80
2	10
2	14
2	33
2	58
2	64
2	72
3	1
3	11
3	28
3	57
3	65
3	78
4	11
4	43
4	50
4	52
4	60
4	80
5	18
5	35
5	61
5	69
5	71
5	81
6	10
6	23
6	62
6	64
6	67
6	73
7	25
7	35
7	52
7	54
7	69
7	78
8	38
8	47
8	64
8	69
8	74
8	76
9	11
9	39
9	48
9	69
9	70
9	71
10	2
10	6
10	11
10	23
10	57
10	63
11	3
11	4
11	9
11	10
11	56
11	80
12	40
12	42
12	58
12	63
12	70
12	73
13	24
13	39
13	41
13	42
13	51
13	68
14	2
14	37
14	45
14	53
14	62
14	68
14	81
15	16
15	21
15	45
15	60
15	65
15	72
15	80
16	15
16	32
16	56
16	61
16	65
16	79
16	80
17	21
17	32
17	39
17	63
17	66
17	70
17	76
18	5
18	46
18	49
18	66
18	73
18	78
18	79
19	21
19	41
19	47
19	59
19	68
19	78
19	79
20	28
20	53
20	68
20	70
20	76
20	77
20	81
21	15
21	17
21	19
21	56
21	65
21	71
21	80
22	27
22	44
22	56
22	65
22	68
22	79
22	80
23	6
23	10
23	45
23	56
23	65
23	70
23	74
24	13
24	32
24	54
24	62
24	63
24	70
24	74
25	7
25	49
25	57
25	60
25	73
25	77
25	81
26	47
26	57
26	60
26	69
26	76
26	77
26	79
27	22
27	36
27	46
27	55
27	77
27	80
27	81
28	3
28	20
28	66
28	68
28	70
28	74
28	75
28	81
29	39
29	48
29	59
29	69
29	73
29	77
29	78
29	79
30	1
30	50
30	62
30	63
30	71
30	72
30	73
30	76
31	33
31	48
31	52
31	64
31	73
31	75
31	76
31	80
32	1
32	16
32	17
32	24
32	69
32	74
32	75
32	76
33	2
33	31
33	35
33	39
33	44
33	50
33	55
33	77
34	37
34	49
34	52
34	58
34	61
34	64
34	70
34	72
35	5
35	7
35	33
35	40
35	56
35	68
35	71
35	79
36	1
36	27
36	62
36	65
36	72
36	75
36	78
36	80
37	14
37	34
37	38
37	41
37	43
37	63
37	66
37	68
38	8
38	37
38	44
38	63
38	67
38	71
38	76
38	79
39	9
39	13
39	17
39	29
39	33
39	42
39	51
39	64
39	81
40	12
40	35
40	44
40	48
40	54
40	56
40	67
40	69
40	79
41	13
41	19
41	37
41	45
41	52
41	55
41	72
41	80
41	81
42	12
42	13
42	39
42	47
42	53
42	64
42	66
42	69
42	74
43	4
43	37
43	49
43	59
43	60
43	71
43	78
43	79
43	81
44	22
44	33
44	38
44	40
44	49
44	59
44	61
44	68
44	70
45	14
45	15
45	23
45	41
45	60
45	62
45	65
45	69
45	75
46	18
46	27
46	48
46	55
46	64
46	74
46	75
46	77
46	81
47	8
47	19
47	26
47	42
47	55
47	66
47	75
47	77
47	78
47	79
48	9
48	29
48	31
48	40
48	46
48	51
48	52
48	53
48	54
48	72
49	18
49	25
49	34
49	43
49	44
49	53
49	67
49	73
49	77
49	79
50	4
50	30
50	33
50	54
50	61
50	67
50	73
50	76
50	78
50	79
51	13
51	39
51	48
51	63
51	66
51	73
51	75
51	77
51	80
51	81
52	4
52	7
52	31
52	34
52	41
52	48
52	53
52	54
52	72
52	74
53	14
53	20
53	42
53	48
53	49
53	52
53	67
53	71
53	76
53	78
54	7
54	24
54	40
54	48
54	50
54	52
54	67
54	73
54	78
54	79
55	27
55	33
55	41
55	46
55	47
55	57
55	60
55	63
55	66
55	80
55	81
56	11
56	16
56	21
56	22
56	23
56	35
56	40
56	57
56	66
56	80
56	81
57	3
57	10
57	25
57	26
57	55
57	56
57	58
57	61
57	62
57	72
57	75
57	76
58	2
58	12
58	34
58	57
58	60
58	62
58	66
58	68
58	72
58	76
58	78
58	81
59	19
59	29
59	43
59	44
59	68
59	70
59	71
59	73
59	74
59	78
59	79
59	80
60	4
60	15
60	25
60	26
60	43
60	45
60	55
60	58
60	75
60	77
60	80
60	81
61	5
61	16
61	34
61	44
61	50
61	57
61	67
61	74
61	76
61	79
61	80
61	81
62	6
62	14
62	24
62	30
62	36
62	45
62	57
62	58
62	67
62	70
62	71
62	72
62	75
63	10
63	12
63	17
63	24
63	30
63	37
63	38
63	51
63	55
63	64
63	69
63	74
63	78
64	2
64	6
64	8
64	31
64	34
64	39
64	42
64	46
64	63
64	70
64	74
64	76
64	81
65	3
65	15
65	16
65	21
65	22
65	23
65	36
65	45
65	67
65	70
65	71
65	72
65	75
65	80
66	17
66	18
66	28
66	37
66	42
66	47
66	51
66	55
66	56
66	58
66	69
66	72
66	77
66	81
67	6
67	38
67	40
67	49
67	50
67	53
67	54
67	61
67	62
67	65
67	71
67	73
67	76
67	78
68	13
68	14
68	19
68	20
68	22
68	28
68	35
68	37
68	44
68	58
68	59
68	71
68	75
68	77
69	5
69	7
69	8
69	9
69	26
69	29
69	32
69	40
69	42
69	45
69	63
69	66
69	70
69	72
69	74
70	9
70	12
70	17
70	20
70	23
70	24
70	28
70	34
70	44
70	59
70	62
70	64
70	65
70	69
70	74
70	77
71	1
71	5
71	9
71	21
71	30
71	35
71	38
71	43
71	53
71	59
71	62
71	65
71	67
71	68
71	75
71	76
72	2
72	15
72	30
72	34
72	36
72	41
72	48
72	52
72	57
72	58
72	62
72	65
72	66
72	69
72	75
72	77
72	79
73	6
73	12
73	18
73	25
73	29
73	30
73	31
73	49
73	50
73	51
73	54
73	59
73	67
73	74
73	77
73	78
73	79
74	8
74	23
74	24
74	28
74	32
74	42
74	46
74	52
74	59
74	61
74	63
74	64
74	69
74	70
74	73
74	78
74	79
75	28
75	31
75	32
75	36
75	45
75	46
75	47
75	51
75	57
75	60
75	62
75	65
75	68
75	71
75	72
75	77
75	78
75	81
76	8
76	17
76	20
76	26
76	30
76	31
76	32
76	38
76	50
76	53
76	57
76	58
76	61
76	64
76	67
76	71
76	77
76	78
77	20
77	25
77	26
77	27
77	29
77	33
77	46
77	47
77	49
77	51
77	60
77	66
77	68
77	70
77	72
77	73
77	75
77	76
77	80
77	81
78	3
78	7
78	18
78	19
78	29
78	36
78	43
78	47
78	50
78	53
78	54
78	58
78	59
78	63
78	67
78	73
78	74
78	75
78	76
78	79
79	16
79	18
79	19
79	22
79	26
79	29
79	35
79	38
79	40
79	43
79	47
79	49
79	50
79	54
79	59
79	61
79	72
79	73
79	74
79	78
79	80
80	1
80	4
80	11
80	15
80	16
80	21
80	22
80	27
80	31
80	36
80	41
80	51
80	55
80	56
80	59
80	60
80	61
80	65
80	77
80	79
80	81
81	5
81	14
81	20
81	25
81	27
81	28
81	39
81	41
81	43
81	46
81	51
81	55
81	56
81	58
81	60
81	61
81	64
81	66
81	75
81	77
81	80
