1	21
1	32
1	44
1	72
1	78
1	81
2	13
2	35
2	46
2	57
2	71
2	80
3	28
3	71
3	74
3	76
3	77
3	80
4	31
4	51
4	66
4	70
4	74
4	78
5	52
5	57
5	60
5	69
5	72
5	77
6	46
6	55
6	56
6	65
6	69
6	76
7	51
7	53
7	60
7	72
7	77
7	80
8	10
8	17
8	24
8	45
8	56
8	80
9	30
9	47
9	54
9	60
9	77
9	80
10	8
10	67
10	74
10	75
10	79
10	81
11	38
11	41
11	69
11	72
11	77
11	79
12	34
12	54
12	58
12	59
12	61
12	64
13	2
13	16
13	31
13	33
13	57
13	64
14	15
14	28
14	31
14	35
14	48
14	79
15	14
15	18
15	44
15	57
15	62
15	72
16	13
16	27
16	45
16	63
16	64
16	75
17	8
17	41
17	49
17	61
17	78
17	81
18	15
18	31
18	46
18	50
18	67
18	73
19	24
19	57
19	70
19	71
19	73
19	81
20	32
20	54
20	56
20	65
20	69
20	74
20	75
21	1
21	52
21	67
21	69
21	73
21	76
21	79
22	33
22	47
22	55
22	57
22	63
22	69
22	81
23	34
23	40
23	46
23	55
23	67
23	71
23	72
24	8
24	19
24	61
24	65
24	68
24	70
24	81
25	28
25	38
25	44
25	64
25	66
25	69
25	78
26	68
26	73
26	74
26	77
26	78
26	79
26	81
27	16
27	42
27	52
27	65
27	72
27	74
27	77
28	3
28	14
28	25
28	43
28	70
28	78
28	81
29	38
29	45
29	57
29	71
29	72
29	75
29	77
30	9
30	41
30	49
30	66
30	75
30	76
30	79
31	4
31	13
31	14
31	18
31	42
31	43
31	46
31	54
32	1
32	20
32	37
32	52
32	58
32	63
32	68
32	81
33	13
33	22
33	44
33	60
33	67
33	68
33	77
33	81
34	12
34	23
34	37
34	45
34	60
34	70
34	75
34	76
35	2
35	14
35	45
35	46
35	57
35	67
35	78
35	81
36	48
36	53
36	56
36	58
36	59
36	61
36	66
36	76
37	32
37	34
37	67
37	69
37	74
37	76
37	77
37	79
38	11
38	25
38	29
38	59
38	61
38	69
38	72
38	77
39	45
39	59
39	66
39	69
39	72
39	73
39	74
39	79
40	23
40	42
40	48
40	53
40	68
40	71
40	73
40	78
41	11
41	17
41	30
41	46
41	49
41	58
41	59
41	81
42	27
42	31
42	40
42	52
42	60
42	77
42	79
42	80
43	28
43	31
43	62
43	68
43	70
43	79
43	80
43	81
44	1
44	15
44	25
44	33
44	47
44	50
44	66
44	80
44	81
45	8
45	16
45	29
45	34
45	35
45	39
45	66
45	71
45	72
46	2
46	6
46	18
46	23
46	31
46	35
46	41
46	57
46	81
47	9
47	22
47	44
47	56
47	60
47	63
47	64
47	70
47	81
48	14
48	36
48	40
48	55
48	62
48	74
48	75
48	79
48	80
49	17
49	30
49	41
49	53
49	56
49	59
49	63
49	66
49	72
50	18
50	44
50	51
50	58
50	62
50	63
50	64
50	75
50	76
51	4
51	7
51	50
51	52
51	55
51	64
51	66
51	70
51	78
51	79
52	5
52	21
52	27
52	32
52	42
52	51
52	63
52	68
52	72
52	77
53	7
53	36
53	40
53	49
53	54
53	58
53	59
53	61
53	63
53	75
54	9
54	12
54	20
54	31
54	53
54	62
54	76
54	77
54	78
54	80
55	6
55	22
55	23
55	48
55	51
55	60
55	65
55	73
55	74
55	79
56	6
56	8
56	20
56	36
56	47
56	49
56	62
56	75
56	78
56	80
57	2
57	5
57	13
57	15
57	19
57	22
57	29
57	35
57	46
57	68
58	12
58	32
58	36
58	41
58	50
58	53
58	59
58	61
58	64
58	73
58	76
59	12
59	36
59	38
59	39
59	41
59	49
59	53
59	58
59	66
59	79
59	80
60	5
60	7
60	9
60	33
60	34
60	42
60	47
60	55
60	70
60	72
60	77
61	12
61	17
61	24
61	36
61	38
61	53
61	58
61	71
61	72
61	76
61	81
62	15
62	43
62	48
62	50
62	54
62	56
62	68
62	71
62	74
62	80
62	81
63	16
63	22
63	32
63	47
63	49
63	50
63	52
63	53
63	68
63	69
63	70
63	81
64	12
64	13
64	16
64	25
64	47
64	50
64	51
64	58
64	68
64	71
64	76
64	81
65	6
65	20
65	24
65	27
65	55
65	67
65	69
65	70
65	71
65	73
65	74
65	75
65	78
65	80
66	4
66	25
66	30
66	36
66	39
66	44
66	45
66	49
66	51
66	59
66	70
66	74
66	76
66	78
67	10
67	18
67	21
67	23
67	33
67	35
67	37
67	65
67	73
67	74
67	75
67	76
67	77
67	79
68	24
68	26
68	32
68	33
68	40
68	43
68	52
68	57
68	62
68	63
68	64
68	70
68	78
68	81
69	5
69	6
69	11
69	20
69	21
69	22
69	25
69	37
69	38
69	39
69	63
69	65
69	73
69	75
69	77
69	79
70	4
70	19
70	24
70	28
70	34
70	43
70	47
70	51
70	60
70	63
70	65
70	66
70	68
70	72
70	74
70	81
71	2
71	3
71	19
71	23
71	29
71	40
71	45
71	61
71	62
71	64
71	65
71	73
71	74
71	75
71	76
71	80
71	81
72	1
72	5
72	7
72	11
72	15
72	23
72	27
72	29
72	38
72	39
72	45
72	49
72	52
72	60
72	61
72	70
72	77
72	80
73	18
73	19
73	21
73	26
73	39
73	40
73	55
73	58
73	65
73	67
73	69
73	71
73	74
73	75
73	76
73	78
73	79
73	80
74	3
74	4
74	10
74	20
74	26
74	27
74	37
74	39
74	48
74	55
74	62
74	65
74	66
74	67
74	70
74	71
74	73
74	79
75	10
75	16
75	20
75	29
75	30
75	34
75	48
75	50
75	53
75	56
75	65
75	67
75	69
75	71
75	73
75	78
75	80
75	81
76	3
76	6
76	21
76	30
76	34
76	36
76	37
76	50
76	54
76	58
76	61
76	64
76	66
76	67
76	71
76	73
76	77
76	78
76	79
76	80
77	3
77	5
77	7
77	9
77	11
77	26
77	27
77	29
77	33
77	37
77	38
77	42
77	52
77	54
77	60
77	67
77	69
77	72
77	76
77	80
78	1
78	4
78	17
78	25
78	26
78	28
78	35
78	40
78	51
78	54
78	56
78	65
78	66
78	68
78	73
78	75
78	76
78	79
78	80
78	81
79	10
79	11
79	14
79	21
79	26
79	30
79	37
79	39
79	42
79	43
79	48
79	51
79	55
79	59
79	67
79	69
79	73
79	74
79	76
79	78
79	80
80	2
80	3
80	7
80	8
80	9
80	42
80	43
80	44
80	48
80	54
80	56
80	59
80	62
80	65
80	71
80	72
80	73
80	75
80	76
80	77
80	78
80	79
81	1
81	10
81	17
81	19
81	22
81	24
81	26
81	28
81	32
81	33
81	35
81	41
81	43
81	44
81	46
81	47
81	61
81	62
81	63
81	64
81	68
81	70
81	71
81	75
81	78
