1	15
1	23
1	57
1	73
1	74
1	78
2	14
2	42
2	64
2	68
2	77
2	81
3	16
3	27
3	36
3	50
3	62
3	65
4	24
4	27
4	29
4	36
4	49
4	80
5	12
5	26
5	31
5	44
5	73
5	78
6	13
6	26
6	44
6	70
6	76
6	80
7	24
7	43
7	61
7	71
7	80
7	81
8	45
8	63
8	66
8	72
8	80
8	81
9	14
9	38
9	41
9	48
9	49
9	78
10	26
10	60
10	65
10	71
10	72
10	80
11	21
11	29
11	55
11	56
11	76
11	78
12	5
12	51
12	52
12	65
12	80
12	81
13	6
13	26
13	62
13	65
13	72
13	78
14	2
14	9
14	32
14	41
14	60
14	80
14	81
15	1
15	34
15	37
15	45
15	63
15	72
15	78
16	3
16	22
16	29
16	55
16	69
16	74
16	81
17	37
17	44
17	46
17	50
17	51
17	53
17	55
18	33
18	42
18	48
18	61
18	67
18	72
18	73
19	28
19	37
19	39
19	53
19	54
19	68
19	77
20	37
20	56
20	58
20	69
20	71
20	77
20	81
21	11
21	34
21	36
21	39
21	55
21	64
21	65
22	16
22	53
22	59
22	63
22	68
22	76
22	79
23	1
23	45
23	53
23	59
23	61
23	63
23	78
24	4
24	7
24	45
24	58
24	67
24	73
24	74
25	31
25	37
25	42
25	70
25	71
25	73
25	75
25	77
26	5
26	6
26	10
26	13
26	52
26	66
26	68
26	76
27	3
27	4
27	35
27	36
27	55
27	57
27	60
27	66
28	19
28	32
28	38
28	40
28	41
28	69
28	76
28	79
29	4
29	11
29	16
29	55
29	59
29	69
29	74
29	80
30	40
30	45
30	52
30	64
30	68
30	69
30	73
30	75
31	5
31	25
31	39
31	64
31	68
31	71
31	72
31	76
32	14
32	28
32	40
32	46
32	60
32	67
32	74
32	75
33	18
33	38
33	59
33	65
33	77
33	78
33	79
33	80
34	15
34	21
34	37
34	44
34	45
34	52
34	54
34	66
34	78
35	27
35	45
35	61
35	67
35	69
35	74
35	75
35	77
35	78
36	3
36	4
36	21
36	27
36	48
36	55
36	66
36	78
36	81
37	15
37	17
37	19
37	20
37	25
37	34
37	74
37	75
37	77
38	9
38	28
38	33
38	40
38	41
38	54
38	66
38	77
38	78
39	19
39	21
39	31
39	50
39	66
39	68
39	72
39	76
39	77
40	28
40	30
40	32
40	38
40	41
40	43
40	46
40	60
40	62
41	9
41	14
41	28
41	38
41	40
41	46
41	58
41	61
41	77
42	2
42	18
42	25
42	48
42	54
42	59
42	60
42	69
42	70
42	79
43	7
43	40
43	55
43	57
43	58
43	64
43	68
43	70
43	79
43	81
44	5
44	6
44	17
44	34
44	51
44	56
44	70
44	74
44	76
44	79
45	8
45	15
45	23
45	24
45	30
45	34
45	35
45	50
45	63
45	80
46	17
46	32
46	40
46	41
46	48
46	56
46	61
46	62
46	78
46	80
47	49
47	57
47	62
47	65
47	68
47	69
47	71
47	78
47	79
47	81
48	9
48	18
48	36
48	42
48	46
48	57
48	65
48	75
48	79
48	81
49	4
49	9
49	47
49	57
49	63
49	70
49	77
49	78
49	79
49	81
50	3
50	17
50	39
50	45
50	51
50	55
50	58
50	68
50	72
50	74
50	76
51	12
51	17
51	44
51	50
51	53
51	62
51	69
51	70
51	72
51	73
51	76
52	12
52	26
52	30
52	34
52	60
52	68
52	70
52	74
52	75
52	79
52	81
53	17
53	19
53	22
53	23
53	51
53	54
53	58
53	60
53	75
53	76
53	80
54	19
54	34
54	38
54	42
54	53
54	59
54	67
54	71
54	75
54	77
54	80
55	11
55	16
55	17
55	21
55	27
55	29
55	36
55	43
55	50
55	65
55	73
56	11
56	20
56	44
56	46
56	61
56	63
56	66
56	67
56	70
56	73
56	80
57	1
57	27
57	43
57	47
57	48
57	49
57	62
57	63
57	64
57	75
57	76
57	81
58	20
58	24
58	41
58	43
58	50
58	53
58	63
58	69
58	70
58	75
58	77
58	79
59	22
59	23
59	29
59	33
59	42
59	54
59	67
59	69
59	71
59	72
59	75
59	79
59	80
60	10
60	14
60	27
60	32
60	40
60	42
60	52
60	53
60	64
60	65
60	67
60	79
60	81
61	7
61	18
61	23
61	35
61	41
61	46
61	56
61	63
61	66
61	74
61	76
61	78
61	80
62	3
62	13
62	40
62	46
62	47
62	51
62	57
62	67
62	71
62	72
62	77
62	78
62	80
63	8
63	15
63	22
63	23
63	45
63	49
63	56
63	57
63	58
63	61
63	73
63	74
63	77
64	2
64	21
64	30
64	31
64	43
64	57
64	60
64	67
64	70
64	72
64	76
64	79
64	80
64	81
65	3
65	10
65	12
65	13
65	21
65	33
65	47
65	48
65	55
65	60
65	70
65	76
65	79
65	81
66	8
66	26
66	27
66	34
66	36
66	38
66	39
66	56
66	61
66	67
66	71
66	73
66	80
66	81
67	18
67	24
67	32
67	35
67	54
67	56
67	59
67	60
67	62
67	64
67	66
67	69
67	70
67	75
67	78
68	2
68	19
68	22
68	26
68	30
68	31
68	39
68	43
68	47
68	50
68	52
68	71
68	73
68	76
68	80
69	16
69	20
69	28
69	29
69	30
69	35
69	42
69	47
69	51
69	58
69	59
69	67
69	73
69	74
69	75
69	77
70	6
70	25
70	42
70	43
70	44
70	49
70	51
70	52
70	56
70	58
70	64
70	65
70	67
70	79
70	80
70	81
71	7
71	10
71	20
71	25
71	31
71	47
71	54
71	59
71	62
71	66
71	68
71	76
71	77
71	78
71	80
71	81
72	8
72	10
72	13
72	15
72	18
72	31
72	39
72	50
72	51
72	59
72	62
72	64
72	74
72	77
72	78
72	81
73	1
73	5
73	18
73	24
73	25
73	30
73	51
73	55
73	56
73	63
73	66
73	68
73	69
73	74
73	75
73	77
73	80
73	81
74	1
74	16
74	24
74	29
74	32
74	35
74	37
74	44
74	50
74	52
74	61
74	63
74	69
74	72
74	73
74	75
74	77
74	79
75	25
75	30
75	32
75	35
75	37
75	48
75	52
75	53
75	54
75	57
75	58
75	59
75	67
75	69
75	73
75	74
75	76
75	77
76	6
76	11
76	22
76	26
76	28
76	31
76	39
76	44
76	50
76	51
76	53
76	57
76	61
76	64
76	65
76	68
76	71
76	75
76	79
76	81
77	2
77	19
77	20
77	25
77	33
77	35
77	37
77	38
77	39
77	41
77	49
77	54
77	58
77	62
77	63
77	69
77	71
77	72
77	73
77	74
77	75
78	1
78	5
78	9
78	11
78	13
78	15
78	23
78	33
78	34
78	35
78	36
78	38
78	46
78	47
78	49
78	61
78	62
78	67
78	71
78	72
78	79
79	22
79	28
79	33
79	42
79	43
79	44
79	47
79	48
79	49
79	52
79	58
79	59
79	60
79	64
79	65
79	70
79	74
79	76
79	78
79	80
79	81
80	4
80	6
80	7
80	8
80	10
80	12
80	14
80	29
80	33
80	45
80	46
80	53
80	54
80	56
80	59
80	61
80	62
80	64
80	66
80	68
80	70
80	71
80	73
80	79
80	81
81	2
81	7
81	8
81	12
81	14
81	16
81	20
81	36
81	43
81	47
81	48
81	49
81	52
81	57
81	60
81	64
81	65
81	66
81	70
81	71
81	72
81	73
81	76
81	79
81	80
