1	5
1	33
1	60
1	64
1	65
1	78
2	15
2	33
2	53
2	57
2	80
2	81
3	16
3	23
3	40
3	72
3	75
3	76
4	35
4	36
4	38
4	53
4	66
4	77
5	1
5	6
5	27
5	39
5	50
5	79
6	5
6	41
6	45
6	50
6	51
6	80
7	15
7	43
7	48
7	57
7	73
7	79
8	26
8	58
8	60
8	64
8	70
8	72
9	12
9	21
9	54
9	56
9	73
9	79
10	17
10	31
10	58
10	64
10	65
10	79
11	58
11	60
11	65
11	69
11	72
11	79
12	9
12	44
12	73
12	75
12	77
12	81
13	22
13	34
13	44
13	46
13	66
13	80
14	19
14	37
14	50
14	59
14	67
14	68
14	76
15	2
15	7
15	33
15	35
15	53
15	57
15	81
16	3
16	23
16	29
16	63
16	68
16	72
16	78
17	10
17	22
17	23
17	44
17	46
17	61
17	76
18	65
18	70
18	77
18	78
18	79
18	80
18	81
19	14
19	41
19	65
19	66
19	74
19	75
19	76
20	49
20	67
20	69
20	78
20	79
20	80
20	81
21	9
21	32
21	45
21	49
21	54
21	56
21	63
22	13
22	17
22	44
22	45
22	46
22	63
22	71
23	3
23	16
23	17
23	25
23	44
23	46
23	51
24	26
24	38
24	50
24	52
24	73
24	76
24	78
25	23
25	70
25	72
25	73
25	78
25	79
25	80
26	8
26	24
26	40
26	68
26	72
26	73
26	80
27	5
27	31
27	54
27	55
27	56
27	62
27	76
28	37
28	38
28	41
28	42
28	45
28	50
28	59
29	16
29	51
29	54
29	67
29	72
29	74
29	77
30	33
30	57
30	70
30	71
30	75
30	79
30	81
31	10
31	27
31	37
31	54
31	56
31	60
31	67
32	21
32	49
32	54
32	56
32	63
32	79
32	81
33	1
33	2
33	15
33	30
33	36
33	43
33	48
33	53
34	13
34	47
34	56
34	63
34	66
34	67
34	78
34	80
35	4
35	15
35	36
35	53
35	66
35	68
35	77
35	79
36	4
36	33
36	35
36	42
36	53
36	58
36	73
36	78
37	14
37	28
37	31
37	68
37	74
37	75
37	76
37	80
38	4
38	24
38	28
38	39
38	41
38	42
38	50
38	53
38	80
39	5
39	38
39	41
39	42
39	50
39	55
39	69
39	72
39	81
40	3
40	26
40	56
40	57
40	59
40	74
40	78
40	79
40	80
41	6
41	19
41	28
41	38
41	39
41	42
41	55
41	64
41	72
42	28
42	36
42	38
42	39
42	41
42	50
42	56
42	59
42	61
43	7
43	33
43	66
43	68
43	72
43	73
43	74
43	75
43	76
43	81
44	12
44	13
44	17
44	22
44	23
44	46
44	53
44	58
44	71
44	75
45	6
45	21
45	22
45	28
45	47
45	69
45	71
45	74
45	75
45	77
45	81
46	13
46	17
46	22
46	23
46	44
46	55
46	60
46	61
46	67
46	70
46	76
47	34
47	45
47	49
47	54
47	60
47	66
47	67
47	68
47	72
47	74
47	76
48	7
48	33
48	50
48	66
48	69
48	71
48	72
48	74
48	76
48	77
48	81
49	20
49	21
49	32
49	47
49	52
49	55
49	69
49	70
49	75
49	77
49	81
50	5
50	6
50	14
50	24
50	28
50	38
50	39
50	42
50	48
50	59
50	75
51	6
51	23
51	29
51	62
51	64
51	66
51	69
51	71
51	72
51	77
51	81
52	24
52	49
52	59
52	61
52	63
52	64
52	68
52	70
52	73
52	75
52	79
52	80
53	2
53	4
53	15
53	33
53	35
53	36
53	38
53	44
53	58
53	65
53	68
53	73
54	9
54	21
54	27
54	29
54	31
54	32
54	47
54	56
54	65
54	66
54	67
54	80
55	27
55	39
55	41
55	46
55	49
55	58
55	64
55	69
55	71
55	75
55	77
55	81
56	9
56	21
56	27
56	31
56	32
56	34
56	40
56	42
56	54
56	62
56	74
56	79
57	2
57	7
57	15
57	30
57	40
57	61
57	65
57	69
57	73
57	78
57	79
57	80
58	8
58	10
58	11
58	36
58	44
58	53
58	55
58	59
58	60
58	62
58	63
58	64
58	65
59	14
59	28
59	40
59	42
59	50
59	52
59	58
59	60
59	64
59	65
59	76
60	1
60	8
60	11
60	31
60	46
60	47
60	58
60	59
60	64
60	65
60	70
60	71
60	76
61	17
61	42
61	46
61	52
61	57
61	62
61	63
61	67
61	72
61	77
61	78
61	79
61	80
61	81
62	27
62	51
62	56
62	58
62	61
62	69
62	70
62	71
62	74
62	75
62	77
62	78
62	79
62	81
63	16
63	21
63	22
63	32
63	34
63	52
63	58
63	61
63	67
63	70
63	73
63	79
63	80
63	81
64	1
64	8
64	10
64	41
64	51
64	52
64	55
64	58
64	59
64	60
64	65
64	74
64	76
64	78
65	1
65	10
65	11
65	18
65	19
65	53
65	54
65	57
65	58
65	59
65	60
65	64
65	67
65	77
65	80
66	4
66	13
66	19
66	34
66	35
66	43
66	47
66	48
66	51
66	54
66	68
66	71
66	72
66	73
66	74
66	76
67	14
67	20
67	29
67	31
67	34
67	46
67	47
67	54
67	61
67	63
67	65
67	73
67	74
67	77
67	78
67	79
67	80
68	14
68	16
68	26
68	35
68	37
68	43
68	47
68	52
68	53
68	66
68	70
68	71
68	72
68	74
68	75
68	76
68	78
68	80
69	11
69	20
69	39
69	45
69	48
69	49
69	51
69	55
69	57
69	62
69	70
69	73
69	74
69	75
69	77
69	78
69	79
69	81
70	8
70	18
70	25
70	30
70	46
70	49
70	52
70	60
70	62
70	63
70	68
70	69
70	71
70	75
70	76
70	77
70	80
70	81
71	22
71	30
71	44
71	45
71	48
71	51
71	55
71	60
71	62
71	66
71	68
71	70
71	73
71	74
71	75
71	77
71	79
71	81
72	3
72	8
72	11
72	16
72	25
72	26
72	29
72	39
72	41
72	43
72	47
72	48
72	51
72	61
72	66
72	68
72	74
72	76
72	77
73	7
73	9
73	12
73	24
73	25
73	26
73	36
73	43
73	52
73	53
73	57
73	63
73	66
73	67
73	69
73	71
73	78
73	79
73	81
74	19
74	29
74	37
74	40
74	43
74	45
74	47
74	48
74	56
74	62
74	64
74	66
74	67
74	68
74	69
74	71
74	72
74	75
74	76
74	77
74	78
75	3
75	12
75	19
75	30
75	37
75	43
75	44
75	45
75	49
75	50
75	52
75	55
75	62
75	68
75	69
75	70
75	71
75	74
75	77
75	78
75	81
76	3
76	14
76	17
76	19
76	24
76	27
76	37
76	43
76	46
76	47
76	48
76	59
76	60
76	64
76	66
76	68
76	70
76	72
76	74
76	80
76	81
77	4
77	12
77	18
77	29
77	35
77	45
77	48
77	49
77	51
77	55
77	61
77	62
77	65
77	67
77	69
77	70
77	71
77	72
77	74
77	75
77	78
77	80
77	81
78	1
78	16
78	18
78	20
78	24
78	25
78	34
78	36
78	40
78	57
78	61
78	62
78	64
78	67
78	68
78	69
78	73
78	74
78	75
78	77
78	79
78	80
78	81
79	5
79	7
79	9
79	10
79	11
79	18
79	20
79	25
79	30
79	32
79	35
79	40
79	52
79	56
79	57
79	61
79	62
79	63
79	67
79	69
79	71
79	73
79	78
79	80
80	2
80	6
80	13
80	18
80	20
80	25
80	26
80	34
80	37
80	38
80	40
80	52
80	54
80	57
80	61
80	63
80	65
80	67
80	68
80	70
80	76
80	77
80	78
80	79
81	2
81	12
81	15
81	18
81	20
81	30
81	32
81	39
81	43
81	45
81	48
81	49
81	51
81	55
81	61
81	62
81	63
81	69
81	70
81	71
81	73
81	75
81	76
81	77
81	78
