1	45
1	46
1	52
1	75
1	78
1	81
2	23
2	36
2	50
2	60
2	67
2	81
3	12
3	15
3	42
3	73
3	76
3	81
4	8
4	10
4	27
4	66
4	75
4	81
5	20
5	46
5	49
5	67
5	68
5	81
6	8
6	20
6	29
6	75
6	78
6	80
7	18
7	53
7	75
7	77
7	80
7	81
8	4
8	6
8	20
8	37
8	79
8	80
9	17
9	38
9	59
9	65
9	73
9	79
10	4
10	27
10	36
10	38
10	56
10	73
11	50
11	56
11	64
11	69
11	71
11	72
12	3
12	16
12	45
12	57
12	61
12	79
13	43
13	46
13	51
13	60
13	61
13	62
14	42
14	58
14	73
14	76
14	78
14	79
15	3
15	35
15	65
15	69
15	75
15	80
16	12
16	32
16	38
16	43
16	58
16	73
17	9
17	47
17	70
17	74
17	79
17	81
18	7
18	50
18	54
18	62
18	74
18	76
18	77
19	22
19	39
19	53
19	58
19	68
19	74
19	81
20	5
20	6
20	8
20	23
20	39
20	42
20	56
21	48
21	51
21	53
21	56
21	72
21	76
21	80
22	19
22	23
22	36
22	43
22	53
22	56
22	66
23	2
23	20
23	22
23	67
23	74
23	77
23	81
24	48
24	50
24	55
24	61
24	63
24	69
24	74
25	42
25	48
25	51
25	64
25	69
25	71
25	79
26	30
26	38
26	47
26	52
26	59
26	67
26	78
27	4
27	10
27	28
27	41
27	52
27	72
27	80
28	27
28	55
28	65
28	67
28	69
28	78
28	81
29	6
29	38
29	54
29	58
29	63
29	76
29	81
30	26
30	55
30	60
30	72
30	73
30	76
30	77
31	54
31	59
31	60
31	62
31	70
31	75
31	81
32	16
32	49
32	60
32	64
32	69
32	74
32	78
33	48
33	51
33	53
33	69
33	75
33	79
33	80
34	41
34	46
34	56
34	59
34	65
34	73
34	77
34	79
35	15
35	52
35	55
35	67
35	74
35	76
35	79
35	80
36	2
36	10
36	22
36	40
36	68
36	74
36	76
36	80
37	8
37	52
37	54
37	56
37	61
37	77
37	79
37	80
38	9
38	10
38	16
38	26
38	29
38	46
38	51
38	62
39	19
39	20
39	42
39	44
39	46
39	57
39	68
39	70
39	75
40	36
40	43
40	44
40	51
40	66
40	71
40	74
40	79
40	80
41	27
41	34
41	48
41	71
41	75
41	77
41	78
41	79
41	80
42	3
42	14
42	20
42	25
42	39
42	54
42	56
42	68
42	76
43	13
43	16
43	22
43	40
43	47
43	66
43	70
43	80
43	81
44	39
44	40
44	45
44	58
44	66
44	69
44	71
44	77
44	79
44	80
45	1
45	12
45	44
45	54
45	59
45	65
45	67
45	72
45	75
45	76
46	1
46	5
46	13
46	34
46	38
46	39
46	50
46	57
46	76
46	81
47	17
47	26
47	43
47	58
47	59
47	61
47	63
47	70
47	74
47	79
47	81
48	21
48	24
48	25
48	33
48	41
48	53
48	59
48	73
48	76
48	77
48	81
49	5
49	32
49	52
49	53
49	55
49	58
49	64
49	65
49	70
49	71
49	75
50	2
50	11
50	18
50	24
50	46
50	56
50	66
50	68
50	70
50	71
50	73
51	13
51	21
51	25
51	33
51	38
51	40
51	52
51	66
51	69
51	78
51	79
52	1
52	26
52	27
52	35
52	37
52	49
52	51
52	71
52	72
52	78
52	80
53	7
53	19
53	21
53	22
53	33
53	48
53	49
53	55
53	60
53	66
53	68
53	78
54	18
54	29
54	31
54	37
54	42
54	45
54	56
54	60
54	65
54	73
54	77
54	81
55	24
55	28
55	30
55	35
55	49
55	53
55	60
55	61
55	66
55	71
55	78
55	80
56	10
56	11
56	20
56	21
56	22
56	34
56	37
56	42
56	50
56	54
56	62
56	73
57	12
57	39
57	46
57	63
57	67
57	68
57	71
57	72
57	74
57	75
57	77
57	78
58	14
58	16
58	19
58	29
58	44
58	47
58	49
58	60
58	63
58	65
58	75
58	78
58	80
59	9
59	26
59	31
59	34
59	45
59	47
59	48
59	67
59	68
59	72
59	77
59	78
59	80
60	2
60	13
60	30
60	31
60	32
60	53
60	54
60	55
60	58
60	66
60	69
60	71
60	76
61	12
61	13
61	24
61	37
61	47
61	55
61	62
61	63
61	64
61	69
61	73
61	75
61	77
62	13
62	18
62	31
62	38
62	56
62	61
62	63
62	64
62	66
62	70
62	72
62	74
62	76
63	24
63	29
63	47
63	57
63	58
63	61
63	62
63	64
63	65
63	68
63	74
63	76
63	81
64	11
64	25
64	32
64	49
64	61
64	62
64	63
64	68
64	70
64	73
64	74
64	75
64	78
64	79
65	9
65	15
65	28
65	34
65	45
65	49
65	54
65	58
65	63
65	70
65	72
65	73
65	77
65	81
66	4
66	22
66	40
66	43
66	44
66	50
66	51
66	53
66	55
66	60
66	62
66	67
66	71
66	78
67	2
67	5
67	23
67	26
67	28
67	35
67	45
67	57
67	59
67	66
67	70
67	72
67	78
67	80
68	5
68	19
68	36
68	39
68	42
68	50
68	53
68	57
68	59
68	63
68	64
68	78
68	79
68	81
69	11
69	15
69	24
69	25
69	28
69	32
69	33
69	44
69	51
69	60
69	61
69	71
69	77
69	79
69	80
70	17
70	31
70	39
70	43
70	47
70	49
70	50
70	62
70	64
70	65
70	67
70	73
70	78
70	79
70	81
71	11
71	25
71	40
71	41
71	44
71	49
71	50
71	52
71	55
71	57
71	60
71	66
71	69
71	79
71	80
71	81
72	11
72	21
72	27
72	30
72	45
72	52
72	57
72	59
72	62
72	65
72	67
72	73
72	76
72	77
72	79
72	80
73	3
73	9
73	10
73	14
73	16
73	30
73	34
73	48
73	50
73	54
73	56
73	61
73	64
73	65
73	70
73	72
73	80
74	17
74	18
74	19
74	23
74	24
74	32
74	35
74	36
74	40
74	47
74	57
74	62
74	63
74	64
74	77
74	79
74	81
75	1
75	4
75	6
75	7
75	15
75	31
75	33
75	39
75	41
75	45
75	49
75	57
75	58
75	61
75	64
75	76
75	78
75	81
76	3
76	14
76	18
76	21
76	29
76	30
76	35
76	36
76	42
76	45
76	46
76	48
76	60
76	62
76	63
76	72
76	75
76	77
76	78
77	7
77	18
77	23
77	30
77	34
77	37
77	41
77	44
77	48
77	54
77	57
77	59
77	61
77	65
77	69
77	72
77	74
77	76
77	80
78	1
78	6
78	14
78	26
78	28
78	32
78	41
78	51
78	52
78	53
78	55
78	57
78	58
78	59
78	64
78	66
78	67
78	68
78	70
78	75
78	76
79	8
79	9
79	12
79	14
79	17
79	25
79	33
79	34
79	35
79	37
79	40
79	41
79	44
79	47
79	51
79	64
79	68
79	69
79	70
79	71
79	72
79	74
79	80
79	81
80	6
80	7
80	8
80	15
80	21
80	27
80	33
80	35
80	36
80	37
80	40
80	41
80	43
80	44
80	52
80	55
80	58
80	59
80	67
80	69
80	71
80	72
80	73
80	77
80	79
81	1
81	2
81	3
81	4
81	5
81	7
81	17
81	19
81	23
81	28
81	29
81	31
81	43
81	46
81	47
81	48
81	54
81	63
81	65
81	68
81	70
81	71
81	74
81	75
81	79
