1	28
1	52
1	56
1	60
1	65
1	72
2	4
2	9
2	57
2	58
2	64
2	65
3	26
3	54
3	55
3	64
3	69
3	70
4	2
4	14
4	30
4	38
4	55
4	63
5	10
5	13
5	40
5	48
5	54
5	78
6	50
6	60
6	69
6	70
6	73
6	81
7	24
7	33
7	50
7	56
7	77
7	79
8	20
8	58
8	62
8	76
8	80
8	81
9	2
9	23
9	28
9	36
9	66
9	73
10	5
10	27
10	54
10	55
10	70
10	75
11	18
11	24
11	34
11	50
11	65
11	79
12	42
12	46
12	50
12	58
12	64
12	78
13	5
13	33
13	48
13	49
13	53
13	67
14	4
14	57
14	67
14	69
14	76
14	80
15	48
15	63
15	73
15	75
15	78
15	81
16	45
16	55
16	59
16	62
16	73
16	81
17	31
17	33
17	35
17	53
17	55
17	70
17	79
18	11
18	36
18	64
18	68
18	72
18	74
18	80
19	23
19	30
19	44
19	56
19	70
19	79
19	81
20	8
20	41
20	42
20	43
20	62
20	77
20	78
21	25
21	33
21	40
21	48
21	56
21	72
21	79
22	40
22	52
22	62
22	66
22	75
22	79
22	81
23	9
23	19
23	42
23	56
23	58
23	59
23	65
24	7
24	11
24	46
24	49
24	57
24	64
24	78
25	21
25	40
25	48
25	65
25	66
25	75
25	80
26	3
26	32
26	59
26	66
26	72
26	75
26	81
27	10
27	38
27	51
27	69
27	71
27	75
27	81
28	1
28	9
28	30
28	53
28	63
28	69
28	76
29	38
29	68
29	69
29	73
29	75
29	78
29	81
30	4
30	19
30	28
30	64
30	67
30	74
30	77
31	17
31	36
31	37
31	43
31	54
31	60
31	70
32	26
32	67
32	69
32	75
32	76
32	80
32	81
33	7
33	13
33	17
33	21
33	38
33	40
33	48
33	71
34	11
34	38
34	40
34	52
34	60
34	65
34	79
34	80
35	17
35	37
35	43
35	55
35	70
35	73
35	80
35	81
36	9
36	18
36	31
36	44
36	46
36	56
36	63
36	74
37	31
37	35
37	41
37	45
37	46
37	54
37	64
37	76
38	4
38	27
38	29
38	33
38	34
38	58
38	69
38	77
38	79
39	48
39	51
39	57
39	59
39	67
39	68
39	71
39	74
39	78
40	5
40	21
40	22
40	25
40	33
40	34
40	52
40	68
40	78
41	20
41	37
41	42
41	44
41	45
41	53
41	57
41	71
41	77
42	12
42	20
42	23
42	41
42	44
42	55
42	70
42	73
42	74
43	20
43	31
43	35
43	44
43	55
43	61
43	70
43	72
43	81
44	19
44	36
44	41
44	42
44	43
44	71
44	75
44	79
44	81
45	16
45	37
45	41
45	56
45	57
45	67
45	68
45	73
45	81
46	12
46	24
46	36
46	37
46	51
46	54
46	64
46	74
46	75
46	80
47	49
47	51
47	60
47	62
47	63
47	71
47	75
47	78
47	79
47	80
48	5
48	13
48	15
48	21
48	25
48	33
48	39
48	54
48	61
48	65
49	13
49	24
49	47
49	65
49	66
49	70
49	71
49	74
49	80
49	81
50	6
50	7
50	11
50	12
50	53
50	62
50	64
50	65
50	66
50	68
50	77
51	27
51	39
51	46
51	47
51	67
51	69
51	73
51	74
51	75
51	80
51	81
52	1
52	22
52	34
52	40
52	63
52	66
52	72
52	76
52	77
52	78
52	79
53	13
53	17
53	28
53	41
53	50
53	58
53	62
53	63
53	71
53	79
53	80
54	3
54	5
54	10
54	31
54	37
54	46
54	48
54	55
54	60
54	61
54	70
55	3
55	4
55	10
55	16
55	17
55	35
55	42
55	43
55	54
55	70
55	77
55	79
56	1
56	7
56	19
56	21
56	23
56	36
56	45
56	57
56	63
56	64
56	74
56	77
57	2
57	14
57	24
57	39
57	41
57	45
57	56
57	58
57	60
57	64
57	72
57	75
58	2
58	8
58	12
58	23
58	38
58	53
58	57
58	59
58	63
58	66
58	68
58	75
58	77
59	16
59	23
59	26
59	39
59	58
59	66
59	68
59	69
59	71
59	73
59	75
59	77
59	81
60	1
60	6
60	31
60	34
60	47
60	54
60	57
60	61
60	67
60	74
60	76
60	78
60	81
61	43
61	48
61	54
61	60
61	68
61	70
61	72
61	73
61	74
61	76
61	77
61	78
61	79
61	80
62	8
62	16
62	20
62	22
62	47
62	50
62	53
62	67
62	73
62	74
62	75
62	77
62	78
62	79
63	4
63	15
63	28
63	36
63	47
63	52
63	53
63	56
63	58
63	66
63	69
63	74
63	79
63	80
64	2
64	3
64	12
64	18
64	24
64	30
64	37
64	46
64	50
64	56
64	57
64	65
64	76
64	78
64	81
65	1
65	2
65	11
65	23
65	25
65	34
65	48
65	49
65	50
65	64
65	68
65	72
65	74
65	78
65	80
66	9
66	22
66	25
66	26
66	49
66	50
66	52
66	58
66	59
66	63
66	68
66	71
66	74
66	77
66	79
67	13
67	14
67	30
67	32
67	39
67	45
67	51
67	60
67	62
67	68
67	71
67	75
67	76
67	78
67	79
67	80
68	18
68	29
68	39
68	40
68	45
68	50
68	58
68	59
68	61
68	65
68	66
68	67
68	71
68	72
68	76
68	79
69	3
69	6
69	14
69	27
69	28
69	29
69	32
69	38
69	51
69	59
69	63
69	71
69	73
69	75
69	76
69	81
70	3
70	6
70	10
70	17
70	19
70	31
70	35
70	42
70	43
70	49
70	54
70	55
70	61
70	73
70	76
70	77
70	80
71	27
71	33
71	39
71	41
71	44
71	47
71	49
71	53
71	59
71	66
71	67
71	68
71	69
71	74
71	76
71	78
71	80
72	1
72	18
72	21
72	26
72	43
72	52
72	57
72	61
72	65
72	68
72	73
72	76
72	77
72	78
72	79
72	80
72	81
73	6
73	9
73	15
73	16
73	29
73	35
73	42
73	45
73	51
73	59
73	61
73	62
73	69
73	70
73	72
73	75
73	77
73	81
74	18
74	30
74	36
74	39
74	42
74	46
74	49
74	51
74	56
74	60
74	61
74	62
74	63
74	65
74	66
74	71
74	76
74	78
74	80
75	10
75	15
75	22
75	25
75	26
75	27
75	29
75	32
75	44
75	46
75	47
75	51
75	57
75	58
75	59
75	62
75	67
75	69
75	73
75	81
76	8
76	14
76	28
76	32
76	37
76	52
76	60
76	61
76	64
76	67
76	68
76	69
76	70
76	71
76	72
76	74
76	77
76	78
76	79
76	80
77	7
77	20
77	30
77	38
77	41
77	50
77	52
77	55
77	56
77	58
77	59
77	61
77	62
77	66
77	70
77	72
77	73
77	76
77	79
77	80
78	5
78	12
78	15
78	20
78	24
78	29
78	39
78	40
78	47
78	52
78	60
78	61
78	62
78	64
78	65
78	67
78	71
78	72
78	74
78	76
78	79
78	80
79	7
79	11
79	17
79	19
79	21
79	22
79	34
79	38
79	44
79	47
79	52
79	53
79	55
79	61
79	62
79	63
79	66
79	67
79	68
79	72
79	76
79	77
79	78
80	8
80	14
80	18
80	25
80	32
80	34
80	35
80	46
80	47
80	49
80	51
80	53
80	61
80	63
80	65
80	67
80	70
80	71
80	72
80	74
80	76
80	77
80	78
80	81
81	6
81	8
81	15
81	16
81	19
81	22
81	26
81	27
81	29
81	32
81	35
81	43
81	44
81	45
81	49
81	51
81	59
81	60
81	64
81	69
81	72
81	73
81	75
81	80
