1	10
1	13
1	15
1	46
1	54
1	64
2	7
2	41
2	43
2	47
2	58
2	62
3	25
3	31
3	33
3	54
3	67
3	74
4	11
4	33
4	59
4	62
4	78
4	79
5	26
5	49
5	71
5	73
5	78
5	81
6	31
6	46
6	54
6	68
6	75
6	80
7	2
7	12
7	19
7	47
7	57
7	69
8	42
8	66
8	69
8	71
8	79
8	81
9	39
9	42
9	44
9	51
9	65
9	72
10	1
10	31
10	44
10	54
10	70
10	80
11	4
11	21
11	32
11	48
11	58
11	64
12	7
12	19
12	30
12	43
12	47
12	53
12	63
13	1
13	37
13	51
13	56
13	62
13	63
13	78
14	47
14	51
14	56
14	65
14	75
14	77
14	80
15	1
15	16
15	45
15	70
15	75
15	77
15	80
16	15
16	39
16	42
16	44
16	49
16	66
16	77
17	24
17	60
17	67
17	68
17	74
17	79
17	81
18	56
18	57
18	59
18	69
18	70
18	74
18	76
19	7
19	12
19	22
19	43
19	47
19	55
19	74
20	48
20	56
20	57
20	65
20	70
20	74
20	81
21	11
21	22
21	49
21	50
21	56
21	57
21	60
22	19
22	21
22	32
22	56
22	75
22	76
22	79
23	43
23	44
23	58
23	59
23	69
23	72
23	78
24	17
24	26
24	39
24	42
24	44
24	70
24	77
25	3
25	35
25	36
25	50
25	51
25	56
25	70
26	5
26	24
26	29
26	64
26	69
26	71
26	79
27	35
27	59
27	67
27	70
27	75
27	77
27	80
28	43
28	71
28	73
28	75
28	76
28	77
28	80
29	26
29	37
29	51
29	55
29	57
29	63
29	75
29	77
30	12
30	55
30	71
30	72
30	73
30	75
30	78
30	79
31	3
31	6
31	10
31	33
31	37
31	64
31	72
31	76
32	11
32	22
32	48
32	56
32	67
32	73
32	75
32	79
33	3
33	4
33	31
33	37
33	46
33	54
33	64
33	81
34	48
34	50
34	65
34	67
34	70
34	72
34	74
34	77
35	25
35	27
35	42
35	48
35	50
35	51
35	56
35	58
36	25
36	47
36	55
36	57
36	62
36	63
36	69
36	78
37	13
37	29
37	31
37	33
37	58
37	72
37	78
37	79
38	46
38	49
38	62
38	74
38	75
38	76
38	77
38	80
39	9
39	16
39	24
39	44
39	62
39	67
39	68
39	78
40	52
40	57
40	65
40	72
40	75
40	76
40	77
40	80
41	2
41	55
41	57
41	61
41	62
41	63
41	70
41	74
41	78
42	8
42	9
42	16
42	24
42	35
42	44
42	46
42	54
42	76
43	2
43	12
43	19
43	23
43	28
43	47
43	58
43	65
43	80
44	9
44	10
44	16
44	23
44	24
44	39
44	42
44	60
44	80
45	15
45	53
45	60
45	69
45	71
45	73
45	75
45	77
45	81
46	1
46	6
46	33
46	38
46	42
46	54
46	60
46	68
46	77
47	2
47	7
47	12
47	14
47	19
47	36
47	43
47	54
47	73
47	75
48	11
48	20
48	32
48	34
48	35
48	50
48	53
48	56
48	72
48	74
49	5
49	16
49	21
49	38
49	55
49	60
49	65
49	73
49	76
49	81
50	21
50	25
50	34
50	35
50	48
50	56
50	71
50	78
50	80
50	81
51	9
51	13
51	14
51	25
51	29
51	35
51	55
51	57
51	62
51	63
51	80
52	40
52	59
52	64
52	69
52	71
52	72
52	73
52	76
52	78
52	79
52	81
53	12
53	45
53	48
53	65
53	67
53	68
53	70
53	73
53	74
53	76
53	78
53	80
54	1
54	3
54	6
54	10
54	33
54	42
54	46
54	47
54	60
54	65
54	67
54	73
54	79
55	19
55	29
55	30
55	36
55	41
55	49
55	51
55	57
55	62
55	63
55	68
55	74
55	81
56	13
56	14
56	18
56	20
56	21
56	22
56	25
56	32
56	35
56	48
56	50
56	64
56	67
56	68
57	7
57	18
57	20
57	21
57	29
57	36
57	40
57	41
57	51
57	55
57	62
57	63
57	67
57	76
58	2
58	11
58	23
58	35
58	37
58	43
58	61
58	64
58	71
58	72
58	74
58	78
58	79
58	81
59	4
59	18
59	23
59	27
59	52
59	60
59	67
59	68
59	70
59	73
59	74
59	75
59	78
59	81
60	17
60	21
60	44
60	45
60	46
60	49
60	54
60	59
60	65
60	69
60	71
60	73
60	77
60	81
61	41
61	58
61	64
61	66
61	68
61	72
61	73
61	74
61	75
61	76
61	77
61	80
61	81
62	2
62	4
62	13
62	36
62	38
62	39
62	41
62	51
62	55
62	57
62	63
62	73
62	77
62	78
62	79
63	12
63	13
63	29
63	36
63	41
63	51
63	55
63	57
63	62
63	64
63	66
63	68
63	71
63	72
63	78
63	81
64	1
64	11
64	26
64	31
64	33
64	52
64	56
64	58
64	61
64	63
64	69
64	71
64	72
64	78
64	79
64	81
65	9
65	14
65	20
65	34
65	40
65	43
65	49
65	53
65	54
65	60
65	67
65	74
65	75
65	77
65	79
65	81
66	8
66	16
66	61
66	63
66	67
66	68
66	69
66	74
66	75
66	76
66	77
66	78
66	79
66	80
67	3
67	17
67	27
67	32
67	34
67	39
67	53
67	54
67	56
67	57
67	59
67	65
67	66
67	70
67	71
67	73
67	74
67	81
68	6
68	17
68	39
68	46
68	53
68	55
68	56
68	59
68	61
68	63
68	66
68	75
68	76
68	77
68	80
68	81
69	7
69	8
69	18
69	23
69	26
69	36
69	45
69	52
69	60
69	64
69	66
69	70
69	71
69	72
69	73
69	76
69	77
69	78
69	79
70	10
70	15
70	18
70	20
70	24
70	25
70	27
70	34
70	41
70	53
70	59
70	67
70	69
70	72
70	73
70	74
70	75
70	79
70	81
71	5
71	8
71	26
71	28
71	30
71	45
71	50
71	52
71	58
71	60
71	63
71	64
71	67
71	69
71	72
71	74
71	77
71	78
71	79
71	80
72	9
72	23
72	30
72	31
72	34
72	37
72	40
72	48
72	52
72	58
72	61
72	63
72	64
72	69
72	70
72	71
72	78
72	79
72	80
72	81
73	5
73	28
73	30
73	32
73	45
73	47
73	49
73	52
73	53
73	54
73	59
73	60
73	61
73	62
73	67
73	69
73	70
73	74
73	76
73	80
73	81
74	3
74	17
74	18
74	19
74	20
74	34
74	38
74	41
74	48
74	53
74	55
74	58
74	59
74	61
74	65
74	66
74	67
74	70
74	71
74	73
74	80
74	81
75	6
75	14
75	15
75	22
75	27
75	28
75	29
75	30
75	32
75	38
75	40
75	45
75	47
75	59
75	61
75	65
75	66
75	68
75	70
75	76
75	77
75	79
75	80
76	18
76	22
76	28
76	31
76	38
76	40
76	42
76	49
76	52
76	53
76	57
76	61
76	66
76	68
76	69
76	73
76	75
76	77
76	79
76	80
76	81
77	14
77	15
77	16
77	24
77	27
77	28
77	29
77	34
77	38
77	40
77	45
77	46
77	60
77	61
77	62
77	65
77	66
77	68
77	69
77	71
77	75
77	76
77	80
78	4
78	5
78	13
78	23
78	30
78	36
78	37
78	39
78	41
78	50
78	52
78	53
78	58
78	59
78	62
78	63
78	64
78	66
78	69
78	71
78	72
78	79
78	80
79	4
79	8
79	17
79	22
79	26
79	30
79	32
79	37
79	52
79	54
79	58
79	62
79	64
79	65
79	66
79	69
79	70
79	71
79	72
79	75
79	76
79	78
79	80
79	81
80	6
80	10
80	14
80	15
80	27
80	28
80	38
80	40
80	43
80	44
80	50
80	51
80	53
80	61
80	66
80	68
80	71
80	72
80	73
80	74
80	75
80	76
80	77
80	78
80	79
81	5
81	8
81	17
81	20
81	33
81	45
81	49
81	50
81	52
81	55
81	58
81	59
81	60
81	61
81	63
81	64
81	65
81	67
81	68
81	70
81	72
81	73
81	74
81	76
81	79
