1	20
1	30
1	36
1	44
1	57
1	64
2	21
2	47
2	56
2	63
2	71
2	75
3	32
3	42
3	64
3	69
3	70
3	77
4	17
4	49
4	63
4	67
4	68
4	70
5	50
5	60
5	61
5	67
5	68
5	81
6	36
6	44
6	58
6	64
6	74
6	80
7	61
7	67
7	68
7	75
7	77
7	79
8	18
8	33
8	38
8	57
8	70
8	74
9	10
9	38
9	51
9	57
9	73
9	79
10	9
10	38
10	52
10	53
10	60
10	78
11	14
11	60
11	71
11	72
11	76
11	80
12	31
12	60
12	75
12	79
12	80
12	81
13	22
13	53
13	54
13	68
13	71
13	72
14	11
14	47
14	65
14	72
14	74
14	81
15	22
15	46
15	51
15	56
15	75
15	78
16	19
16	46
16	47
16	55
16	56
16	65
17	4
17	18
17	27
17	44
17	51
17	72
17	77
18	8
18	17
18	51
18	75
18	77
18	78
18	79
19	16
19	34
19	45
19	60
19	76
19	80
19	81
20	1
20	38
20	58
20	61
20	70
20	73
20	79
21	2
21	22
21	23
21	70
21	71
21	74
21	77
22	13
22	15
22	21
22	23
22	72
22	75
22	81
23	21
23	22
23	58
23	71
23	72
23	77
23	78
24	33
24	36
24	53
24	54
24	58
24	62
24	70
25	51
25	59
25	60
25	64
25	72
25	79
25	80
26	39
26	62
26	63
26	67
26	69
26	80
26	81
27	17
27	38
27	51
27	52
27	57
27	58
27	59
27	65
28	39
28	45
28	46
28	54
28	55
28	71
28	78
28	80
29	37
29	40
29	59
29	61
29	63
29	75
29	76
29	79
30	1
30	43
30	46
30	49
30	53
30	67
30	68
30	80
31	12
31	46
31	56
31	61
31	67
31	68
31	70
31	73
32	3
32	33
32	42
32	52
32	59
32	61
32	64
32	78
33	8
33	24
33	32
33	40
33	42
33	44
33	52
33	64
34	19
34	35
34	40
34	55
34	56
34	71
34	72
34	79
35	34
35	40
35	47
35	48
35	53
35	58
35	65
35	68
35	78
36	1
36	6
36	24
36	42
36	44
36	64
36	75
36	76
36	79
37	29
37	41
37	42
37	50
37	53
37	65
37	77
37	80
37	81
38	8
38	9
38	10
38	20
38	27
38	51
38	55
38	57
38	78
38	79
39	26
39	28
39	43
39	47
39	53
39	62
39	73
39	77
39	80
39	81
40	29
40	33
40	34
40	35
40	41
40	45
40	48
40	71
40	72
40	73
41	37
41	40
41	47
41	53
41	59
41	62
41	74
41	76
41	80
41	81
42	3
42	32
42	33
42	36
42	37
42	63
42	64
42	65
42	67
42	73
43	30
43	39
43	48
43	52
43	56
43	68
43	76
43	77
43	78
43	80
44	1
44	6
44	17
44	33
44	36
44	49
44	55
44	57
44	64
44	70
45	19
45	28
45	40
45	46
45	49
45	60
45	62
45	65
45	69
45	76
45	81
46	15
46	16
46	28
46	30
46	31
46	45
46	61
46	62
46	67
46	68
46	74
47	2
47	14
47	16
47	35
47	39
47	41
47	48
47	66
47	71
47	72
47	79
48	35
48	40
48	43
48	47
48	51
48	55
48	69
48	71
48	72
48	76
48	81
49	4
49	30
49	44
49	45
49	54
49	55
49	61
49	64
49	67
49	68
49	80
50	5
50	37
50	54
50	59
50	60
50	65
50	66
50	72
50	74
50	79
50	81
51	9
51	15
51	17
51	18
51	25
51	27
51	38
51	48
51	52
51	57
51	58
51	73
52	10
52	27
52	32
52	33
52	43
52	51
52	60
52	74
52	75
52	76
52	79
52	81
53	10
53	13
53	24
53	30
53	35
53	37
53	39
53	41
53	56
53	69
53	70
53	73
53	77
54	13
54	24
54	28
54	49
54	50
54	59
54	60
54	62
54	73
54	77
54	78
54	80
54	81
55	16
55	28
55	34
55	38
55	44
55	48
55	49
55	66
55	70
55	73
55	75
55	78
55	79
56	2
56	15
56	16
56	31
56	34
56	43
56	53
56	63
56	64
56	70
56	78
56	80
56	81
57	1
57	8
57	9
57	27
57	38
57	44
57	51
57	58
57	64
57	66
57	68
57	70
57	76
58	6
58	20
58	23
58	24
58	27
58	35
58	51
58	57
58	65
58	75
58	77
58	78
58	80
59	25
59	27
59	29
59	32
59	41
59	50
59	54
59	66
59	68
59	71
59	75
59	80
59	81
60	5
60	10
60	11
60	12
60	19
60	25
60	45
60	50
60	52
60	54
60	69
60	74
60	78
60	81
61	5
61	7
61	20
61	29
61	31
61	32
61	46
61	49
61	63
61	64
61	67
61	68
61	79
61	81
62	24
62	26
62	39
62	41
62	45
62	46
62	54
62	66
62	70
62	72
62	74
62	78
62	80
62	81
63	2
63	4
63	26
63	29
63	42
63	56
63	61
63	65
63	69
63	72
63	73
63	74
63	75
63	76
63	81
64	1
64	3
64	6
64	25
64	32
64	33
64	36
64	42
64	44
64	49
64	56
64	57
64	61
64	67
64	80
65	14
65	16
65	27
65	35
65	37
65	42
65	45
65	50
65	58
65	63
65	67
65	69
65	74
65	76
65	77
65	79
66	47
66	50
66	55
66	57
66	59
66	62
66	68
66	70
66	71
66	73
66	74
66	76
66	77
66	78
66	79
66	81
67	4
67	5
67	7
67	26
67	30
67	31
67	42
67	46
67	49
67	61
67	64
67	65
67	68
67	69
67	71
67	76
67	78
68	4
68	5
68	7
68	13
68	30
68	31
68	35
68	43
68	46
68	49
68	57
68	59
68	61
68	66
68	67
68	69
68	75
68	76
69	3
69	26
69	45
69	48
69	53
69	60
69	63
69	65
69	67
69	68
69	70
69	71
69	72
69	73
69	74
69	77
69	78
69	79
70	3
70	4
70	8
70	20
70	21
70	24
70	31
70	44
70	53
70	55
70	56
70	57
70	62
70	66
70	69
70	71
70	76
70	77
70	79
71	2
71	11
71	13
71	21
71	23
71	28
71	34
71	40
71	47
71	48
71	59
71	66
71	67
71	69
71	70
71	72
71	74
71	75
71	76
71	78
72	11
72	13
72	14
72	17
72	22
72	23
72	25
72	34
72	40
72	47
72	48
72	50
72	62
72	63
72	69
72	71
72	73
72	76
72	77
72	78
73	9
73	20
73	31
73	39
73	40
73	42
73	51
73	53
73	54
73	55
73	63
73	66
73	69
73	72
73	74
73	75
73	76
73	78
73	79
73	80
73	81
74	6
74	8
74	14
74	21
74	41
74	46
74	50
74	52
74	60
74	62
74	63
74	65
74	66
74	69
74	71
74	73
74	75
74	76
74	77
74	79
74	80
75	2
75	7
75	12
75	15
75	18
75	22
75	29
75	36
75	52
75	55
75	58
75	59
75	63
75	68
75	71
75	73
75	74
75	76
75	77
75	79
75	80
76	11
76	19
76	29
76	36
76	41
76	43
76	45
76	48
76	52
76	57
76	63
76	65
76	66
76	67
76	68
76	70
76	71
76	72
76	73
76	74
76	75
76	78
77	3
77	7
77	17
77	18
77	21
77	23
77	37
77	39
77	43
77	53
77	54
77	58
77	65
77	66
77	69
77	70
77	72
77	74
77	75
77	78
77	79
77	80
77	81
78	10
78	15
78	18
78	23
78	28
78	32
78	35
78	38
78	43
78	54
78	55
78	56
78	58
78	60
78	62
78	66
78	67
78	69
78	71
78	72
78	73
78	76
78	77
79	7
79	9
79	12
79	18
79	20
79	25
79	29
79	34
79	36
79	38
79	47
79	50
79	52
79	55
79	61
79	65
79	66
79	69
79	70
79	73
79	74
79	75
79	77
79	81
80	6
80	11
80	12
80	19
80	25
80	26
80	28
80	30
80	37
80	39
80	41
80	43
80	49
80	54
80	56
80	58
80	59
80	62
80	64
80	73
80	74
80	75
80	77
80	81
81	5
81	12
81	14
81	19
81	22
81	26
81	37
81	39
81	41
81	45
81	48
81	50
81	52
81	54
81	56
81	59
81	60
81	61
81	62
81	63
81	66
81	73
81	77
81	79
81	80
