1	31
1	49
1	56
1	62
1	76
1	78
2	30
2	51
2	63
2	70
2	73
2	74
3	10
3	20
3	35
3	62
3	76
3	80
4	24
4	25
4	53
4	60
4	66
4	80
5	15
5	27
5	34
5	55
5	77
5	79
6	22
6	58
6	60
6	65
6	79
6	81
7	43
7	57
7	66
7	67
7	78
7	80
8	47
8	65
8	70
8	71
8	73
8	79
9	17
9	22
9	39
9	56
9	64
9	68
10	3
10	19
10	35
10	66
10	71
10	77
11	26
11	32
11	43
11	61
11	70
11	81
12	33
12	41
12	69
12	74
12	78
12	81
13	43
13	65
13	68
13	70
13	75
13	81
14	16
14	43
14	66
14	76
14	78
14	79
14	80
15	5
15	27
15	42
15	48
15	54
15	63
15	78
16	14
16	30
16	31
16	36
16	59
16	63
16	71
17	9
17	38
17	57
17	63
17	73
17	74
17	80
18	22
18	31
18	40
18	57
18	66
18	68
18	75
19	10
19	21
19	34
19	39
19	53
19	54
19	68
20	3
20	42
20	44
20	46
20	59
20	74
20	80
21	19
21	40
21	64
21	70
21	72
21	73
21	79
22	6
22	9
22	18
22	53
22	72
22	77
22	80
23	28
23	32
23	33
23	59
23	62
23	69
23	81
24	4
24	31
24	50
24	56
24	66
24	70
24	74
25	4
25	58
25	62
25	63
25	71
25	72
25	75
26	11
26	53
26	59
26	63
26	67
26	72
26	79
27	5
27	15
27	57
27	63
27	74
27	77
27	80
28	23
28	42
28	44
28	56
28	60
28	65
28	81
29	38
29	45
29	55
29	56
29	67
29	70
29	80
30	2
30	16
30	47
30	61
30	70
30	75
30	76
31	1
31	16
31	18
31	24
31	56
31	68
31	73
31	77
32	11
32	23
32	47
32	64
32	73
32	74
32	78
32	79
33	12
33	23
33	36
33	37
33	69
33	76
33	77
33	78
34	5
34	19
34	39
34	58
34	61
34	76
34	78
34	79
35	3
35	10
35	49
35	56
35	64
35	66
35	68
35	70
36	16
36	33
36	40
36	46
36	60
36	67
36	75
36	81
37	33
37	39
37	49
37	57
37	59
37	66
37	73
37	77
38	17
38	29
38	65
38	69
38	72
38	74
38	78
38	80
39	9
39	19
39	34
39	37
39	60
39	63
39	75
39	79
40	18
40	21
40	36
40	42
40	49
40	50
40	59
40	81
41	12
41	44
41	51
41	52
41	59
41	60
41	61
41	79
41	81
42	15
42	20
42	28
42	40
42	64
42	73
42	75
42	76
42	77
43	7
43	11
43	13
43	14
43	46
43	64
43	70
43	71
43	73
44	20
44	28
44	41
44	57
44	58
44	69
44	72
44	80
44	81
45	29
45	50
45	62
45	66
45	67
45	72
45	73
45	74
45	80
46	20
46	36
46	43
46	48
46	56
46	67
46	69
46	78
46	81
47	8
47	30
47	32
47	64
47	66
47	71
47	75
47	77
47	80
48	15
48	46
48	50
48	63
48	69
48	75
48	79
48	80
48	81
49	1
49	35
49	37
49	40
49	55
49	68
49	69
49	71
49	78
50	24
50	40
50	45
50	48
50	54
50	59
50	60
50	75
50	81
51	2
51	41
51	58
51	61
51	65
51	69
51	75
51	76
51	80
52	41
52	55
52	59
52	62
52	63
52	65
52	71
52	73
52	76
53	4
53	19
53	22
53	26
53	65
53	66
53	68
53	69
53	77
53	81
54	15
54	19
54	50
54	57
54	62
54	67
54	72
54	74
54	80
54	81
55	5
55	29
55	49
55	52
55	59
55	71
55	72
55	73
55	76
55	77
55	79
56	1
56	9
56	24
56	28
56	29
56	31
56	35
56	46
56	58
56	68
56	81
57	7
57	17
57	18
57	27
57	37
57	44
57	54
57	67
57	69
57	74
57	78
58	6
58	25
58	34
58	44
58	51
58	56
58	64
58	67
58	70
58	75
58	81
59	16
59	20
59	23
59	26
59	37
59	40
59	41
59	50
59	52
59	55
59	69
59	81
60	4
60	6
60	28
60	36
60	39
60	41
60	50
60	64
60	69
60	74
60	76
60	81
61	11
61	30
61	34
61	41
61	51
61	62
61	63
61	71
61	72
61	73
61	76
61	79
62	1
62	3
62	23
62	25
62	45
62	52
62	54
62	61
62	67
62	73
62	74
62	80
63	2
63	15
63	16
63	17
63	25
63	26
63	27
63	39
63	48
63	52
63	61
63	72
63	75
63	76
64	9
64	21
64	32
64	35
64	42
64	43
64	47
64	58
64	60
64	76
64	77
64	78
64	79
64	81
65	6
65	8
65	13
65	28
65	38
65	51
65	52
65	53
65	72
65	74
65	75
65	76
65	78
65	79
66	4
66	7
66	10
66	14
66	18
66	24
66	35
66	37
66	45
66	47
66	53
66	68
66	71
66	74
66	81
67	7
67	26
67	29
67	36
67	45
67	46
67	54
67	57
67	58
67	62
67	74
67	76
67	79
67	80
67	81
68	9
68	13
68	18
68	19
68	31
68	35
68	49
68	53
68	56
68	66
68	71
68	75
68	77
68	78
68	80
69	12
69	23
69	33
69	38
69	44
69	46
69	48
69	49
69	51
69	53
69	57
69	59
69	60
69	73
69	74
69	80
69	81
70	2
70	8
70	11
70	13
70	21
70	24
70	29
70	30
70	35
70	43
70	58
70	72
70	75
70	76
70	77
70	78
70	79
70	80
71	8
71	10
71	16
71	25
71	43
71	47
71	49
71	52
71	55
71	61
71	66
71	68
71	72
71	73
71	75
71	77
71	78
71	79
72	21
72	22
72	25
72	26
72	38
72	44
72	45
72	54
72	55
72	61
72	63
72	65
72	70
72	71
72	73
72	75
72	78
72	79
72	81
73	2
73	8
73	17
73	21
73	31
73	32
73	37
73	42
73	43
73	45
73	52
73	55
73	61
73	62
73	69
73	71
73	72
73	76
73	77
73	78
74	2
74	12
74	17
74	20
74	24
74	27
74	32
74	38
74	45
74	54
74	57
74	60
74	62
74	65
74	66
74	67
74	69
74	76
74	77
74	80
75	13
75	18
75	25
75	30
75	36
75	39
75	42
75	47
75	48
75	50
75	51
75	58
75	63
75	65
75	68
75	70
75	71
75	72
75	77
75	79
76	1
76	3
76	14
76	30
76	33
76	34
76	42
76	51
76	52
76	55
76	60
76	61
76	63
76	64
76	65
76	67
76	70
76	73
76	74
76	77
76	78
77	5
77	10
77	22
77	27
77	31
77	33
77	37
77	42
77	47
77	53
77	55
77	64
77	68
77	70
77	71
77	73
77	74
77	75
77	76
77	78
77	79
78	1
78	7
78	12
78	14
78	15
78	32
78	33
78	34
78	38
78	46
78	49
78	57
78	64
78	65
78	68
78	70
78	71
78	72
78	73
78	76
78	77
78	80
79	5
79	6
79	8
79	14
79	21
79	26
79	32
79	34
79	39
79	41
79	48
79	55
79	61
79	64
79	65
79	67
79	70
79	71
79	72
79	75
79	77
79	81
80	3
80	4
80	7
80	14
80	17
80	20
80	22
80	27
80	29
80	38
80	44
80	45
80	47
80	48
80	51
80	54
80	62
80	67
80	68
80	69
80	70
80	74
80	78
81	6
81	11
81	12
81	13
81	23
81	28
81	36
81	40
81	41
81	44
81	46
81	48
81	50
81	53
81	54
81	56
81	58
81	59
81	60
81	64
81	66
81	67
81	69
81	72
81	79
