1	25
1	49
1	51
1	73
1	75
1	76
2	14
2	31
2	46
2	51
2	63
2	81
3	46
3	51
3	52
3	56
3	58
3	66
4	12
4	21
4	50
4	55
4	62
4	81
5	31
5	60
5	61
5	67
5	70
5	72
6	37
6	64
6	73
6	75
6	77
6	81
7	34
7	61
7	65
7	78
7	80
7	81
8	24
8	45
8	60
8	64
8	73
8	75
9	33
9	64
9	65
9	72
9	73
9	75
10	28
10	41
10	63
10	69
10	73
10	79
11	50
11	51
11	60
11	63
11	70
11	74
12	4
12	44
12	61
12	72
12	76
12	78
13	14
13	46
13	51
13	70
13	75
13	78
14	2
14	13
14	25
14	34
14	56
14	71
14	81
15	18
15	24
15	32
15	39
15	54
15	69
15	71
16	32
16	36
16	40
16	50
16	67
16	70
16	72
17	31
17	59
17	72
17	77
17	78
17	79
17	80
18	15
18	35
18	57
18	68
18	77
18	78
18	80
19	46
19	49
19	53
19	58
19	66
19	73
19	75
20	37
20	50
20	55
20	58
20	61
20	73
20	75
21	4
21	37
21	45
21	63
21	69
21	72
21	79
22	47
22	49
22	59
22	60
22	73
22	80
22	81
23	28
23	39
23	57
23	67
23	68
23	74
23	77
24	8
24	15
24	43
24	54
24	72
24	74
24	81
25	1
25	14
25	42
25	59
25	61
25	67
25	72
26	33
26	49
26	58
26	59
26	62
26	75
26	77
27	34
27	35
27	46
27	56
27	65
27	73
27	81
28	10
28	23
28	53
28	54
28	57
28	60
28	62
28	71
29	30
29	34
29	46
29	51
29	54
29	56
29	69
29	74
30	29
30	46
30	63
30	70
30	72
30	76
30	80
30	81
31	2
31	5
31	17
31	32
31	53
31	59
31	63
31	77
32	15
32	16
32	31
32	33
32	39
32	54
32	58
32	59
32	66
33	9
33	26
33	32
33	39
33	43
33	45
33	54
33	74
33	79
34	7
34	14
34	27
34	29
34	50
34	51
34	56
34	70
34	80
35	18
35	27
35	56
35	59
35	62
35	66
35	71
35	76
35	81
36	16
36	50
36	53
36	55
36	62
36	63
36	67
36	77
36	80
37	6
37	20
37	21
37	41
37	61
37	62
37	65
37	67
37	72
38	55
38	60
38	65
38	66
38	74
38	75
38	76
38	78
38	79
39	15
39	23
39	32
39	33
39	43
39	47
39	54
39	76
39	81
40	16
40	42
40	44
40	52
40	60
40	67
40	72
40	79
40	80
41	10
41	37
41	48
41	56
41	68
41	70
41	71
41	76
41	81
42	25
42	40
42	53
42	56
42	61
42	69
42	74
42	79
42	81
43	24
43	33
43	39
43	54
43	64
43	65
43	70
43	72
43	73
44	12
44	40
44	54
44	57
44	61
44	67
44	72
44	74
44	75
44	79
45	8
45	21
45	33
45	59
45	65
45	69
45	71
45	74
45	78
45	79
46	2
46	3
46	13
46	19
46	27
46	29
46	30
46	53
46	68
46	76
47	22
47	39
47	48
47	51
47	52
47	62
47	67
47	70
47	78
47	80
48	41
48	47
48	55
48	60
48	63
48	65
48	68
48	71
48	74
48	79
48	81
49	1
49	19
49	22
49	26
49	58
49	59
49	64
49	69
49	73
49	75
49	78
50	4
50	11
50	16
50	20
50	34
50	36
50	52
50	55
50	62
50	76
50	77
51	1
51	2
51	3
51	11
51	13
51	29
51	34
51	47
51	56
51	69
51	79
52	3
52	40
52	47
52	50
52	66
52	67
52	73
52	76
52	78
52	79
52	80
52	81
53	19
53	28
53	31
53	36
53	42
53	46
53	55
53	59
53	67
53	73
53	77
53	79
54	15
54	24
54	28
54	29
54	32
54	33
54	39
54	43
54	44
54	60
54	71
54	79
55	4
55	20
55	36
55	38
55	48
55	50
55	53
55	57
55	68
55	77
55	78
55	80
56	3
56	14
56	27
56	29
56	34
56	35
56	41
56	42
56	51
56	59
56	62
56	75
57	18
57	23
57	28
57	44
57	55
57	59
57	61
57	62
57	68
57	75
57	77
57	81
58	3
58	19
58	20
58	26
58	32
58	49
58	64
58	67
58	68
58	73
58	75
58	77
59	17
59	22
59	25
59	26
59	31
59	32
59	35
59	45
59	49
59	53
59	56
59	57
59	77
60	5
60	8
60	11
60	22
60	28
60	38
60	40
60	48
60	54
60	66
60	69
60	74
60	79
61	5
61	7
61	12
61	20
61	25
61	37
61	42
61	44
61	57
61	67
61	68
61	72
61	78
62	4
62	26
62	28
62	35
62	36
62	37
62	47
62	50
62	56
62	57
62	66
62	74
62	77
62	79
63	2
63	10
63	11
63	21
63	30
63	31
63	36
63	48
63	65
63	69
63	70
63	71
63	76
63	79
64	6
64	8
64	9
64	43
64	49
64	58
64	66
64	68
64	69
64	72
64	73
64	75
64	76
64	80
65	7
65	9
65	27
65	37
65	38
65	43
65	45
65	48
65	63
65	69
65	72
65	74
65	79
65	80
66	3
66	19
66	32
66	35
66	38
66	52
66	60
66	62
66	64
66	69
66	70
66	71
66	76
66	78
66	80
66	81
67	5
67	16
67	23
67	25
67	36
67	37
67	40
67	44
67	47
67	52
67	53
67	58
67	61
67	68
67	72
67	74
67	75
68	18
68	23
68	41
68	46
68	48
68	55
68	57
68	58
68	61
68	64
68	67
68	70
68	71
68	76
68	78
68	80
68	81
69	10
69	15
69	21
69	29
69	42
69	45
69	49
69	51
69	60
69	63
69	64
69	65
69	66
69	73
69	74
69	78
69	79
69	80
70	5
70	11
70	13
70	16
70	30
70	34
70	41
70	43
70	47
70	63
70	66
70	68
70	71
70	75
70	76
70	77
70	78
70	81
71	14
71	15
71	28
71	35
71	41
71	45
71	48
71	54
71	63
71	66
71	68
71	70
71	76
71	77
71	78
71	79
71	80
71	81
72	5
72	9
72	12
72	16
72	17
72	21
72	24
72	25
72	30
72	37
72	40
72	43
72	44
72	61
72	64
72	65
72	67
72	77
72	80
73	1
73	6
73	8
73	9
73	10
73	19
73	20
73	22
73	27
73	43
73	49
73	52
73	53
73	58
73	64
73	69
73	75
73	77
73	81
74	11
74	23
74	24
74	29
74	33
74	38
74	42
74	44
74	45
74	48
74	60
74	62
74	65
74	67
74	69
74	76
74	77
74	79
74	80
75	1
75	6
75	8
75	9
75	13
75	19
75	20
75	26
75	38
75	44
75	49
75	56
75	57
75	58
75	64
75	67
75	70
75	73
75	77
75	78
76	1
76	12
76	30
76	35
76	38
76	39
76	41
76	46
76	50
76	52
76	63
76	64
76	66
76	68
76	70
76	71
76	74
76	78
76	79
76	80
76	81
77	6
77	17
77	18
77	23
77	26
77	31
77	36
77	50
77	53
77	55
77	57
77	58
77	59
77	62
77	70
77	71
77	72
77	73
77	74
77	75
77	78
77	80
78	7
78	12
78	13
78	17
78	18
78	38
78	45
78	47
78	49
78	52
78	55
78	61
78	66
78	68
78	69
78	70
78	71
78	75
78	76
78	77
78	80
78	81
79	10
79	17
79	21
79	33
79	38
79	40
79	42
79	44
79	45
79	48
79	51
79	52
79	53
79	54
79	60
79	62
79	63
79	65
79	69
79	71
79	74
79	76
79	81
80	7
80	17
80	18
80	22
80	30
80	34
80	36
80	40
80	47
80	52
80	55
80	64
80	65
80	66
80	68
80	69
80	71
80	72
80	74
80	76
80	77
80	78
80	81
81	2
81	4
81	6
81	7
81	14
81	22
81	24
81	27
81	30
81	35
81	39
81	41
81	42
81	48
81	52
81	57
81	66
81	68
81	70
81	71
81	73
81	76
81	78
81	79
81	80
