1	19
1	22
1	45
1	46
1	57
1	73
2	37
2	48
2	64
2	66
2	68
2	81
3	15
3	42
3	64
3	66
3	75
3	79
4	11
4	45
4	73
4	74
4	79
4	80
5	26
5	69
5	70
5	71
5	74
5	79
6	33
6	67
6	73
6	74
6	80
6	81
7	28
7	37
7	44
7	58
7	78
7	79
8	12
8	19
8	23
8	60
8	78
8	81
9	16
9	39
9	63
9	66
9	71
9	79
10	58
10	61
10	64
10	65
10	70
10	77
11	4
11	19
11	64
11	69
11	76
11	81
12	8
12	13
12	20
12	24
12	72
12	76
13	12
13	24
13	40
13	53
13	79
13	80
14	29
14	57
14	72
14	73
14	76
14	80
15	3
15	27
15	29
15	55
15	75
15	78
16	9
16	17
16	44
16	52
16	59
16	69
16	71
17	16
17	30
17	36
17	45
17	53
17	77
17	79
18	28
18	42
18	53
18	59
18	67
18	75
18	76
19	1
19	8
19	11
19	30
19	52
19	75
19	79
20	12
20	33
20	37
20	52
20	55
20	56
20	63
21	59
21	61
21	63
21	64
21	68
21	75
21	80
22	1
22	45
22	46
22	53
22	75
22	79
22	81
23	8
23	31
23	58
23	63
23	68
23	71
23	78
24	12
24	13
24	51
24	53
24	74
24	75
24	80
25	26
25	48
25	49
25	60
25	61
25	66
25	77
26	5
26	25
26	27
26	35
26	44
26	69
26	78
27	15
27	26
27	48
27	50
27	69
27	76
27	77
28	7
28	18
28	47
28	61
28	67
28	74
28	75
29	14
29	15
29	53
29	59
29	62
29	79
29	81
30	17
30	19
30	32
30	45
30	47
30	55
30	68
30	76
31	23
31	48
31	50
31	58
31	60
31	62
31	64
31	71
32	30
32	40
32	43
32	47
32	51
32	52
32	56
32	69
33	6
33	20
33	55
33	58
33	64
33	72
33	75
33	81
34	42
34	44
34	66
34	67
34	70
34	71
34	79
34	81
35	26
35	52
35	70
35	74
35	75
35	76
35	78
35	81
36	17
36	38
36	46
36	50
36	56
36	70
36	79
36	81
37	2
37	7
37	20
37	49
37	54
37	61
37	72
37	78
38	36
38	44
38	55
38	74
38	75
38	78
38	79
38	81
39	9
39	59
39	65
39	70
39	71
39	72
39	73
39	81
40	13
40	32
40	51
40	57
40	62
40	68
40	77
40	78
41	46
41	57
41	61
41	63
41	67
41	68
41	71
41	81
42	3
42	18
42	34
42	45
42	65
42	77
42	78
42	79
42	80
43	32
43	49
43	53
43	58
43	60
43	73
43	74
43	77
43	80
44	7
44	16
44	26
44	34
44	38
44	48
44	57
44	59
44	64
45	1
45	4
45	17
45	22
45	30
45	42
45	71
45	73
45	80
46	1
46	22
46	36
46	41
46	47
46	56
46	59
46	66
46	68
47	28
47	30
47	32
47	46
47	51
47	57
47	72
47	74
47	81
48	2
48	25
48	27
48	31
48	44
48	50
48	56
48	66
48	74
48	80
49	25
49	37
49	43
49	51
49	70
49	72
49	76
49	78
49	79
49	80
50	27
50	31
50	36
50	48
50	56
50	57
50	63
50	71
50	72
50	74
51	24
51	32
51	40
51	47
51	49
51	55
51	57
51	73
51	75
51	80
52	16
52	19
52	20
52	32
52	35
52	54
52	62
52	75
52	77
52	81
53	13
53	17
53	18
53	22
53	24
53	29
53	43
53	57
53	67
53	68
54	37
54	52
54	62
54	65
54	66
54	69
54	76
54	77
54	78
54	80
55	15
55	20
55	30
55	33
55	38
55	51
55	58
55	67
55	75
55	81
56	20
56	32
56	36
56	46
56	48
56	50
56	60
56	62
56	63
56	69
56	71
57	1
57	14
57	40
57	41
57	44
57	47
57	50
57	51
57	53
57	60
57	65
58	7
58	10
58	23
58	31
58	33
58	43
58	55
58	61
58	67
58	75
58	77
59	16
59	18
59	21
59	29
59	39
59	44
59	46
59	61
59	65
59	69
59	72
59	77
60	8
60	25
60	31
60	43
60	56
60	57
60	68
60	70
60	76
60	77
60	78
60	80
61	10
61	21
61	25
61	28
61	37
61	41
61	58
61	59
61	63
61	67
61	75
61	76
62	29
62	31
62	40
62	52
62	54
62	56
62	65
62	69
62	72
62	79
62	80
62	81
63	9
63	20
63	21
63	23
63	41
63	50
63	56
63	61
63	66
63	68
63	76
63	79
64	2
64	3
64	10
64	11
64	21
64	31
64	33
64	44
64	66
64	67
64	73
64	75
65	10
65	39
65	42
65	54
65	57
65	59
65	62
65	69
65	72
65	73
65	74
65	76
65	78
65	80
66	2
66	3
66	9
66	25
66	34
66	46
66	48
66	54
66	63
66	64
66	68
66	71
66	77
66	78
67	6
67	18
67	28
67	34
67	41
67	53
67	55
67	58
67	61
67	64
67	70
67	75
67	77
67	81
68	2
68	21
68	23
68	30
68	40
68	41
68	46
68	53
68	60
68	63
68	66
68	71
68	73
68	76
69	5
69	11
69	16
69	26
69	27
69	32
69	54
69	56
69	59
69	62
69	65
69	70
69	72
69	74
69	77
69	81
70	5
70	10
70	34
70	35
70	36
70	39
70	49
70	60
70	67
70	69
70	73
70	74
70	75
70	77
70	79
70	81
71	5
71	9
71	16
71	23
71	31
71	34
71	39
71	41
71	45
71	50
71	56
71	66
71	68
71	73
71	79
71	80
72	12
72	14
72	33
72	37
72	39
72	47
72	49
72	50
72	59
72	62
72	65
72	69
72	77
72	78
72	79
72	80
73	1
73	4
73	6
73	14
73	39
73	43
73	45
73	51
73	64
73	65
73	68
73	70
73	71
73	74
73	76
73	77
73	78
73	79
74	4
74	5
74	6
74	24
74	28
74	35
74	38
74	43
74	47
74	48
74	50
74	65
74	69
74	70
74	73
74	76
74	77
74	78
74	80
75	3
75	15
75	18
75	19
75	21
75	22
75	24
75	28
75	33
75	35
75	38
75	51
75	52
75	55
75	58
75	61
75	64
75	67
75	70
75	80
75	81
76	11
76	12
76	14
76	18
76	27
76	30
76	35
76	49
76	54
76	60
76	61
76	63
76	65
76	68
76	73
76	74
76	77
76	78
76	79
76	80
76	81
77	10
77	17
77	25
77	27
77	40
77	42
77	43
77	52
77	54
77	58
77	59
77	60
77	66
77	67
77	69
77	70
77	72
77	73
77	74
77	76
77	78
77	80
78	7
78	8
78	15
78	23
78	26
78	35
78	37
78	38
78	40
78	42
78	49
78	54
78	60
78	65
78	66
78	72
78	73
78	74
78	76
78	77
78	80
78	81
79	3
79	4
79	5
79	7
79	9
79	13
79	17
79	19
79	22
79	29
79	34
79	36
79	38
79	42
79	49
79	62
79	63
79	70
79	71
79	72
79	73
79	76
79	81
80	4
80	6
80	13
80	14
80	21
80	24
80	42
80	43
80	45
80	48
80	49
80	51
80	54
80	60
80	62
80	65
80	71
80	72
80	74
80	75
80	76
80	77
80	78
80	81
81	2
81	6
81	8
81	11
81	22
81	29
81	33
81	34
81	35
81	36
81	38
81	39
81	41
81	47
81	52
81	55
81	62
81	67
81	69
81	70
81	75
81	76
81	78
81	79
81	80
