1	37
1	58
1	68
1	74
1	80
1	81
2	46
2	50
2	64
2	68
2	70
2	74
3	8
3	28
3	32
3	48
3	58
3	76
4	12
4	13
4	36
4	47
4	59
4	60
5	11
5	13
5	26
5	57
5	62
5	79
6	20
6	27
6	38
6	43
6	65
6	75
7	20
7	50
7	59
7	66
7	77
7	79
8	3
8	33
8	48
8	51
8	69
8	74
9	24
9	42
9	46
9	70
9	76
9	77
10	47
10	49
10	55
10	56
10	64
10	78
11	5
11	35
11	65
11	73
11	76
11	80
12	4
12	58
12	68
12	75
12	76
12	77
13	4
13	5
13	58
13	69
13	72
13	73
13	79
14	15
14	29
14	55
14	56
14	69
14	70
14	73
15	14
15	16
15	41
15	67
15	68
15	69
15	77
16	15
16	25
16	36
16	50
16	55
16	64
16	75
17	72
17	73
17	76
17	78
17	79
17	80
17	81
18	43
18	44
18	51
18	56
18	57
18	65
18	77
19	25
19	32
19	66
19	73
19	78
19	80
19	81
20	6
20	7
20	41
20	43
20	51
20	62
20	72
21	49
21	56
21	57
21	59
21	62
21	63
21	77
22	23
22	59
22	67
22	71
22	73
22	74
22	81
23	22
23	25
23	53
23	57
23	59
23	60
23	62
24	9
24	33
24	37
24	42
24	54
24	56
24	79
24	80
25	16
25	19
25	23
25	29
25	47
25	55
25	56
25	69
26	5
26	33
26	53
26	59
26	60
26	62
26	73
26	75
27	6
27	28
27	31
27	33
27	38
27	48
27	51
27	55
28	3
28	27
28	38
28	41
28	48
28	76
28	78
28	81
29	14
29	25
29	35
29	47
29	55
29	56
29	71
29	78
30	36
30	46
30	47
30	50
30	53
30	65
30	67
30	81
31	27
31	34
31	61
31	62
31	69
31	76
31	77
31	79
32	3
32	19
32	35
32	43
32	54
32	65
32	75
32	76
33	8
33	24
33	26
33	27
33	38
33	59
33	62
33	71
34	31
34	49
34	52
34	61
34	72
34	78
34	80
34	81
35	11
35	29
35	32
35	48
35	55
35	58
35	69
35	75
36	4
36	16
36	30
36	50
36	53
36	54
36	65
36	74
36	75
37	1
37	24
37	38
37	65
37	69
37	72
37	73
37	75
37	79
38	6
38	27
38	28
38	33
38	37
38	45
38	48
38	67
38	70
39	40
39	46
39	56
39	57
39	61
39	66
39	70
39	71
39	74
40	39
40	44
40	63
40	72
40	74
40	78
40	79
40	80
40	81
41	15
41	20
41	28
41	64
41	68
41	70
41	72
41	78
41	80
41	81
42	9
42	24
42	43
42	61
42	68
42	72
42	76
42	78
42	80
42	81
43	6
43	18
43	20
43	32
43	42
43	44
43	50
43	53
43	60
43	79
44	18
44	40
44	43
44	51
44	53
44	64
44	65
44	70
44	71
44	77
45	38
45	53
45	63
45	70
45	72
45	75
45	78
45	79
45	80
45	81
46	2
46	9
46	30
46	39
46	50
46	70
46	71
46	74
46	75
46	76
47	4
47	10
47	25
47	29
47	30
47	55
47	56
47	62
47	68
47	80
48	3
48	8
48	27
48	28
48	35
48	38
48	55
48	64
48	69
48	74
48	78
49	10
49	21
49	34
49	52
49	58
49	61
49	70
49	71
49	74
49	77
49	80
50	2
50	7
50	16
50	30
50	36
50	43
50	46
50	53
50	65
50	67
50	78
51	8
51	18
51	20
51	27
51	44
51	52
51	53
51	65
51	66
51	73
51	81
52	34
52	49
52	51
52	58
52	67
52	69
52	70
52	71
52	74
52	78
52	79
53	23
53	26
53	30
53	36
53	43
53	44
53	45
53	50
53	51
53	60
53	80
53	81
54	24
54	32
54	36
54	56
54	62
54	66
54	71
54	72
54	73
54	76
54	79
54	81
55	10
55	14
55	16
55	25
55	27
55	29
55	35
55	47
55	48
55	56
55	78
55	80
56	10
56	14
56	18
56	21
56	24
56	25
56	29
56	39
56	47
56	54
56	55
56	75
57	5
57	18
57	21
57	23
57	39
57	59
57	60
57	62
57	67
57	71
57	77
57	79
58	1
58	3
58	12
58	13
58	35
58	49
58	52
58	61
58	67
58	70
58	71
58	74
58	78
59	4
59	7
59	21
59	22
59	23
59	26
59	33
59	57
59	60
59	62
59	73
59	76
59	79
60	4
60	23
60	26
60	43
60	53
60	57
60	59
60	62
60	63
60	67
60	71
60	77
60	79
61	31
61	34
61	39
61	42
61	49
61	58
61	67
61	70
61	71
61	74
61	76
61	79
61	81
62	5
62	20
62	21
62	23
62	26
62	31
62	33
62	47
62	54
62	57
62	59
62	60
62	73
62	80
63	21
63	40
63	45
63	60
63	64
63	65
63	68
63	70
63	72
63	76
63	77
63	78
63	80
63	81
64	2
64	10
64	16
64	41
64	44
64	48
64	63
64	66
64	69
64	72
64	73
64	75
64	77
64	79
65	6
65	11
65	18
65	30
65	32
65	36
65	37
65	44
65	50
65	51
65	63
65	66
65	73
65	77
66	7
66	19
66	39
66	51
66	54
66	64
66	65
66	68
66	71
66	73
66	74
66	75
66	77
66	79
67	15
67	22
67	30
67	38
67	50
67	52
67	57
67	58
67	60
67	61
67	69
67	70
67	71
67	74
68	1
68	2
68	12
68	15
68	41
68	42
68	47
68	63
68	66
68	70
68	72
68	77
68	78
68	79
68	80
68	81
69	8
69	13
69	14
69	15
69	25
69	31
69	35
69	37
69	48
69	52
69	64
69	67
69	72
69	74
69	75
69	76
69	77
69	81
70	2
70	9
70	14
70	38
70	39
70	41
70	44
70	45
70	46
70	49
70	52
70	58
70	61
70	63
70	67
70	68
70	74
70	80
71	22
71	29
71	33
71	39
71	44
71	46
71	49
71	52
71	54
71	57
71	58
71	60
71	61
71	66
71	67
71	72
71	74
71	75
72	13
72	17
72	20
72	34
72	37
72	40
72	41
72	42
72	45
72	54
72	63
72	64
72	68
72	69
72	71
72	75
72	76
72	78
72	80
72	81
73	11
73	13
73	14
73	17
73	19
73	22
73	26
73	37
73	51
73	54
73	59
73	62
73	64
73	65
73	66
73	74
73	76
73	77
73	79
73	81
74	1
74	2
74	8
74	22
74	36
74	39
74	40
74	46
74	48
74	49
74	52
74	58
74	61
74	66
74	67
74	69
74	70
74	71
74	73
74	76
74	78
75	6
75	12
75	16
75	26
75	32
75	35
75	36
75	37
75	45
75	46
75	56
75	64
75	66
75	69
75	71
75	72
75	76
75	77
75	79
75	80
75	81
76	3
76	9
76	11
76	12
76	17
76	28
76	31
76	32
76	42
76	46
76	54
76	59
76	61
76	63
76	69
76	72
76	73
76	74
76	75
76	77
76	79
76	80
76	81
77	7
77	9
77	12
77	15
77	18
77	21
77	31
77	44
77	49
77	57
77	60
77	63
77	64
77	65
77	66
77	68
77	69
77	73
77	75
77	76
77	78
77	80
77	81
78	10
78	17
78	19
78	28
78	29
78	34
78	40
78	41
78	42
78	45
78	48
78	50
78	52
78	55
78	58
78	63
78	68
78	72
78	74
78	77
78	79
78	80
78	81
79	5
79	7
79	13
79	17
79	24
79	31
79	37
79	40
79	43
79	45
79	52
79	54
79	57
79	59
79	60
79	61
79	64
79	66
79	68
79	73
79	75
79	76
79	78
80	1
80	11
80	17
80	19
80	24
80	34
80	40
80	41
80	42
80	45
80	47
80	49
80	53
80	55
80	62
80	63
80	68
80	70
80	72
80	75
80	76
80	77
80	78
80	81
81	1
81	17
81	19
81	22
81	28
81	30
81	34
81	40
81	41
81	42
81	45
81	51
81	53
81	54
81	61
81	63
81	68
81	69
81	72
81	73
81	75
81	76
81	77
81	78
81	80
