1	2
1	23
1	59
1	71
1	73
1	80
2	1
2	7
2	43
2	53
2	70
2	79
3	16
3	24
3	35
3	61
3	77
3	80
4	17
4	37
4	45
4	51
4	64
4	76
5	18
5	27
5	69
5	72
5	75
5	78
6	14
6	35
6	58
6	60
6	61
6	73
7	2
7	34
7	49
7	54
7	73
7	81
8	42
8	52
8	58
8	60
8	61
8	70
9	13
9	26
9	29
9	58
9	64
9	76
10	38
10	45
10	51
10	65
10	74
10	76
11	44
11	58
11	67
11	71
11	79
11	80
12	31
12	49
12	52
12	57
12	66
12	74
13	9
13	20
13	34
13	60
13	65
13	77
14	6
14	36
14	55
14	57
14	79
14	80
15	25
15	52
15	55
15	64
15	67
15	75
16	3
16	54
16	75
16	77
16	80
16	81
17	4
17	39
17	53
17	56
17	66
17	75
17	76
18	5
18	40
18	49
18	58
18	75
18	76
18	78
19	51
19	60
19	64
19	68
19	76
19	77
19	81
20	13
20	36
20	37
20	48
20	61
20	75
20	77
21	23
21	53
21	55
21	62
21	68
21	69
21	71
22	40
22	41
22	45
22	57
22	60
22	74
22	78
23	1
23	21
23	43
23	60
23	68
23	69
23	77
24	3
24	44
24	52
24	63
24	66
24	71
24	79
25	15
25	47
25	50
25	58
25	60
25	61
25	66
25	81
26	9
26	54
26	56
26	66
26	67
26	72
26	73
26	79
27	5
27	38
27	66
27	69
27	71
27	75
27	76
27	78
28	35
28	39
28	40
28	45
28	46
28	62
28	67
28	70
29	9
29	31
29	36
29	41
29	45
29	62
29	72
29	74
30	53
30	56
30	63
30	65
30	68
30	69
30	74
30	76
31	12
31	29
31	58
31	64
31	65
31	70
31	78
31	81
32	36
32	49
32	56
32	63
32	68
32	74
32	77
32	81
33	40
33	51
33	64
33	71
33	72
33	79
33	80
33	81
34	7
34	13
34	38
34	46
34	55
34	68
34	77
34	81
35	3
35	6
35	28
35	42
35	62
35	70
35	71
35	73
36	14
36	20
36	29
36	32
36	37
36	44
36	56
36	71
36	81
37	4
37	20
37	36
37	49
37	54
37	69
37	70
37	78
37	79
38	10
38	27
38	34
38	53
38	68
38	69
38	74
38	80
38	81
39	17
39	28
39	45
39	47
39	51
39	66
39	68
39	74
39	75
40	18
40	22
40	28
40	33
40	55
40	72
40	75
40	78
40	81
41	22
41	29
41	42
41	45
41	55
41	67
41	73
41	77
41	80
42	8
42	35
42	41
42	61
42	65
42	70
42	73
42	75
42	79
42	80
43	2
43	23
43	49
43	50
43	56
43	63
43	66
43	72
43	74
43	78
44	11
44	24
44	36
44	47
44	58
44	60
44	61
44	67
44	77
45	4
45	10
45	22
45	28
45	29
45	39
45	41
45	62
45	74
45	76
46	28
46	34
46	48
46	59
46	64
46	70
46	71
46	72
46	73
46	80
47	25
47	39
47	44
47	52
47	58
47	60
47	61
47	68
47	70
47	75
48	20
48	46
48	51
48	59
48	62
48	63
48	65
48	70
48	71
48	74
48	81
49	7
49	12
49	18
49	32
49	37
49	43
49	50
49	52
49	57
49	72
49	80
50	25
50	43
50	49
50	53
50	56
50	68
50	69
50	74
50	75
50	78
50	81
51	4
51	10
51	19
51	33
51	39
51	48
51	61
51	64
51	66
51	69
51	71
51	72
52	8
52	12
52	15
52	24
52	47
52	49
52	59
52	66
52	74
52	75
52	77
52	78
53	2
53	17
53	21
53	30
53	38
53	50
53	57
53	59
53	62
53	70
53	71
53	78
54	7
54	16
54	26
54	37
54	56
54	57
54	65
54	67
54	69
54	73
54	79
54	80
55	14
55	15
55	21
55	34
55	40
55	41
55	68
55	71
55	74
55	76
55	77
55	81
56	17
56	26
56	30
56	32
56	36
56	43
56	50
56	54
56	58
56	66
56	67
56	69
56	72
57	12
57	14
57	22
57	49
57	53
57	54
57	65
57	70
57	72
57	73
57	78
57	79
57	80
58	6
58	8
58	9
58	11
58	18
58	25
58	31
58	44
58	47
58	56
58	60
58	61
58	74
59	1
59	46
59	48
59	52
59	53
59	62
59	66
59	70
59	71
59	73
59	74
59	77
59	79
60	6
60	8
60	13
60	19
60	22
60	23
60	25
60	44
60	47
60	58
60	61
60	63
60	68
60	80
61	3
61	6
61	8
61	20
61	25
61	42
61	44
61	47
61	51
61	58
61	60
61	67
61	76
61	77
62	21
62	28
62	29
62	35
62	45
62	48
62	53
62	59
62	70
62	71
62	75
62	76
62	80
62	81
63	24
63	30
63	32
63	43
63	48
63	60
63	66
63	67
63	68
63	72
63	76
63	77
63	78
63	79
63	80
64	4
64	9
64	15
64	19
64	31
64	33
64	46
64	51
64	66
64	68
64	69
64	72
64	75
64	76
64	81
65	10
65	13
65	30
65	31
65	42
65	48
65	54
65	57
65	67
65	73
65	74
65	75
65	77
65	79
65	80
66	12
66	17
66	24
66	25
66	26
66	27
66	39
66	43
66	51
66	52
66	56
66	59
66	63
66	64
66	81
67	11
67	15
67	26
67	28
67	41
67	44
67	54
67	56
67	61
67	63
67	65
67	73
67	76
67	79
67	80
67	81
68	19
68	21
68	23
68	30
68	32
68	34
68	38
68	39
68	47
68	50
68	55
68	60
68	63
68	64
68	69
68	75
68	78
69	5
69	21
69	23
69	27
69	30
69	37
69	38
69	50
69	51
69	54
69	56
69	64
69	68
69	74
69	76
69	78
69	79
69	81
70	2
70	8
70	28
70	31
70	35
70	37
70	42
70	46
70	47
70	48
70	53
70	57
70	59
70	62
70	71
70	73
70	78
70	79
71	1
71	11
71	21
71	24
71	27
71	33
71	35
71	36
71	46
71	48
71	51
71	53
71	55
71	59
71	62
71	70
71	73
71	76
72	5
72	26
72	29
72	33
72	40
72	43
72	46
72	49
72	51
72	56
72	57
72	63
72	64
72	75
72	77
72	78
72	79
72	81
73	1
73	6
73	7
73	26
73	35
73	41
73	42
73	46
73	54
73	57
73	59
73	65
73	67
73	70
73	71
73	76
73	79
73	80
74	10
74	12
74	22
74	29
74	30
74	32
74	38
74	39
74	43
74	45
74	48
74	50
74	52
74	55
74	58
74	59
74	65
74	69
74	78
75	5
75	15
75	16
75	17
75	18
75	20
75	27
75	39
75	40
75	42
75	47
75	50
75	52
75	62
75	64
75	65
75	68
75	72
75	78
76	4
76	9
76	10
76	17
76	18
76	19
76	27
76	30
76	45
76	55
76	61
76	62
76	63
76	64
76	67
76	69
76	71
76	73
76	77
76	78
77	3
77	13
77	16
77	19
77	20
77	23
77	32
77	34
77	41
77	44
77	52
77	55
77	59
77	61
77	63
77	65
77	72
77	76
77	78
77	79
78	5
78	18
78	22
78	27
78	31
78	37
78	40
78	43
78	50
78	52
78	53
78	57
78	63
78	68
78	69
78	70
78	72
78	74
78	75
78	76
78	77
79	2
79	11
79	14
79	24
79	26
79	33
79	37
79	42
79	54
79	57
79	59
79	63
79	65
79	67
79	69
79	70
79	72
79	73
79	77
79	80
79	81
80	1
80	3
80	11
80	14
80	16
80	33
80	38
80	41
80	42
80	46
80	49
80	54
80	57
80	60
80	62
80	63
80	65
80	67
80	73
80	79
80	81
81	7
81	16
81	19
81	25
81	31
81	32
81	33
81	34
81	36
81	38
81	40
81	48
81	50
81	55
81	62
81	64
81	66
81	67
81	69
81	72
81	79
81	80
