1	63
1	64
1	65
1	70
1	71
1	72
2	25
2	30
2	34
2	41
2	59
2	79
3	24
3	45
3	59
3	60
3	73
3	81
4	38
4	43
4	56
4	58
4	78
4	79
5	33
5	37
5	47
5	51
5	67
5	71
6	47
6	67
6	68
6	75
6	77
6	81
7	25
7	38
7	40
7	47
7	67
7	75
8	27
8	44
8	56
8	59
8	68
8	78
9	33
9	75
9	78
9	79
9	80
9	81
10	16
10	35
10	56
10	70
10	74
10	76
11	46
11	49
11	57
11	64
11	70
11	75
12	56
12	76
12	78
12	79
12	80
12	81
13	34
13	48
13	51
13	76
13	79
13	80
14	28
14	29
14	44
14	50
14	60
14	76
15	16
15	69
15	72
15	74
15	76
15	81
16	10
16	15
16	19
16	40
16	62
16	80
17	49
17	63
17	67
17	71
17	76
17	77
18	30
18	56
18	65
18	66
18	79
18	81
19	16
19	26
19	63
19	69
19	71
19	74
19	75
20	39
20	40
20	57
20	58
20	65
20	73
20	78
21	29
21	31
21	46
21	48
21	60
21	73
21	78
22	29
22	38
22	60
22	62
22	66
22	80
22	81
23	45
23	50
23	52
23	62
23	67
23	69
23	70
24	3
24	53
24	58
24	59
24	65
24	74
24	76
25	2
25	7
25	49
25	53
25	62
25	65
25	72
26	19
26	39
26	48
26	50
26	67
26	71
26	77
27	8
27	42
27	53
27	64
27	69
27	74
27	77
28	14
28	31
28	32
28	49
28	54
28	76
28	77
29	14
29	21
29	22
29	32
29	50
29	64
29	78
30	2
30	18
30	39
30	59
30	60
30	67
30	77
31	21
31	28
31	39
31	45
31	61
31	80
31	81
32	28
32	29
32	39
32	44
32	68
32	71
32	72
32	75
33	5
33	9
33	35
33	55
33	58
33	72
33	75
33	80
34	2
34	13
34	61
34	62
34	64
34	68
34	76
34	78
35	10
35	33
35	48
35	71
35	73
35	76
35	77
35	81
36	38
36	40
36	55
36	60
36	64
36	72
36	78
36	81
37	5
37	49
37	57
37	59
37	62
37	79
37	80
37	81
38	4
38	7
38	22
38	36
38	41
38	49
38	62
38	64
38	78
39	20
39	26
39	30
39	31
39	32
39	66
39	68
39	72
39	75
40	7
40	16
40	20
40	36
40	53
40	69
40	70
40	73
40	74
41	2
41	38
41	47
41	57
41	65
41	67
41	68
41	75
41	81
42	27
42	43
42	53
42	55
42	57
42	67
42	70
42	76
42	81
43	4
43	42
43	52
43	69
43	70
43	71
43	74
43	77
43	80
44	8
44	14
44	32
44	45
44	49
44	54
44	64
44	78
44	79
45	3
45	23
45	31
45	44
45	55
45	73
45	74
45	79
45	80
45	81
46	11
46	21
46	56
46	58
46	60
46	67
46	71
46	73
46	78
46	80
47	5
47	6
47	7
47	41
47	48
47	63
47	69
47	73
47	77
47	79
48	13
48	21
48	26
48	35
48	47
48	54
48	63
48	64
48	70
48	78
49	11
49	17
49	25
49	28
49	37
49	38
49	44
49	57
49	60
49	78
49	80
50	14
50	23
50	26
50	29
50	52
50	53
50	64
50	66
50	69
50	70
50	77
51	5
51	13
51	53
51	55
51	57
51	63
51	66
51	68
51	73
51	76
51	79
52	23
52	43
52	50
52	54
52	61
52	63
52	65
52	69
52	72
52	74
52	76
53	24
53	25
53	27
53	40
53	42
53	50
53	51
53	54
53	62
53	70
53	73
53	74
54	28
54	44
54	48
54	52
54	53
54	55
54	61
54	68
54	69
54	73
54	76
54	77
55	33
55	36
55	42
55	45
55	51
55	54
55	61
55	64
55	72
55	79
55	80
55	81
56	4
56	8
56	10
56	12
56	18
56	46
56	60
56	61
56	64
56	65
56	72
56	78
57	11
57	20
57	37
57	41
57	42
57	49
57	51
57	61
57	65
57	67
57	72
57	75
58	4
58	20
58	24
58	33
58	46
58	67
58	71
58	72
58	75
58	76
58	79
58	80
59	2
59	3
59	8
59	24
59	30
59	37
59	62
59	68
59	70
59	73
59	75
59	76
59	80
60	3
60	14
60	21
60	22
60	30
60	36
60	46
60	49
60	56
60	68
60	72
60	77
60	78
61	31
61	34
61	52
61	54
61	55
61	56
61	57
61	62
61	65
61	66
61	75
61	79
61	80
61	81
62	16
62	22
62	23
62	25
62	34
62	37
62	38
62	53
62	59
62	61
62	66
62	79
62	80
62	81
63	1
63	17
63	19
63	47
63	48
63	51
63	52
63	68
63	71
63	73
63	74
63	76
63	77
63	78
63	79
64	1
64	11
64	27
64	29
64	34
64	36
64	38
64	44
64	48
64	50
64	55
64	56
64	69
64	78
64	81
65	1
65	18
65	20
65	24
65	25
65	41
65	52
65	56
65	57
65	61
65	71
65	72
65	74
65	75
65	77
66	18
66	22
66	39
66	50
66	51
66	61
66	62
66	67
66	70
66	73
66	77
66	78
66	79
66	80
66	81
67	5
67	6
67	7
67	17
67	23
67	26
67	30
67	41
67	42
67	46
67	57
67	58
67	66
67	72
67	75
67	78
68	6
68	8
68	32
68	34
68	39
68	41
68	51
68	54
68	59
68	60
68	63
68	73
68	77
68	78
68	80
68	81
69	15
69	19
69	23
69	27
69	40
69	43
69	47
69	50
69	52
69	54
69	64
69	70
69	74
69	75
69	76
69	79
69	81
70	1
70	10
70	11
70	23
70	40
70	42
70	43
70	48
70	50
70	53
70	59
70	66
70	69
70	72
70	74
70	77
70	79
71	1
71	5
71	17
71	19
71	26
71	32
71	35
71	43
71	46
71	58
71	63
71	65
71	73
71	74
71	75
71	77
71	81
72	1
72	15
72	25
72	32
72	33
72	36
72	39
72	52
72	55
72	56
72	57
72	58
72	60
72	65
72	67
72	70
72	81
73	3
73	20
73	21
73	35
73	40
73	45
73	46
73	47
73	51
73	53
73	54
73	59
73	63
73	66
73	68
73	71
73	75
73	77
74	10
74	15
74	19
74	24
74	27
74	40
74	43
74	45
74	52
74	53
74	63
74	65
74	69
74	70
74	71
74	75
74	76
74	77
74	78
75	6
75	7
75	9
75	11
75	19
75	32
75	33
75	39
75	41
75	57
75	58
75	59
75	61
75	65
75	67
75	69
75	71
75	73
75	74
75	79
75	80
76	10
76	12
76	13
76	14
76	15
76	17
76	24
76	28
76	34
76	35
76	42
76	51
76	52
76	54
76	58
76	59
76	63
76	69
76	74
76	77
76	79
76	80
77	6
77	17
77	26
77	27
77	28
77	30
77	35
77	43
77	47
77	50
77	54
77	60
77	63
77	65
77	66
77	68
77	70
77	71
77	73
77	74
77	76
77	80
78	4
78	8
78	9
78	12
78	20
78	21
78	29
78	34
78	36
78	38
78	44
78	46
78	48
78	49
78	56
78	60
78	63
78	64
78	66
78	67
78	68
78	74
78	80
79	2
79	4
79	9
79	12
79	13
79	18
79	37
79	44
79	45
79	47
79	51
79	55
79	58
79	61
79	62
79	63
79	66
79	69
79	70
79	75
79	76
79	80
79	81
80	9
80	12
80	13
80	16
80	22
80	31
80	33
80	37
80	43
80	45
80	46
80	49
80	55
80	58
80	59
80	61
80	62
80	66
80	68
80	75
80	76
80	77
80	78
80	79
80	81
81	3
81	6
81	9
81	12
81	15
81	18
81	22
81	31
81	35
81	36
81	37
81	41
81	42
81	45
81	55
81	61
81	62
81	64
81	66
81	68
81	69
81	71
81	72
81	79
81	80
