1	4
1	18
1	45
1	53
1	66
1	73
2	13
2	18
2	50
2	66
2	67
2	74
3	6
3	38
3	61
3	62
3	64
3	71
4	1
4	14
4	27
4	33
4	52
4	59
5	9
5	22
5	77
5	79
5	80
5	81
6	3
6	50
6	51
6	58
6	62
6	64
7	24
7	50
7	60
7	66
7	69
7	76
8	18
8	38
8	50
8	73
8	74
8	80
9	5
9	10
9	26
9	34
9	40
9	49
10	9
10	22
10	54
10	68
10	80
10	81
11	32
11	42
11	51
11	63
11	67
11	71
12	15
12	20
12	48
12	58
12	80
12	81
13	2
13	19
13	24
13	73
13	78
13	81
14	4
14	31
14	36
14	51
14	71
14	80
15	12
15	29
15	32
15	55
15	57
15	60
15	64
16	23
16	26
16	32
16	62
16	71
16	72
16	74
17	31
17	34
17	55
17	63
17	74
17	79
17	80
18	1
18	2
18	8
18	40
18	62
18	70
18	71
19	13
19	23
19	25
19	56
19	69
19	70
19	80
20	12
20	35
20	63
20	68
20	75
20	77
20	79
21	49
21	50
21	56
21	61
21	71
21	72
21	78
22	5
22	10
22	63
22	65
22	66
22	74
22	78
23	16
23	19
23	26
23	47
23	66
23	70
23	76
24	7
24	13
24	59
24	67
24	72
24	73
24	80
25	19
25	35
25	38
25	49
25	51
25	53
25	72
26	9
26	16
26	23
26	55
26	63
26	67
26	71
26	80
27	4
27	33
27	61
27	63
27	64
27	67
27	69
27	77
28	37
28	43
28	44
28	49
28	62
28	74
28	75
28	77
29	15
29	38
29	51
29	58
29	65
29	67
29	76
29	81
30	43
30	54
30	57
30	73
30	75
30	77
30	79
30	81
31	14
31	17
31	32
31	41
31	45
31	61
31	73
31	78
32	11
32	15
32	16
32	31
32	38
32	49
32	51
32	70
33	4
33	27
33	43
33	54
33	56
33	57
33	67
33	71
33	76
34	9
34	17
34	40
34	46
34	54
34	72
34	73
34	74
34	76
35	20
35	25
35	55
35	59
35	61
35	67
35	75
35	80
35	81
36	14
36	37
36	53
36	63
36	65
36	66
36	76
36	78
36	79
37	28
37	36
37	65
37	66
37	68
37	73
37	75
37	76
37	77
38	3
38	8
38	25
38	29
38	32
38	42
38	55
38	64
38	78
38	81
39	41
39	57
39	58
39	60
39	62
39	64
39	68
39	70
39	76
39	78
40	9
40	18
40	34
40	42
40	66
40	67
40	72
40	73
40	74
40	81
41	31
41	39
41	48
41	55
41	58
41	62
41	63
41	65
41	72
41	78
42	11
42	38
42	40
42	46
42	47
42	59
42	70
42	75
42	76
42	78
43	28
43	30
43	33
43	63
43	70
43	72
43	74
43	77
43	78
43	81
44	28
44	53
44	63
44	65
44	68
44	69
44	72
44	73
44	75
44	77
45	1
45	31
45	54
45	57
45	59
45	60
45	64
45	73
45	76
45	77
46	34
46	42
46	56
46	60
46	62
46	64
46	66
46	69
46	72
46	79
47	23
47	42
47	48
47	50
47	60
47	62
47	68
47	75
47	77
47	78
47	79
48	12
48	41
48	47
48	58
48	61
48	68
48	73
48	75
48	76
48	77
48	79
49	9
49	21
49	25
49	28
49	32
49	50
49	54
49	55
49	63
49	69
49	71
50	2
50	6
50	7
50	8
50	21
50	47
50	49
50	58
50	69
50	74
50	81
51	6
51	11
51	14
51	25
51	29
51	32
51	56
51	67
51	69
51	76
51	78
52	4
52	59
52	65
52	66
52	68
52	70
52	73
52	75
52	77
52	78
52	79
52	81
53	1
53	25
53	36
53	44
53	54
53	55
53	61
53	69
53	71
53	77
53	78
53	79
54	10
54	30
54	33
54	34
54	45
54	49
54	53
54	64
54	66
54	74
54	75
54	78
54	79
55	15
55	17
55	26
55	35
55	38
55	41
55	49
55	53
55	60
55	61
55	74
55	80
55	81
56	19
56	21
56	33
56	46
56	51
56	59
56	64
56	72
56	75
56	76
56	78
56	79
56	80
56	81
57	15
57	30
57	33
57	39
57	45
57	59
57	62
57	69
57	70
57	71
57	72
57	75
57	79
57	81
58	6
58	12
58	29
58	39
58	41
58	48
58	50
58	59
58	61
58	67
58	70
58	71
58	73
58	74
58	80
59	4
59	24
59	35
59	42
59	45
59	52
59	56
59	57
59	58
59	63
59	64
59	70
59	74
59	76
59	80
60	7
60	15
60	39
60	45
60	46
60	47
60	55
60	62
60	69
60	70
60	74
60	76
60	79
60	80
60	81
61	3
61	21
61	27
61	31
61	35
61	48
61	53
61	55
61	58
61	65
61	67
61	74
61	77
61	80
61	81
62	3
62	6
62	16
62	18
62	28
62	39
62	41
62	46
62	47
62	57
62	60
62	64
62	66
62	72
62	74
62	78
63	11
63	17
63	20
63	22
63	26
63	27
63	36
63	41
63	43
63	44
63	49
63	59
63	64
63	66
63	68
63	74
64	3
64	6
64	15
64	27
64	38
64	39
64	45
64	46
64	54
64	56
64	59
64	62
64	63
64	70
64	73
64	77
65	22
65	29
65	36
65	37
65	41
65	44
65	52
65	61
65	68
65	71
65	73
65	75
65	77
65	78
65	79
65	80
65	81
66	1
66	2
66	7
66	22
66	23
66	36
66	37
66	40
66	46
66	52
66	54
66	62
66	63
66	70
66	71
66	75
66	79
67	2
67	11
67	24
67	26
67	27
67	29
67	33
67	35
67	40
67	51
67	58
67	61
67	68
67	69
67	70
67	80
67	81
68	10
68	20
68	37
68	39
68	44
68	47
68	48
68	52
68	63
68	65
68	67
68	69
68	72
68	73
68	76
68	77
68	78
68	79
68	80
69	7
69	19
69	27
69	44
69	46
69	49
69	50
69	51
69	53
69	57
69	60
69	67
69	68
69	70
69	72
69	75
69	76
69	78
69	80
70	18
70	19
70	23
70	32
70	39
70	42
70	43
70	52
70	57
70	58
70	59
70	60
70	64
70	66
70	67
70	69
70	75
70	79
70	80
71	3
71	11
71	14
71	16
71	18
71	21
71	26
71	33
71	49
71	53
71	57
71	58
71	65
71	66
71	72
71	73
71	74
71	77
71	78
71	79
72	16
72	21
72	24
72	25
72	34
72	40
72	41
72	43
72	44
72	46
72	56
72	57
72	62
72	68
72	69
72	71
72	75
72	76
72	78
72	80
73	1
73	8
73	13
73	24
73	30
73	31
73	34
73	37
73	40
73	44
73	45
73	48
73	52
73	58
73	64
73	65
73	68
73	71
73	75
73	77
73	79
74	2
74	8
74	16
74	17
74	22
74	28
74	34
74	40
74	43
74	50
74	54
74	55
74	58
74	59
74	60
74	61
74	62
74	63
74	71
74	76
74	80
74	81
75	20
75	28
75	30
75	35
75	37
75	42
75	44
75	47
75	48
75	52
75	54
75	56
75	57
75	65
75	66
75	69
75	70
75	72
75	73
75	77
75	79
75	81
76	7
76	23
76	29
76	33
76	34
76	36
76	37
76	39
76	42
76	45
76	48
76	51
76	56
76	59
76	60
76	68
76	69
76	72
76	74
76	77
76	78
76	81
77	5
77	20
77	27
77	28
77	30
77	37
77	43
77	44
77	45
77	47
77	48
77	52
77	53
77	61
77	64
77	65
77	68
77	71
77	73
77	75
77	76
77	79
77	81
78	13
78	21
78	22
78	31
78	36
78	38
78	39
78	41
78	42
78	43
78	47
78	51
78	52
78	53
78	54
78	56
78	62
78	65
78	68
78	69
78	71
78	72
78	76
79	5
79	17
79	20
79	30
79	36
79	46
79	47
79	48
79	52
79	53
79	54
79	56
79	57
79	60
79	65
79	66
79	68
79	70
79	71
79	73
79	75
79	77
79	81
80	5
80	8
80	10
80	12
80	14
80	17
80	19
80	24
80	26
80	35
80	55
80	56
80	58
80	59
80	60
80	61
80	65
80	67
80	68
80	69
80	70
80	72
80	74
80	81
81	5
81	10
81	12
81	13
81	29
81	30
81	35
81	38
81	40
81	43
81	50
81	52
81	55
81	56
81	57
81	60
81	61
81	65
81	67
81	74
81	75
81	76
81	77
81	79
81	80
