1	13
1	42
1	49
1	61
1	69
1	77
2	45
2	46
2	48
2	56
2	59
2	76
3	51
3	62
3	66
3	73
3	79
3	81
4	12
4	18
4	28
4	46
4	49
4	78
5	13
5	21
5	32
5	37
5	38
5	58
6	13
6	61
6	67
6	79
6	80
6	81
7	53
7	69
7	74
7	75
7	77
7	78
8	22
8	25
8	31
8	39
8	51
8	68
9	40
9	50
9	63
9	65
9	70
9	71
10	31
10	33
10	34
10	45
10	73
10	80
11	28
11	43
11	46
11	79
11	80
11	81
12	4
12	14
12	47
12	49
12	60
12	73
13	1
13	5
13	6
13	47
13	55
13	58
13	62
14	12
14	18
14	20
14	28
14	49
14	51
14	75
15	23
15	25
15	27
15	34
15	35
15	45
15	65
16	22
16	24
16	33
16	34
16	45
16	66
16	77
17	19
17	21
17	32
17	45
17	68
17	72
17	73
18	4
18	14
18	28
18	43
18	49
18	54
18	73
19	17
19	23
19	26
19	47
19	58
19	60
19	62
20	14
20	29
20	47
20	58
20	62
20	76
20	79
21	5
21	17
21	50
21	54
21	58
21	62
21	67
22	8
22	16
22	26
22	53
22	70
22	73
22	74
22	78
23	15
23	19
23	27
23	34
23	45
23	59
23	70
23	80
24	16
24	36
24	51
24	68
24	72
24	79
24	80
24	81
25	8
25	15
25	29
25	56
25	64
25	69
25	76
25	77
26	19
26	22
26	29
26	47
26	58
26	59
26	62
26	64
27	15
27	23
27	33
27	34
27	41
27	64
27	75
27	80
28	4
28	11
28	14
28	18
28	49
28	68
28	75
28	76
29	20
29	25
29	26
29	46
29	47
29	63
29	67
29	75
30	42
30	44
30	50
30	52
30	69
30	73
30	77
30	78
31	8
31	10
31	54
31	57
31	65
31	66
31	70
31	71
32	5
32	17
32	54
32	74
32	76
32	77
32	79
32	81
33	10
33	16
33	27
33	45
33	63
33	69
33	71
33	73
34	10
34	15
34	16
34	23
34	27
34	40
34	61
34	62
34	66
35	15
35	56
35	59
35	63
35	66
35	72
35	77
35	80
35	81
36	24
36	37
36	39
36	44
36	54
36	55
36	56
36	77
36	78
37	5
37	36
37	49
37	53
37	67
37	72
37	79
37	80
37	81
38	5
38	43
38	56
38	60
38	69
38	70
38	71
38	79
38	81
39	8
39	36
39	51
39	64
39	66
39	72
39	79
39	80
39	81
40	9
40	34
40	50
40	52
40	64
40	69
40	72
40	78
40	80
41	27
41	64
41	67
41	69
41	71
41	72
41	79
41	80
41	81
42	1
42	30
42	57
42	60
42	65
42	68
42	70
42	71
42	76
42	81
43	11
43	18
43	38
43	60
43	61
43	65
43	67
43	70
43	71
43	77
44	30
44	36
44	46
44	50
44	57
44	63
44	67
44	73
44	75
44	80
45	2
45	10
45	15
45	16
45	17
45	23
45	33
45	51
45	60
45	78
46	2
46	4
46	11
46	29
46	44
46	54
46	70
46	75
46	77
46	80
47	12
47	13
47	19
47	20
47	26
47	29
47	62
47	69
47	71
47	81
48	2
48	49
48	53
48	64
48	65
48	67
48	73
48	74
48	77
48	78
49	1
49	4
49	12
49	14
49	18
49	28
49	37
49	48
49	57
49	63
50	9
50	21
50	30
50	40
50	44
50	61
50	63
50	73
50	74
50	77
50	78
51	3
51	8
51	14
51	24
51	39
51	45
51	52
51	54
51	74
51	75
51	79
52	30
52	40
52	51
52	62
52	63
52	67
52	74
52	75
52	76
52	78
52	79
53	7
53	22
53	37
53	48
53	54
53	61
53	65
53	68
53	71
53	72
53	76
54	18
54	21
54	31
54	32
54	36
54	46
54	51
54	53
54	68
54	73
54	78
55	13
55	36
55	56
55	57
55	64
55	68
55	69
55	70
55	76
55	77
55	78
55	81
56	2
56	25
56	35
56	36
56	38
56	55
56	61
56	63
56	64
56	66
56	74
56	78
57	31
57	42
57	44
57	49
57	55
57	60
57	65
57	67
57	70
57	71
57	72
57	80
58	5
58	13
58	19
58	20
58	21
58	26
58	62
58	66
58	73
58	74
58	76
58	78
58	79
59	2
59	23
59	26
59	35
59	60
59	66
59	69
59	70
59	72
59	75
59	79
59	80
59	81
60	12
60	19
60	38
60	42
60	43
60	45
60	57
60	59
60	65
60	70
60	71
60	74
60	80
60	81
61	1
61	6
61	34
61	43
61	50
61	53
61	56
61	62
61	64
61	69
61	70
61	76
61	77
61	78
62	3
62	13
62	19
62	20
62	21
62	26
62	34
62	47
62	52
62	58
62	61
62	67
62	68
62	75
63	9
63	29
63	33
63	35
63	44
63	49
63	50
63	52
63	56
63	68
63	73
63	74
63	76
63	81
64	25
64	26
64	27
64	39
64	40
64	41
64	48
64	55
64	56
64	61
64	66
64	77
64	78
64	81
65	9
65	15
65	31
65	42
65	43
65	48
65	53
65	57
65	60
65	70
65	71
65	74
65	78
65	79
65	81
66	3
66	16
66	31
66	34
66	35
66	39
66	56
66	58
66	59
66	64
66	72
66	75
66	77
66	79
66	80
66	81
67	6
67	21
67	29
67	37
67	41
67	43
67	44
67	48
67	52
67	57
67	62
67	68
67	73
67	75
67	76
67	77
67	80
68	8
68	17
68	24
68	28
68	42
68	53
68	54
68	55
68	62
68	63
68	67
68	69
68	71
68	75
68	76
68	79
68	81
69	1
69	7
69	25
69	30
69	33
69	38
69	40
69	41
69	47
69	55
69	59
69	61
69	68
69	73
69	74
69	77
69	78
69	79
70	9
70	22
70	23
70	31
70	38
70	42
70	43
70	46
70	55
70	57
70	59
70	60
70	61
70	65
70	71
70	72
70	76
70	80
71	9
71	31
71	33
71	38
71	41
71	42
71	43
71	47
71	53
71	57
71	60
71	65
71	68
71	70
71	72
71	75
71	76
71	81
72	17
72	24
72	35
72	37
72	39
72	40
72	41
72	53
72	57
72	59
72	66
72	70
72	71
72	74
72	77
72	78
72	79
72	80
72	81
73	3
73	10
73	12
73	17
73	18
73	22
73	30
73	33
73	44
73	48
73	50
73	54
73	58
73	63
73	67
73	69
73	74
73	75
73	76
74	7
74	22
74	32
74	48
74	50
74	51
74	52
74	56
74	58
74	60
74	63
74	65
74	69
74	72
74	73
74	75
74	76
74	77
74	79
75	7
75	14
75	27
75	28
75	29
75	44
75	46
75	51
75	52
75	59
75	62
75	66
75	67
75	68
75	71
75	73
75	74
75	76
75	80
75	81
76	2
76	20
76	25
76	28
76	32
76	42
76	52
76	53
76	55
76	58
76	61
76	63
76	67
76	68
76	70
76	71
76	73
76	74
76	75
76	78
76	80
77	1
77	7
77	16
77	25
77	30
77	32
77	35
77	36
77	43
77	46
77	48
77	50
77	55
77	61
77	64
77	66
77	67
77	69
77	72
77	74
77	78
78	4
78	7
78	22
78	30
78	36
78	40
78	45
78	48
78	50
78	52
78	54
78	55
78	56
78	58
78	61
78	64
78	65
78	69
78	72
78	76
78	77
78	80
79	3
79	6
79	11
79	20
79	24
79	32
79	37
79	38
79	39
79	41
79	51
79	52
79	58
79	59
79	65
79	66
79	68
79	69
79	72
79	74
79	80
79	81
80	6
80	10
80	11
80	23
80	24
80	27
80	35
80	37
80	39
80	40
80	41
80	44
80	46
80	57
80	59
80	60
80	66
80	67
80	70
80	72
80	75
80	76
80	78
80	79
80	81
81	3
81	6
81	11
81	24
81	32
81	35
81	37
81	38
81	39
81	41
81	42
81	47
81	55
81	59
81	60
81	63
81	64
81	65
81	66
81	68
81	71
81	72
81	75
81	79
81	80
