1	16
1	24
1	67
1	69
1	76
1	81
2	27
2	32
2	50
2	52
2	57
2	61
3	14
3	37
3	56
3	58
3	65
3	72
4	30
4	37
4	62
4	65
4	74
4	80
5	16
5	36
5	38
5	47
5	55
5	79
6	19
6	29
6	56
6	59
6	64
6	65
7	30
7	51
7	66
7	71
7	72
7	80
8	23
8	45
8	56
8	59
8	60
8	79
9	60
9	67
9	75
9	76
9	77
9	80
10	20
10	24
10	38
10	43
10	47
10	77
11	33
11	67
11	71
11	72
11	73
11	81
12	22
12	27
12	30
12	62
12	75
12	78
13	23
13	28
13	29
13	41
13	46
13	48
14	3
14	65
14	67
14	70
14	73
14	81
15	47
15	68
15	71
15	72
15	76
15	78
16	1
16	5
16	39
16	40
16	43
16	47
16	73
17	35
17	52
17	53
17	61
17	70
17	79
17	80
18	35
18	48
18	51
18	52
18	54
18	61
18	68
19	6
19	21
19	56
19	59
19	61
19	66
19	77
19	78
20	10
20	21
20	34
20	45
20	54
20	56
20	59
20	81
21	19
21	20
21	31
21	45
21	59
21	73
21	74
21	75
22	12
22	41
22	46
22	48
22	70
22	75
22	78
22	80
23	8
23	13
23	33
23	37
23	41
23	51
23	71
23	81
24	1
24	10
24	25
24	42
24	50
24	51
24	61
24	67
25	24
25	44
25	48
25	55
25	70
25	75
25	78
25	79
26	34
26	37
26	41
26	48
26	49
26	60
26	65
26	72
27	2
27	12
27	29
27	31
27	57
27	73
27	77
27	80
27	81
28	13
28	44
28	57
28	62
28	66
28	69
28	71
28	72
28	80
29	6
29	13
29	27
29	58
29	63
29	64
29	70
29	79
29	81
30	4
30	7
30	12
30	45
30	54
30	62
30	65
30	66
30	79
31	21
31	27
31	49
31	65
31	67
31	72
31	74
31	75
31	80
32	2
32	36
32	50
32	60
32	66
32	70
32	71
32	76
32	78
33	11
33	23
33	34
33	37
33	39
33	48
33	58
33	62
33	76
34	20
34	26
34	33
34	37
34	39
34	48
34	53
34	69
34	81
35	17
35	18
35	50
35	51
35	67
35	69
35	71
35	75
35	77
36	5
36	32
36	38
36	43
36	47
36	58
36	59
36	75
36	81
37	3
37	4
37	23
37	26
37	33
37	34
37	39
37	40
37	49
38	5
38	10
38	36
38	43
38	45
38	47
38	67
38	78
38	79
39	16
39	33
39	34
39	37
39	40
39	41
39	48
39	63
39	71
39	77
40	16
40	37
40	39
40	55
40	56
40	68
40	71
40	75
40	76
40	78
41	13
41	22
41	23
41	26
41	39
41	48
41	58
41	60
41	62
41	68
42	24
42	45
42	54
42	57
42	58
42	62
42	72
42	74
42	78
42	80
43	10
43	16
43	36
43	38
43	47
43	49
43	55
43	64
43	77
43	79
44	25
44	28
44	45
44	55
44	62
44	65
44	66
44	74
44	80
44	81
45	8
45	20
45	21
45	30
45	38
45	42
45	44
45	56
45	59
45	60
45	67
46	13
46	22
46	55
46	59
46	63
46	69
46	70
46	71
46	75
46	79
46	81
47	5
47	10
47	15
47	16
47	36
47	38
47	43
47	51
47	52
47	61
47	76
48	13
48	18
48	22
48	25
48	26
48	33
48	34
48	39
48	41
48	56
48	57
49	26
49	31
49	37
49	43
49	58
49	64
49	65
49	67
49	68
49	79
49	81
50	2
50	24
50	32
50	35
50	51
50	52
50	61
50	67
50	69
50	73
50	79
51	7
51	18
51	23
51	24
51	35
51	47
51	50
51	52
51	53
51	60
51	61
52	2
52	17
52	18
52	47
52	50
52	51
52	61
52	63
52	66
52	68
52	72
53	17
53	34
53	51
53	54
53	62
53	68
53	69
53	70
53	73
53	77
53	78
53	80
54	18
54	20
54	30
54	42
54	53
54	55
54	63
54	64
54	66
54	70
54	77
54	79
54	80
55	5
55	25
55	40
55	43
55	44
55	46
55	54
55	60
55	62
55	63
55	75
55	76
55	78
56	3
56	6
56	8
56	19
56	20
56	40
56	45
56	48
56	59
56	63
56	77
56	78
56	81
57	2
57	27
57	28
57	42
57	48
57	58
57	66
57	72
57	73
57	74
57	77
57	79
57	80
58	3
58	29
58	33
58	36
58	41
58	42
58	49
58	57
58	62
58	65
58	66
58	74
58	76
58	80
59	6
59	8
59	19
59	20
59	21
59	36
59	45
59	46
59	56
59	61
59	64
59	73
59	74
59	76
60	8
60	9
60	26
60	32
60	41
60	45
60	51
60	55
60	70
60	71
60	74
60	75
60	76
60	78
60	81
61	2
61	17
61	18
61	19
61	24
61	47
61	50
61	51
61	52
61	59
61	64
61	68
61	70
61	74
61	77
62	4
62	12
62	28
62	30
62	33
62	41
62	42
62	44
62	53
62	55
62	58
62	63
62	68
62	69
62	79
62	81
63	29
63	39
63	46
63	52
63	54
63	55
63	56
63	62
63	64
63	69
63	70
63	71
63	77
63	78
63	79
63	81
64	6
64	29
64	43
64	49
64	54
64	59
64	61
64	63
64	69
64	72
64	74
64	76
64	77
64	79
64	80
64	81
65	3
65	4
65	6
65	14
65	26
65	30
65	31
65	44
65	49
65	58
65	72
65	73
65	74
65	75
65	76
65	80
66	7
66	19
66	28
66	30
66	32
66	44
66	52
66	54
66	57
66	58
66	68
66	69
66	72
66	73
66	74
66	76
66	80
67	1
67	9
67	11
67	14
67	24
67	31
67	35
67	38
67	45
67	49
67	50
67	68
67	73
67	77
67	78
67	79
67	80
68	15
68	18
68	40
68	41
68	49
68	52
68	53
68	61
68	62
68	66
68	67
68	69
68	73
68	76
68	77
68	80
68	81
69	1
69	28
69	34
69	35
69	46
69	50
69	53
69	62
69	63
69	64
69	66
69	68
69	72
69	73
69	74
69	77
69	78
69	81
70	14
70	17
70	22
70	25
70	29
70	32
70	46
70	53
70	54
70	60
70	61
70	63
70	71
70	73
70	75
70	76
70	78
70	81
71	7
71	11
71	15
71	23
71	28
71	32
71	35
71	39
71	40
71	46
71	60
71	63
71	70
71	73
71	75
71	76
71	78
71	79
72	3
72	7
72	11
72	15
72	26
72	28
72	31
72	42
72	52
72	57
72	64
72	65
72	66
72	69
72	74
72	75
72	76
72	79
72	80
73	11
73	14
73	16
73	21
73	27
73	50
73	53
73	57
73	59
73	65
73	66
73	67
73	68
73	69
73	70
73	71
73	74
73	77
73	79
74	4
74	21
74	31
74	42
74	44
74	57
74	58
74	59
74	60
74	61
74	64
74	65
74	66
74	69
74	72
74	73
74	75
74	78
74	80
74	81
75	9
75	12
75	21
75	22
75	25
75	31
75	35
75	36
75	40
75	46
75	55
75	60
75	65
75	70
75	71
75	72
75	74
75	76
75	77
75	78
75	80
76	1
76	9
76	15
76	32
76	33
76	40
76	47
76	55
76	58
76	59
76	60
76	64
76	65
76	66
76	68
76	70
76	71
76	72
76	75
76	78
76	81
77	9
77	10
77	19
77	27
77	35
77	39
77	43
77	53
77	54
77	56
77	57
77	61
77	63
77	64
77	67
77	68
77	69
77	73
77	75
77	79
77	81
78	12
78	15
78	19
78	22
78	25
78	32
78	38
78	40
78	42
78	53
78	55
78	56
78	60
78	63
78	67
78	69
78	70
78	71
78	74
78	75
78	76
79	5
79	8
79	17
79	25
79	29
79	30
79	38
79	43
79	46
79	49
79	50
79	54
79	57
79	62
79	63
79	64
79	67
79	71
79	72
79	73
79	77
79	80
79	81
80	4
80	7
80	9
80	17
80	22
80	27
80	28
80	31
80	42
80	44
80	53
80	54
80	57
80	58
80	64
80	65
80	66
80	67
80	68
80	72
80	74
80	75
80	79
80	81
81	1
81	11
81	14
81	20
81	23
81	27
81	29
81	34
81	36
81	44
81	46
81	49
81	56
81	60
81	62
81	63
81	64
81	68
81	69
81	70
81	74
81	76
81	77
81	79
81	80
