1	30
1	48
1	52
1	61
1	65
1	69
2	14
2	17
2	19
2	20
2	68
2	70
3	41
3	48
3	50
3	53
3	76
3	81
4	44
4	56
4	75
4	77
4	78
4	80
5	26
5	28
5	50
5	72
5	76
5	80
6	20
6	38
6	49
6	70
6	71
6	73
7	50
7	51
7	53
7	61
7	62
7	69
8	28
8	43
8	50
8	64
8	66
8	75
9	31
9	32
9	62
9	66
9	69
9	70
10	31
10	62
10	64
10	65
10	79
10	80
11	26
11	32
11	42
11	50
11	61
11	80
12	43
12	60
12	63
12	65
12	79
12	81
13	14
13	56
13	63
13	71
13	74
13	81
14	2
14	13
14	30
14	32
14	57
14	71
15	22
15	33
15	51
15	60
15	65
15	66
16	47
16	54
16	58
16	62
16	76
16	78
17	2
17	55
17	56
17	57
17	63
17	68
17	78
18	56
18	66
18	68
18	70
18	72
18	79
18	80
19	2
19	48
19	53
19	59
19	61
19	66
19	69
20	2
20	6
20	34
20	47
20	59
20	74
20	81
21	34
21	48
21	56
21	58
21	76
21	78
21	80
22	15
22	27
22	48
22	59
22	62
22	69
22	71
23	56
23	57
23	63
23	71
23	74
23	75
23	81
24	25
24	55
24	66
24	72
24	73
24	79
24	81
25	24
25	29
25	38
25	52
25	66
25	72
25	79
26	5
26	11
26	50
26	57
26	58
26	73
26	74
27	22
27	28
27	43
27	46
27	65
27	73
27	78
27	79
28	5
28	8
28	27
28	48
28	59
28	61
28	71
28	75
29	25
29	34
29	41
29	47
29	50
29	70
29	74
29	79
30	1
30	14
30	34
30	40
30	68
30	69
30	75
30	80
31	9
31	10
31	34
31	35
31	36
31	78
31	80
31	81
32	9
32	11
32	14
32	44
32	59
32	61
32	69
32	72
33	15
33	39
33	55
33	57
33	63
33	67
33	72
33	81
34	20
34	21
34	29
34	30
34	31
34	54
34	70
34	74
35	31
35	37
35	44
35	45
35	54
35	60
35	65
35	74
36	31
36	37
36	54
36	60
36	73
36	75
36	77
36	78
37	35
37	36
37	52
37	62
37	64
37	72
37	76
37	79
38	6
38	25
38	41
38	42
38	54
38	58
38	70
38	74
39	33
39	49
39	52
39	60
39	72
39	76
39	77
39	78
40	30
40	52
40	61
40	64
40	68
40	69
40	73
40	78
40	79
41	3
41	29
41	38
41	53
41	56
41	66
41	67
41	77
41	81
42	11
42	38
42	54
42	58
42	60
42	67
42	69
42	70
42	73
43	8
43	12
43	27
43	45
43	51
43	62
43	65
43	76
43	78
44	4
44	32
44	35
44	45
44	51
44	60
44	64
44	65
44	73
45	35
45	43
45	44
45	51
45	60
45	65
45	73
45	74
45	75
46	27
46	56
46	57
46	64
46	70
46	71
46	75
46	76
46	77
47	16
47	20
47	29
47	50
47	51
47	61
47	67
47	68
47	74
48	1
48	3
48	19
48	21
48	22
48	28
48	56
48	59
48	62
48	81
49	6
49	39
49	53
49	55
49	57
49	60
49	63
49	67
49	79
49	81
50	3
50	5
50	7
50	8
50	11
50	26
50	29
50	47
50	74
50	75
51	7
51	15
51	43
51	44
51	45
51	47
51	52
51	63
51	65
51	71
52	1
52	25
52	37
52	39
52	40
52	51
52	63
52	66
52	73
52	75
52	77
53	3
53	7
53	19
53	41
53	49
53	60
53	63
53	67
53	75
53	79
53	81
54	16
54	34
54	35
54	36
54	38
54	42
54	58
54	63
54	68
54	69
54	74
55	17
55	24
55	33
55	49
55	63
55	64
55	67
55	72
55	77
55	78
55	80
56	4
56	13
56	17
56	18
56	21
56	23
56	41
56	46
56	48
56	67
56	70
56	81
57	14
57	17
57	23
57	26
57	33
57	46
57	49
57	67
57	75
57	76
57	80
57	81
58	16
58	21
58	26
58	38
58	42
58	54
58	69
58	71
58	74
58	76
58	77
58	80
59	19
59	20
59	22
59	28
59	32
59	48
59	61
59	62
59	68
59	72
59	80
59	81
60	12
60	15
60	35
60	36
60	39
60	42
60	44
60	45
60	49
60	53
60	65
60	67
61	1
61	7
61	11
61	19
61	28
61	32
61	40
61	47
61	59
61	62
61	68
61	69
61	71
62	7
62	9
62	10
62	16
62	22
62	37
62	43
62	48
62	59
62	61
62	65
62	69
62	70
62	80
63	12
63	13
63	17
63	23
63	33
63	49
63	51
63	52
63	53
63	54
63	55
63	69
63	72
63	81
64	8
64	10
64	37
64	40
64	44
64	46
64	55
64	65
64	68
64	72
64	73
64	76
64	77
64	78
64	80
65	1
65	10
65	12
65	15
65	27
65	35
65	43
65	44
65	45
65	51
65	60
65	62
65	64
65	78
65	81
66	8
66	9
66	15
66	18
66	19
66	24
66	25
66	41
66	52
66	67
66	68
66	74
66	75
66	78
66	79
67	33
67	41
67	42
67	47
67	49
67	53
67	55
67	56
67	57
67	60
67	66
67	71
67	77
67	80
67	81
68	2
68	17
68	18
68	30
68	40
68	47
68	54
68	59
68	61
68	64
68	66
68	70
68	71
68	73
68	77
68	78
69	1
69	7
69	9
69	19
69	22
69	30
69	32
69	40
69	42
69	54
69	58
69	61
69	62
69	63
69	77
69	79
70	2
70	6
70	9
70	18
70	29
70	34
70	38
70	42
70	46
70	56
70	62
70	68
70	71
70	73
70	75
70	79
70	81
71	6
71	13
71	14
71	22
71	23
71	28
71	46
71	51
71	58
71	61
71	67
71	68
71	70
71	73
71	75
71	77
71	79
72	5
72	18
72	24
72	25
72	32
72	33
72	37
72	39
72	55
72	59
72	63
72	64
72	74
72	76
72	77
72	78
72	80
73	6
73	24
73	26
73	27
73	36
73	40
73	42
73	44
73	45
73	52
73	64
73	68
73	70
73	71
73	74
73	78
73	79
73	81
74	13
74	20
74	23
74	26
74	29
74	34
74	35
74	38
74	45
74	47
74	50
74	54
74	58
74	66
74	72
74	73
74	76
74	77
75	4
75	8
75	23
75	28
75	30
75	36
75	45
75	46
75	50
75	52
75	53
75	57
75	66
75	70
75	71
75	76
75	79
75	80
76	3
76	5
76	16
76	21
76	37
76	39
76	43
76	46
76	57
76	58
76	64
76	72
76	74
76	75
76	77
76	78
76	79
76	80
76	81
77	4
77	36
77	39
77	41
77	46
77	52
77	55
77	58
77	64
77	67
77	68
77	69
77	71
77	72
77	74
77	76
77	78
77	80
77	81
78	4
78	16
78	17
78	21
78	27
78	31
78	36
78	39
78	40
78	43
78	55
78	64
78	65
78	66
78	68
78	72
78	73
78	76
78	77
78	80
79	10
79	12
79	18
79	24
79	25
79	27
79	29
79	37
79	40
79	49
79	53
79	66
79	69
79	70
79	71
79	73
79	75
79	76
79	80
79	81
80	4
80	5
80	10
80	11
80	18
80	21
80	30
80	31
80	55
80	57
80	58
80	59
80	62
80	64
80	67
80	72
80	75
80	76
80	77
80	78
80	79
81	3
81	12
81	13
81	20
81	23
81	24
81	31
81	33
81	41
81	48
81	49
81	53
81	56
81	57
81	59
81	63
81	65
81	67
81	70
81	73
81	76
81	77
81	79
