1	56
1	57
1	61
1	77
1	78
1	79
2	33
2	70
2	72
2	73
2	76
2	77
3	29
3	52
3	64
3	76
3	77
3	78
4	18
4	21
4	26
4	38
4	55
4	78
5	17
5	26
5	48
5	60
5	64
5	70
6	27
6	37
6	44
6	68
6	74
6	80
7	18
7	58
7	70
7	72
7	73
7	77
8	54
8	59
8	63
8	68
8	77
8	80
9	44
9	67
9	69
9	74
9	77
9	81
10	19
10	35
10	53
10	61
10	65
10	74
11	23
11	30
11	61
11	67
11	72
11	76
12	20
12	64
12	68
12	73
12	78
12	81
13	30
13	38
13	41
13	75
13	76
13	80
14	16
14	19
14	54
14	74
14	75
14	81
15	28
15	52
15	60
15	63
15	76
15	78
15	81
16	14
16	54
16	57
16	60
16	69
16	74
16	79
17	5
17	30
17	53
17	73
17	74
17	79
17	80
18	4
18	7
18	41
18	58
18	66
18	68
18	80
19	10
19	14
19	44
19	46
19	67
19	70
19	75
20	12
20	32
20	42
20	60
20	64
20	78
20	79
21	4
21	28
21	40
21	62
21	64
21	78
21	81
22	31
22	36
22	48
22	51
22	69
22	71
22	75
23	11
23	35
23	40
23	71
23	73
23	78
23	81
24	45
24	53
24	59
24	60
24	69
24	71
24	79
25	57
25	58
25	60
25	63
25	64
25	65
25	68
26	4
26	5
26	52
26	70
26	74
26	76
26	81
27	6
27	35
27	41
27	45
27	50
27	54
27	63
28	15
28	21
28	32
28	40
28	66
28	74
28	78
28	81
29	3
29	46
29	51
29	67
29	72
29	73
29	75
29	77
30	11
30	13
30	17
30	50
30	69
30	73
30	76
30	77
31	22
31	51
31	62
31	63
31	64
31	65
31	72
31	80
32	20
32	28
32	62
32	64
32	65
32	77
32	78
32	80
33	2
33	39
33	43
33	48
33	57
33	70
33	71
33	81
34	37
34	38
34	56
34	67
34	72
34	73
34	76
34	77
35	10
35	23
35	27
35	47
35	53
35	66
35	74
35	80
36	22
36	39
36	57
36	65
36	66
36	68
36	71
36	77
37	6
37	34
37	55
37	58
37	69
37	76
37	77
37	81
38	4
38	13
38	34
38	52
38	53
38	64
38	68
38	78
39	33
39	36
39	53
39	54
39	56
39	66
39	68
39	79
40	21
40	23
40	28
40	61
40	69
40	73
40	76
40	78
40	81
41	13
41	18
41	27
41	48
41	54
41	59
41	61
41	70
41	79
42	20
42	46
42	50
42	62
42	65
42	73
42	77
42	79
42	80
43	33
43	46
43	47
43	60
43	64
43	65
43	75
43	78
43	79
43	81
44	6
44	9
44	19
44	52
44	62
44	67
44	71
44	72
44	76
44	77
45	24
45	27
45	49
45	59
45	63
45	65
45	67
45	70
45	74
45	79
46	19
46	29
46	42
46	43
46	48
46	62
46	63
46	71
46	72
46	81
47	35
47	43
47	51
47	56
47	59
47	61
47	65
47	72
47	73
47	80
48	5
48	22
48	33
48	41
48	46
48	54
48	56
48	60
48	74
48	75
49	45
49	54
49	55
49	58
49	59
49	60
49	63
49	65
49	71
49	76
49	81
50	27
50	30
50	42
50	51
50	61
50	62
50	67
50	68
50	69
50	72
50	73
51	22
51	29
51	31
51	47
51	50
51	58
51	66
51	68
51	75
51	79
51	80
52	3
52	15
52	26
52	38
52	44
52	59
52	62
52	64
52	71
52	75
52	78
53	10
53	17
53	24
53	35
53	38
53	39
53	57
53	60
53	67
53	72
53	74
53	79
54	8
54	14
54	16
54	27
54	39
54	41
54	48
54	49
54	57
54	59
54	70
54	79
55	4
55	37
55	49
55	60
55	61
55	63
55	70
55	71
55	73
55	76
55	79
55	81
56	1
56	34
56	39
56	47
56	48
56	58
56	61
56	65
56	68
56	70
56	78
56	80
57	1
57	16
57	25
57	33
57	36
57	53
57	54
57	61
57	64
57	66
57	74
57	78
57	79
58	7
58	18
58	25
58	37
58	49
58	51
58	56
58	63
58	65
58	67
58	69
58	71
58	80
59	8
59	24
59	41
59	45
59	47
59	49
59	52
59	54
59	61
59	66
59	70
59	76
59	79
59	80
60	5
60	15
60	16
60	20
60	24
60	25
60	43
60	48
60	49
60	53
60	55
60	69
60	75
60	78
61	1
61	10
61	11
61	40
61	41
61	47
61	50
61	55
61	56
61	57
61	59
61	70
61	74
61	81
62	21
62	31
62	32
62	42
62	44
62	46
62	50
62	52
62	66
62	67
62	68
62	72
62	73
62	75
62	77
63	8
63	15
63	25
63	27
63	31
63	45
63	46
63	49
63	55
63	58
63	68
63	71
63	72
63	77
63	80
64	3
64	5
64	12
64	20
64	21
64	25
64	31
64	32
64	38
64	43
64	52
64	57
64	68
64	71
64	78
64	80
65	10
65	25
65	31
65	32
65	36
65	42
65	43
65	45
65	47
65	49
65	56
65	58
65	66
65	75
65	80
65	81
66	18
66	28
66	35
66	36
66	39
66	51
66	57
66	59
66	62
66	65
66	67
66	68
66	75
66	76
66	77
66	79
66	80
67	9
67	11
67	19
67	29
67	34
67	44
67	45
67	50
67	53
67	58
67	62
67	66
67	69
67	72
67	73
67	75
67	77
67	79
68	6
68	8
68	12
68	18
68	25
68	36
68	38
68	39
68	50
68	51
68	56
68	62
68	63
68	64
68	66
68	70
68	73
68	81
69	9
69	16
69	22
69	24
69	30
69	37
69	40
69	50
69	58
69	60
69	67
69	71
69	72
69	75
69	76
69	77
69	80
69	81
70	2
70	5
70	7
70	19
70	26
70	33
70	41
70	45
70	54
70	55
70	56
70	59
70	61
70	68
70	71
70	74
70	79
70	81
71	22
71	23
71	24
71	33
71	36
71	44
71	46
71	49
71	52
71	55
71	58
71	63
71	64
71	69
71	70
71	75
71	76
71	79
72	2
72	7
72	11
72	29
72	31
72	34
72	44
72	46
72	47
72	50
72	53
72	62
72	63
72	67
72	69
72	73
72	75
72	77
72	78
72	80
73	2
73	7
73	12
73	17
73	23
73	29
73	30
73	34
73	40
73	42
73	47
73	50
73	55
73	62
73	67
73	68
73	72
73	74
73	77
73	78
74	6
74	9
74	10
74	14
74	16
74	17
74	26
74	28
74	35
74	45
74	48
74	53
74	57
74	61
74	70
74	73
74	76
74	78
74	79
74	80
75	13
75	14
75	19
75	22
75	29
75	43
75	48
75	51
75	52
75	60
75	62
75	65
75	66
75	67
75	69
75	71
75	72
75	76
75	79
75	80
75	81
76	2
76	3
76	11
76	13
76	15
76	26
76	30
76	34
76	37
76	40
76	44
76	49
76	55
76	59
76	66
76	69
76	71
76	74
76	75
76	78
76	80
76	81
77	1
77	2
77	3
77	7
77	8
77	9
77	29
77	30
77	32
77	34
77	36
77	37
77	42
77	44
77	62
77	63
77	66
77	67
77	69
77	72
77	73
77	80
78	1
78	3
78	4
78	12
78	15
78	20
78	21
78	23
78	28
78	32
78	38
78	40
78	43
78	52
78	56
78	57
78	60
78	64
78	72
78	73
78	74
78	76
78	81
79	1
79	16
79	17
79	20
79	24
79	39
79	41
79	42
79	43
79	45
79	51
79	53
79	54
79	55
79	57
79	59
79	66
79	67
79	70
79	71
79	74
79	75
79	81
80	6
80	8
80	13
80	17
80	18
80	31
80	32
80	35
80	42
80	47
80	51
80	56
80	58
80	59
80	63
80	64
80	65
80	66
80	69
80	72
80	74
80	75
80	76
80	77
81	9
81	12
81	14
81	15
81	21
81	23
81	26
81	28
81	33
81	37
81	40
81	43
81	46
81	49
81	55
81	61
81	65
81	68
81	69
81	70
81	75
81	76
81	78
81	79
