1	9
1	51
1	59
1	69
1	70
1	79
2	13
2	62
2	69
2	73
2	75
2	78
3	25
3	41
3	43
3	73
3	76
3	80
4	37
4	48
4	56
4	75
4	77
4	78
5	67
5	76
5	78
5	79
5	80
5	81
6	33
6	36
6	52
6	53
6	64
6	67
7	53
7	62
7	65
7	75
7	76
7	81
8	19
8	64
8	69
8	73
8	74
8	79
9	1
9	51
9	67
9	74
9	75
9	76
10	15
10	44
10	45
10	48
10	70
10	71
11	18
11	36
11	42
11	60
11	73
11	77
12	42
12	49
12	50
12	57
12	66
12	68
13	2
13	49
13	57
13	63
13	75
13	76
14	23
14	38
14	42
14	45
14	60
14	78
15	10
15	29
15	55
15	64
15	67
15	73
16	38
16	41
16	44
16	58
16	63
16	76
16	77
17	61
17	72
17	74
17	75
17	77
17	80
17	81
18	11
18	30
18	46
18	47
18	63
18	70
18	72
19	8
19	32
19	44
19	57
19	59
19	60
19	79
20	40
20	51
20	52
20	56
20	60
20	69
20	76
21	27
21	53
21	66
21	70
21	71
21	72
21	78
22	29
22	35
22	62
22	69
22	73
22	78
22	80
23	14
23	36
23	40
23	43
23	45
23	71
23	74
24	54
24	58
24	68
24	69
24	71
24	79
24	81
25	3
25	59
25	66
25	68
25	70
25	77
25	79
26	31
26	68
26	70
26	74
26	77
26	79
26	80
26	81
27	21
27	52
27	57
27	61
27	63
27	64
27	73
27	74
28	38
28	40
28	56
28	61
28	65
28	71
28	78
28	81
29	15
29	22
29	35
29	49
29	53
29	70
29	77
29	80
30	18
30	45
30	49
30	54
30	75
30	77
30	80
30	81
31	26
31	55
31	59
31	70
31	73
31	78
31	79
31	80
32	19
32	40
32	47
32	55
32	56
32	67
32	72
32	74
33	6
33	40
33	42
33	52
33	62
33	65
33	68
33	72
34	36
34	44
34	48
34	50
34	58
34	68
34	69
34	72
34	79
35	22
35	29
35	37
35	41
35	55
35	57
35	66
35	75
35	79
36	6
36	11
36	23
36	34
36	53
36	54
36	60
36	73
36	80
37	4
37	35
37	49
37	59
37	61
37	65
37	70
37	71
37	78
38	14
38	16
38	28
38	45
38	51
38	65
38	71
38	75
38	81
39	40
39	44
39	59
39	62
39	63
39	68
39	69
39	71
39	79
40	20
40	23
40	28
40	32
40	33
40	39
40	49
40	52
40	60
40	74
41	3
41	16
41	35
41	45
41	60
41	65
41	69
41	73
41	75
41	76
42	11
42	12
42	14
42	33
42	52
42	56
42	59
42	60
42	76
42	81
43	3
43	23
43	45
43	46
43	51
43	56
43	62
43	64
43	76
43	81
44	10
44	16
44	19
44	34
44	39
44	46
44	58
44	75
44	78
44	79
45	10
45	14
45	23
45	30
45	38
45	41
45	43
45	62
45	75
45	78
45	79
46	18
46	43
46	44
46	56
46	63
46	64
46	67
46	71
46	72
46	74
46	80
47	18
47	32
47	49
47	50
47	61
47	69
47	72
47	74
47	75
47	79
47	81
48	4
48	10
48	34
48	61
48	62
48	63
48	64
48	65
48	67
48	74
48	78
49	12
49	13
49	29
49	30
49	37
49	40
49	47
49	66
49	70
49	71
49	81
50	12
50	34
50	47
50	55
50	57
50	73
50	74
50	77
50	78
50	80
50	81
51	1
51	9
51	20
51	38
51	43
51	52
51	58
51	62
51	75
51	76
51	77
51	80
52	6
52	20
52	27
52	33
52	40
52	42
52	51
52	59
52	60
52	76
52	77
52	79
53	6
53	7
53	21
53	29
53	36
53	54
53	64
53	65
53	73
53	77
53	78
53	81
54	24
54	30
54	36
54	53
54	59
54	61
54	62
54	70
54	73
54	75
54	77
54	78
54	81
55	15
55	31
55	32
55	35
55	50
55	56
55	57
55	66
55	70
55	71
55	72
55	74
55	77
56	4
56	20
56	28
56	32
56	42
56	43
56	46
56	55
56	65
56	69
56	73
56	78
56	80
57	12
57	13
57	19
57	27
57	35
57	50
57	55
57	58
57	60
57	66
57	70
57	71
57	72
58	16
58	24
58	34
58	44
58	51
58	57
58	59
58	61
58	63
58	68
58	69
58	79
58	80
58	81
59	1
59	19
59	25
59	31
59	37
59	39
59	42
59	52
59	54
59	58
59	68
59	74
59	78
59	79
60	11
60	14
60	19
60	20
60	36
60	40
60	41
60	42
60	52
60	57
60	63
60	68
60	78
60	81
61	17
61	27
61	28
61	37
61	47
61	48
61	54
61	58
61	64
61	67
61	72
61	74
61	76
61	79
62	2
62	7
62	22
62	33
62	39
62	43
62	45
62	48
62	51
62	54
62	67
62	68
62	75
62	76
63	13
63	16
63	18
63	27
63	39
63	46
63	48
63	58
63	60
63	64
63	67
63	72
63	74
63	75
63	81
64	6
64	8
64	15
64	27
64	43
64	46
64	48
64	53
64	61
64	63
64	66
64	67
64	72
64	74
64	78
65	7
65	28
65	33
65	37
65	38
65	41
65	48
65	53
65	56
65	73
65	76
65	77
65	78
65	80
65	81
66	12
66	21
66	25
66	35
66	49
66	55
66	57
66	64
66	67
66	68
66	71
66	76
66	77
66	80
66	81
67	5
67	6
67	9
67	15
67	32
67	46
67	48
67	61
67	62
67	63
67	64
67	66
67	72
67	74
67	78
67	80
68	12
68	24
68	25
68	26
68	33
68	34
68	39
68	58
68	59
68	60
68	62
68	66
68	69
68	76
68	79
68	81
69	1
69	2
69	8
69	20
69	22
69	24
69	34
69	39
69	41
69	47
69	56
69	58
69	68
69	75
69	77
69	79
70	1
70	10
70	18
70	21
70	25
70	26
70	29
70	31
70	37
70	49
70	54
70	55
70	57
70	71
70	77
70	80
71	10
71	21
71	23
71	24
71	28
71	37
71	38
71	39
71	46
71	49
71	55
71	57
71	66
71	70
71	72
71	79
71	80
72	17
72	18
72	21
72	32
72	33
72	34
72	46
72	47
72	55
72	57
72	61
72	63
72	64
72	67
72	71
72	74
72	76
72	77
73	2
73	3
73	8
73	11
73	15
73	22
73	27
73	31
73	36
73	41
73	50
73	53
73	54
73	56
73	65
73	77
73	78
73	79
73	80
74	8
74	9
74	17
74	23
74	26
74	27
74	32
74	40
74	46
74	47
74	48
74	50
74	55
74	59
74	61
74	63
74	64
74	67
74	72
75	2
75	4
75	7
75	9
75	13
75	17
75	30
75	35
75	38
75	41
75	44
75	45
75	47
75	51
75	54
75	62
75	63
75	69
75	76
75	79
76	3
76	5
76	7
76	9
76	13
76	16
76	20
76	41
76	42
76	43
76	51
76	52
76	61
76	62
76	65
76	66
76	68
76	72
76	75
76	77
76	80
77	4
77	11
77	16
77	17
77	25
77	26
77	29
77	30
77	50
77	51
77	52
77	53
77	54
77	55
77	65
77	66
77	69
77	70
77	72
77	73
77	76
77	78
77	80
77	81
78	2
78	4
78	5
78	14
78	21
78	22
78	28
78	31
78	37
78	44
78	45
78	48
78	50
78	53
78	54
78	56
78	59
78	60
78	64
78	65
78	67
78	73
78	77
78	80
78	81
79	1
79	5
79	8
79	19
79	24
79	25
79	26
79	31
79	34
79	35
79	39
79	44
79	45
79	47
79	52
79	58
79	59
79	61
79	68
79	69
79	71
79	73
79	75
79	80
79	81
80	3
80	5
80	17
80	22
80	26
80	29
80	30
80	31
80	36
80	46
80	50
80	51
80	56
80	58
80	65
80	66
80	67
80	70
80	71
80	73
80	76
80	77
80	78
80	79
80	81
81	5
81	7
81	17
81	24
81	26
81	28
81	30
81	38
81	42
81	43
81	47
81	49
81	50
81	53
81	54
81	58
81	60
81	63
81	65
81	66
81	68
81	77
81	78
81	79
81	80
