1	34
1	36
1	45
1	56
1	61
1	69
2	19
2	32
2	41
2	60
2	62
2	66
3	53
3	69
3	70
3	71
3	73
3	81
4	25
4	36
4	38
4	43
4	62
4	75
5	36
5	38
5	61
5	63
5	68
5	74
6	25
6	54
6	63
6	76
6	78
6	81
7	23
7	43
7	58
7	64
7	68
7	72
8	13
8	41
8	56
8	61
8	74
8	75
9	32
9	37
9	49
9	52
9	67
9	79
10	18
10	35
10	60
10	61
10	71
10	79
11	17
11	52
11	54
11	60
11	64
11	66
12	30
12	39
12	59
12	69
12	72
12	81
13	8
13	56
13	61
13	62
13	68
13	78
14	35
14	56
14	61
14	63
14	64
14	79
15	17
15	42
15	56
15	62
15	75
15	76
16	48
16	53
16	65
16	74
16	76
16	77
17	11
17	15
17	55
17	73
17	79
17	80
17	81
18	10
18	21
18	44
18	45
18	59
18	65
18	67
19	2
19	51
19	72
19	73
19	79
19	80
19	81
20	35
20	47
20	59
20	63
20	66
20	68
20	69
21	18
21	24
21	28
21	52
21	70
21	80
21	81
22	51
22	60
22	68
22	70
22	73
22	80
22	81
23	7
23	24
23	37
23	58
23	63
23	74
23	80
24	21
24	23
24	52
24	64
24	67
24	77
24	80
25	4
25	6
25	28
25	43
25	53
25	71
25	78
26	30
26	41
26	48
26	60
26	66
26	73
26	76
27	40
27	43
27	52
27	67
27	77
27	80
27	81
28	21
28	25
28	37
28	48
28	55
28	68
28	69
28	72
29	44
29	52
29	54
29	60
29	66
29	74
29	80
29	81
30	12
30	26
30	36
30	38
30	47
30	76
30	77
30	78
31	69
31	70
31	73
31	75
31	78
31	79
31	80
31	81
32	2
32	9
32	46
32	64
32	65
32	74
32	77
32	80
33	40
33	45
33	56
33	60
33	62
33	65
33	69
33	77
34	1
34	35
34	46
34	56
34	61
34	62
34	78
34	79
35	10
35	14
35	20
35	34
35	39
35	53
35	61
35	74
36	1
36	4
36	5
36	30
36	46
36	64
36	71
36	74
37	9
37	23
37	28
37	50
37	55
37	58
37	77
37	78
37	81
38	4
38	5
38	30
38	40
38	68
38	69
38	72
38	76
38	80
39	12
39	35
39	49
39	50
39	53
39	57
39	67
39	74
39	76
40	27
40	33
40	38
40	45
40	59
40	68
40	69
40	72
40	74
41	2
41	8
41	26
41	48
41	54
41	59
41	61
41	75
41	76
42	15
42	55
42	57
42	59
42	68
42	69
42	70
42	72
42	80
43	4
43	7
43	25
43	27
43	53
43	67
43	73
43	74
43	79
44	18
44	29
44	47
44	48
44	54
44	60
44	66
44	75
44	76
45	1
45	18
45	33
45	40
45	56
45	68
45	72
45	75
45	76
45	79
46	32
46	34
46	36
46	50
46	63
46	64
46	66
46	74
46	78
46	80
47	20
47	30
47	44
47	51
47	57
47	61
47	65
47	72
47	77
47	79
48	16
48	26
48	28
48	41
48	44
48	54
48	59
48	60
48	66
48	76
49	9
49	39
49	50
49	58
49	63
49	65
49	67
49	74
49	76
49	79
50	37
50	39
50	46
50	49
50	58
50	71
50	72
50	76
50	78
50	81
51	19
51	22
51	47
51	58
51	66
51	70
51	71
51	75
51	80
51	81
52	9
52	11
52	21
52	24
52	27
52	29
52	73
52	78
52	80
52	81
53	3
53	16
53	25
53	35
53	39
53	43
53	63
53	67
53	76
53	79
54	6
54	11
54	29
54	41
54	44
54	48
54	62
54	66
54	71
54	72
54	74
55	17
55	28
55	37
55	42
55	59
55	61
55	65
55	67
55	68
55	69
55	72
55	74
56	1
56	8
56	13
56	14
56	15
56	33
56	34
56	45
56	57
56	61
56	66
56	68
57	39
57	42
57	47
57	56
57	63
57	67
57	71
57	75
57	77
57	78
57	79
57	81
58	7
58	23
58	37
58	49
58	50
58	51
58	65
58	72
58	76
58	78
58	79
58	81
59	12
59	18
59	20
59	40
59	41
59	42
59	48
59	55
59	68
59	72
59	77
59	78
59	81
60	2
60	10
60	11
60	22
60	26
60	29
60	33
60	44
60	48
60	65
60	66
60	73
60	75
61	1
61	5
61	8
61	10
61	13
61	14
61	34
61	35
61	41
61	47
61	55
61	56
61	64
61	69
62	2
62	4
62	13
62	15
62	33
62	34
62	54
62	64
62	66
62	67
62	71
62	75
62	77
62	79
63	5
63	6
63	14
63	20
63	23
63	46
63	49
63	53
63	57
63	64
63	65
63	67
63	70
63	73
63	74
64	7
64	11
64	14
64	24
64	32
64	36
64	46
64	61
64	62
64	63
64	65
64	67
64	71
64	74
64	75
65	16
65	18
65	32
65	33
65	47
65	49
65	55
65	58
65	60
65	63
65	64
65	70
65	71
65	75
65	79
66	2
66	11
66	20
66	26
66	29
66	44
66	46
66	48
66	51
66	54
66	56
66	60
66	62
66	68
66	71
66	78
67	9
67	18
67	24
67	27
67	39
67	43
67	49
67	53
67	55
67	57
67	62
67	63
67	64
67	71
67	77
67	79
68	5
68	7
68	13
68	20
68	22
68	28
68	38
68	40
68	42
68	45
68	55
68	56
68	59
68	66
68	69
68	72
68	73
69	1
69	3
69	12
69	20
69	28
69	31
69	33
69	38
69	40
69	42
69	55
69	61
69	68
69	70
69	72
69	77
69	81
70	3
70	21
70	22
70	31
70	42
70	51
70	63
70	65
70	69
70	71
70	73
70	74
70	75
70	76
70	78
70	80
70	81
71	3
71	10
71	25
71	36
71	50
71	51
71	54
71	57
71	62
71	64
71	65
71	66
71	67
71	70
71	77
71	78
71	79
71	81
72	7
72	12
72	19
72	28
72	38
72	40
72	42
72	45
72	47
72	50
72	54
72	55
72	58
72	59
72	68
72	69
72	78
72	80
73	3
73	17
73	19
73	22
73	26
73	31
73	43
73	52
73	60
73	63
73	68
73	70
73	75
73	76
73	77
73	79
73	80
73	81
74	5
74	8
74	16
74	23
74	29
74	32
74	35
74	36
74	39
74	40
74	43
74	46
74	49
74	54
74	55
74	63
74	64
74	70
74	77
75	4
75	8
75	15
75	31
75	41
75	44
75	45
75	51
75	57
75	60
75	62
75	64
75	65
75	70
75	73
75	76
75	77
75	79
75	80
76	6
76	15
76	16
76	26
76	30
76	38
76	39
76	41
76	44
76	45
76	48
76	49
76	50
76	53
76	58
76	70
76	73
76	75
76	78
76	79
76	80
77	16
77	24
77	27
77	30
77	32
77	33
77	37
77	47
77	57
77	59
77	62
77	67
77	69
77	71
77	73
77	74
77	75
77	78
77	79
77	80
77	81
78	6
78	13
78	25
78	30
78	31
78	34
78	37
78	46
78	50
78	52
78	57
78	58
78	59
78	66
78	70
78	71
78	72
78	76
78	77
78	79
78	80
78	81
79	9
79	10
79	14
79	17
79	19
79	31
79	34
79	43
79	45
79	47
79	49
79	53
79	57
79	58
79	62
79	65
79	67
79	71
79	73
79	75
79	76
79	77
79	78
80	17
80	19
80	21
80	22
80	23
80	24
80	27
80	29
80	31
80	32
80	38
80	42
80	46
80	51
80	52
80	70
80	72
80	73
80	75
80	76
80	77
80	78
80	81
81	3
81	6
81	12
81	17
81	19
81	21
81	22
81	27
81	29
81	31
81	37
81	50
81	51
81	52
81	57
81	58
81	59
81	69
81	70
81	71
81	73
81	77
81	78
81	80
