1	6
1	7
1	20
1	21
1	56
1	74
2	26
2	33
2	54
2	58
2	63
2	67
3	14
3	46
3	55
3	67
3	72
3	81
4	11
4	23
4	27
4	41
4	67
4	68
5	17
5	32
5	43
5	57
5	64
5	72
6	1
6	37
6	39
6	48
6	51
6	57
7	1
7	42
7	53
7	73
7	76
7	81
8	47
8	53
8	58
8	61
8	73
8	79
9	39
9	50
9	69
9	71
9	74
9	80
10	46
10	58
10	65
10	66
10	75
10	78
11	4
11	62
11	68
11	74
11	77
11	78
12	35
12	65
12	66
12	76
12	77
12	80
13	23
13	48
13	57
13	67
13	69
13	77
14	3
14	23
14	45
14	52
14	78
14	81
15	25
15	38
15	45
15	48
15	67
15	72
16	21
16	27
16	50
16	71
16	79
16	81
17	5
17	21
17	22
17	31
17	32
17	68
18	22
18	32
18	41
18	60
18	69
18	81
19	28
19	64
19	66
19	71
19	75
19	81
20	1
20	42
20	58
20	59
20	79
20	80
21	1
21	16
21	17
21	44
21	66
21	68
21	81
22	17
22	18
22	27
22	40
22	49
22	68
22	77
23	4
23	13
23	14
23	45
23	49
23	54
23	76
24	30
24	51
24	56
24	73
24	74
24	76
24	77
25	15
25	39
25	41
25	49
25	51
25	53
25	78
26	2
26	35
26	59
26	70
26	74
26	80
26	81
27	4
27	16
27	22
27	52
27	58
27	61
27	68
28	19
28	47
28	59
28	62
28	66
28	74
28	80
29	31
29	45
29	57
29	59
29	63
29	68
29	70
30	24
30	42
30	61
30	75
30	77
30	79
30	81
31	17
31	29
31	50
31	52
31	61
31	68
31	73
31	81
32	5
32	17
32	18
32	51
32	69
32	78
32	79
32	81
33	2
33	44
33	47
33	59
33	61
33	71
33	75
33	79
34	40
34	56
34	65
34	69
34	71
34	75
34	77
34	79
35	12
35	26
35	62
35	69
35	70
35	74
35	76
35	80
36	45
36	60
36	64
36	71
36	75
36	77
36	78
36	79
37	6
37	59
37	63
37	65
37	67
37	72
37	73
37	78
37	81
38	15
38	42
38	55
38	62
38	63
38	70
38	72
38	73
38	78
39	6
39	9
39	25
39	54
39	63
39	64
39	66
39	69
39	80
40	22
40	34
40	42
40	48
40	61
40	62
40	75
40	76
40	80
41	4
41	18
41	25
41	47
41	61
41	66
41	70
41	72
41	78
42	7
42	20
42	30
42	38
42	40
42	44
42	53
42	56
42	79
43	5
43	44
43	55
43	60
43	62
43	65
43	67
43	77
43	78
44	21
44	33
44	42
44	43
44	59
44	66
44	73
44	76
44	77
45	14
45	15
45	23
45	29
45	36
45	52
45	68
45	71
45	74
45	80
46	3
46	10
46	53
46	54
46	63
46	64
46	67
46	71
46	75
46	79
47	8
47	28
47	33
47	41
47	49
47	55
47	56
47	66
47	74
47	80
48	6
48	13
48	15
48	40
48	51
48	58
48	60
48	62
48	72
48	80
49	22
49	23
49	25
49	47
49	56
49	63
49	65
49	69
49	73
49	74
49	80
50	9
50	16
50	31
50	54
50	66
50	70
50	71
50	76
50	79
50	80
50	81
51	6
51	24
51	25
51	32
51	48
51	63
51	65
51	74
51	77
51	79
51	81
52	14
52	27
52	31
52	45
52	57
52	58
52	64
52	68
52	72
52	75
52	78
53	7
53	8
53	25
53	42
53	46
53	64
53	70
53	71
53	72
53	73
53	79
54	2
54	23
54	39
54	46
54	50
54	58
54	63
54	69
54	71
54	78
54	79
55	3
55	38
55	43
55	47
55	57
55	60
55	65
55	66
55	72
55	78
55	80
55	81
56	1
56	24
56	34
56	42
56	47
56	49
56	59
56	61
56	68
56	69
56	74
56	78
56	80
57	5
57	6
57	13
57	29
57	52
57	55
57	60
57	65
57	66
57	70
57	72
57	78
57	79
58	2
58	8
58	10
58	20
58	27
58	48
58	52
58	54
58	63
58	73
58	76
58	77
58	79
59	20
59	26
59	28
59	29
59	33
59	37
59	44
59	56
59	69
59	75
59	78
59	80
59	81
60	18
60	36
60	43
60	48
60	55
60	57
60	61
60	65
60	67
60	72
60	73
60	75
60	76
61	8
61	27
61	30
61	31
61	33
61	40
61	41
61	56
61	60
61	67
61	75
61	76
61	79
62	11
62	28
62	35
62	38
62	40
62	43
62	48
62	64
62	70
62	73
62	77
62	78
62	81
63	2
63	29
63	37
63	38
63	39
63	46
63	49
63	51
63	54
63	58
63	72
63	75
63	77
64	5
64	19
64	36
64	39
64	46
64	52
64	53
64	62
64	71
64	75
64	77
64	79
64	80
64	81
65	10
65	12
65	34
65	37
65	43
65	49
65	51
65	55
65	57
65	60
65	67
65	70
65	72
65	77
66	10
66	12
66	19
66	21
66	28
66	39
66	41
66	44
66	47
66	50
66	55
66	57
66	79
66	80
67	2
67	3
67	4
67	13
67	15
67	37
67	43
67	46
67	60
67	61
67	65
67	74
67	75
67	77
68	4
68	11
68	17
68	21
68	22
68	27
68	29
68	31
68	45
68	52
68	56
68	71
68	75
68	77
68	81
69	9
69	13
69	18
69	32
69	34
69	35
69	39
69	49
69	54
69	56
69	59
69	70
69	73
69	74
69	76
69	80
70	26
70	29
70	35
70	38
70	41
70	50
70	53
70	57
70	62
70	65
70	69
70	73
70	75
70	76
70	77
70	80
70	81
71	9
71	16
71	19
71	33
71	34
71	36
71	45
71	46
71	50
71	53
71	54
71	64
71	68
71	74
71	76
71	78
71	79
72	3
72	5
72	15
72	37
72	38
72	41
72	48
72	52
72	53
72	55
72	57
72	60
72	63
72	65
72	76
72	77
72	78
72	80
73	7
73	8
73	24
73	31
73	37
73	38
73	44
73	49
73	53
73	58
73	60
73	62
73	69
73	70
73	74
73	75
73	76
73	78
74	1
74	9
74	11
74	24
74	26
74	28
74	35
74	45
74	47
74	49
74	51
74	56
74	67
74	69
74	71
74	73
74	79
74	80
74	81
75	10
75	19
75	30
75	33
75	34
75	36
75	40
75	46
75	52
75	59
75	60
75	61
75	63
75	64
75	67
75	68
75	70
75	73
75	76
75	79
76	7
76	12
76	23
76	24
76	35
76	40
76	44
76	50
76	58
76	60
76	61
76	69
76	70
76	71
76	72
76	73
76	75
76	77
76	79
76	81
77	11
77	12
77	13
77	22
77	24
77	30
77	34
77	36
77	43
77	44
77	51
77	58
77	62
77	63
77	64
77	65
77	67
77	68
77	70
77	72
77	76
77	78
77	81
78	10
78	11
78	14
78	25
78	32
78	36
78	37
78	38
78	41
78	43
78	52
78	54
78	55
78	56
78	57
78	59
78	62
78	71
78	72
78	73
78	77
78	80
78	81
79	8
79	16
79	20
79	30
79	32
79	33
79	34
79	36
79	42
79	46
79	50
79	51
79	53
79	54
79	57
79	58
79	61
79	64
79	66
79	71
79	74
79	75
79	76
80	9
80	12
80	20
80	26
80	28
80	35
80	39
80	40
80	45
80	47
80	48
80	49
80	50
80	55
80	56
80	59
80	64
80	66
80	69
80	70
80	72
80	74
80	78
81	3
81	7
81	14
81	16
81	18
81	19
81	21
81	26
81	30
81	31
81	32
81	37
81	50
81	51
81	55
81	59
81	62
81	64
81	68
81	70
81	74
81	76
81	77
81	78
