1	17
1	42
1	55
1	62
1	64
1	68
2	13
2	47
2	70
2	73
2	74
2	76
3	24
3	34
3	46
3	63
3	70
3	81
4	57
4	58
4	66
4	75
4	78
4	81
5	26
5	31
5	48
5	53
5	54
5	57
6	12
6	18
6	19
6	55
6	79
6	81
7	23
7	52
7	68
7	75
7	77
7	81
8	39
8	63
8	64
8	67
8	77
8	81
9	49
9	69
9	70
9	74
9	75
9	80
10	20
10	28
10	52
10	55
10	58
10	60
11	17
11	20
11	27
11	34
11	72
11	76
12	6
12	40
12	58
12	63
12	70
12	77
13	2
13	16
13	37
13	54
13	59
13	75
14	37
14	42
14	56
14	64
14	68
14	71
15	29
15	32
15	46
15	68
15	75
15	80
16	13
16	20
16	35
16	41
16	53
16	57
17	1
17	11
17	27
17	38
17	72
17	77
18	6
18	24
18	63
18	66
18	74
18	76
19	6
19	52
19	67
19	72
19	73
19	78
19	79
20	10
20	11
20	16
20	33
20	38
20	65
20	80
21	62
21	67
21	71
21	76
21	77
21	78
21	81
22	46
22	50
22	56
22	73
22	74
22	75
22	80
23	7
23	32
23	50
23	69
23	74
23	75
23	78
24	3
24	18
24	26
24	31
24	43
24	78
24	79
25	34
25	37
25	43
25	66
25	67
25	78
25	81
26	5
26	24
26	46
26	59
26	60
26	66
26	74
27	11
27	17
27	40
27	59
27	60
27	66
27	69
28	10
28	30
28	59
28	63
28	70
28	76
28	77
28	81
29	15
29	32
29	45
29	51
29	66
29	77
29	78
29	81
30	28
30	49
30	52
30	61
30	72
30	73
30	75
30	81
31	5
31	24
31	38
31	53
31	57
31	64
31	69
31	77
32	15
32	23
32	29
32	68
32	73
32	74
32	75
32	79
33	20
33	48
33	51
33	66
33	68
33	72
33	74
33	79
34	3
34	11
34	25
34	48
34	55
34	70
34	73
34	80
35	16
35	39
35	54
35	56
35	62
35	64
35	69
35	78
36	46
36	58
36	60
36	64
36	73
36	78
36	79
36	80
37	13
37	14
37	25
37	42
37	69
37	71
37	73
37	80
38	17
38	20
38	31
38	44
38	46
38	50
38	53
38	57
38	74
39	8
39	35
39	51
39	56
39	62
39	64
39	75
39	79
39	80
40	12
40	27
40	44
40	48
40	55
40	62
40	63
40	70
40	79
41	16
41	43
41	51
41	60
41	67
41	69
41	76
41	77
41	81
42	1
42	14
42	37
42	56
42	62
42	64
42	71
42	75
42	79
43	24
43	25
43	41
43	51
43	58
43	65
43	69
43	72
43	77
44	38
44	40
44	52
44	55
44	63
44	66
44	67
44	70
44	81
45	29
45	46
45	60
45	62
45	65
45	67
45	76
45	77
45	79
46	3
46	15
46	22
46	26
46	36
46	38
46	45
46	51
46	64
46	72
47	2
47	49
47	50
47	53
47	73
47	74
47	75
47	77
47	78
47	80
48	5
48	33
48	34
48	40
48	55
48	63
48	70
48	71
48	77
48	81
49	9
49	30
49	47
49	53
49	65
49	66
49	67
49	73
49	74
49	80
50	22
50	23
50	38
50	47
50	61
50	65
50	69
50	78
50	80
50	81
51	29
51	33
51	39
51	41
51	43
51	46
51	70
51	76
51	78
51	80
52	7
52	10
52	19
52	30
52	44
52	66
52	67
52	73
52	74
52	75
53	5
53	16
53	31
53	38
53	47
53	49
53	57
53	63
53	73
53	79
54	5
54	13
54	35
54	57
54	58
54	59
54	61
54	69
54	70
54	72
54	74
55	1
55	6
55	10
55	34
55	40
55	44
55	48
55	63
55	66
55	70
55	76
56	14
56	22
56	35
56	39
56	42
56	62
56	64
56	65
56	71
56	74
56	79
57	4
57	5
57	16
57	31
57	38
57	53
57	54
57	59
57	61
57	73
57	79
58	4
58	10
58	12
58	36
58	43
58	54
58	60
58	66
58	72
58	77
58	79
58	81
59	13
59	26
59	27
59	28
59	54
59	57
59	65
59	71
59	72
59	74
59	76
59	77
60	10
60	26
60	27
60	36
60	41
60	45
60	58
60	62
60	71
60	75
60	76
60	80
61	30
61	50
61	54
61	57
61	64
61	65
61	66
61	71
61	72
61	77
61	80
61	81
62	1
62	21
62	35
62	39
62	40
62	42
62	45
62	56
62	60
62	64
62	65
62	70
62	72
63	3
63	8
63	12
63	18
63	28
63	40
63	44
63	48
63	53
63	55
63	70
63	74
63	81
64	1
64	8
64	14
64	31
64	35
64	36
64	39
64	42
64	46
64	56
64	61
64	62
64	73
64	80
65	20
65	43
65	45
65	49
65	50
65	56
65	59
65	61
65	62
65	71
65	77
65	78
65	79
65	81
66	4
66	18
66	25
66	26
66	27
66	29
66	33
66	44
66	49
66	52
66	55
66	58
66	61
66	67
66	81
67	8
67	19
67	21
67	25
67	41
67	44
67	45
67	49
67	52
67	66
67	68
67	71
67	72
67	75
67	76
68	1
68	7
68	14
68	15
68	32
68	33
68	67
68	69
68	71
68	73
68	74
68	76
68	78
68	79
68	80
69	9
69	23
69	27
69	31
69	35
69	37
69	41
69	43
69	50
69	54
69	68
69	70
69	71
69	78
69	79
69	80
70	2
70	3
70	9
70	12
70	28
70	34
70	40
70	44
70	48
70	51
70	54
70	55
70	62
70	63
70	69
70	78
71	14
71	21
71	37
71	42
71	48
71	56
71	59
71	60
71	61
71	65
71	67
71	68
71	69
71	72
71	73
71	76
71	79
71	80
72	11
72	17
72	19
72	30
72	33
72	43
72	46
72	54
72	58
72	59
72	61
72	62
72	67
72	71
72	76
72	77
72	79
72	81
73	2
73	19
73	22
73	30
73	32
73	34
73	36
73	37
73	47
73	49
73	52
73	53
73	57
73	64
73	68
73	71
73	75
73	80
74	2
74	9
74	18
74	22
74	23
74	26
74	32
74	33
74	38
74	47
74	49
74	52
74	54
74	56
74	59
74	63
74	68
74	75
74	78
75	4
75	7
75	9
75	13
75	15
75	22
75	23
75	30
75	32
75	39
75	42
75	47
75	52
75	60
75	67
75	73
75	74
75	76
75	78
76	2
76	11
76	18
76	21
76	28
76	41
76	45
76	51
76	55
76	59
76	60
76	67
76	68
76	71
76	72
76	75
76	77
76	80
76	81
77	7
77	8
77	12
77	17
77	21
77	28
77	29
77	31
77	41
77	43
77	45
77	47
77	48
77	58
77	59
77	61
77	65
77	72
77	76
77	80
77	81
78	4
78	19
78	21
78	23
78	24
78	25
78	29
78	35
78	36
78	47
78	50
78	51
78	65
78	68
78	69
78	70
78	74
78	75
78	79
78	80
78	81
79	6
79	19
79	24
79	32
79	33
79	36
79	39
79	40
79	42
79	45
79	53
79	56
79	57
79	58
79	65
79	68
79	69
79	71
79	72
79	78
79	80
79	81
80	9
80	15
80	20
80	22
80	34
80	36
80	37
80	39
80	47
80	49
80	50
80	51
80	60
80	61
80	64
80	68
80	69
80	71
80	73
80	76
80	77
80	78
80	79
81	3
81	4
81	6
81	7
81	8
81	21
81	25
81	28
81	29
81	30
81	41
81	44
81	48
81	50
81	58
81	61
81	63
81	65
81	66
81	72
81	76
81	77
81	78
81	79
