1	4
1	42
1	49
1	68
1	73
1	74
2	58
2	60
2	66
2	76
2	77
2	79
3	35
3	55
3	58
3	72
3	76
3	81
4	1
4	40
4	46
4	51
4	71
4	78
5	47
5	48
5	69
5	73
5	76
5	78
6	57
6	64
6	71
6	72
6	77
6	78
7	16
7	19
7	38
7	51
7	55
7	79
8	32
8	46
8	49
8	51
8	59
8	80
9	45
9	48
9	67
9	68
9	71
9	74
10	15
10	34
10	71
10	75
10	77
10	80
11	20
11	45
11	52
11	70
11	72
11	79
12	22
12	32
12	44
12	47
12	71
12	81
13	29
13	33
13	37
13	53
13	66
13	76
14	19
14	24
14	40
14	49
14	51
14	59
15	10
15	51
15	68
15	72
15	75
15	78
16	7
16	36
16	48
16	60
16	61
16	72
17	45
17	56
17	63
17	74
17	78
17	80
18	31
18	38
18	43
18	44
18	75
18	76
19	7
19	14
19	49
19	63
19	76
19	79
20	11
20	44
20	70
20	71
20	76
20	81
21	37
21	55
21	58
21	60
21	64
21	66
22	12
22	31
22	38
22	41
22	47
22	63
22	71
23	34
23	42
23	56
23	64
23	70
23	74
23	81
24	14
24	38
24	67
24	69
24	71
24	77
24	79
25	31
25	61
25	73
25	75
25	76
25	79
25	80
26	29
26	63
26	73
26	75
26	77
26	78
26	80
27	31
27	35
27	39
27	57
27	67
27	74
27	79
28	45
28	53
28	64
28	66
28	74
28	75
28	81
29	13
29	26
29	50
29	54
29	73
29	76
29	81
30	54
30	55
30	68
30	70
30	72
30	73
30	74
30	80
31	18
31	22
31	25
31	27
31	43
31	47
31	65
31	66
32	8
32	12
32	61
32	66
32	75
32	76
32	79
32	81
33	13
33	42
33	55
33	56
33	61
33	63
33	73
33	75
34	10
34	23
34	64
34	68
34	69
34	77
34	79
34	80
35	3
35	27
35	56
35	62
35	74
35	77
35	78
35	80
36	16
36	45
36	48
36	59
36	62
36	78
36	79
36	80
37	13
37	21
37	40
37	58
37	60
37	61
37	69
37	70
37	75
38	7
38	18
38	22
38	24
38	41
38	47
38	58
38	73
38	79
39	27
39	42
39	50
39	52
39	58
39	60
39	66
39	68
39	69
40	4
40	14
40	37
40	46
40	49
40	51
40	65
40	67
40	80
41	22
41	38
41	43
41	47
41	49
41	54
41	72
41	75
41	78
42	1
42	23
42	33
42	39
42	47
42	63
42	67
42	71
42	77
43	18
43	31
43	41
43	47
43	57
43	72
43	78
43	79
43	81
44	12
44	18
44	20
44	48
44	52
44	58
44	60
44	66
44	72
45	9
45	11
45	17
45	28
45	36
45	65
45	68
45	75
45	77
46	4
46	8
46	40
46	49
46	51
46	68
46	69
46	77
46	80
47	5
47	12
47	22
47	31
47	38
47	41
47	42
47	43
47	73
47	74
48	5
48	9
48	16
48	36
48	44
48	54
48	56
48	60
48	70
48	72
49	1
49	8
49	14
49	19
49	40
49	41
49	46
49	51
49	76
49	77
50	29
50	39
50	52
50	53
50	58
50	60
50	63
50	66
50	70
50	72
51	4
51	7
51	8
51	14
51	15
51	40
51	46
51	49
51	52
51	63
51	81
52	11
52	39
52	44
52	50
52	51
52	60
52	65
52	66
52	67
52	70
52	73
53	13
53	28
53	50
53	59
53	61
53	62
53	65
53	67
53	68
53	71
53	75
54	29
54	30
54	41
54	48
54	57
54	59
54	68
54	72
54	73
54	75
54	79
55	3
55	7
55	21
55	30
55	33
55	62
55	65
55	66
55	69
55	70
55	79
55	80
56	17
56	23
56	33
56	35
56	48
56	57
56	58
56	61
56	62
56	68
56	69
56	71
56	72
57	6
57	27
57	43
57	54
57	56
57	61
57	62
57	67
57	68
57	70
57	72
57	75
57	76
58	2
58	3
58	21
58	37
58	38
58	39
58	44
58	50
58	56
58	60
58	61
58	66
58	72
58	81
59	8
59	14
59	36
59	53
59	54
59	62
59	63
59	64
59	66
59	73
59	77
59	78
59	79
59	80
60	2
60	16
60	21
60	37
60	39
60	44
60	48
60	50
60	52
60	58
60	62
60	65
60	66
60	67
60	79
61	16
61	25
61	32
61	33
61	37
61	53
61	56
61	57
61	58
61	64
61	65
61	70
61	74
61	76
61	81
62	35
62	36
62	53
62	55
62	56
62	57
62	59
62	60
62	63
62	64
62	71
62	76
62	77
62	78
62	80
63	17
63	19
63	22
63	26
63	33
63	42
63	50
63	51
63	59
63	62
63	64
63	76
63	77
63	78
63	79
63	80
64	6
64	21
64	23
64	28
64	34
64	59
64	61
64	62
64	63
64	65
64	66
64	67
64	77
64	78
64	80
64	81
65	31
65	40
65	45
65	52
65	53
65	55
65	60
65	61
65	64
65	67
65	69
65	71
65	73
65	74
65	75
65	79
65	81
66	2
66	13
66	21
66	28
66	31
66	32
66	39
66	44
66	50
66	52
66	55
66	58
66	59
66	60
66	64
66	69
66	81
67	9
67	24
67	27
67	40
67	42
67	52
67	53
67	57
67	60
67	64
67	65
67	68
67	71
67	73
67	74
67	75
67	77
67	81
68	1
68	9
68	15
68	30
68	34
68	39
68	45
68	46
68	53
68	54
68	56
68	57
68	67
68	70
68	71
68	73
68	75
68	78
69	5
69	24
69	34
69	37
69	39
69	46
69	55
69	56
69	65
69	66
69	71
69	72
69	73
69	74
69	78
69	79
69	80
69	81
70	11
70	20
70	23
70	30
70	37
70	48
70	50
70	52
70	55
70	57
70	61
70	68
70	72
70	73
70	74
70	75
70	77
70	78
71	4
71	6
71	9
71	10
71	12
71	20
71	22
71	24
71	42
71	53
71	56
71	62
71	65
71	67
71	68
71	69
71	78
71	79
71	80
71	81
72	3
72	6
72	11
72	15
72	16
72	30
72	41
72	43
72	44
72	48
72	50
72	54
72	56
72	57
72	58
72	69
72	70
72	75
72	80
72	81
73	1
73	5
73	25
73	26
73	29
73	30
73	33
73	38
73	47
73	52
73	54
73	59
73	65
73	67
73	68
73	69
73	70
73	74
73	76
73	78
73	81
74	1
74	9
74	17
74	23
74	27
74	28
74	30
74	35
74	47
74	61
74	65
74	67
74	69
74	70
74	73
74	76
74	77
74	78
74	79
74	80
74	81
75	10
75	15
75	18
75	25
75	26
75	28
75	32
75	33
75	37
75	41
75	45
75	53
75	54
75	57
75	65
75	67
75	68
75	70
75	72
75	76
75	79
75	81
76	2
76	3
76	5
76	13
76	18
76	19
76	20
76	25
76	29
76	32
76	49
76	57
76	61
76	62
76	63
76	73
76	74
76	75
76	77
76	79
76	80
76	81
77	2
77	6
77	10
77	24
77	26
77	34
77	35
77	42
77	45
77	46
77	49
77	59
77	62
77	63
77	64
77	67
77	70
77	74
77	76
77	78
77	80
77	81
78	4
78	5
78	6
78	15
78	17
78	26
78	35
78	36
78	41
78	43
78	59
78	62
78	63
78	64
78	68
78	69
78	70
78	71
78	73
78	74
78	77
78	80
78	81
79	2
79	7
79	11
79	19
79	24
79	25
79	27
79	32
79	34
79	36
79	38
79	43
79	54
79	55
79	59
79	60
79	63
79	65
79	69
79	71
79	74
79	75
79	76
80	8
80	10
80	17
80	25
80	26
80	30
80	34
80	35
80	36
80	40
80	46
80	55
80	59
80	62
80	63
80	64
80	69
80	71
80	72
80	74
80	76
80	77
80	78
80	81
81	3
81	12
81	20
81	23
81	28
81	29
81	32
81	43
81	51
81	58
81	61
81	64
81	65
81	66
81	67
81	69
81	71
81	72
81	73
81	74
81	75
81	76
81	77
81	78
81	80
