1	31
1	44
1	57
1	59
1	78
1	81
2	23
2	39
2	54
2	58
2	60
2	70
3	52
3	61
3	64
3	69
3	79
3	81
4	54
4	55
4	56
4	65
4	68
4	79
5	7
5	32
5	39
5	43
5	63
5	71
6	15
6	26
6	48
6	67
6	75
6	77
7	5
7	35
7	45
7	59
7	72
7	74
8	24
8	34
8	44
8	59
8	68
8	81
9	38
9	61
9	66
9	70
9	80
9	81
10	45
10	50
10	62
10	77
10	79
10	80
11	30
11	31
11	53
11	60
11	66
11	67
12	17
12	23
12	52
12	55
12	65
12	77
13	15
13	38
13	69
13	75
13	76
13	80
14	24
14	67
14	72
14	74
14	75
14	80
15	6
15	13
15	35
15	39
15	72
15	74
16	28
16	58
16	62
16	64
16	69
16	76
17	12
17	44
17	54
17	61
17	64
17	70
18	24
18	33
18	51
18	72
18	74
18	75
19	32
19	52
19	59
19	60
19	72
19	80
20	31
20	46
20	55
20	60
20	64
20	73
21	42
21	64
21	65
21	75
21	77
21	79
22	53
22	60
22	73
22	76
22	77
22	79
22	81
23	2
23	12
23	25
23	37
23	70
23	71
23	79
24	8
24	14
24	18
24	36
24	46
24	68
24	81
25	23
25	33
25	47
25	63
25	71
25	73
25	77
26	6
26	30
26	46
26	59
26	60
26	66
26	77
27	48
27	51
27	55
27	67
27	71
27	72
27	74
28	16
28	30
28	62
28	65
28	68
28	73
28	78
29	34
29	51
29	61
29	64
29	67
29	72
29	74
30	11
30	26
30	28
30	46
30	56
30	66
30	75
31	1
31	11
31	20
31	40
31	59
31	68
31	71
32	5
32	19
32	40
32	41
32	57
32	59
32	81
33	18
33	25
33	36
33	52
33	62
33	78
33	81
34	8
34	29
34	51
34	62
34	72
34	74
34	78
35	7
35	15
35	36
35	47
35	67
35	72
35	74
36	24
36	33
36	35
36	67
36	73
36	76
36	77
36	81
37	23
37	45
37	65
37	67
37	72
37	73
37	79
37	81
38	9
38	13
38	48
38	50
38	56
38	57
38	71
38	72
39	2
39	5
39	15
39	40
39	49
39	61
39	64
39	69
40	31
40	32
40	39
40	52
40	59
40	60
40	63
40	71
40	75
41	32
41	43
41	44
41	54
41	58
41	61
41	64
41	69
41	71
42	21
42	51
42	52
42	53
42	55
42	56
42	76
42	80
42	81
43	5
43	41
43	48
43	53
43	59
43	63
43	66
43	70
43	77
44	1
44	8
44	17
44	41
44	64
44	73
44	75
44	79
44	80
45	7
45	10
45	37
45	46
45	48
45	55
45	67
45	72
45	77
45	80
46	20
46	24
46	26
46	30
46	45
46	49
46	59
46	60
46	65
46	78
47	25
47	35
47	48
47	55
47	59
47	63
47	68
47	70
47	71
47	80
48	6
48	27
48	38
48	43
48	45
48	47
48	66
48	70
48	75
48	81
49	39
49	46
49	56
49	61
49	68
49	73
49	75
49	76
49	78
49	79
50	10
50	38
50	62
50	63
50	66
50	70
50	71
50	73
50	75
50	78
50	80
51	18
51	27
51	29
51	34
51	42
51	52
51	58
51	69
51	72
51	74
51	78
52	3
52	12
52	19
52	33
52	40
52	42
52	51
52	54
52	65
52	78
52	81
53	11
53	22
53	42
53	43
53	57
53	62
53	65
53	69
53	73
53	78
53	79
53	81
54	2
54	4
54	17
54	41
54	52
54	58
54	61
54	64
54	71
54	72
54	77
54	81
55	4
55	12
55	20
55	27
55	42
55	45
55	47
55	62
55	66
55	68
55	78
55	80
55	81
56	4
56	30
56	38
56	42
56	49
56	60
56	65
56	66
56	67
56	73
56	76
56	79
56	80
57	1
57	32
57	38
57	53
57	58
57	61
57	62
57	63
57	65
57	70
57	77
57	78
57	81
58	2
58	16
58	41
58	51
58	54
58	57
58	61
58	64
58	69
58	72
58	74
58	79
58	80
59	1
59	7
59	8
59	19
59	26
59	31
59	32
59	40
59	43
59	46
59	47
59	60
59	73
59	78
60	2
60	11
60	19
60	20
60	22
60	26
60	40
60	46
60	56
60	59
60	70
60	73
60	77
60	80
61	3
61	9
61	17
61	29
61	39
61	41
61	49
61	54
61	57
61	58
61	69
61	73
61	74
61	80
62	10
62	16
62	28
62	33
62	34
62	50
62	53
62	55
62	57
62	67
62	68
62	75
62	77
62	78
62	81
63	5
63	25
63	40
63	43
63	47
63	50
63	57
63	65
63	66
63	70
63	71
63	74
63	75
63	76
63	80
64	3
64	16
64	17
64	20
64	21
64	29
64	39
64	41
64	44
64	54
64	58
64	65
64	66
64	69
64	80
65	4
65	12
65	21
65	28
65	37
65	46
65	52
65	53
65	56
65	57
65	63
65	64
65	69
65	78
65	79
66	9
66	11
66	26
66	30
66	43
66	48
66	50
66	55
66	56
66	63
66	64
66	70
66	71
66	76
66	79
67	6
67	11
67	14
67	27
67	29
67	35
67	36
67	37
67	45
67	56
67	62
67	69
67	76
67	78
67	80
68	4
68	8
68	24
68	28
68	31
68	47
68	49
68	55
68	62
68	71
68	73
68	75
68	76
68	78
68	79
68	81
69	3
69	13
69	16
69	39
69	41
69	51
69	53
69	58
69	61
69	64
69	65
69	67
69	71
69	76
69	77
69	78
70	2
70	9
70	17
70	23
70	43
70	47
70	48
70	50
70	57
70	60
70	63
70	66
70	71
70	74
70	76
70	78
70	79
71	5
71	23
71	25
71	27
71	31
71	38
71	40
71	41
71	47
71	50
71	54
71	63
71	66
71	68
71	69
71	70
71	72
71	74
72	7
72	14
72	15
72	18
72	19
72	27
72	29
72	34
72	35
72	37
72	38
72	45
72	51
72	54
72	58
72	71
72	74
72	81
73	20
73	22
73	25
73	28
73	36
73	37
73	44
73	49
73	50
73	53
73	56
73	59
73	60
73	61
73	68
73	75
73	77
73	79
74	7
74	14
74	15
74	18
74	27
74	29
74	34
74	35
74	51
74	58
74	61
74	63
74	70
74	71
74	72
74	76
74	77
74	79
75	6
75	13
75	14
75	18
75	21
75	30
75	40
75	44
75	48
75	49
75	50
75	62
75	63
75	68
75	73
75	76
75	78
75	79
75	80
76	13
76	16
76	22
76	36
76	42
76	49
76	56
76	63
76	66
76	67
76	68
76	69
76	70
76	74
76	75
76	77
76	79
76	80
76	81
77	6
77	10
77	12
77	21
77	22
77	25
77	26
77	36
77	43
77	45
77	54
77	57
77	60
77	62
77	69
77	73
77	74
77	76
77	79
77	80
78	1
78	28
78	33
78	34
78	46
78	49
78	50
78	51
78	52
78	53
78	55
78	57
78	59
78	62
78	65
78	67
78	68
78	69
78	70
78	75
78	79
78	81
79	3
79	4
79	10
79	21
79	22
79	23
79	37
79	44
79	49
79	53
79	56
79	58
79	65
79	66
79	68
79	70
79	73
79	74
79	75
79	76
79	77
79	78
79	80
80	9
80	10
80	13
80	14
80	19
80	42
80	44
80	45
80	47
80	50
80	55
80	56
80	58
80	60
80	61
80	63
80	64
80	67
80	75
80	76
80	77
80	79
80	81
81	1
81	3
81	8
81	9
81	22
81	24
81	32
81	33
81	36
81	37
81	42
81	48
81	52
81	53
81	54
81	55
81	57
81	62
81	68
81	72
81	76
81	78
81	80
