1	52
1	59
1	65
1	66
1	70
1	79
2	8
2	64
2	68
2	70
2	76
2	77
3	35
3	51
3	53
3	57
3	61
3	71
4	27
4	31
4	41
4	78
4	79
4	80
5	38
5	60
5	67
5	69
5	72
5	80
6	10
6	15
6	16
6	44
6	62
6	81
7	22
7	45
7	55
7	74
7	78
7	79
8	2
8	57
8	73
8	75
8	76
8	80
9	25
9	27
9	28
9	39
9	49
9	81
10	6
10	42
10	55
10	57
10	65
10	66
11	23
11	42
11	52
11	67
11	72
11	76
12	16
12	25
12	40
12	48
12	75
12	81
13	19
13	24
13	35
13	61
13	67
13	80
14	23
14	49
14	64
14	71
14	72
14	81
15	6
15	47
15	53
15	66
15	77
15	81
16	6
16	12
16	40
16	52
16	78
16	79
17	38
17	42
17	43
17	61
17	67
17	81
18	19
18	39
18	58
18	73
18	75
18	78
18	80
19	13
19	18
19	38
19	42
19	61
19	67
19	70
20	23
20	49
20	73
20	75
20	77
20	79
20	80
21	32
21	43
21	54
21	72
21	73
21	76
21	77
22	7
22	52
22	67
22	73
22	78
22	79
22	81
23	11
23	14
23	20
23	36
23	45
23	65
23	67
24	13
24	42
24	61
24	67
24	68
24	69
24	81
25	9
25	12
25	57
25	62
25	75
25	79
25	81
26	34
26	36
26	38
26	40
26	48
26	50
26	51
27	4
27	9
27	42
27	51
27	53
27	76
27	78
28	9
28	31
28	44
28	65
28	67
28	74
28	80
29	30
29	32
29	44
29	60
29	62
29	71
29	74
30	29
30	51
30	56
30	69
30	78
30	79
30	81
31	4
31	28
31	55
31	60
31	65
31	68
31	76
32	21
32	29
32	38
32	48
32	50
32	58
32	70
33	59
33	60
33	64
33	72
33	75
33	76
33	77
34	26
34	36
34	39
34	72
34	74
34	76
34	77
35	3
35	13
35	45
35	52
35	53
35	71
35	79
35	81
36	23
36	26
36	34
36	42
36	57
36	61
36	67
36	69
37	56
37	57
37	62
37	69
37	73
37	75
37	77
37	80
38	5
38	17
38	19
38	26
38	32
38	40
38	46
38	72
39	9
39	18
39	34
39	50
39	55
39	60
39	68
39	74
40	12
40	16
40	26
40	38
40	46
40	50
40	76
40	80
40	81
41	4
41	43
41	59
41	63
41	69
41	70
41	72
41	76
41	77
42	10
42	11
42	17
42	19
42	24
42	27
42	36
42	69
42	72
43	17
43	21
43	41
43	55
43	62
43	63
43	64
43	75
43	81
44	6
44	28
44	29
44	51
44	65
44	66
44	69
44	74
44	80
45	7
45	23
45	35
45	67
45	68
45	69
45	73
45	74
45	75
46	38
46	40
46	48
46	50
46	52
46	60
46	66
46	69
46	80
47	15
47	51
47	54
47	57
47	63
47	64
47	73
47	74
47	75
47	81
48	12
48	26
48	32
48	46
48	50
48	58
48	62
48	64
48	73
48	80
49	9
49	14
49	20
49	51
49	53
49	57
49	64
49	66
49	67
49	81
50	26
50	32
50	39
50	40
50	46
50	48
50	54
50	67
50	68
50	73
51	3
51	26
51	27
51	30
51	44
51	47
51	49
51	64
51	78
51	79
52	1
52	11
52	16
52	22
52	35
52	46
52	71
52	78
52	79
52	80
53	3
53	15
53	27
53	35
53	49
53	61
53	68
53	70
53	78
53	79
54	21
54	47
54	50
54	55
54	59
54	65
54	66
54	68
54	70
54	74
54	81
55	7
55	10
55	31
55	39
55	43
55	54
55	58
55	59
55	65
55	66
55	79
56	30
56	37
56	60
56	63
56	70
56	71
56	72
56	76
56	77
56	78
57	3
57	8
57	10
57	25
57	36
57	37
57	47
57	49
57	58
57	62
57	63
57	81
58	18
58	32
58	48
58	55
58	57
58	59
58	65
58	66
58	77
58	78
59	1
59	33
59	41
59	54
59	55
59	58
59	60
59	65
59	66
59	75
59	78
59	80
60	5
60	29
60	31
60	33
60	39
60	46
60	56
60	59
60	68
60	75
60	78
60	79
61	3
61	13
61	17
61	19
61	24
61	36
61	53
61	66
61	67
61	76
61	77
61	78
62	6
62	25
62	29
62	37
62	43
62	48
62	57
62	63
62	64
62	74
62	77
62	79
62	81
63	41
63	43
63	47
63	56
63	57
63	62
63	64
63	68
63	72
63	74
63	75
63	80
63	81
64	2
64	14
64	33
64	43
64	47
64	48
64	49
64	51
64	62
64	63
64	77
64	79
64	81
65	1
65	10
65	23
65	28
65	31
65	44
65	54
65	55
65	58
65	59
65	66
65	70
65	76
65	80
66	1
66	10
66	15
66	44
66	46
66	49
66	54
66	55
66	58
66	59
66	61
66	65
66	74
66	81
67	5
67	11
67	13
67	17
67	19
67	22
67	23
67	24
67	28
67	36
67	45
67	49
67	50
67	61
67	78
68	2
68	24
68	31
68	39
68	45
68	50
68	53
68	54
68	60
68	63
68	69
68	70
68	73
68	74
68	76
68	80
69	5
69	24
69	30
69	36
69	37
69	41
69	42
69	44
69	45
69	46
69	68
69	71
69	74
69	75
69	78
69	80
70	1
70	2
70	19
70	32
70	41
70	53
70	54
70	56
70	65
70	68
70	71
70	72
70	76
70	77
70	78
71	3
71	14
71	29
71	35
71	52
71	56
71	69
71	70
71	72
71	75
71	76
71	77
71	79
71	80
71	81
72	5
72	11
72	14
72	21
72	33
72	34
72	38
72	41
72	42
72	56
72	63
72	70
72	71
72	73
72	76
72	77
72	80
73	8
73	18
73	20
73	21
73	22
73	37
73	45
73	47
73	48
73	50
73	68
73	72
73	74
73	75
73	78
73	79
73	80
73	81
74	7
74	28
74	29
74	34
74	39
74	44
74	45
74	47
74	54
74	62
74	63
74	66
74	68
74	69
74	73
74	75
74	77
74	78
74	80
75	8
75	12
75	18
75	20
75	25
75	33
75	37
75	43
75	45
75	47
75	59
75	60
75	63
75	69
75	71
75	73
75	74
75	76
75	77
75	80
76	2
76	8
76	11
76	21
76	27
76	31
76	33
76	34
76	40
76	41
76	56
76	61
76	65
76	68
76	70
76	71
76	72
76	75
76	77
76	81
77	2
77	15
77	20
77	21
77	33
77	34
77	37
77	41
77	56
77	58
77	61
77	62
77	64
77	70
77	71
77	72
77	74
77	75
77	76
77	79
78	4
78	7
78	16
78	18
78	22
78	27
78	30
78	51
78	52
78	53
78	56
78	58
78	59
78	60
78	61
78	67
78	69
78	70
78	73
78	74
78	79
79	1
79	4
79	7
79	16
79	20
79	22
79	25
79	30
79	35
79	51
79	52
79	53
79	55
79	60
79	62
79	64
79	71
79	73
79	77
79	78
79	80
80	4
80	5
80	8
80	13
80	18
80	20
80	28
80	37
80	40
80	44
80	46
80	48
80	52
80	59
80	63
80	65
80	68
80	69
80	71
80	72
80	73
80	74
80	75
80	79
81	6
81	9
81	12
81	14
81	15
81	17
81	22
81	24
81	25
81	30
81	35
81	40
81	43
81	47
81	49
81	54
81	57
81	62
81	63
81	64
81	66
81	71
81	73
81	76
