1	24
1	51
1	52
1	55
1	56
1	75
2	53
2	54
2	63
2	71
2	76
2	77
3	22
3	27
3	40
3	43
3	69
3	79
4	28
4	36
4	55
4	64
4	74
4	77
5	37
5	55
5	61
5	69
5	75
5	81
6	17
6	21
6	46
6	54
6	67
6	73
7	24
7	30
7	41
7	63
7	65
7	81
8	27
8	47
8	76
8	78
8	79
8	80
9	35
9	64
9	66
9	71
9	73
9	78
10	47
10	67
10	70
10	78
10	79
10	81
11	43
11	57
11	70
11	76
11	77
11	81
12	19
12	58
12	76
12	78
12	79
12	80
13	14
13	23
13	57
13	70
13	73
13	81
14	13
14	21
14	23
14	40
14	42
14	78
15	39
15	49
15	56
15	60
15	72
15	80
16	40
16	59
16	74
16	76
16	77
16	78
17	6
17	45
17	52
17	65
17	75
17	76
18	57
18	68
18	70
18	76
18	79
18	80
19	12
19	44
19	63
19	74
19	78
19	80
20	27
20	40
20	52
20	59
20	74
20	77
20	78
21	6
21	14
21	30
21	46
21	61
21	68
21	69
22	3
22	38
22	45
22	66
22	72
22	79
22	80
23	13
23	14
23	32
23	54
23	62
23	65
23	75
24	1
24	7
24	26
24	41
24	55
24	71
24	81
25	37
25	46
25	50
25	58
25	69
25	74
25	77
26	24
26	50
26	59
26	64
26	66
26	68
26	78
27	3
27	8
27	20
27	28
27	34
27	47
27	68
28	4
28	27
28	42
28	43
28	51
28	57
28	76
29	34
29	38
29	46
29	56
29	59
29	61
29	71
30	7
30	21
30	36
30	43
30	46
30	53
30	54
31	46
31	60
31	63
31	64
31	71
31	73
31	78
32	23
32	38
32	54
32	64
32	75
32	77
32	78
33	56
33	60
33	61
33	62
33	65
33	75
33	79
34	27
34	29
34	53
34	64
34	65
34	66
34	68
34	74
35	9
35	43
35	51
35	64
35	66
35	67
35	73
35	81
36	4
36	30
36	56
36	58
36	62
36	65
36	75
36	79
37	5
37	25
37	57
37	64
37	70
37	71
37	79
37	81
38	22
38	29
38	32
38	45
38	51
38	54
38	67
38	73
39	15
39	46
39	47
39	59
39	61
39	68
39	80
39	81
40	3
40	14
40	16
40	20
40	42
40	62
40	74
40	75
40	80
41	7
41	24
41	47
41	61
41	65
41	66
41	67
41	70
41	81
42	14
42	28
42	40
42	53
42	58
42	62
42	63
42	77
42	81
43	3
43	11
43	28
43	30
43	35
43	49
43	69
43	74
43	80
44	19
44	50
44	63
44	67
44	69
44	72
44	76
44	79
44	80
45	17
45	22
45	38
45	52
45	60
45	73
45	76
45	79
45	80
46	6
46	21
46	25
46	29
46	30
46	31
46	39
46	65
46	66
46	69
47	8
47	10
47	27
47	39
47	41
47	55
47	57
47	74
47	79
47	81
48	49
48	51
48	67
48	68
48	69
48	71
48	73
48	77
48	80
48	81
49	15
49	43
49	48
49	54
49	66
49	69
49	72
49	73
49	77
49	78
50	25
50	26
50	44
50	60
50	72
50	73
50	76
50	79
50	80
50	81
51	1
51	28
51	35
51	38
51	48
51	58
51	61
51	63
51	64
51	67
51	69
52	1
52	17
52	20
52	45
52	56
52	62
52	65
52	66
52	70
52	71
52	75
52	80
53	2
53	30
53	34
53	42
53	55
53	59
53	61
53	66
53	67
53	68
53	73
53	74
54	2
54	6
54	23
54	30
54	32
54	38
54	49
54	67
54	69
54	73
54	78
54	81
55	1
55	4
55	5
55	24
55	47
55	53
55	57
55	63
55	70
55	72
55	79
55	80
55	81
56	1
56	15
56	29
56	33
56	36
56	52
56	58
56	61
56	62
56	65
56	68
56	75
56	76
57	11
57	13
57	18
57	28
57	37
57	47
57	55
57	60
57	70
57	71
57	74
57	77
57	81
58	12
58	25
58	36
58	42
58	51
58	56
58	63
58	64
58	65
58	70
58	71
58	77
58	78
59	16
59	20
59	26
59	29
59	39
59	53
59	60
59	61
59	66
59	68
59	72
59	76
59	77
59	80
60	15
60	31
60	33
60	45
60	50
60	57
60	59
60	61
60	67
60	69
60	72
60	76
60	79
60	80
61	5
61	21
61	29
61	33
61	39
61	41
61	51
61	53
61	56
61	59
61	60
61	66
61	68
61	75
61	81
62	23
62	33
62	36
62	40
62	42
62	52
62	56
62	64
62	65
62	74
62	75
62	77
62	78
62	79
62	80
63	2
63	7
63	19
63	31
63	42
63	44
63	51
63	55
63	58
63	66
63	70
63	71
63	72
63	77
63	81
64	4
64	9
64	26
64	31
64	32
64	34
64	35
64	37
64	51
64	58
64	62
64	70
64	71
64	73
64	78
65	7
65	17
65	23
65	33
65	34
65	36
65	41
65	46
65	52
65	56
65	58
65	62
65	70
65	75
65	79
66	9
66	22
66	26
66	34
66	35
66	41
66	46
66	49
66	52
66	53
66	59
66	61
66	63
66	67
66	68
67	6
67	10
67	35
67	38
67	41
67	44
67	48
67	51
67	53
67	54
67	60
67	66
67	69
67	72
67	73
67	77
68	18
68	21
68	26
68	27
68	34
68	39
68	48
68	53
68	56
68	59
68	61
68	66
68	72
68	77
68	78
68	79
69	3
69	5
69	21
69	25
69	43
69	44
69	46
69	48
69	49
69	51
69	54
69	60
69	67
69	73
69	74
69	80
70	10
70	11
70	13
70	18
70	37
70	41
70	52
70	55
70	57
70	58
70	63
70	64
70	65
70	74
70	76
70	81
71	2
71	9
71	24
71	29
71	31
71	37
71	48
71	52
71	57
71	58
71	63
71	64
71	74
71	75
71	78
71	79
72	15
72	22
72	44
72	49
72	50
72	55
72	59
72	60
72	63
72	67
72	68
72	73
72	76
72	77
72	79
72	80
73	6
73	9
73	13
73	31
73	35
73	38
73	45
73	48
73	49
73	50
73	53
73	54
73	64
73	67
73	69
73	72
74	4
74	16
74	19
74	20
74	25
74	34
74	40
74	43
74	47
74	53
74	57
74	62
74	69
74	70
74	71
74	76
74	77
74	78
75	1
75	5
75	17
75	23
75	32
75	33
75	36
75	40
75	52
75	56
75	61
75	62
75	65
75	71
75	76
75	77
75	78
75	79
75	81
76	2
76	8
76	11
76	12
76	16
76	17
76	18
76	28
76	44
76	45
76	50
76	56
76	59
76	60
76	70
76	72
76	74
76	75
76	79
76	80
76	81
77	2
77	4
77	11
77	16
77	20
77	25
77	32
77	42
77	48
77	49
77	57
77	58
77	59
77	62
77	63
77	67
77	68
77	72
77	74
77	75
77	78
78	8
78	9
78	10
78	12
78	14
78	16
78	19
78	20
78	26
78	31
78	32
78	49
78	54
78	58
78	62
78	64
78	68
78	71
78	74
78	75
78	77
78	80
78	81
79	3
79	8
79	10
79	12
79	18
79	22
79	33
79	36
79	37
79	44
79	45
79	47
79	50
79	55
79	60
79	62
79	65
79	68
79	71
79	72
79	75
79	76
79	80
80	8
80	12
80	15
80	18
80	19
80	22
80	39
80	40
80	43
80	44
80	45
80	48
80	50
80	52
80	55
80	59
80	60
80	62
80	69
80	72
80	76
80	78
80	79
81	5
81	7
81	10
81	11
81	13
81	24
81	35
81	37
81	39
81	41
81	42
81	47
81	48
81	50
81	54
81	55
81	57
81	61
81	63
81	70
81	75
81	76
81	78
