1	55
1	60
1	72
1	73
1	75
1	81
2	44
2	62
2	72
2	73
2	75
2	76
3	23
3	27
3	36
3	65
3	71
3	77
4	15
4	23
4	33
4	53
4	74
4	78
5	7
5	57
5	58
5	61
5	64
5	66
6	38
6	42
6	51
6	53
6	73
6	77
7	5
7	23
7	24
7	58
7	64
7	79
8	37
8	55
8	65
8	77
8	78
8	80
9	12
9	14
9	22
9	57
9	62
9	64
10	51
10	66
10	68
10	70
10	71
10	80
11	31
11	65
11	69
11	71
11	74
11	77
12	9
12	33
12	50
12	58
12	64
12	80
13	47
13	53
13	54
13	55
13	77
13	78
14	9
14	35
14	61
14	64
14	69
14	74
15	4
15	26
15	50
15	53
15	66
15	75
16	28
16	52
16	61
16	77
16	80
16	81
17	65
17	67
17	68
17	77
17	79
17	81
18	62
18	70
18	73
18	74
18	75
18	81
19	36
19	69
19	75
19	76
19	80
19	81
20	43
20	59
20	72
20	75
20	76
20	81
21	57
21	58
21	62
21	64
21	68
21	80
22	9
22	39
22	73
22	79
22	80
22	81
23	3
23	4
23	7
23	58
23	63
23	78
24	7
24	59
24	68
24	73
24	75
24	80
25	38
25	40
25	47
25	60
25	63
25	69
26	15
26	27
26	38
26	42
26	53
26	67
26	69
27	3
27	26
27	70
27	72
27	73
27	74
27	75
28	16
28	44
28	67
28	68
28	70
28	73
28	75
29	32
29	43
29	49
29	76
29	78
29	80
29	81
30	58
30	62
30	63
30	67
30	68
30	70
30	81
31	11
31	42
31	66
31	69
31	74
31	79
31	80
32	29
32	36
32	65
32	66
32	76
32	78
32	79
33	4
33	12
33	54
33	63
33	73
33	75
33	78
34	40
34	41
34	56
34	59
34	60
34	67
34	79
35	14
35	37
35	63
35	67
35	70
35	77
35	81
36	3
36	19
36	32
36	44
36	65
36	76
36	78
37	8
37	35
37	39
37	47
37	49
37	50
37	59
37	60
38	6
38	25
38	26
38	43
38	50
38	70
38	72
38	80
39	22
39	37
39	40
39	47
39	48
39	49
39	60
39	80
40	25
40	34
40	39
40	46
40	56
40	59
40	71
40	78
41	34
41	49
41	50
41	56
41	60
41	61
41	66
41	76
42	6
42	26
42	31
42	43
42	50
42	64
42	72
42	81
43	20
43	29
43	38
43	42
43	50
43	53
43	74
43	81
44	2
44	28
44	36
44	69
44	76
44	79
44	80
44	81
45	60
45	65
45	68
45	72
45	76
45	78
45	79
45	80
45	81
46	40
46	48
46	52
46	56
46	58
46	61
46	69
46	74
46	76
47	13
47	25
47	37
47	39
47	54
47	56
47	68
47	69
47	79
48	39
48	46
48	51
48	52
48	61
48	64
48	68
48	69
48	74
49	29
49	37
49	39
49	41
49	52
49	54
49	56
49	57
49	60
50	12
50	15
50	37
50	38
50	41
50	42
50	43
50	53
50	65
51	6
51	10
51	48
51	59
51	61
51	63
51	67
51	68
51	69
51	70
52	16
52	46
52	48
52	49
52	61
52	69
52	70
52	74
52	77
52	81
53	4
53	6
53	13
53	15
53	26
53	43
53	50
53	55
53	69
53	76
54	13
54	33
54	47
54	49
54	55
54	59
54	62
54	65
54	73
54	78
55	1
55	8
55	13
55	53
55	54
55	65
55	72
55	75
55	78
55	79
56	34
56	40
56	41
56	46
56	47
56	49
56	57
56	62
56	72
56	76
57	5
57	9
57	21
57	49
57	56
57	58
57	64
57	71
57	77
57	80
58	5
58	7
58	12
58	21
58	23
58	30
58	46
58	57
58	64
58	67
58	80
59	20
59	24
59	34
59	37
59	40
59	51
59	54
59	62
59	72
59	73
59	75
60	1
60	25
60	34
60	37
60	39
60	41
60	45
60	49
60	72
60	77
60	81
61	5
61	14
61	16
61	41
61	46
61	48
61	51
61	52
61	69
61	74
61	80
62	2
62	9
62	18
62	21
62	30
62	54
62	56
62	59
62	72
62	73
62	75
62	77
63	23
63	25
63	30
63	33
63	35
63	51
63	67
63	68
63	70
63	71
63	72
63	74
63	81
64	5
64	7
64	9
64	12
64	14
64	21
64	42
64	48
64	57
64	58
64	70
64	75
64	78
65	3
65	8
65	11
65	17
65	32
65	36
65	45
65	50
65	54
65	55
65	70
65	71
65	78
66	5
66	10
66	15
66	31
66	32
66	41
66	69
66	71
66	76
66	77
66	79
66	80
66	81
67	17
67	26
67	28
67	30
67	34
67	35
67	51
67	58
67	63
67	68
67	70
67	75
67	78
67	80
67	81
68	10
68	17
68	21
68	24
68	28
68	30
68	45
68	47
68	48
68	51
68	63
68	67
68	70
68	73
68	78
69	11
69	14
69	19
69	25
69	26
69	31
69	44
69	46
69	47
69	48
69	51
69	52
69	53
69	61
69	66
69	74
70	10
70	18
70	27
70	28
70	30
70	35
70	38
70	51
70	52
70	63
70	64
70	65
70	67
70	68
70	72
70	79
71	3
71	10
71	11
71	40
71	57
71	63
71	65
71	66
71	72
71	74
71	76
71	77
71	79
71	80
71	81
72	1
72	2
72	20
72	27
72	38
72	42
72	45
72	55
72	56
72	59
72	60
72	62
72	63
72	70
72	71
72	73
72	75
73	1
73	2
73	6
73	18
73	22
73	24
73	27
73	28
73	33
73	54
73	59
73	62
73	68
73	72
73	75
73	78
73	81
74	4
74	11
74	14
74	18
74	27
74	31
74	43
74	46
74	48
74	52
74	61
74	63
74	69
74	71
74	76
74	78
74	79
75	1
75	2
75	15
75	18
75	19
75	20
75	24
75	27
75	28
75	33
75	55
75	59
75	62
75	64
75	67
75	72
75	73
75	78
75	79
76	2
76	19
76	20
76	29
76	32
76	36
76	41
76	44
76	45
76	46
76	53
76	56
76	66
76	71
76	74
76	77
76	79
76	80
76	81
77	3
77	6
77	8
77	11
77	13
77	16
77	17
77	35
77	52
77	57
77	60
77	62
77	66
77	71
77	76
77	79
77	80
77	81
78	4
78	8
78	13
78	23
78	29
78	32
78	33
78	36
78	40
78	45
78	54
78	55
78	64
78	65
78	67
78	68
78	73
78	74
78	75
78	79
79	7
79	17
79	22
79	31
79	32
79	34
79	44
79	45
79	47
79	55
79	66
79	70
79	71
79	74
79	75
79	76
79	77
79	78
79	80
79	81
80	8
80	10
80	12
80	16
80	19
80	21
80	22
80	24
80	29
80	31
80	38
80	39
80	44
80	45
80	57
80	58
80	61
80	66
80	67
80	71
80	76
80	77
80	79
80	81
81	1
81	16
81	17
81	18
81	19
81	20
81	22
81	29
81	30
81	35
81	42
81	43
81	44
81	45
81	52
81	60
81	63
81	66
81	67
81	71
81	73
81	76
81	77
81	79
81	80
