1	4
1	6
1	38
1	50
1	52
1	80
2	42
2	53
2	69
2	70
2	71
2	78
3	25
3	31
3	51
3	69
3	70
3	71
4	1
4	59
4	63
4	64
4	74
4	80
5	20
5	43
5	75
5	77
5	78
5	81
6	1
6	32
6	37
6	43
6	62
6	64
7	25
7	37
7	38
7	65
7	66
7	78
8	36
8	38
8	73
8	77
8	78
8	81
9	17
9	36
9	44
9	47
9	60
9	74
10	54
10	71
10	73
10	78
10	79
10	80
11	19
11	47
11	48
11	60
11	68
11	76
12	46
12	58
12	67
12	72
12	77
12	81
13	18
13	46
13	50
13	52
13	71
13	76
14	23
14	33
14	51
14	66
14	67
14	81
15	16
15	23
15	34
15	42
15	73
15	79
16	15
16	41
16	58
16	66
16	70
16	79
17	9
17	39
17	60
17	69
17	74
17	79
18	13
18	28
18	43
18	52
18	65
18	69
18	80
19	11
19	27
19	33
19	42
19	61
19	79
19	81
20	5
20	42
20	44
20	55
20	59
20	72
20	76
21	33
21	37
21	48
21	60
21	67
21	73
21	78
22	27
22	54
22	63
22	70
22	71
22	72
22	80
23	14
23	15
23	34
23	41
23	46
23	61
23	81
24	28
24	37
24	56
24	66
24	73
24	75
24	76
25	3
25	7
25	36
25	39
25	53
25	55
25	59
26	56
26	72
26	76
26	77
26	78
26	80
26	81
27	19
27	22
27	28
27	38
27	40
27	59
27	62
28	18
28	24
28	27
28	32
28	38
28	46
28	79
29	52
29	66
29	71
29	75
29	76
29	77
29	79
30	64
30	69
30	72
30	73
30	77
30	78
30	81
31	3
31	35
31	36
31	53
31	55
31	59
31	75
31	77
32	6
32	28
32	43
32	50
32	52
32	58
32	64
32	73
33	14
33	19
33	21
33	41
33	51
33	66
33	67
33	70
34	15
34	23
34	40
34	61
34	63
34	67
34	76
34	79
35	31
35	57
35	61
35	72
35	73
35	75
35	78
35	81
36	8
36	9
36	25
36	31
36	53
36	57
36	59
36	75
37	6
37	7
37	21
37	24
37	40
37	64
37	66
37	74
38	1
38	7
38	8
38	27
38	28
38	40
38	56
38	68
39	17
39	25
39	42
39	47
39	48
39	50
39	60
39	74
40	27
40	34
40	37
40	38
40	42
40	49
40	62
40	78
41	16
41	23
41	33
41	46
41	56
41	60
41	70
41	76
41	80
42	2
42	15
42	19
42	20
42	39
42	40
42	49
42	52
42	66
43	5
43	6
43	18
43	32
43	50
43	54
43	57
43	59
43	80
44	9
44	20
44	45
44	53
44	55
44	56
44	59
44	74
44	80
45	44
45	51
45	54
45	67
45	68
45	72
45	77
45	78
45	81
46	12
46	13
46	23
46	28
46	41
46	63
46	66
46	74
46	79
47	9
47	11
47	39
47	48
47	55
47	60
47	76
47	77
47	78
48	11
48	21
48	39
48	47
48	50
48	54
48	59
48	60
48	64
48	72
49	40
49	42
49	61
49	66
49	72
49	73
49	74
49	75
49	80
49	81
50	1
50	13
50	32
50	39
50	43
50	48
50	52
50	56
50	60
50	71
51	3
51	14
51	33
51	45
51	56
51	62
51	75
51	76
51	77
51	79
52	1
52	13
52	18
52	29
52	32
52	42
52	50
52	77
52	78
52	80
52	81
53	2
53	25
53	31
53	36
53	44
53	55
53	59
53	65
53	68
53	70
53	78
54	10
54	22
54	43
54	45
54	48
54	57
54	71
54	72
54	77
54	78
54	79
54	81
55	20
55	25
55	31
55	44
55	47
55	53
55	57
55	59
55	62
55	65
55	73
55	81
56	24
56	26
56	38
56	41
56	44
56	50
56	51
56	58
56	61
56	76
56	79
56	80
57	35
57	36
57	43
57	54
57	55
57	62
57	70
57	71
57	72
57	77
57	78
57	81
58	12
58	16
58	32
58	56
58	63
58	65
58	66
58	68
58	69
58	70
58	71
58	72
58	77
59	4
59	20
59	25
59	27
59	31
59	36
59	43
59	44
59	48
59	53
59	55
59	63
59	68
59	70
60	9
60	11
60	17
60	21
60	39
60	41
60	47
60	48
60	50
60	67
60	68
60	74
60	76
60	78
61	19
61	23
61	34
61	35
61	49
61	56
61	70
61	72
61	73
61	74
61	77
61	78
61	79
61	80
62	6
62	27
62	40
62	51
62	55
62	57
62	64
62	72
62	73
62	74
62	76
62	79
62	80
62	81
63	4
63	22
63	34
63	46
63	58
63	59
63	65
63	68
63	69
63	70
63	71
63	74
63	80
63	81
64	4
64	6
64	30
64	32
64	37
64	48
64	62
64	67
64	68
64	69
64	73
64	74
64	75
64	76
64	80
65	7
65	18
65	53
65	55
65	58
65	63
65	68
65	69
65	70
65	71
65	74
65	75
65	79
66	7
66	14
66	16
66	24
66	29
66	33
66	37
66	42
66	46
66	49
66	58
66	69
66	77
66	79
66	81
67	12
67	14
67	21
67	33
67	34
67	45
67	60
67	64
67	72
67	74
67	75
67	76
67	77
67	79
67	80
68	11
68	38
68	45
68	53
68	58
68	59
68	60
68	63
68	64
68	65
68	69
68	70
68	71
68	81
69	2
69	3
69	17
69	18
69	30
69	58
69	63
69	64
69	65
69	66
69	68
69	70
69	71
69	75
69	76
69	79
70	2
70	3
70	16
70	22
70	33
70	41
70	53
70	57
70	58
70	59
70	61
70	63
70	65
70	68
70	69
70	71
70	73
70	74
71	2
71	3
71	10
71	13
71	22
71	29
71	50
71	54
71	57
71	58
71	63
71	65
71	68
71	69
71	70
71	75
71	77
71	80
72	12
72	20
72	22
72	26
72	30
72	35
72	45
72	48
72	49
72	54
72	57
72	58
72	61
72	62
72	67
72	77
72	78
72	80
72	81
73	8
73	10
73	15
73	21
73	24
73	30
73	32
73	35
73	49
73	55
73	61
73	62
73	64
73	70
73	74
73	75
73	76
73	79
73	80
74	4
74	9
74	17
74	37
74	39
74	44
74	46
74	49
74	60
74	61
74	62
74	63
74	64
74	65
74	67
74	70
74	73
74	75
74	76
74	79
75	5
75	24
75	29
75	31
75	35
75	36
75	49
75	51
75	64
75	65
75	67
75	69
75	71
75	73
75	74
75	76
75	77
75	79
75	80
75	81
76	11
76	13
76	20
76	24
76	26
76	29
76	34
76	41
76	47
76	51
76	56
76	60
76	62
76	64
76	67
76	69
76	73
76	74
76	75
76	78
76	80
76	81
77	5
77	8
77	12
77	26
77	29
77	30
77	31
77	45
77	47
77	51
77	52
77	54
77	57
77	58
77	61
77	66
77	67
77	71
77	72
77	75
77	78
77	81
78	2
78	5
78	7
78	8
78	10
78	21
78	26
78	30
78	35
78	40
78	45
78	47
78	52
78	53
78	54
78	57
78	60
78	61
78	72
78	76
78	77
78	79
78	81
79	10
79	15
79	16
79	17
79	19
79	28
79	29
79	34
79	46
79	51
79	54
79	56
79	61
79	62
79	65
79	66
79	67
79	69
79	73
79	74
79	75
79	78
79	80
80	1
80	4
80	10
80	18
80	22
80	26
80	41
80	43
80	44
80	49
80	52
80	56
80	61
80	62
80	63
80	64
80	67
80	71
80	72
80	73
80	75
80	76
80	79
81	5
81	8
81	12
81	14
81	19
81	23
81	26
81	30
81	35
81	45
81	49
81	52
81	54
81	55
81	57
81	62
81	63
81	66
81	68
81	72
81	75
81	76
81	77
81	78
