1	41
1	47
1	52
1	68
1	74
1	79
2	9
2	25
2	34
2	44
2	55
2	60
3	45
3	47
3	51
3	54
3	67
3	77
4	33
4	34
4	56
4	70
4	75
4	78
5	36
5	42
5	44
5	55
5	77
5	78
6	21
6	32
6	68
6	71
6	77
6	81
7	27
7	53
7	54
7	67
7	75
7	81
8	26
8	43
8	63
8	72
8	73
8	81
9	2
9	22
9	30
9	42
9	59
9	76
10	54
10	59
10	60
10	61
10	66
10	81
11	25
11	62
11	68
11	69
11	70
11	80
12	24
12	45
12	60
12	62
12	64
12	72
13	49
13	64
13	70
13	72
13	73
13	77
14	43
14	50
14	53
14	66
14	79
14	81
15	29
15	39
15	60
15	61
15	63
15	71
15	80
16	25
16	37
16	52
16	66
16	72
16	75
16	79
17	22
17	24
17	40
17	53
17	62
17	69
17	74
18	46
18	56
18	68
18	73
18	76
18	78
18	79
19	36
19	57
19	62
19	64
19	65
19	70
19	76
20	44
20	46
20	75
20	76
20	77
20	79
20	80
21	6
21	49
21	61
21	65
21	68
21	70
21	79
22	9
22	17
22	26
22	50
22	53
22	77
22	79
23	27
23	37
23	50
23	51
23	66
23	67
23	73
23	79
24	12
24	17
24	33
24	60
24	67
24	69
24	71
24	73
25	2
25	11
25	16
25	48
25	51
25	54
25	67
25	71
26	8
26	22
26	41
26	42
26	66
26	72
26	78
26	79
27	7
27	23
27	44
27	52
27	67
27	69
27	74
27	80
28	37
28	44
28	59
28	62
28	74
28	75
28	78
28	80
29	15
29	34
29	36
29	44
29	55
29	73
29	77
29	81
30	9
30	33
30	38
30	40
30	52
30	60
30	63
30	79
31	56
31	58
31	59
31	62
31	65
31	68
31	73
31	80
32	6
32	39
32	54
32	58
32	65
32	70
32	71
32	76
33	4
33	24
33	30
33	49
33	67
33	68
33	72
33	77
34	2
34	4
34	29
34	36
34	55
34	74
34	78
34	79
34	80
35	42
35	57
35	65
35	68
35	69
35	71
35	78
35	80
35	81
36	5
36	19
36	29
36	34
36	42
36	44
36	55
36	57
36	81
37	16
37	23
37	28
37	41
37	45
37	58
37	59
37	75
37	79
38	30
38	47
38	50
38	55
38	65
38	67
38	71
38	77
38	81
39	15
39	32
39	47
39	51
39	62
39	63
39	68
39	69
39	70
40	17
40	30
40	46
40	55
40	61
40	63
40	71
40	73
40	81
41	1
41	26
41	37
41	45
41	66
41	69
41	75
41	79
41	80
41	81
42	5
42	9
42	26
42	35
42	36
42	46
42	56
42	59
42	61
42	63
43	8
43	14
43	45
43	46
43	48
43	54
43	67
43	70
43	76
43	81
44	2
44	5
44	20
44	27
44	28
44	29
44	36
44	55
44	78
44	81
45	3
45	12
45	37
45	41
45	43
45	48
45	56
45	58
45	67
45	80
46	18
46	20
46	40
46	42
46	43
46	59
46	60
46	61
46	66
46	69
47	1
47	3
47	38
47	39
47	56
47	65
47	70
47	71
47	74
47	78
48	25
48	43
48	45
48	54
48	59
48	63
48	73
48	74
48	78
48	79
49	13
49	21
49	33
49	51
49	58
49	71
49	72
49	73
49	74
49	78
50	14
50	22
50	23
50	38
50	52
50	54
50	66
50	73
50	74
50	76
50	79
51	3
51	23
51	25
51	39
51	49
51	61
51	67
51	70
51	72
51	73
51	74
52	1
52	16
52	27
52	30
52	50
52	64
52	66
52	72
52	78
52	79
52	80
53	7
53	14
53	17
53	22
53	59
53	60
53	64
53	70
53	71
53	77
53	81
54	3
54	7
54	10
54	25
54	32
54	43
54	48
54	50
54	69
54	72
54	73
54	80
55	2
55	5
55	29
55	34
55	36
55	38
55	40
55	44
55	69
55	72
55	75
55	78
56	4
56	18
56	31
56	42
56	45
56	47
56	57
56	61
56	68
56	76
56	77
56	78
57	19
57	35
57	36
57	56
57	58
57	62
57	65
57	67
57	68
57	70
57	74
57	76
58	31
58	32
58	37
58	45
58	49
58	57
58	62
58	65
58	70
58	76
58	78
58	81
59	9
59	10
59	28
59	31
59	37
59	42
59	46
59	48
59	53
59	60
59	63
59	66
59	77
60	2
60	10
60	12
60	15
60	24
60	30
60	46
60	53
60	59
60	61
60	63
60	64
60	75
61	10
61	15
61	21
61	40
61	42
61	46
61	51
61	56
61	60
61	63
61	65
61	69
61	74
61	79
62	11
62	12
62	17
62	19
62	28
62	31
62	39
62	57
62	58
62	68
62	73
62	75
62	78
62	81
63	8
63	15
63	30
63	39
63	40
63	42
63	48
63	59
63	60
63	61
63	72
63	75
63	76
63	77
64	12
64	13
64	19
64	52
64	53
64	60
64	66
64	67
64	69
64	71
64	74
64	76
64	80
64	81
65	19
65	21
65	31
65	32
65	35
65	38
65	47
65	57
65	58
65	61
65	68
65	70
65	71
65	73
65	77
66	10
66	14
66	16
66	23
66	26
66	41
66	46
66	50
66	52
66	59
66	64
66	74
66	75
66	79
66	81
67	3
67	7
67	23
67	24
67	25
67	27
67	33
67	38
67	43
67	45
67	51
67	57
67	64
67	72
67	73
67	75
67	79
68	1
68	6
68	11
68	18
68	21
68	31
68	33
68	35
68	39
68	56
68	57
68	62
68	65
68	70
68	74
68	78
68	80
69	11
69	17
69	24
69	27
69	35
69	39
69	41
69	46
69	54
69	55
69	61
69	64
69	72
69	75
69	76
69	78
69	80
70	4
70	11
70	13
70	19
70	21
70	32
70	39
70	43
70	47
70	51
70	53
70	57
70	58
70	65
70	68
70	71
70	75
70	77
71	6
71	15
71	24
71	25
71	32
71	35
71	38
71	40
71	47
71	49
71	53
71	64
71	65
71	70
71	74
71	75
71	79
71	81
72	8
72	12
72	13
72	16
72	26
72	33
72	49
72	51
72	52
72	54
72	55
72	63
72	67
72	69
72	73
72	76
72	79
72	80
73	8
73	13
73	18
73	23
73	24
73	29
73	31
73	40
73	48
73	49
73	50
73	51
73	54
73	62
73	65
73	67
73	72
73	80
74	1
74	17
74	27
74	28
74	34
74	47
74	48
74	49
74	50
74	51
74	57
74	61
74	64
74	66
74	68
74	71
74	75
74	77
74	80
75	4
75	7
75	16
75	20
75	28
75	37
75	41
75	55
75	60
75	62
75	63
75	66
75	67
75	69
75	70
75	71
75	74
75	76
75	77
76	9
76	18
76	19
76	20
76	32
76	43
76	50
76	56
76	57
76	58
76	63
76	64
76	69
76	72
76	75
76	77
76	78
76	79
76	80
76	81
77	3
77	5
77	6
77	13
77	20
77	22
77	29
77	33
77	38
77	53
77	56
77	59
77	63
77	65
77	70
77	74
77	75
77	76
77	78
77	80
77	81
78	4
78	5
78	18
78	26
78	28
78	34
78	35
78	44
78	47
78	48
78	49
78	52
78	55
78	56
78	58
78	62
78	68
78	69
78	76
78	77
78	80
78	81
79	1
79	14
79	16
79	18
79	20
79	21
79	22
79	23
79	26
79	30
79	34
79	37
79	41
79	48
79	50
79	52
79	61
79	66
79	67
79	71
79	72
79	76
80	11
80	15
80	20
80	27
80	28
80	31
80	34
80	35
80	41
80	45
80	52
80	54
80	64
80	68
80	69
80	72
80	73
80	74
80	76
80	77
80	78
80	81
81	6
81	7
81	8
81	10
81	14
81	29
81	35
81	36
81	38
81	40
81	41
81	43
81	44
81	53
81	58
81	62
81	64
81	66
81	71
81	76
81	77
81	78
81	80
