1	17
1	49
1	73
1	75
1	80
1	81
2	14
2	19
2	32
2	35
2	55
2	78
3	43
3	44
3	46
3	65
3	72
3	81
4	20
4	29
4	35
4	52
4	55
4	80
5	20
5	58
5	72
5	74
5	78
5	81
6	21
6	50
6	51
6	52
6	54
6	66
7	27
7	40
7	58
7	74
7	76
7	79
8	31
8	38
8	51
8	61
8	67
8	77
9	28
9	42
9	58
9	69
9	71
9	75
10	32
10	56
10	58
10	60
10	63
10	75
11	26
11	38
11	56
11	64
11	68
11	70
12	47
12	67
12	69
12	72
12	76
12	78
13	45
13	52
13	53
13	67
13	69
13	71
14	2
14	24
14	47
14	55
14	70
14	79
15	44
15	56
15	57
15	66
15	79
15	81
16	27
16	53
16	66
16	73
16	74
16	80
17	1
17	40
17	41
17	69
17	70
17	74
17	79
18	45
18	47
18	50
18	54
18	67
18	70
18	75
19	2
19	24
19	25
19	27
19	58
19	60
19	63
20	4
20	5
20	59
20	69
20	75
20	76
20	78
21	6
21	33
21	38
21	47
21	57
21	66
21	72
22	36
22	41
22	53
22	72
22	77
22	78
22	79
23	43
23	46
23	58
23	66
23	69
23	78
23	80
24	14
24	19
24	28
24	29
24	34
24	74
24	76
25	19
25	26
25	35
25	40
25	60
25	63
25	76
26	11
26	25
26	32
26	58
26	60
26	76
26	78
27	7
27	16
27	19
27	62
27	76
27	78
27	79
28	9
28	24
28	33
28	35
28	46
28	53
28	55
29	4
29	24
29	34
29	37
29	56
29	74
29	79
30	37
30	51
30	53
30	59
30	62
30	73
30	75
30	80
31	8
31	49
31	51
31	65
31	70
31	75
31	77
31	81
32	2
32	10
32	26
32	39
32	44
32	58
32	63
32	80
33	21
33	28
33	54
33	68
33	73
33	74
33	79
33	81
34	24
34	29
34	35
34	55
34	57
34	67
34	69
34	70
35	2
35	4
35	25
35	28
35	34
35	47
35	54
35	75
36	22
36	51
36	59
36	60
36	64
36	68
36	70
36	71
37	29
37	30
37	43
37	47
37	62
37	74
37	77
37	81
38	8
38	11
38	21
38	39
38	45
38	50
38	52
38	67
39	32
39	38
39	44
39	48
39	50
39	59
39	68
39	70
40	7
40	17
40	25
40	51
40	60
40	70
40	79
40	81
41	17
41	22
41	49
41	53
41	55
41	77
41	80
41	81
42	9
42	44
42	59
42	64
42	67
42	69
42	70
42	78
43	3
43	23
43	37
43	64
43	65
43	72
43	79
43	80
43	81
44	3
44	15
44	32
44	39
44	42
44	60
44	64
44	68
44	70
45	13
45	18
45	38
45	48
45	54
45	60
45	66
45	67
45	81
46	3
46	23
46	28
46	50
46	53
46	57
46	65
46	73
46	79
47	12
47	14
47	18
47	21
47	35
47	37
47	49
47	62
47	77
48	39
48	45
48	57
48	60
48	61
48	65
48	71
48	80
48	81
49	1
49	31
49	41
49	47
49	62
49	65
49	71
49	73
49	77
50	6
50	18
50	38
50	39
50	46
50	54
50	67
50	71
50	77
51	6
51	8
51	30
51	31
51	36
51	40
51	62
51	68
51	77
52	4
52	6
52	13
52	38
52	54
52	67
52	71
52	75
52	76
52	78
53	13
53	16
53	22
53	28
53	30
53	41
53	46
53	62
53	77
53	79
54	6
54	18
54	33
54	35
54	45
54	50
54	52
54	76
54	77
54	80
55	2
55	4
55	14
55	28
55	34
55	41
55	59
55	63
55	64
55	78
55	80
56	10
56	11
56	15
56	29
56	57
56	71
56	72
56	73
56	75
56	78
56	80
57	15
57	21
57	34
57	46
57	48
57	56
57	66
57	72
57	76
57	80
57	81
58	5
58	7
58	9
58	10
58	19
58	23
58	26
58	32
58	60
58	63
58	74
58	77
59	20
59	30
59	36
59	39
59	42
59	55
59	64
59	68
59	70
59	73
59	74
59	80
60	10
60	19
60	25
60	26
60	36
60	40
60	44
60	45
60	48
60	58
60	63
60	81
61	8
61	48
61	64
61	65
61	66
61	67
61	68
61	71
61	72
61	74
61	79
61	81
62	27
62	30
62	37
62	47
62	49
62	51
62	53
62	73
62	74
62	76
62	77
62	79
62	80
63	10
63	19
63	25
63	32
63	55
63	58
63	60
63	64
63	66
63	69
63	73
63	76
63	79
64	11
64	36
64	42
64	43
64	44
64	55
64	59
64	61
64	63
64	68
64	70
64	78
64	79
65	3
65	31
65	43
65	46
65	48
65	49
65	61
65	71
65	72
65	75
65	76
65	78
65	79
65	80
66	6
66	15
66	16
66	21
66	23
66	45
66	57
66	61
66	63
66	72
66	74
66	75
66	79
66	81
67	8
67	12
67	13
67	18
67	34
67	38
67	42
67	45
67	50
67	52
67	61
67	68
67	73
67	75
67	80
68	11
68	33
68	36
68	39
68	44
68	51
68	59
68	61
68	64
68	67
68	69
68	70
68	73
68	77
68	81
69	9
69	12
69	13
69	17
69	20
69	23
69	34
69	42
69	63
69	68
69	70
69	71
69	73
69	74
69	75
69	78
70	11
70	14
70	17
70	18
70	31
70	34
70	36
70	39
70	40
70	42
70	44
70	59
70	64
70	68
70	69
70	71
71	9
71	13
71	36
71	48
71	49
71	50
71	52
71	56
71	61
71	65
71	69
71	70
71	72
71	73
71	75
71	76
71	77
72	3
72	5
72	12
72	21
72	22
72	43
72	56
72	57
72	61
72	65
72	66
72	71
72	73
72	74
72	77
72	78
72	79
72	81
73	1
73	16
73	30
73	33
73	46
73	49
73	56
73	59
73	62
73	63
73	67
73	68
73	69
73	71
73	72
73	76
73	78
73	80
74	5
74	7
74	16
74	17
74	24
74	29
74	33
74	37
74	58
74	59
74	61
74	62
74	66
74	69
74	72
74	77
74	79
74	81
75	1
75	9
75	10
75	18
75	20
75	30
75	31
75	35
75	52
75	56
75	65
75	66
75	67
75	69
75	71
75	76
75	80
75	81
76	7
76	12
76	20
76	24
76	25
76	26
76	27
76	52
76	54
76	57
76	62
76	63
76	65
76	71
76	73
76	75
76	77
76	78
77	8
77	22
77	31
77	37
77	41
77	47
77	49
77	50
77	51
77	53
77	54
77	58
77	62
77	68
77	71
77	72
77	74
77	76
77	80
78	2
78	5
78	12
78	20
78	22
78	23
78	26
78	27
78	42
78	52
78	55
78	56
78	64
78	65
78	69
78	72
78	73
78	76
78	80
78	81
79	7
79	14
79	15
79	17
79	22
79	27
79	29
79	33
79	40
79	43
79	46
79	53
79	61
79	62
79	63
79	64
79	65
79	66
79	72
79	74
79	81
80	1
80	4
80	16
80	23
80	30
80	32
80	41
80	43
80	48
80	54
80	55
80	56
80	57
80	59
80	62
80	65
80	67
80	73
80	75
80	77
80	78
81	1
81	3
81	5
81	15
81	31
81	33
81	37
81	40
81	41
81	43
81	45
81	48
81	57
81	60
81	61
81	66
81	68
81	72
81	74
81	75
81	78
81	79
