1	60
1	65
1	69
1	78
1	79
1	81
2	3
2	6
2	29
2	68
2	69
2	78
3	2
3	19
3	33
3	68
3	77
3	81
4	39
4	60
4	69
4	73
4	77
4	78
5	31
5	52
5	55
5	59
5	70
5	79
6	2
6	8
6	27
6	52
6	62
6	72
7	23
7	48
7	59
7	66
7	70
7	75
8	6
8	22
8	47
8	50
8	56
8	73
9	37
9	59
9	66
9	69
9	73
9	81
10	56
10	62
10	67
10	72
10	74
10	81
11	50
11	60
11	63
11	66
11	70
11	78
12	42
12	48
12	52
12	67
12	74
12	80
13	41
13	49
13	52
13	61
13	68
13	76
14	40
14	47
14	65
14	71
14	73
14	78
15	29
15	37
15	70
15	72
15	78
15	79
16	31
16	36
16	47
16	57
16	61
16	76
16	81
17	28
17	50
17	52
17	56
17	57
17	75
17	80
18	37
18	43
18	51
18	55
18	67
18	68
18	81
19	3
19	58
19	65
19	68
19	71
19	75
19	80
20	39
20	46
20	62
20	74
20	75
20	78
20	81
21	28
21	40
21	43
21	53
21	70
21	75
21	80
22	8
22	34
22	52
22	65
22	75
22	77
22	80
23	7
23	27
23	32
23	45
23	54
23	70
23	77
24	29
24	46
24	49
24	69
24	71
24	74
24	77
25	32
25	33
25	52
25	54
25	61
25	62
25	70
26	51
26	52
26	64
26	65
26	75
26	78
26	79
27	6
27	23
27	47
27	67
27	72
27	76
27	81
28	17
28	21
28	61
28	63
28	71
28	72
28	76
29	2
29	15
29	24
29	37
29	43
29	61
29	62
29	70
30	45
30	55
30	62
30	66
30	73
30	77
30	78
30	79
31	5
31	16
31	34
31	38
31	53
31	67
31	73
31	74
32	23
32	25
32	54
32	57
32	65
32	75
32	79
32	80
33	3
33	25
33	49
33	56
33	58
33	73
33	78
33	79
34	22
34	31
34	37
34	41
34	44
34	49
34	53
34	71
35	46
35	48
35	51
35	64
35	76
35	79
35	80
35	81
36	16
36	44
36	54
36	64
36	75
36	76
36	78
36	80
37	9
37	15
37	18
37	29
37	34
37	46
37	63
37	68
38	31
38	42
38	46
38	55
38	58
38	66
38	72
38	77
38	81
39	4
39	20
39	53
39	67
39	69
39	72
39	78
39	79
39	80
40	14
40	21
40	42
40	60
40	63
40	73
40	74
40	75
40	81
41	13
41	34
41	51
41	52
41	56
41	58
41	61
41	67
41	72
42	12
42	38
42	40
42	46
42	59
42	63
42	70
42	73
42	74
43	18
43	21
43	29
43	51
43	63
43	64
43	75
43	77
43	79
44	34
44	36
44	49
44	56
44	62
44	67
44	72
44	74
44	78
44	80
45	23
45	30
45	47
45	49
45	53
45	63
45	69
45	71
45	73
45	75
46	20
46	24
46	35
46	37
46	38
46	42
46	47
46	70
46	77
46	79
47	8
47	14
47	16
47	27
47	45
47	46
47	68
47	76
47	77
47	78
48	7
48	12
48	35
48	55
48	60
48	66
48	70
48	73
48	77
48	78
49	13
49	24
49	33
49	34
49	44
49	45
49	60
49	61
49	63
49	73
50	8
50	11
50	17
50	59
50	64
50	65
50	71
50	74
50	76
50	81
51	18
51	26
51	35
51	41
51	43
51	53
51	67
51	71
51	72
51	73
52	5
52	6
52	12
52	13
52	17
52	22
52	25
52	26
52	41
52	58
53	21
53	31
53	34
53	39
53	45
53	51
53	66
53	70
53	71
53	74
53	80
54	23
54	25
54	32
54	36
54	55
54	63
54	64
54	65
54	70
54	72
54	80
55	5
55	18
55	30
55	38
55	48
55	54
55	60
55	61
55	76
55	78
55	79
56	8
56	10
56	17
56	33
56	41
56	44
56	62
56	67
56	75
56	78
56	79
57	16
57	17
57	32
57	59
57	64
57	65
57	69
57	73
57	76
57	77
57	80
57	81
58	19
58	33
58	38
58	41
58	52
58	59
58	66
58	69
58	75
58	77
58	78
58	79
59	5
59	7
59	9
59	42
59	50
59	57
59	58
59	61
59	64
59	66
59	76
59	77
59	79
60	1
60	4
60	11
60	40
60	48
60	49
60	55
60	62
60	70
60	71
60	74
60	80
60	81
61	13
61	16
61	25
61	28
61	29
61	41
61	49
61	55
61	59
61	67
61	68
61	79
61	80
62	6
62	10
62	20
62	25
62	29
62	30
62	44
62	56
62	60
62	67
62	69
62	70
62	79
63	11
63	28
63	37
63	40
63	42
63	43
63	45
63	49
63	54
63	64
63	76
63	77
63	81
64	26
64	35
64	36
64	43
64	50
64	54
64	57
64	59
64	63
64	68
64	72
64	74
64	77
64	80
65	1
65	14
65	19
65	22
65	26
65	32
65	50
65	54
65	57
65	69
65	72
65	74
65	76
65	80
66	7
66	9
66	11
66	30
66	38
66	48
66	53
66	58
66	59
66	68
66	69
66	76
66	79
66	81
67	10
67	12
67	18
67	27
67	31
67	39
67	41
67	44
67	51
67	56
67	61
67	62
67	74
67	80
68	2
68	3
68	13
68	18
68	19
68	37
68	47
68	61
68	64
68	66
68	73
68	76
68	78
68	80
68	81
69	1
69	2
69	4
69	9
69	24
69	39
69	45
69	57
69	58
69	62
69	65
69	66
69	72
69	78
69	79
70	5
70	7
70	11
70	15
70	21
70	23
70	25
70	29
70	42
70	46
70	48
70	53
70	54
70	60
70	62
70	71
70	74
71	14
71	19
71	24
71	28
71	34
71	45
71	50
71	51
71	53
71	60
71	70
71	73
71	74
71	75
71	77
71	78
71	79
71	80
72	6
72	10
72	15
72	27
72	28
72	38
72	39
72	41
72	44
72	51
72	54
72	64
72	65
72	69
72	76
72	79
72	80
72	81
73	4
73	8
73	9
73	14
73	30
73	31
73	33
73	40
73	42
73	45
73	48
73	49
73	51
73	57
73	68
73	71
73	74
73	76
74	10
74	12
74	20
74	24
74	31
74	40
74	42
74	44
74	50
74	53
74	60
74	64
74	65
74	67
74	70
74	71
74	73
74	75
74	81
75	7
75	17
75	19
75	20
75	21
75	22
75	26
75	32
75	36
75	40
75	43
75	45
75	56
75	58
75	71
75	74
75	77
75	79
75	80
75	81
76	13
76	16
76	27
76	28
76	35
76	36
76	47
76	50
76	55
76	57
76	59
76	63
76	65
76	66
76	68
76	72
76	73
76	77
76	78
76	80
76	81
77	3
77	4
77	22
77	23
77	24
77	30
77	38
77	43
77	46
77	47
77	48
77	57
77	58
77	59
77	63
77	64
77	71
77	75
77	76
77	78
77	81
78	1
78	2
78	4
78	11
78	14
78	15
78	20
78	26
78	30
78	33
78	36
78	39
78	44
78	47
78	48
78	55
78	56
78	58
78	68
78	69
78	71
78	76
78	77
78	79
79	1
79	5
79	15
79	26
79	30
79	32
79	33
79	35
79	39
79	43
79	46
79	55
79	56
79	58
79	59
79	61
79	62
79	66
79	69
79	71
79	72
79	75
79	78
79	81
80	12
80	17
80	19
80	21
80	22
80	32
80	35
80	36
80	39
80	44
80	53
80	54
80	57
80	60
80	61
80	64
80	65
80	67
80	68
80	71
80	72
80	75
80	76
80	81
81	1
81	3
81	9
81	10
81	16
81	18
81	20
81	27
81	35
81	38
81	40
81	50
81	57
81	60
81	63
81	66
81	68
81	72
81	74
81	75
81	76
81	77
81	79
81	80
