1	24
1	31
1	57
1	58
1	60
1	68
2	7
2	20
2	53
2	56
2	61
2	72
3	30
3	32
3	35
3	41
3	51
3	52
4	20
4	56
4	58
4	67
4	75
4	81
5	24
5	46
5	47
5	48
5	54
5	55
6	40
6	49
6	51
6	53
6	70
6	72
7	2
7	63
7	64
7	73
7	75
7	81
8	14
8	16
8	25
8	36
8	37
8	67
9	16
9	39
9	44
9	45
9	50
9	70
10	26
10	43
10	47
10	73
10	78
10	81
11	40
11	60
11	71
11	78
11	79
11	81
12	44
12	59
12	69
12	77
12	79
12	80
13	19
13	36
13	43
13	74
13	75
13	80
14	8
14	48
14	53
14	67
14	70
14	78
15	38
15	39
15	73
15	74
15	75
15	80
16	8
16	9
16	57
16	61
16	62
16	76
16	81
17	21
17	39
17	59
17	61
17	73
17	75
17	76
18	25
18	32
18	45
18	51
18	56
18	78
18	81
19	13
19	28
19	46
19	61
19	62
19	66
19	69
20	2
20	4
20	24
20	45
20	68
20	76
20	78
21	17
21	50
21	53
21	58
21	59
21	61
21	79
22	42
22	49
22	57
22	64
22	75
22	80
22	81
23	40
23	43
23	55
23	66
23	67
23	77
23	78
24	1
24	5
24	20
24	40
24	73
24	79
24	81
25	8
25	18
25	40
25	66
25	70
25	75
25	80
26	10
26	33
26	46
26	49
26	57
26	64
26	72
26	77
27	36
27	42
27	62
27	71
27	72
27	73
27	76
27	81
28	19
28	43
28	45
28	54
28	75
28	78
28	79
28	81
29	46
29	63
29	67
29	73
29	74
29	77
29	78
29	79
30	3
30	34
30	49
30	53
30	57
30	66
30	67
30	69
31	1
31	34
31	48
31	52
31	53
31	55
31	59
31	70
32	3
32	18
32	36
32	38
32	69
32	75
32	77
32	80
33	26
33	34
33	44
33	45
33	50
33	58
33	67
33	79
34	30
34	31
34	33
34	56
34	60
34	65
34	68
34	73
35	3
35	47
35	65
35	68
35	70
35	73
35	77
35	81
36	8
36	13
36	27
36	32
36	60
36	66
36	69
36	70
36	80
37	8
37	46
37	47
37	52
37	63
37	70
37	71
37	76
37	81
38	15
38	32
38	41
38	44
38	49
38	65
38	71
38	80
38	81
39	9
39	15
39	17
39	42
39	46
39	64
39	66
39	71
39	72
40	6
40	11
40	23
40	24
40	25
40	47
40	57
40	60
40	68
40	70
41	3
41	38
41	50
41	57
41	65
41	71
41	75
41	79
41	80
41	81
42	22
42	27
42	39
42	47
42	48
42	55
42	73
42	74
42	76
42	77
43	10
43	13
43	23
43	28
43	69
43	74
43	76
43	78
43	79
43	80
44	9
44	12
44	33
44	38
44	45
44	60
44	64
44	69
44	72
44	79
44	80
45	9
45	18
45	20
45	28
45	33
45	44
45	59
45	61
45	67
45	77
45	80
46	5
46	19
46	26
46	29
46	37
46	39
46	69
46	74
46	79
46	80
46	81
47	5
47	10
47	35
47	37
47	40
47	42
47	52
47	66
47	70
47	76
47	77
48	5
48	14
48	31
48	42
48	65
48	66
48	72
48	74
48	76
48	78
48	81
49	6
49	22
49	26
49	30
49	38
49	51
49	55
49	58
49	60
49	64
49	66
50	9
50	21
50	33
50	41
50	52
50	53
50	59
50	61
50	63
50	68
50	80
51	3
51	6
51	18
51	49
51	55
51	60
51	68
51	70
51	71
51	73
51	80
52	3
52	31
52	37
52	47
52	50
52	54
52	55
52	63
52	69
52	79
52	81
53	2
53	6
53	14
53	21
53	30
53	31
53	50
53	57
53	58
53	67
53	79
54	5
54	28
54	52
54	64
54	67
54	69
54	71
54	73
54	74
54	75
54	76
55	5
55	23
55	31
55	42
55	49
55	51
55	52
55	56
55	68
55	70
55	78
56	2
56	4
56	18
56	34
56	55
56	60
56	63
56	68
56	70
56	74
56	77
56	79
57	1
57	16
57	22
57	26
57	30
57	40
57	41
57	53
57	66
57	69
57	72
57	80
58	1
58	4
58	21
58	33
58	49
58	53
58	61
58	62
58	66
58	67
58	73
58	74
59	12
59	17
59	21
59	31
59	45
59	50
59	67
59	71
59	72
59	73
59	75
59	79
60	1
60	11
60	34
60	36
60	40
60	44
60	49
60	51
60	56
60	68
60	76
60	77
61	2
61	16
61	17
61	19
61	21
61	45
61	50
61	58
61	65
61	68
61	74
61	80
62	16
62	19
62	27
62	58
62	65
62	69
62	72
62	75
62	76
62	77
62	78
62	79
63	7
63	29
63	37
63	50
63	52
63	56
63	66
63	72
63	74
63	76
63	77
63	78
63	81
64	7
64	22
64	26
64	39
64	44
64	49
64	54
64	69
64	70
64	71
64	76
64	78
64	80
65	34
65	35
65	38
65	41
65	48
65	61
65	62
65	67
65	71
65	72
65	74
65	76
65	77
65	78
66	19
66	23
66	25
66	30
66	36
66	39
66	47
66	48
66	49
66	57
66	58
66	63
66	75
66	76
66	80
67	4
67	8
67	14
67	23
67	29
67	30
67	33
67	45
67	53
67	54
67	58
67	59
67	65
67	68
67	75
68	1
68	20
68	34
68	35
68	40
68	50
68	51
68	55
68	56
68	60
68	61
68	67
68	70
68	80
68	81
69	12
69	19
69	30
69	32
69	36
69	43
69	44
69	46
69	52
69	54
69	57
69	62
69	64
69	71
69	78
70	6
70	9
70	14
70	25
70	31
70	35
70	36
70	37
70	40
70	47
70	51
70	55
70	56
70	64
70	68
70	74
71	11
71	27
71	37
71	38
71	39
71	41
71	51
71	54
71	59
71	64
71	65
71	69
71	75
71	78
71	79
71	80
71	81
72	2
72	6
72	26
72	27
72	39
72	44
72	48
72	57
72	59
72	62
72	63
72	65
72	73
72	74
72	76
72	77
72	78
73	7
73	10
73	15
73	17
73	24
73	27
73	29
73	34
73	35
73	42
73	51
73	54
73	58
73	59
73	72
73	75
73	76
73	79
74	13
74	15
74	29
74	42
74	43
74	46
74	48
74	54
74	56
74	58
74	61
74	63
74	65
74	70
74	72
74	77
74	78
74	81
75	4
75	7
75	13
75	15
75	17
75	22
75	25
75	28
75	32
75	41
75	54
75	59
75	62
75	66
75	67
75	71
75	73
75	79
75	81
76	16
76	17
76	20
76	27
76	37
76	42
76	43
76	47
76	48
76	54
76	60
76	62
76	63
76	64
76	65
76	66
76	72
76	73
76	77
76	78
77	12
77	23
77	26
77	29
77	32
77	35
77	42
77	45
77	47
77	56
77	60
77	62
77	63
77	65
77	72
77	74
77	76
77	78
77	79
77	80
78	10
78	11
78	14
78	18
78	20
78	23
78	28
78	29
78	43
78	48
78	55
78	62
78	63
78	64
78	65
78	69
78	71
78	72
78	74
78	76
78	77
78	81
79	11
79	12
79	21
79	24
79	28
79	29
79	33
79	41
79	43
79	44
79	46
79	52
79	53
79	56
79	59
79	62
79	71
79	73
79	75
79	77
79	80
79	81
80	12
80	13
80	15
80	22
80	25
80	32
80	36
80	38
80	41
80	43
80	44
80	45
80	46
80	50
80	51
80	57
80	61
80	64
80	66
80	68
80	71
80	77
80	79
81	4
81	7
81	10
81	11
81	16
81	18
81	22
81	24
81	27
81	28
81	35
81	37
81	38
81	41
81	46
81	48
81	52
81	63
81	68
81	71
81	74
81	75
81	78
81	79
