1	8
1	29
1	41
1	64
1	72
1	77
2	25
2	62
2	67
2	71
2	75
2	76
3	5
3	6
3	37
3	41
3	64
3	77
4	25
4	31
4	69
4	76
4	80
4	81
5	3
5	35
5	38
5	39
5	64
5	69
6	3
6	17
6	43
6	54
6	63
6	68
7	26
7	45
7	70
7	73
7	74
7	75
8	1
8	19
8	48
8	76
8	79
8	81
9	35
9	44
9	47
9	50
9	72
9	78
10	21
10	26
10	51
10	71
10	75
10	76
11	35
11	71
11	72
11	73
11	75
11	76
12	53
12	65
12	66
12	70
12	71
12	78
13	45
13	56
13	60
13	62
13	65
13	78
14	34
14	45
14	58
14	71
14	75
14	76
15	42
15	52
15	59
15	61
15	76
15	78
16	36
16	44
16	46
16	70
16	73
16	81
17	6
17	31
17	32
17	42
17	46
17	70
18	71
18	74
18	75
18	76
18	77
18	79
19	8
19	26
19	55
19	69
19	80
19	81
20	36
20	39
20	61
20	67
20	68
20	75
21	10
21	27
21	33
21	52
21	74
21	76
21	79
22	29
22	33
22	48
22	70
22	72
22	77
22	78
23	45
23	51
23	65
23	66
23	74
23	79
23	81
24	35
24	41
24	48
24	54
24	60
24	63
24	68
25	2
25	4
25	42
25	59
25	60
25	65
25	81
26	7
26	10
26	19
26	30
26	47
26	65
26	79
27	21
27	28
27	33
27	44
27	56
27	75
27	76
28	27
28	51
28	63
28	70
28	72
28	74
28	81
29	1
29	22
29	58
29	60
29	63
29	66
29	78
30	26
30	44
30	54
30	62
30	75
30	76
30	78
31	4
31	17
31	39
31	62
31	77
31	78
31	79
32	17
32	43
32	57
32	67
32	69
32	74
32	80
32	81
33	21
33	22
33	27
33	44
33	54
33	59
33	74
33	79
34	14
34	38
34	59
34	64
34	73
34	76
34	80
34	81
35	5
35	9
35	11
35	24
35	58
35	59
35	64
35	78
35	79
36	16
36	20
36	40
36	54
36	55
36	59
36	64
36	67
36	73
37	3
37	38
37	49
37	56
37	71
37	75
37	76
37	81
38	5
38	34
38	37
38	39
38	40
38	54
38	74
38	75
38	81
39	5
39	20
39	31
39	38
39	49
39	68
39	70
39	74
39	80
40	36
40	38
40	55
40	59
40	63
40	64
40	67
40	73
40	79
41	1
41	3
41	24
41	49
41	52
41	54
41	63
41	67
41	68
41	81
42	15
42	17
42	25
42	46
42	53
42	58
42	62
42	66
42	68
42	74
43	6
43	32
43	45
43	47
43	48
43	57
43	58
43	66
43	77
43	81
44	9
44	16
44	27
44	30
44	33
44	53
44	57
44	72
44	78
44	80
45	7
45	13
45	14
45	23
45	43
45	47
45	63
45	75
45	77
45	79
46	16
46	17
46	42
46	50
46	58
46	62
46	72
46	74
46	77
46	79
47	9
47	26
47	43
47	45
47	56
47	65
47	68
47	69
47	71
47	79
48	8
48	22
48	24
48	43
48	52
48	56
48	64
48	70
48	72
48	80
49	37
49	39
49	41
49	51
49	53
49	60
49	67
49	72
49	74
49	80
50	9
50	46
50	52
50	53
50	55
50	59
50	60
50	66
50	78
50	80
51	10
51	23
51	28
51	49
51	58
51	62
51	72
51	73
51	77
51	80
52	15
52	21
52	41
52	48
52	50
52	57
52	59
52	64
52	73
52	77
52	80
53	12
53	42
53	44
53	49
53	50
53	57
53	62
53	64
53	72
53	76
53	78
54	6
54	24
54	30
54	33
54	36
54	38
54	41
54	57
54	67
54	68
54	77
55	19
55	36
55	40
55	50
55	63
55	65
55	67
55	68
55	70
55	73
55	79
56	13
56	27
56	37
56	47
56	48
56	58
56	59
56	71
56	75
56	76
56	79
57	32
57	43
57	44
57	52
57	53
57	54
57	60
57	62
57	66
57	71
57	78
57	79
58	14
58	29
58	35
58	42
58	43
58	46
58	51
58	56
58	65
58	67
58	77
58	81
59	15
59	25
59	33
59	34
59	35
59	36
59	40
59	50
59	52
59	56
59	74
59	77
59	79
60	13
60	24
60	25
60	29
60	49
60	50
60	57
60	62
60	66
60	68
60	69
60	77
60	81
61	15
61	20
61	66
61	68
61	70
61	72
61	73
61	74
61	75
61	77
61	79
61	80
61	81
62	2
62	13
62	30
62	31
62	42
62	46
62	51
62	53
62	57
62	60
62	66
62	72
62	78
62	79
63	6
63	24
63	28
63	29
63	40
63	41
63	45
63	55
63	67
63	68
63	69
63	77
63	78
63	79
64	1
64	3
64	5
64	34
64	35
64	36
64	40
64	48
64	52
64	53
64	65
64	68
64	80
64	81
65	12
65	13
65	23
65	25
65	26
65	47
65	55
65	58
65	64
65	70
65	71
65	73
65	74
65	77
66	12
66	23
66	29
66	42
66	43
66	50
66	57
66	60
66	61
66	62
66	67
66	73
66	77
66	78
66	80
67	2
67	20
67	32
67	36
67	40
67	41
67	49
67	54
67	55
67	58
67	63
67	66
67	68
67	75
67	80
68	6
68	20
68	24
68	39
68	41
68	42
68	47
68	54
68	55
68	60
68	61
68	63
68	64
68	67
68	70
68	71
69	4
69	5
69	19
69	32
69	47
69	60
69	63
69	70
69	72
69	73
69	74
69	75
69	77
69	78
69	79
69	80
70	7
70	12
70	16
70	17
70	22
70	28
70	39
70	48
70	55
70	61
70	65
70	68
70	69
70	72
70	74
70	78
70	81
71	2
71	10
71	11
71	12
71	14
71	18
71	37
71	47
71	56
71	57
71	65
71	68
71	74
71	75
71	76
71	77
71	80
71	81
72	1
72	9
72	11
72	22
72	28
72	44
72	46
72	48
72	49
72	51
72	53
72	61
72	62
72	69
72	70
72	73
72	76
72	80
72	81
73	7
73	11
73	16
73	34
73	36
73	40
73	51
73	52
73	55
73	61
73	65
73	66
73	69
73	72
73	74
73	75
73	77
73	80
73	81
74	7
74	18
74	21
74	23
74	28
74	32
74	33
74	38
74	39
74	42
74	46
74	49
74	59
74	61
74	65
74	69
74	70
74	71
74	73
74	78
75	2
75	7
75	10
75	11
75	14
75	18
75	20
75	27
75	30
75	37
75	38
75	45
75	56
75	61
75	67
75	69
75	71
75	73
75	76
75	80
76	2
76	4
76	8
76	10
76	11
76	14
76	15
76	18
76	21
76	27
76	30
76	34
76	37
76	53
76	56
76	71
76	72
76	75
76	77
76	78
77	1
77	3
77	18
77	22
77	31
77	43
77	45
77	46
77	51
77	52
77	54
77	58
77	59
77	60
77	61
77	63
77	65
77	66
77	69
77	71
77	73
77	76
78	9
78	12
78	13
78	15
78	22
78	29
78	30
78	31
78	35
78	44
78	50
78	53
78	57
78	62
78	63
78	66
78	69
78	70
78	74
78	76
78	80
78	81
79	8
79	18
79	21
79	23
79	26
79	31
79	33
79	35
79	40
79	45
79	46
79	47
79	55
79	56
79	57
79	59
79	61
79	62
79	63
79	69
79	80
79	81
80	4
80	19
80	32
80	34
80	39
80	44
80	48
80	49
80	50
80	51
80	52
80	61
80	64
80	66
80	67
80	69
80	71
80	72
80	73
80	75
80	78
80	79
80	81
81	4
81	8
81	16
81	19
81	23
81	25
81	28
81	32
81	34
81	37
81	38
81	41
81	43
81	58
81	60
81	61
81	64
81	70
81	71
81	72
81	73
81	78
81	79
81	80
