1	33
1	46
1	53
1	63
1	69
1	80
2	33
2	43
2	58
2	59
2	76
2	79
3	11
3	24
3	32
3	38
3	59
3	78
4	13
4	25
4	57
4	74
4	80
4	81
5	29
5	36
5	46
5	52
5	68
5	77
6	25
6	59
6	67
6	71
6	74
6	77
7	35
7	38
7	57
7	68
7	70
7	75
8	35
8	37
8	49
8	54
8	64
8	75
9	20
9	23
9	63
9	69
9	71
9	74
10	50
10	55
10	63
10	74
10	78
10	80
11	3
11	33
11	43
11	57
11	76
11	79
12	21
12	22
12	28
12	35
12	41
12	67
12	77
13	4
13	17
13	67
13	69
13	73
13	79
13	81
14	21
14	39
14	64
14	68
14	73
14	78
14	79
15	29
15	44
15	53
15	55
15	74
15	75
15	77
16	43
16	52
16	56
16	66
16	76
16	77
16	79
17	13
17	42
17	50
17	53
17	72
17	77
17	78
18	40
18	56
18	64
18	68
18	73
18	78
18	80
19	20
19	21
19	51
19	55
19	58
19	79
19	80
20	9
20	19
20	35
20	40
20	47
20	77
20	81
21	12
21	14
21	19
21	25
21	59
21	71
21	80
22	12
22	52
22	58
22	61
22	62
22	76
22	79
23	9
23	33
23	39
23	44
23	57
23	66
23	75
24	3
24	49
24	53
24	65
24	70
24	74
24	75
24	80
25	4
25	6
25	21
25	41
25	66
25	72
25	79
25	80
26	27
26	30
26	52
26	53
26	63
26	68
26	69
26	71
27	26
27	32
27	37
27	53
27	60
27	68
27	69
27	74
28	12
28	34
28	58
28	69
28	72
28	74
28	78
28	81
29	5
29	15
29	48
29	51
29	66
29	75
29	76
29	78
30	26
30	35
30	45
30	54
30	61
30	69
30	70
30	77
31	37
31	44
31	55
31	62
31	63
31	76
31	79
31	80
32	3
32	27
32	56
32	61
32	63
32	65
32	73
32	78
33	1
33	2
33	11
33	23
33	35
33	37
33	68
33	75
33	81
34	28
34	39
34	53
34	59
34	64
34	69
34	75
34	77
34	81
35	7
35	8
35	12
35	20
35	30
35	33
35	48
35	60
35	66
36	5
36	46
36	54
36	56
36	59
36	62
36	65
36	76
36	79
37	8
37	27
37	31
37	33
37	61
37	66
37	72
37	75
37	80
38	3
38	7
38	44
38	47
38	48
38	60
38	66
38	70
38	78
39	14
39	23
39	34
39	41
39	42
39	57
39	70
39	73
39	81
40	18
40	20
40	42
40	64
40	66
40	67
40	71
40	73
40	81
41	12
41	25
41	39
41	42
41	48
41	52
41	59
41	79
41	80
42	17
42	39
42	40
42	41
42	50
42	53
42	55
42	58
42	61
42	78
43	2
43	11
43	16
43	51
43	55
43	60
43	62
43	66
43	75
43	81
44	15
44	23
44	31
44	38
44	61
44	63
44	66
44	73
44	75
44	76
45	30
45	53
45	57
45	60
45	62
45	63
45	68
45	72
45	77
45	78
46	1
46	5
46	36
46	57
46	58
46	61
46	65
46	70
46	76
46	79
47	20
47	38
47	49
47	51
47	55
47	56
47	58
47	69
47	73
47	74
48	29
48	35
48	38
48	41
48	66
48	69
48	71
48	75
48	76
48	79
49	8
49	24
49	47
49	54
49	64
49	67
49	70
49	75
49	76
49	81
50	10
50	17
50	42
50	53
50	56
50	65
50	71
50	72
50	77
50	80
50	81
51	19
51	29
51	43
51	47
51	56
51	69
51	71
51	76
51	77
51	80
51	81
52	5
52	16
52	22
52	26
52	41
52	54
52	55
52	64
52	75
52	76
52	79
52	81
53	1
53	15
53	17
53	24
53	26
53	27
53	34
53	42
53	45
53	50
53	63
53	74
54	8
54	30
54	36
54	49
54	52
54	61
54	65
54	66
54	72
54	74
54	77
54	81
55	10
55	15
55	19
55	31
55	42
55	43
55	47
55	52
55	62
55	65
55	76
55	79
55	80
56	16
56	18
56	32
56	36
56	47
56	50
56	51
56	65
56	67
56	71
56	76
56	78
56	80
57	4
57	7
57	11
57	23
57	39
57	45
57	46
57	59
57	60
57	63
57	70
57	73
57	78
58	2
58	19
58	22
58	28
58	42
58	46
58	47
58	65
58	71
58	72
58	74
58	80
58	81
59	2
59	3
59	6
59	21
59	34
59	36
59	41
59	57
59	62
59	63
59	68
59	73
59	78
60	27
60	35
60	38
60	43
60	45
60	57
60	63
60	67
60	68
60	73
60	75
60	77
60	78
60	81
61	22
61	30
61	32
61	37
61	42
61	44
61	46
61	54
61	67
61	70
61	72
61	78
61	79
61	81
62	22
62	31
62	36
62	43
62	45
62	55
62	59
62	65
62	70
62	71
62	72
62	74
62	76
62	79
63	1
63	9
63	10
63	26
63	31
63	32
63	44
63	45
63	53
63	57
63	59
63	60
63	68
63	73
63	78
64	8
64	14
64	18
64	34
64	40
64	49
64	52
64	65
64	67
64	69
64	70
64	71
64	72
64	77
64	81
65	24
65	32
65	36
65	46
65	50
65	54
65	55
65	56
65	58
65	62
65	64
65	67
65	69
65	74
65	80
66	16
66	23
66	25
66	29
66	35
66	37
66	38
66	40
66	43
66	44
66	48
66	54
66	72
66	75
66	79
67	6
67	12
67	13
67	40
67	49
67	56
67	60
67	61
67	64
67	65
67	68
67	70
67	71
67	75
67	76
68	5
68	7
68	14
68	18
68	26
68	27
68	33
68	45
68	59
68	60
68	63
68	67
68	73
68	78
68	79
68	80
69	1
69	9
69	13
69	26
69	27
69	28
69	30
69	34
69	47
69	48
69	51
69	64
69	65
69	78
69	79
69	80
70	7
70	24
70	30
70	38
70	39
70	46
70	49
70	57
70	61
70	62
70	64
70	67
70	72
70	74
70	77
70	80
70	81
71	6
71	9
71	21
71	26
71	40
71	48
71	50
71	51
71	56
71	58
71	62
71	64
71	67
71	73
71	74
71	80
71	81
72	17
72	25
72	28
72	37
72	45
72	50
72	54
72	58
72	61
72	62
72	64
72	66
72	70
72	77
72	78
72	80
72	81
73	13
73	14
73	18
73	32
73	39
73	40
73	44
73	47
73	57
73	59
73	60
73	63
73	68
73	71
73	75
73	76
73	77
73	78
74	4
74	6
74	9
74	10
74	15
74	24
74	27
74	28
74	47
74	53
74	54
74	58
74	62
74	65
74	70
74	71
74	77
74	79
74	81
75	7
75	8
75	15
75	23
75	24
75	29
75	33
75	34
75	37
75	43
75	44
75	48
75	49
75	52
75	60
75	66
75	67
75	73
75	81
76	2
76	11
76	16
76	22
76	29
76	31
76	36
76	44
76	46
76	48
76	49
76	51
76	52
76	55
76	56
76	62
76	67
76	73
76	77
76	79
76	80
77	5
77	6
77	12
77	15
77	16
77	17
77	20
77	30
77	34
77	45
77	50
77	51
77	54
77	60
77	64
77	70
77	72
77	73
77	74
77	76
77	80
78	3
78	10
78	14
78	17
78	18
78	28
78	29
78	32
78	38
78	42
78	45
78	56
78	57
78	59
78	60
78	61
78	63
78	68
78	69
78	72
78	73
78	81
79	2
79	11
79	13
79	14
79	16
79	19
79	22
79	25
79	31
79	36
79	41
79	46
79	48
79	52
79	55
79	61
79	62
79	66
79	68
79	69
79	74
79	76
79	81
80	1
80	4
80	10
80	18
80	19
80	21
80	24
80	25
80	31
80	37
80	41
80	50
80	51
80	55
80	56
80	58
80	65
80	68
80	69
80	70
80	71
80	72
80	76
80	77
81	4
81	13
81	20
81	28
81	33
81	34
81	39
81	40
81	43
81	49
81	50
81	51
81	52
81	54
81	58
81	60
81	61
81	64
81	70
81	71
81	72
81	74
81	75
81	78
81	79
