1	36
1	49
1	64
1	69
1	73
1	78
2	32
2	39
2	59
2	74
2	76
2	81
3	46
3	48
3	53
3	58
3	59
3	62
4	8
4	18
4	22
4	59
4	70
4	81
5	26
5	47
5	53
5	60
5	62
5	79
6	29
6	34
6	52
6	57
6	62
6	78
7	38
7	43
7	45
7	65
7	69
7	76
8	4
8	42
8	51
8	76
8	77
8	81
9	11
9	19
9	48
9	55
9	71
9	81
10	27
10	40
10	50
10	73
10	74
10	78
11	9
11	37
11	55
11	61
11	63
11	73
12	18
12	22
12	39
12	53
12	78
12	80
13	14
13	44
13	59
13	73
13	75
13	78
14	13
14	55
14	60
14	66
14	73
14	75
14	77
15	31
15	44
15	52
15	56
15	66
15	73
15	78
16	33
16	38
16	62
16	63
16	69
16	75
16	76
17	22
17	60
17	64
17	65
17	74
17	77
17	81
18	4
18	12
18	19
18	23
18	54
18	67
18	74
19	9
19	18
19	28
19	32
19	68
19	69
19	70
20	34
20	52
20	61
20	65
20	68
20	73
20	75
21	66
21	67
21	72
21	73
21	74
21	75
21	80
22	4
22	12
22	17
22	30
22	52
22	75
22	78
23	18
23	48
23	67
23	70
23	78
23	79
23	80
24	29
24	41
24	56
24	64
24	72
24	77
24	80
25	42
25	51
25	58
25	63
25	72
25	73
25	81
26	5
26	58
26	68
26	70
26	71
26	74
26	75
27	10
27	38
27	49
27	54
27	56
27	64
27	65
27	75
28	19
28	46
28	52
28	65
28	66
28	67
28	68
28	77
29	6
29	24
29	33
29	56
29	57
29	62
29	66
29	74
30	22
30	37
30	41
30	56
30	64
30	75
30	78
30	79
31	15
31	50
31	55
31	60
31	64
31	71
31	77
31	80
32	2
32	19
32	38
32	39
32	69
32	71
32	72
32	81
33	16
33	29
33	36
33	47
33	51
33	57
33	68
33	77
33	78
34	6
34	20
34	46
34	52
34	54
34	63
34	68
34	75
34	78
35	37
35	43
35	49
35	51
35	54
35	67
35	69
35	76
35	80
36	1
36	33
36	42
36	44
36	58
36	69
36	76
36	78
36	81
37	11
37	30
37	35
37	52
37	55
37	63
37	65
37	77
37	81
38	7
38	16
38	27
38	32
38	54
38	66
38	69
38	72
38	79
39	2
39	12
39	32
39	59
39	62
39	67
39	68
39	70
39	76
40	10
40	41
40	61
40	66
40	67
40	72
40	77
40	79
40	80
41	24
41	30
41	40
41	48
41	60
41	61
41	65
41	71
41	72
41	77
42	8
42	25
42	36
42	47
42	50
42	59
42	60
42	70
42	74
42	76
43	7
43	35
43	45
43	56
43	60
43	68
43	72
43	74
43	76
43	79
43	80
44	13
44	15
44	36
44	50
44	51
44	54
44	64
44	69
44	70
44	76
44	81
45	7
45	43
45	51
45	54
45	61
45	71
45	74
45	75
45	78
45	80
45	81
46	3
46	28
46	34
46	53
46	68
46	69
46	70
46	71
46	73
46	76
46	79
47	5
47	33
47	42
47	50
47	51
47	54
47	59
47	70
47	71
47	72
47	76
48	3
48	9
48	23
48	41
48	55
48	64
48	65
48	74
48	77
48	78
48	81
49	1
49	27
49	35
49	50
49	51
49	56
49	61
49	65
49	66
49	73
49	75
49	78
50	10
50	31
50	42
50	44
50	47
50	49
50	54
50	60
50	61
50	69
50	72
50	76
51	8
51	25
51	33
51	35
51	44
51	45
51	47
51	49
51	69
51	71
51	72
51	79
52	6
52	15
52	20
52	22
52	28
52	34
52	37
52	58
52	62
52	73
52	74
52	78
52	79
53	3
53	5
53	12
53	46
53	56
53	57
53	58
53	59
53	66
53	67
53	68
53	70
53	79
54	18
54	27
54	34
54	35
54	38
54	44
54	45
54	47
54	50
54	55
54	58
54	76
54	78
55	9
55	11
55	14
55	31
55	37
55	48
55	54
55	57
55	59
55	63
55	73
55	77
55	80
56	15
56	24
56	27
56	29
56	30
56	43
56	49
56	53
56	59
56	69
56	73
56	75
56	77
57	6
57	29
57	33
57	53
57	55
57	58
57	60
57	67
57	71
57	78
57	79
57	80
57	81
58	3
58	25
58	26
58	36
58	52
58	53
58	54
58	57
58	62
58	67
58	69
58	71
58	79
58	81
59	2
59	3
59	4
59	13
59	39
59	42
59	47
59	53
59	55
59	56
59	63
59	67
59	68
59	70
60	5
60	14
60	17
60	31
60	41
60	42
60	43
60	50
60	57
60	64
60	65
60	71
60	74
60	77
61	11
61	20
61	40
61	41
61	45
61	49
61	50
61	66
61	70
61	71
61	74
61	76
61	79
61	81
62	3
62	5
62	6
62	16
62	29
62	39
62	52
62	58
62	63
62	64
62	70
62	74
62	77
62	79
62	80
63	11
63	16
63	25
63	34
63	37
63	55
63	59
63	62
63	66
63	71
63	72
63	77
63	79
63	80
63	81
64	1
64	17
64	24
64	27
64	30
64	31
64	44
64	48
64	60
64	62
64	65
64	72
64	77
64	80
64	81
65	7
65	17
65	20
65	27
65	28
65	37
65	41
65	48
65	49
65	60
65	64
65	74
65	75
65	77
65	79
66	14
66	15
66	21
66	28
66	29
66	38
66	40
66	49
66	53
66	61
66	63
66	72
66	76
66	78
66	79
66	80
67	18
67	21
67	23
67	28
67	35
67	39
67	40
67	53
67	57
67	58
67	59
67	68
67	70
67	74
67	75
67	77
67	79
68	19
68	20
68	26
68	28
68	33
68	34
68	39
68	43
68	46
68	53
68	59
68	67
68	70
68	71
68	76
68	77
68	78
69	1
69	7
69	16
69	19
69	32
69	35
69	36
69	38
69	44
69	46
69	50
69	51
69	56
69	58
69	73
69	76
69	80
69	81
70	4
70	19
70	23
70	26
70	39
70	42
70	44
70	46
70	47
70	53
70	59
70	61
70	62
70	67
70	68
70	72
70	75
70	79
71	9
71	26
71	31
71	32
71	41
71	45
71	46
71	47
71	51
71	57
71	58
71	60
71	61
71	63
71	68
71	75
71	76
71	80
71	81
72	21
72	24
72	25
72	32
72	38
72	40
72	41
72	43
72	47
72	50
72	51
72	63
72	64
72	66
72	70
72	74
72	78
72	79
72	81
73	1
73	10
73	11
73	13
73	14
73	15
73	20
73	21
73	25
73	46
73	49
73	52
73	55
73	56
73	69
73	75
73	76
73	78
73	79
73	80
74	2
74	10
74	17
74	18
74	21
74	26
74	29
74	42
74	43
74	45
74	48
74	52
74	60
74	61
74	62
74	65
74	67
74	72
74	77
74	80
74	81
75	13
75	14
75	16
75	20
75	21
75	22
75	26
75	27
75	30
75	34
75	45
75	49
75	56
75	65
75	67
75	70
75	71
75	73
75	76
75	78
75	81
76	2
76	7
76	8
76	16
76	35
76	36
76	39
76	42
76	43
76	44
76	46
76	47
76	50
76	54
76	61
76	66
76	68
76	69
76	71
76	73
76	75
76	79
76	80
77	8
77	14
77	17
77	24
77	28
77	31
77	33
77	37
77	40
77	41
77	48
77	55
77	56
77	60
77	62
77	63
77	64
77	65
77	67
77	68
77	74
77	80
77	81
78	1
78	6
78	10
78	12
78	13
78	15
78	22
78	23
78	30
78	33
78	34
78	36
78	45
78	48
78	49
78	52
78	54
78	57
78	66
78	68
78	72
78	73
78	75
78	80
79	5
79	23
79	30
79	38
79	40
79	43
79	46
79	51
79	52
79	53
79	57
79	58
79	61
79	62
79	63
79	65
79	66
79	67
79	70
79	72
79	73
79	76
79	80
79	81
80	12
80	21
80	23
80	24
80	31
80	35
80	40
80	43
80	45
80	55
80	57
80	62
80	63
80	64
80	66
80	69
80	71
80	73
80	74
80	76
80	77
80	78
80	79
80	81
81	2
81	4
81	8
81	9
81	17
81	25
81	32
81	36
81	37
81	44
81	45
81	48
81	57
81	58
81	61
81	63
81	64
81	69
81	71
81	72
81	74
81	75
81	77
81	79
81	80
