1	4
1	17
1	51
1	53
1	54
1	81
2	24
2	48
2	58
2	67
2	75
2	78
3	31
3	39
3	59
3	63
3	66
3	79
4	1
4	15
4	56
4	60
4	61
4	79
5	44
5	61
5	62
5	65
5	71
5	76
6	33
6	39
6	46
6	54
6	57
6	61
7	13
7	43
7	44
7	46
7	70
7	71
8	37
8	54
8	56
8	76
8	80
8	81
9	38
9	54
9	57
9	69
9	70
9	71
10	15
10	16
10	45
10	68
10	73
10	78
11	40
11	67
11	68
11	74
11	77
11	81
12	25
12	41
12	43
12	60
12	62
12	71
13	7
13	42
13	44
13	70
13	79
13	80
13	81
14	60
14	64
14	71
14	74
14	75
14	79
14	81
15	4
15	10
15	17
15	41
15	67
15	71
15	74
16	10
16	23
16	26
16	29
16	47
16	70
16	80
17	1
17	15
17	24
17	30
17	51
17	53
17	80
18	46
18	48
18	63
18	65
18	76
18	77
18	80
19	31
19	35
19	39
19	47
19	51
19	53
19	67
20	42
20	68
20	72
20	75
20	78
20	79
20	81
21	47
21	50
21	52
21	67
21	70
21	71
21	81
22	29
22	59
22	61
22	62
22	63
22	66
22	73
23	16
23	34
23	55
23	64
23	70
23	76
23	81
24	2
24	17
24	66
24	68
24	73
24	74
24	76
25	12
25	33
25	50
25	68
25	71
25	77
25	79
26	16
26	45
26	54
26	56
26	60
26	70
26	73
26	74
27	37
27	40
27	59
27	60
27	62
27	63
27	65
27	66
28	36
28	49
28	58
28	61
28	69
28	75
28	80
28	81
29	16
29	22
29	36
29	40
29	45
29	70
29	73
29	80
30	17
30	63
30	69
30	72
30	74
30	77
30	78
30	79
31	3
31	19
31	39
31	51
31	53
31	71
31	78
31	79
32	36
32	49
32	56
32	69
32	72
32	74
32	78
32	79
33	6
33	25
33	45
33	47
33	53
33	54
33	69
33	71
34	23
34	58
34	61
34	64
34	70
34	73
34	75
34	77
35	19
35	44
35	64
35	69
35	72
35	74
35	75
35	78
35	79
36	28
36	29
36	32
36	57
36	59
36	62
36	63
36	66
36	73
37	8
37	27
37	39
37	46
37	48
37	49
37	60
37	64
37	67
38	9
38	39
38	49
38	55
38	57
38	62
38	65
38	69
38	72
39	3
39	6
39	19
39	31
39	37
39	38
39	51
39	53
39	71
40	11
40	27
40	29
40	57
40	68
40	70
40	71
40	75
40	77
41	12
41	15
41	42
41	43
41	47
41	50
41	65
41	71
41	81
42	13
42	20
42	41
42	52
42	56
42	65
42	74
42	77
42	80
43	7
43	12
43	41
43	54
43	66
43	67
43	69
43	70
43	71
43	76
44	5
44	7
44	13
44	35
44	48
44	53
44	55
44	61
44	77
44	81
45	10
45	26
45	29
45	33
45	54
45	59
45	63
45	68
45	71
45	81
46	6
46	7
46	18
46	37
46	48
46	52
46	67
46	69
46	78
46	80
46	81
47	16
47	19
47	21
47	33
47	41
47	52
47	63
47	67
47	69
47	80
47	81
48	2
48	18
48	37
48	44
48	46
48	52
48	60
48	64
48	66
48	73
48	77
49	28
49	32
49	37
49	38
49	55
49	59
49	62
49	63
49	66
49	71
50	21
50	25
50	41
50	58
50	62
50	66
50	67
50	72
50	74
50	75
50	78
50	79
51	1
51	17
51	19
51	31
51	39
51	53
51	59
51	61
51	62
51	69
51	70
51	76
52	21
52	42
52	46
52	47
52	48
52	56
52	57
52	66
52	68
52	75
52	78
52	80
53	1
53	17
53	19
53	31
53	33
53	39
53	44
53	51
53	58
53	64
53	66
53	69
53	75
54	1
54	6
54	8
54	9
54	26
54	33
54	43
54	45
54	70
54	71
54	74
54	77
54	81
55	23
55	38
55	44
55	49
55	57
55	59
55	65
55	68
55	69
55	72
55	73
55	76
55	80
56	4
56	8
56	26
56	32
56	42
56	52
56	58
56	64
56	67
56	69
56	73
56	76
56	77
56	78
57	6
57	9
57	36
57	38
57	40
57	52
57	55
57	64
57	69
57	72
57	75
57	78
57	80
57	81
58	2
58	28
58	34
58	50
58	53
58	56
58	60
58	63
58	72
58	74
58	75
58	77
58	78
58	79
59	3
59	22
59	27
59	36
59	45
59	49
59	51
59	55
59	61
59	62
59	63
59	66
59	74
59	75
59	79
60	4
60	12
60	14
60	26
60	27
60	37
60	48
60	58
60	63
60	67
60	68
60	73
60	77
60	78
60	80
61	4
61	5
61	6
61	22
61	28
61	34
61	44
61	51
61	59
61	65
61	69
61	74
61	76
61	80
61	81
62	5
62	12
62	22
62	27
62	36
62	38
62	49
62	50
62	51
62	59
62	63
62	65
62	66
62	77
62	79
63	3
63	18
63	22
63	27
63	30
63	36
63	45
63	47
63	49
63	58
63	59
63	60
63	62
63	66
63	68
63	79
64	14
64	23
64	34
64	35
64	37
64	48
64	53
64	56
64	57
64	67
64	68
64	70
64	72
64	73
64	76
64	78
64	81
65	5
65	18
65	27
65	38
65	41
65	42
65	55
65	61
65	62
65	68
65	69
65	70
65	72
65	73
65	79
65	80
65	81
66	3
66	22
66	24
66	27
66	36
66	43
66	48
66	49
66	50
66	52
66	53
66	59
66	62
66	63
66	75
66	79
66	80
67	2
67	11
67	15
67	19
67	21
67	37
67	43
67	46
67	47
67	50
67	56
67	60
67	64
67	68
67	76
67	77
67	80
68	10
68	11
68	20
68	24
68	25
68	40
68	45
68	52
68	55
68	60
68	63
68	64
68	65
68	67
68	72
68	73
68	76
68	77
68	78
69	9
69	28
69	30
69	32
69	33
69	35
69	38
69	43
69	46
69	47
69	51
69	53
69	55
69	56
69	57
69	61
69	65
69	73
69	81
70	7
70	9
70	13
70	16
70	21
70	23
70	26
70	29
70	34
70	40
70	43
70	51
70	54
70	64
70	65
70	71
70	75
70	78
70	80
71	5
71	7
71	9
71	12
71	14
71	15
71	21
71	25
71	31
71	33
71	39
71	40
71	41
71	43
71	45
71	49
71	54
71	70
71	76
72	20
72	30
72	32
72	35
72	38
72	50
72	55
72	57
72	58
72	64
72	65
72	68
72	73
72	74
72	75
72	76
72	78
72	79
72	80
73	10
73	22
73	24
73	26
73	29
73	34
73	36
73	48
73	55
73	56
73	60
73	64
73	65
73	68
73	69
73	72
73	74
73	76
73	77
73	81
74	11
74	14
74	15
74	24
74	26
74	30
74	32
74	35
74	42
74	50
74	54
74	58
74	59
74	61
74	72
74	73
74	75
74	77
74	78
74	79
75	2
75	14
75	20
75	28
75	34
75	35
75	40
75	50
75	52
75	53
75	57
75	58
75	59
75	66
75	70
75	72
75	74
75	76
75	78
75	79
76	5
76	8
76	18
76	23
76	24
76	43
76	51
76	55
76	56
76	61
76	64
76	67
76	68
76	71
76	72
76	73
76	75
76	77
76	79
76	80
77	11
77	18
77	25
77	30
77	34
77	40
77	42
77	44
77	48
77	54
77	56
77	58
77	60
77	62
77	67
77	68
77	73
77	74
77	76
77	80
77	81
78	2
78	10
78	20
78	30
78	31
78	32
78	35
78	46
78	50
78	52
78	56
78	57
78	58
78	60
78	64
78	68
78	70
78	72
78	74
78	75
78	79
78	81
79	3
79	4
79	13
79	14
79	20
79	25
79	30
79	31
79	32
79	35
79	50
79	58
79	59
79	62
79	63
79	65
79	66
79	72
79	74
79	75
79	76
79	78
80	8
80	13
80	16
80	17
80	18
80	28
80	29
80	42
80	46
80	47
80	52
80	55
80	57
80	60
80	61
80	65
80	66
80	67
80	70
80	72
80	76
80	77
80	81
81	1
81	8
81	11
81	13
81	14
81	20
81	21
81	23
81	28
81	41
81	44
81	45
81	46
81	47
81	54
81	57
81	61
81	64
81	65
81	69
81	73
81	77
81	78
81	80
