1	18
1	55
1	62
1	63
1	66
1	80
2	19
2	66
2	69
2	71
2	72
2	79
3	8
3	36
3	57
3	68
3	76
3	77
4	34
4	52
4	69
4	71
4	79
4	80
5	31
5	64
5	68
5	76
5	77
5	79
6	13
6	57
6	60
6	63
6	78
6	81
7	15
7	49
7	59
7	65
7	71
7	80
8	3
8	26
8	44
8	60
8	71
8	80
9	12
9	27
9	59
9	69
9	72
9	77
10	30
10	40
10	47
10	53
10	60
10	74
11	14
11	33
11	34
11	55
11	67
11	81
12	9
12	67
12	68
12	78
12	79
12	81
13	6
13	22
13	32
13	43
13	66
13	81
14	11
14	55
14	61
14	67
14	73
14	74
15	7
15	30
15	57
15	63
15	70
15	78
16	32
16	34
16	39
16	64
16	78
16	80
17	29
17	34
17	64
17	65
17	76
17	77
18	1
18	56
18	58
18	70
18	72
18	75
19	2
19	22
19	30
19	45
19	48
19	59
20	24
20	33
20	42
20	49
20	54
20	69
20	78
21	45
21	50
21	54
21	59
21	71
21	74
21	80
22	13
22	19
22	26
22	30
22	62
22	74
22	80
23	45
23	46
23	56
23	72
23	73
23	74
23	81
24	20
24	26
24	38
24	50
24	62
24	66
24	69
25	42
25	48
25	58
25	67
25	68
25	75
25	76
26	8
26	22
26	24
26	34
26	70
26	75
26	78
27	9
27	39
27	41
27	47
27	66
27	67
27	77
28	50
28	52
28	67
28	73
28	74
28	79
28	80
29	17
29	59
29	65
29	67
29	72
29	79
29	81
30	10
30	15
30	19
30	22
30	61
30	69
30	81
31	5
31	64
31	72
31	73
31	78
31	80
31	81
32	13
32	16
32	64
32	72
32	73
32	79
32	80
33	11
33	20
33	36
33	40
33	51
33	61
33	69
33	71
34	4
34	11
34	16
34	17
34	26
34	46
34	62
34	68
35	46
35	58
35	63
35	64
35	76
35	77
35	78
35	80
36	3
36	33
36	38
36	71
36	73
36	76
36	78
36	81
37	41
37	44
37	45
37	57
37	63
37	65
37	66
37	76
38	24
38	36
38	44
38	49
38	62
38	70
38	74
38	81
39	16
39	27
39	47
39	65
39	67
39	69
39	79
39	80
40	10
40	33
40	44
40	51
40	64
40	76
40	77
40	81
41	27
41	37
41	63
41	66
41	72
41	78
41	79
41	80
42	20
42	25
42	44
42	58
42	61
42	62
42	66
42	77
43	13
43	45
43	55
43	66
43	67
43	73
43	77
43	78
43	79
44	8
44	37
44	38
44	40
44	42
44	53
44	75
44	76
44	77
45	19
45	21
45	23
45	37
45	43
45	47
45	65
45	69
45	81
46	23
46	34
46	35
46	56
46	66
46	68
46	70
46	75
46	76
47	10
47	27
47	39
47	45
47	69
47	70
47	73
47	79
47	80
48	19
48	25
48	50
48	51
48	57
48	63
48	71
48	72
48	79
49	7
49	20
49	38
49	50
49	62
49	66
49	68
49	70
49	81
50	21
50	24
50	28
50	48
50	49
50	53
50	65
50	68
50	75
50	76
51	33
51	40
51	48
51	52
51	71
51	73
51	74
51	79
51	80
51	81
52	4
52	28
52	51
52	59
52	61
52	62
52	64
52	72
52	78
52	81
53	10
53	44
53	50
53	56
53	61
53	62
53	65
53	70
53	75
53	76
54	20
54	21
54	63
54	65
54	67
54	70
54	72
54	76
54	78
54	81
55	1
55	11
55	14
55	43
55	57
55	67
55	68
55	71
55	72
55	73
55	80
56	18
56	23
56	46
56	53
56	58
56	63
56	64
56	68
56	70
56	74
56	75
57	3
57	6
57	15
57	37
57	48
57	55
57	60
57	63
57	67
57	74
57	79
58	18
58	25
58	35
58	42
58	56
58	60
58	64
58	74
58	76
58	77
58	80
59	7
59	9
59	19
59	21
59	29
59	52
59	70
59	73
59	75
59	78
59	79
59	80
60	6
60	8
60	10
60	57
60	58
60	71
60	74
60	75
60	77
60	79
60	80
60	81
61	14
61	30
61	33
61	42
61	52
61	53
61	69
61	70
61	75
61	78
61	79
61	80
61	81
62	1
62	22
62	24
62	34
62	38
62	42
62	49
62	52
62	53
62	68
62	71
62	75
62	81
63	1
63	6
63	15
63	35
63	37
63	41
63	48
63	54
63	56
63	57
63	66
63	67
63	72
63	79
64	5
64	16
64	17
64	31
64	32
64	35
64	40
64	52
64	56
64	58
64	69
64	75
64	76
64	77
65	7
65	17
65	29
65	37
65	39
65	45
65	50
65	53
65	54
65	72
65	77
65	78
65	79
65	81
66	1
66	2
66	13
66	24
66	27
66	37
66	41
66	42
66	43
66	46
66	49
66	63
66	67
66	74
66	77
67	11
67	12
67	14
67	25
67	27
67	28
67	29
67	39
67	43
67	54
67	55
67	57
67	63
67	66
67	74
67	77
68	3
68	5
68	12
68	25
68	34
68	46
68	49
68	50
68	55
68	56
68	62
68	69
68	70
68	75
68	76
68	81
69	2
69	4
69	9
69	20
69	24
69	30
69	33
69	39
69	45
69	47
69	61
69	64
69	68
69	73
69	79
69	81
70	15
70	18
70	26
70	38
70	46
70	47
70	49
70	53
70	54
70	56
70	59
70	61
70	68
70	71
70	75
70	80
71	2
71	4
71	7
71	8
71	21
71	33
71	36
71	48
71	51
71	55
71	60
71	62
71	70
71	74
71	75
71	78
71	79
72	2
72	9
72	18
72	23
72	29
72	31
72	32
72	41
72	48
72	52
72	54
72	55
72	63
72	65
72	73
72	77
72	80
73	14
73	23
73	28
73	31
73	32
73	36
73	43
73	47
73	51
73	55
73	59
73	69
73	72
73	77
73	78
73	79
73	81
74	10
74	14
74	21
74	22
74	23
74	28
74	38
74	51
74	56
74	57
74	58
74	60
74	66
74	67
74	71
74	75
74	76
74	79
74	80
75	18
75	25
75	26
75	44
75	46
75	50
75	53
75	56
75	59
75	60
75	61
75	62
75	64
75	68
75	70
75	71
75	74
75	77
75	78
76	3
76	5
76	17
76	25
76	35
76	36
76	37
76	40
76	44
76	46
76	50
76	53
76	54
76	58
76	64
76	68
76	74
76	77
76	78
76	81
77	3
77	5
77	9
77	17
77	27
77	35
77	40
77	42
77	43
77	44
77	58
77	60
77	64
77	65
77	66
77	67
77	72
77	73
77	75
77	76
77	78
78	6
78	12
78	15
78	16
78	20
78	26
78	31
78	35
78	36
78	41
78	43
78	52
78	54
78	59
78	61
78	65
78	71
78	73
78	75
78	76
78	77
78	80
79	2
79	4
79	5
79	12
79	28
79	29
79	32
79	39
79	41
79	43
79	47
79	48
79	51
79	57
79	59
79	60
79	61
79	63
79	65
79	69
79	71
79	73
79	74
79	80
79	81
80	1
80	4
80	7
80	8
80	16
80	21
80	22
80	28
80	31
80	32
80	35
80	39
80	41
80	47
80	51
80	55
80	58
80	59
80	60
80	61
80	70
80	72
80	74
80	78
80	79
81	6
81	11
81	12
81	13
81	23
81	29
81	30
81	31
81	36
81	38
81	40
81	45
81	49
81	51
81	52
81	54
81	60
81	61
81	62
81	65
81	68
81	69
81	73
81	76
81	79
