1	16
1	28
1	31
1	45
1	62
1	80
2	12
2	35
2	44
2	54
2	59
2	76
3	29
3	44
3	47
3	59
3	63
3	68
4	13
4	50
4	64
4	71
4	73
4	79
5	24
5	26
5	58
5	66
5	73
5	75
6	11
6	18
6	32
6	48
6	64
6	71
7	8
7	21
7	59
7	60
7	68
7	80
8	7
8	27
8	33
8	59
8	62
8	74
9	48
9	68
9	71
9	76
9	78
9	79
10	29
10	35
10	57
10	64
10	77
10	81
11	6
11	49
11	59
11	63
11	72
11	77
12	2
12	18
12	51
12	56
12	72
12	76
13	4
13	28
13	48
13	68
13	73
13	76
14	19
14	52
14	55
14	75
14	76
14	80
15	44
15	49
15	55
15	62
15	68
15	80
16	1
16	30
16	33
16	52
16	70
16	81
17	24
17	30
17	51
17	52
17	66
17	74
18	6
18	12
18	22
18	50
18	53
18	57
18	58
19	14
19	37
19	44
19	46
19	58
19	59
19	72
20	23
20	38
20	49
20	60
20	67
20	68
20	73
21	7
21	26
21	36
21	38
21	50
21	66
21	76
22	18
22	35
22	70
22	72
22	75
22	77
22	81
23	20
23	36
23	43
23	58
23	59
23	78
23	80
24	5
24	17
24	63
24	66
24	71
24	74
24	78
25	68
25	69
25	73
25	77
25	78
25	79
25	80
26	5
26	21
26	61
26	71
26	72
26	77
26	80
27	8
27	38
27	49
27	61
27	65
27	67
27	75
28	1
28	13
28	43
28	44
28	45
28	65
28	72
29	3
29	10
29	32
29	34
29	44
29	68
29	70
29	74
30	16
30	17
30	45
30	56
30	62
30	65
30	78
30	79
31	1
31	53
31	65
31	69
31	70
31	79
31	80
31	81
32	6
32	29
32	47
32	55
32	60
32	76
32	79
32	81
33	8
33	16
33	37
33	48
33	54
33	55
33	76
33	77
34	29
34	39
34	56
34	58
34	63
34	67
34	74
34	75
35	2
35	10
35	22
35	61
35	71
35	73
35	78
35	79
36	21
36	23
36	38
36	52
36	54
36	72
36	76
36	78
36	79
37	19
37	33
37	57
37	58
37	62
37	66
37	68
37	73
37	79
38	20
38	21
38	27
38	36
38	43
38	52
38	58
38	62
38	68
39	34
39	43
39	60
39	69
39	74
39	75
39	77
39	79
39	81
40	41
40	51
40	56
40	63
40	71
40	72
40	78
40	79
40	80
41	40
41	47
41	51
41	58
41	66
41	72
41	76
41	77
41	80
42	43
42	46
42	64
42	68
42	73
42	75
42	77
42	78
42	81
43	23
43	28
43	38
43	39
43	42
43	64
43	65
43	74
43	77
44	2
44	3
44	15
44	19
44	28
44	29
44	51
44	72
44	74
44	80
45	1
45	28
45	30
45	56
45	61
45	67
45	73
45	78
45	79
45	81
46	19
46	42
46	47
46	57
46	60
46	71
46	73
46	78
46	79
46	80
47	3
47	32
47	41
47	46
47	62
47	71
47	73
47	78
47	79
47	80
48	6
48	9
48	13
48	33
48	50
48	67
48	73
48	74
48	76
48	81
49	11
49	15
49	20
49	27
49	61
49	65
49	69
49	72
49	74
49	75
50	4
50	18
50	21
50	48
50	57
50	64
50	70
50	75
50	77
50	81
51	12
51	17
51	40
51	41
51	44
51	54
51	57
51	61
51	63
51	71
52	14
52	16
52	17
52	36
52	38
52	61
52	62
52	65
52	74
52	80
52	81
53	18
53	31
53	64
53	67
53	69
53	70
53	71
53	75
53	77
53	80
53	81
54	2
54	33
54	36
54	51
54	59
54	65
54	66
54	70
54	72
54	80
54	81
55	14
55	15
55	32
55	33
55	59
55	69
55	70
55	71
55	75
55	77
55	81
56	12
56	30
56	34
56	40
56	45
56	65
56	66
56	67
56	71
56	73
56	78
56	81
57	10
57	18
57	37
57	46
57	50
57	51
57	60
57	61
57	63
57	76
57	77
57	79
57	81
58	5
58	18
58	19
58	23
58	34
58	37
58	38
58	41
58	61
58	62
58	66
58	72
58	81
59	2
59	3
59	7
59	8
59	11
59	19
59	23
59	54
59	55
59	60
59	67
59	69
59	72
60	7
60	20
60	32
60	39
60	46
60	57
60	59
60	64
60	66
60	67
60	76
60	78
60	80
61	26
61	27
61	35
61	45
61	49
61	51
61	52
61	57
61	58
61	63
61	68
61	71
61	81
62	1
62	8
62	15
62	30
62	37
62	38
62	47
62	52
62	58
62	70
62	75
62	79
62	80
63	3
63	11
63	24
63	34
63	40
63	51
63	57
63	61
63	67
63	69
63	70
63	72
63	78
63	80
64	4
64	6
64	10
64	42
64	43
64	50
64	53
64	60
64	67
64	69
64	74
64	77
64	78
64	81
65	27
65	28
65	30
65	31
65	43
65	49
65	52
65	54
65	56
65	66
65	67
65	74
65	76
65	77
65	79
66	5
66	17
66	21
66	24
66	37
66	41
66	54
66	56
66	58
66	60
66	65
66	68
66	70
66	74
66	76
67	20
67	27
67	34
67	45
67	48
67	53
67	56
67	59
67	60
67	63
67	64
67	65
67	68
67	69
67	75
67	76
67	80
68	3
68	7
68	9
68	13
68	15
68	20
68	25
68	29
68	37
68	38
68	42
68	61
68	66
68	67
68	70
68	73
68	77
69	25
69	31
69	39
69	49
69	53
69	55
69	59
69	63
69	64
69	67
69	70
69	72
69	74
69	75
69	77
69	79
69	81
70	16
70	22
70	29
70	31
70	50
70	53
70	54
70	55
70	62
70	63
70	66
70	68
70	69
70	74
70	75
70	77
70	81
71	4
71	6
71	9
71	24
71	26
71	35
71	40
71	46
71	47
71	51
71	53
71	55
71	56
71	61
71	73
71	76
71	78
71	79
71	80
72	11
72	12
72	19
72	22
72	26
72	28
72	36
72	40
72	41
72	44
72	49
72	54
72	58
72	59
72	63
72	69
72	74
72	77
72	79
73	4
73	5
73	13
73	20
73	25
73	35
73	37
73	42
73	45
73	46
73	47
73	48
73	56
73	68
73	71
73	74
73	78
73	79
73	81
74	8
74	17
74	24
74	29
74	34
74	39
74	43
74	44
74	48
74	49
74	52
74	64
74	65
74	66
74	69
74	70
74	72
74	73
74	79
75	5
75	14
75	22
75	27
75	34
75	39
75	42
75	49
75	50
75	53
75	55
75	62
75	67
75	69
75	70
75	76
75	77
75	78
75	81
76	2
76	9
76	12
76	13
76	14
76	21
76	32
76	33
76	36
76	41
76	48
76	57
76	60
76	65
76	66
76	67
76	71
76	75
76	78
76	79
76	80
77	10
77	11
77	22
77	25
77	26
77	33
77	39
77	41
77	42
77	43
77	50
77	53
77	55
77	57
77	64
77	65
77	68
77	69
77	70
77	72
77	75
77	78
77	81
78	9
78	23
78	24
78	25
78	30
78	35
78	36
78	40
78	42
78	45
78	46
78	47
78	56
78	60
78	63
78	64
78	71
78	73
78	75
78	76
78	77
78	79
78	80
79	4
79	9
79	25
79	30
79	31
79	32
79	35
79	36
79	37
79	39
79	40
79	45
79	46
79	47
79	57
79	62
79	65
79	69
79	71
79	72
79	73
79	74
79	76
79	78
80	1
80	7
80	14
80	15
80	23
80	25
80	26
80	31
80	40
80	41
80	44
80	46
80	47
80	52
80	53
80	54
80	60
80	62
80	63
80	67
80	71
80	76
80	78
80	81
81	10
81	16
81	22
81	31
81	32
81	39
81	42
81	45
81	48
81	50
81	52
81	53
81	54
81	55
81	56
81	57
81	58
81	61
81	64
81	69
81	70
81	73
81	75
81	77
81	80
