1	30
1	33
1	34
1	35
1	56
1	81
2	48
2	59
2	60
2	63
2	64
2	73
3	16
3	70
3	73
3	76
3	79
3	81
4	26
4	46
4	57
4	72
4	78
4	81
5	22
5	33
5	35
5	36
5	43
5	70
6	27
6	50
6	53
6	72
6	78
6	80
7	30
7	32
7	55
7	59
7	64
7	76
8	26
8	36
8	39
8	42
8	52
8	64
9	38
9	44
9	46
9	51
9	65
9	72
10	53
10	69
10	71
10	75
10	77
10	78
11	38
11	55
11	71
11	74
11	79
11	80
12	21
12	33
12	43
12	67
12	72
12	78
13	56
13	58
13	59
13	63
13	66
13	69
14	35
14	47
14	50
14	55
14	70
14	77
15	50
15	54
15	61
15	66
15	67
15	72
16	3
16	46
16	58
16	66
16	67
16	71
17	54
17	60
17	61
17	75
17	77
17	78
18	23
18	40
18	56
18	74
18	78
18	79
19	41
19	51
19	70
19	73
19	74
19	79
20	28
20	49
20	67
20	68
20	69
20	79
21	12
21	42
21	43
21	44
21	51
21	74
21	79
22	5
22	31
22	63
22	68
22	69
22	79
22	81
23	18
23	26
23	55
23	68
23	69
23	75
23	79
24	30
24	31
24	43
24	54
24	70
24	71
24	81
25	26
25	28
25	31
25	42
25	54
25	72
25	81
26	4
26	8
26	23
26	25
26	65
26	71
26	77
27	6
27	50
27	52
27	57
27	60
27	69
27	73
28	20
28	25
28	37
28	46
28	65
28	66
28	72
29	35
29	37
29	45
29	49
29	71
29	76
29	81
30	1
30	7
30	24
30	34
30	39
30	64
30	80
31	22
31	24
31	25
31	44
31	57
31	71
31	72
32	7
32	36
32	50
32	64
32	67
32	74
32	77
33	1
33	5
33	12
33	59
33	73
33	77
33	81
34	1
34	30
34	65
34	69
34	74
34	78
34	80
35	1
35	5
35	14
35	29
35	39
35	55
35	73
35	76
36	5
36	8
36	32
36	39
36	49
36	57
36	60
36	64
37	28
37	29
37	38
37	67
37	72
37	74
37	75
37	81
38	9
38	11
38	37
38	53
38	74
38	75
38	80
38	81
39	8
39	30
39	35
39	36
39	48
39	64
39	69
39	80
40	18
40	62
40	68
40	70
40	74
40	76
40	77
40	78
41	19
41	47
41	54
41	58
41	66
41	67
41	73
41	76
42	8
42	21
42	25
42	46
42	49
42	57
42	58
42	72
42	75
43	5
43	12
43	21
43	24
43	53
43	60
43	63
43	74
43	80
44	9
44	21
44	31
44	51
44	57
44	62
44	69
44	70
44	72
45	29
45	48
45	59
45	62
45	64
45	68
45	69
45	73
45	77
46	4
46	9
46	16
46	28
46	42
46	72
46	75
46	78
46	81
47	14
47	41
47	58
47	62
47	63
47	66
47	67
47	68
47	72
48	2
48	39
48	45
48	50
48	51
48	53
48	63
48	70
48	77
49	20
49	29
49	36
49	42
49	52
49	55
49	68
49	75
49	79
50	6
50	14
50	15
50	27
50	32
50	48
50	65
50	79
50	80
50	81
51	9
51	19
51	21
51	44
51	48
51	52
51	60
51	74
51	77
51	79
52	8
52	27
52	49
52	51
52	54
52	68
52	74
52	78
52	79
52	80
53	6
53	10
53	38
53	43
53	48
53	69
53	75
53	76
53	77
53	80
53	81
54	15
54	17
54	24
54	25
54	41
54	52
54	58
54	62
54	66
54	67
54	79
55	7
55	11
55	14
55	23
55	35
55	49
55	64
55	68
55	74
55	79
55	80
56	1
56	13
56	18
56	61
56	66
56	67
56	69
56	70
56	73
56	76
56	81
57	4
57	27
57	31
57	36
57	42
57	44
57	58
57	60
57	65
57	72
57	78
58	13
58	16
58	41
58	42
58	47
58	54
58	57
58	66
58	67
58	76
58	77
58	80
59	2
59	7
59	13
59	33
59	45
59	61
59	62
59	63
59	73
59	75
59	78
59	80
60	2
60	17
60	27
60	36
60	43
60	51
60	57
60	61
60	63
60	73
60	75
60	76
61	15
61	17
61	56
61	59
61	60
61	65
61	66
61	71
61	78
61	79
61	80
61	81
62	40
62	44
62	45
62	47
62	54
62	59
62	63
62	70
62	73
62	75
62	78
62	80
63	2
63	13
63	22
63	43
63	47
63	48
63	59
63	60
63	62
63	75
63	76
63	79
64	2
64	7
64	8
64	30
64	32
64	36
64	39
64	45
64	55
64	71
64	76
64	77
64	79
65	9
65	26
65	28
65	34
65	50
65	57
65	61
65	69
65	71
65	73
65	75
65	77
65	78
65	81
66	13
66	15
66	16
66	28
66	41
66	47
66	54
66	56
66	58
66	61
66	67
66	77
66	78
66	81
67	12
67	15
67	16
67	20
67	32
67	37
67	41
67	47
67	54
67	56
67	58
67	66
67	71
67	73
68	20
68	22
68	23
68	40
68	45
68	47
68	49
68	52
68	55
68	74
68	75
68	78
68	79
68	80
69	10
69	13
69	20
69	22
69	23
69	27
69	34
69	39
69	44
69	45
69	53
69	56
69	65
69	72
69	76
69	81
70	3
70	5
70	14
70	19
70	24
70	40
70	44
70	48
70	56
70	62
70	71
70	75
70	76
70	79
70	80
70	81
71	10
71	11
71	16
71	24
71	26
71	29
71	31
71	61
71	64
71	65
71	67
71	70
71	74
71	77
71	78
71	80
72	4
72	6
72	9
72	12
72	15
72	25
72	28
72	31
72	37
72	42
72	44
72	46
72	47
72	57
72	69
72	76
72	78
73	2
73	3
73	19
73	27
73	33
73	35
73	41
73	45
73	56
73	59
73	60
73	62
73	65
73	67
73	75
73	77
73	81
74	11
74	18
74	19
74	21
74	32
74	34
74	37
74	38
74	40
74	43
74	51
74	52
74	55
74	68
74	71
74	77
74	78
74	79
75	10
75	17
75	23
75	37
75	38
75	42
75	46
75	49
75	53
75	59
75	60
75	62
75	63
75	65
75	68
75	70
75	73
75	76
75	81
76	3
76	7
76	29
76	35
76	40
76	41
76	53
76	56
76	58
76	60
76	63
76	64
76	69
76	70
76	72
76	75
76	79
76	80
76	81
77	10
77	14
77	17
77	26
77	32
77	33
77	40
77	45
77	48
77	51
77	53
77	58
77	64
77	65
77	66
77	71
77	73
77	74
77	80
77	81
78	4
78	6
78	10
78	12
78	17
78	18
78	34
78	40
78	46
78	52
78	57
78	59
78	61
78	62
78	65
78	66
78	68
78	71
78	72
78	74
78	79
78	80
79	3
79	11
79	18
79	19
79	20
79	21
79	22
79	23
79	49
79	50
79	51
79	52
79	54
79	55
79	61
79	63
79	64
79	68
79	70
79	74
79	76
79	78
79	80
80	6
80	11
80	30
80	34
80	38
80	39
80	43
80	50
80	52
80	53
80	55
80	58
80	59
80	61
80	62
80	68
80	70
80	71
80	76
80	77
80	78
80	79
80	81
81	1
81	3
81	4
81	22
81	24
81	25
81	29
81	33
81	37
81	38
81	46
81	50
81	53
81	56
81	61
81	65
81	66
81	69
81	70
81	73
81	75
81	76
81	77
81	80
