1	16
1	37
1	61
1	65
1	73
1	79
2	14
2	18
2	41
2	53
2	68
2	74
3	8
3	66
3	68
3	74
3	76
3	79
4	10
4	51
4	54
4	57
4	61
4	70
5	36
5	37
5	44
5	63
5	69
5	70
6	37
6	45
6	55
6	65
6	75
6	79
7	47
7	55
7	56
7	66
7	72
7	74
8	3
8	21
8	49
8	54
8	57
8	67
9	44
9	49
9	55
9	62
9	71
9	77
10	4
10	25
10	35
10	69
10	76
10	81
11	12
11	31
11	41
11	71
11	79
11	80
12	11
12	16
12	50
12	53
12	70
12	71
13	28
13	51
13	64
13	66
13	79
13	80
14	2
14	28
14	32
14	56
14	77
14	81
15	18
15	40
15	60
15	63
15	75
15	81
16	1
16	12
16	26
16	58
16	64
16	78
17	31
17	50
17	63
17	66
17	74
17	75
18	2
18	15
18	35
18	58
18	72
18	78
19	26
19	28
19	36
19	44
19	67
19	71
19	81
20	22
20	54
20	56
20	62
20	66
20	78
20	81
21	8
21	23
21	34
21	35
21	39
21	70
21	78
22	20
22	24
22	42
22	63
22	68
22	69
22	81
23	21
23	40
23	57
23	61
23	64
23	76
23	77
24	22
24	27
24	42
24	45
24	64
24	71
24	77
25	10
25	43
25	63
25	64
25	76
25	80
25	81
26	16
26	19
26	27
26	56
26	64
26	76
26	78
27	24
27	26
27	30
27	31
27	34
27	47
27	50
27	71
28	13
28	14
28	19
28	43
28	53
28	54
28	73
28	81
29	45
29	49
29	52
29	62
29	67
29	72
29	74
29	80
30	27
30	43
30	55
30	59
30	69
30	74
30	79
30	80
31	11
31	17
31	27
31	38
31	50
31	58
31	69
31	80
32	14
32	46
32	55
32	62
32	63
32	65
32	71
32	77
33	49
33	50
33	62
33	66
33	68
33	70
33	77
33	78
34	21
34	27
34	40
34	52
34	64
34	78
34	79
34	80
35	10
35	18
35	21
35	42
35	53
35	62
35	75
35	81
36	5
36	19
36	37
36	39
36	45
36	49
36	50
36	75
37	1
37	5
37	6
37	36
37	51
37	54
37	58
37	76
38	31
38	48
38	49
38	61
38	68
38	69
38	76
38	79
38	80
39	21
39	36
39	48
39	57
39	58
39	61
39	62
39	73
39	77
40	15
40	23
40	34
40	42
40	60
40	64
40	79
40	80
40	81
41	2
41	11
41	51
41	63
41	65
41	74
41	75
41	76
41	77
42	22
42	24
42	35
42	40
42	45
42	62
42	63
42	73
42	81
43	25
43	28
43	30
43	46
43	54
43	56
43	61
43	71
43	73
43	79
44	5
44	9
44	19
44	46
44	57
44	68
44	74
44	77
44	78
44	81
45	6
45	24
45	29
45	36
45	42
45	52
45	57
45	67
45	72
45	78
46	32
46	43
46	44
46	59
46	69
46	72
46	73
46	75
46	78
46	81
47	7
47	27
47	55
47	65
47	67
47	68
47	70
47	72
47	79
47	81
48	38
48	39
48	52
48	66
48	71
48	72
48	74
48	75
48	77
48	78
48	81
49	8
49	9
49	29
49	33
49	36
49	38
49	53
49	56
49	70
49	76
49	81
50	12
50	17
50	27
50	31
50	33
50	36
50	52
50	65
50	71
50	74
50	76
51	4
51	13
51	37
51	41
51	61
51	63
51	67
51	68
51	73
51	78
51	79
52	29
52	34
52	45
52	48
52	50
52	53
52	62
52	65
52	67
52	72
52	73
53	2
53	12
53	28
53	35
53	49
53	52
53	54
53	56
53	61
53	70
53	73
54	4
54	8
54	20
54	28
54	37
54	43
54	53
54	64
54	66
54	73
54	74
55	6
55	7
55	9
55	30
55	32
55	47
55	63
55	65
55	67
55	72
55	80
56	7
56	14
56	20
56	26
56	43
56	49
56	53
56	57
56	58
56	70
56	79
57	4
57	8
57	23
57	39
57	44
57	45
57	56
57	58
57	69
57	74
57	75
58	16
58	18
58	31
58	37
58	39
58	56
58	57
58	61
58	67
58	69
58	71
58	76
59	30
59	46
59	60
59	64
59	66
59	69
59	70
59	75
59	77
59	78
59	79
59	80
60	15
60	40
60	59
60	61
60	64
60	65
60	68
60	69
60	72
60	73
60	79
60	80
61	1
61	4
61	23
61	38
61	39
61	43
61	51
61	53
61	58
61	60
61	70
61	77
62	9
62	20
62	29
62	32
62	33
62	35
62	39
62	42
62	52
62	73
62	75
62	80
62	81
63	5
63	15
63	17
63	22
63	25
63	32
63	41
63	42
63	51
63	55
63	65
63	76
63	77
64	13
64	16
64	23
64	24
64	25
64	26
64	34
64	40
64	54
64	59
64	60
64	79
64	80
65	1
65	6
65	32
65	41
65	47
65	50
65	52
65	55
65	60
65	63
65	67
65	72
65	79
66	3
66	7
66	13
66	17
66	20
66	33
66	48
66	54
66	59
66	72
66	75
66	77
66	78
66	81
67	8
67	19
67	29
67	45
67	47
67	51
67	52
67	55
67	58
67	65
67	68
67	72
67	74
67	75
68	2
68	3
68	22
68	33
68	38
68	44
68	47
68	51
68	60
68	67
68	71
68	72
68	74
68	76
69	5
69	10
69	22
69	30
69	31
69	38
69	46
69	57
69	58
69	59
69	60
69	79
69	80
69	81
70	4
70	5
70	12
70	21
70	33
70	47
70	49
70	53
70	56
70	59
70	61
70	78
70	80
70	81
71	9
71	11
71	12
71	19
71	24
71	27
71	32
71	43
71	48
71	50
71	58
71	68
71	73
71	74
71	81
72	7
72	18
72	29
72	45
72	46
72	47
72	48
72	52
72	55
72	60
72	65
72	66
72	67
72	68
72	80
73	1
73	28
73	39
73	42
73	43
73	46
73	51
73	52
73	53
73	54
73	60
73	62
73	71
73	74
73	76
73	77
73	79
74	2
74	3
74	7
74	17
74	29
74	30
74	41
74	44
74	48
74	50
74	54
74	57
74	67
74	68
74	71
74	73
74	78
74	80
75	6
75	15
75	17
75	35
75	36
75	41
75	46
75	48
75	57
75	59
75	62
75	66
75	67
75	76
75	77
75	78
75	80
75	81
76	3
76	10
76	23
76	25
76	26
76	37
76	38
76	41
76	49
76	50
76	58
76	63
76	68
76	73
76	75
76	78
76	79
76	80
77	9
77	14
77	23
77	24
77	32
77	33
77	39
77	41
77	44
77	48
77	59
77	61
77	63
77	66
77	73
77	75
77	78
77	80
77	81
78	16
78	18
78	20
78	21
78	26
78	33
78	34
78	44
78	45
78	46
78	48
78	51
78	59
78	66
78	70
78	74
78	75
78	76
78	77
78	80
78	81
79	1
79	3
79	6
79	11
79	13
79	30
79	34
79	38
79	40
79	43
79	47
79	51
79	56
79	59
79	60
79	64
79	65
79	69
79	73
79	76
79	80
80	11
80	13
80	25
80	29
80	30
80	31
80	34
80	38
80	40
80	55
80	59
80	60
80	62
80	64
80	69
80	70
80	72
80	74
80	75
80	76
80	77
80	78
80	79
81	10
81	14
81	15
81	19
81	20
81	22
81	25
81	28
81	35
81	40
81	42
81	44
81	46
81	47
81	48
81	49
81	62
81	66
81	69
81	70
81	71
81	75
81	77
81	78
