1	6
1	27
1	76
1	78
1	80
1	81
2	14
2	19
2	52
2	59
2	66
2	78
3	33
3	39
3	48
3	54
3	59
3	67
4	24
4	31
4	49
4	69
4	75
4	80
5	10
5	11
5	18
5	43
5	65
5	68
6	1
6	36
6	48
6	66
6	72
6	81
7	14
7	17
7	31
7	53
7	70
7	79
8	9
8	21
8	32
8	37
8	64
8	78
9	8
9	17
9	34
9	54
9	69
9	74
10	5
10	13
10	59
10	76
10	79
10	80
11	5
11	47
11	52
11	61
11	65
11	70
12	20
12	29
12	38
12	68
12	70
12	81
13	10
13	19
13	47
13	71
13	77
13	81
14	2
14	7
14	28
14	35
14	39
14	51
15	22
15	31
15	56
15	69
15	74
15	78
16	32
16	47
16	53
16	67
16	72
16	79
17	7
17	9
17	43
17	66
17	76
17	79
18	5
18	52
18	57
18	71
18	73
18	81
19	2
19	13
19	31
19	32
19	43
19	76
19	79
20	12
20	28
20	36
20	46
20	62
20	66
20	72
21	8
21	44
21	58
21	74
21	77
21	79
21	80
22	15
22	28
22	33
22	64
22	66
22	71
22	73
23	37
23	44
23	49
23	51
23	58
23	62
23	80
24	4
24	63
24	64
24	72
24	75
24	76
24	79
25	34
25	62
25	63
25	67
25	77
25	78
25	81
26	41
26	67
26	68
26	71
26	77
26	80
26	81
27	1
27	35
27	56
27	68
27	70
27	74
27	77
28	14
28	20
28	22
28	47
28	54
28	78
28	80
29	12
29	30
29	35
29	49
29	54
29	69
29	73
30	29
30	52
30	54
30	55
30	58
30	66
30	71
31	4
31	7
31	15
31	19
31	76
31	79
31	80
32	8
32	16
32	19
32	63
32	73
32	74
32	76
32	79
33	3
33	22
33	41
33	67
33	69
33	72
33	79
33	80
34	9
34	25
34	48
34	55
34	56
34	66
34	78
34	81
35	14
35	27
35	29
35	51
35	75
35	77
35	80
35	81
36	6
36	20
36	41
36	43
36	48
36	56
36	61
36	77
37	8
37	23
37	53
37	57
37	68
37	69
37	70
37	78
38	12
38	45
38	49
38	63
38	71
38	76
38	78
38	81
39	3
39	14
39	51
39	55
39	60
39	65
39	78
39	81
40	57
40	59
40	66
40	67
40	71
40	73
40	76
40	79
41	26
41	33
41	36
41	42
41	58
41	64
41	66
41	73
41	79
42	41
42	50
42	54
42	58
42	62
42	64
42	74
42	76
42	81
43	5
43	17
43	19
43	36
43	45
43	60
43	70
43	74
43	75
44	21
44	23
44	61
44	63
44	71
44	72
44	77
44	80
44	81
45	38
45	43
45	50
45	60
45	61
45	65
45	77
45	79
45	81
46	20
46	60
46	63
46	68
46	69
46	71
46	76
46	77
46	81
47	11
47	13
47	16
47	28
47	48
47	55
47	61
47	74
47	80
48	3
48	6
48	34
48	36
48	47
48	73
48	75
48	77
48	78
49	4
49	23
49	29
49	38
49	58
49	60
49	64
49	73
49	75
50	42
50	45
50	52
50	53
50	61
50	65
50	70
50	73
50	75
50	80
51	14
51	23
51	35
51	39
51	52
51	70
51	73
51	74
51	79
51	80
52	2
52	11
52	18
52	30
52	50
52	51
52	67
52	73
52	78
52	81
53	7
53	16
53	37
53	50
53	55
53	56
53	61
53	72
53	74
53	78
54	3
54	9
54	28
54	29
54	30
54	42
54	64
54	65
54	75
54	79
55	30
55	34
55	39
55	47
55	53
55	67
55	69
55	77
55	78
55	81
56	15
56	27
56	34
56	36
56	53
56	60
56	65
56	72
56	77
56	78
57	18
57	37
57	40
57	59
57	61
57	63
57	70
57	74
57	76
57	79
57	81
58	21
58	23
58	30
58	41
58	42
58	49
58	64
58	65
58	68
58	71
58	75
59	2
59	3
59	10
59	40
59	57
59	62
59	63
59	67
59	72
59	76
59	79
60	39
60	43
60	45
60	46
60	49
60	56
60	62
60	68
60	74
60	75
60	77
60	81
61	11
61	36
61	44
61	45
61	47
61	50
61	53
61	57
61	70
61	74
61	75
61	79
62	20
62	23
62	25
62	42
62	59
62	60
62	68
62	71
62	72
62	77
62	80
62	81
63	24
63	25
63	32
63	38
63	44
63	46
63	57
63	59
63	69
63	71
63	76
63	79
64	8
64	22
64	24
64	41
64	42
64	49
64	54
64	58
64	65
64	67
64	68
64	73
64	80
65	5
65	11
65	39
65	45
65	50
65	54
65	56
65	58
65	64
65	68
65	73
65	77
65	78
66	2
66	6
66	17
66	20
66	22
66	30
66	34
66	40
66	41
66	70
66	72
66	76
66	78
67	3
67	16
67	25
67	26
67	33
67	40
67	52
67	55
67	59
67	64
67	72
67	78
67	80
68	5
68	12
68	26
68	27
68	37
68	46
68	58
68	60
68	62
68	64
68	65
68	77
68	81
69	4
69	9
69	15
69	29
69	33
69	37
69	46
69	55
69	63
69	70
69	74
69	75
69	76
69	80
70	7
70	11
70	12
70	27
70	37
70	43
70	50
70	51
70	57
70	61
70	66
70	69
70	73
70	78
70	80
71	13
71	18
71	22
71	26
71	30
71	38
71	40
71	44
71	46
71	58
71	62
71	63
71	77
71	80
71	81
72	6
72	16
72	20
72	24
72	33
72	44
72	53
72	56
72	59
72	62
72	66
72	67
72	74
72	76
72	78
72	81
73	18
73	22
73	29
73	32
73	40
73	41
73	48
73	49
73	50
73	51
73	52
73	64
73	65
73	70
73	78
73	80
74	9
74	15
74	21
74	27
74	32
74	42
74	43
74	47
74	51
74	53
74	57
74	60
74	61
74	69
74	72
74	75
74	80
75	4
75	24
75	35
75	43
75	48
75	49
75	50
75	54
75	58
75	60
75	61
75	69
75	74
75	76
75	78
75	79
75	80
76	1
76	10
76	17
76	19
76	24
76	31
76	32
76	38
76	40
76	42
76	46
76	57
76	59
76	63
76	66
76	69
76	72
76	75
76	77
76	79
76	81
77	13
77	21
77	25
77	26
77	27
77	35
77	36
77	44
77	45
77	46
77	48
77	55
77	56
77	60
77	62
77	65
77	68
77	71
77	76
77	79
77	81
78	1
78	2
78	8
78	15
78	25
78	28
78	34
78	37
78	38
78	39
78	48
78	52
78	53
78	55
78	56
78	65
78	66
78	67
78	70
78	72
78	73
78	75
79	7
79	10
79	16
79	17
79	19
79	21
79	24
79	31
79	32
79	33
79	40
79	41
79	45
79	51
79	54
79	57
79	59
79	61
79	63
79	75
79	76
79	77
79	80
80	1
80	4
80	10
80	21
80	23
80	26
80	28
80	31
80	33
80	35
80	44
80	47
80	50
80	51
80	62
80	64
80	67
80	69
80	70
80	71
80	73
80	74
80	75
80	79
81	1
81	6
81	12
81	13
81	18
81	25
81	26
81	34
81	35
81	38
81	39
81	42
81	44
81	45
81	46
81	52
81	55
81	57
81	60
81	62
81	68
81	71
81	72
81	76
81	77
