1	4
1	28
1	30
1	43
1	50
1	60
2	29
2	34
2	59
2	62
2	68
2	69
3	8
3	20
3	29
3	58
3	71
3	79
4	1
4	9
4	10
4	18
4	20
4	51
5	27
5	46
5	53
5	77
5	79
5	81
6	62
6	65
6	70
6	73
6	74
6	81
7	32
7	48
7	51
7	66
7	71
7	75
8	3
8	27
8	28
8	34
8	62
8	69
9	4
9	24
9	41
9	44
9	50
9	60
10	4
10	18
10	28
10	43
10	45
10	70
11	28
11	59
11	65
11	68
11	69
11	71
12	15
12	21
12	53
12	54
12	68
12	69
13	20
13	27
13	28
13	29
13	35
13	60
14	27
14	66
14	71
14	72
14	75
14	80
15	12
15	39
15	49
15	58
15	61
15	64
15	73
16	38
16	51
16	66
16	74
16	77
16	78
16	79
17	47
17	52
17	56
17	67
17	69
17	75
17	80
18	4
18	10
18	28
18	39
18	43
18	54
18	73
19	35
19	41
19	44
19	50
19	56
19	69
19	70
20	3
20	4
20	13
20	34
20	53
20	68
20	74
21	12
21	31
21	41
21	44
21	50
21	67
21	78
22	35
22	40
22	64
22	66
22	73
22	80
22	81
23	24
23	55
23	58
23	66
23	71
23	75
23	76
24	9
24	23
24	51
24	65
24	66
24	72
24	76
25	68
25	69
25	70
25	74
25	79
25	80
25	81
26	28
26	45
26	60
26	61
26	65
26	75
26	76
27	5
27	8
27	13
27	14
27	29
27	34
27	72
27	76
28	1
28	8
28	10
28	11
28	13
28	18
28	26
28	43
29	2
29	3
29	13
29	27
29	34
29	40
29	63
29	74
30	1
30	43
30	57
30	61
30	64
30	72
30	76
30	79
31	21
31	41
31	44
31	50
31	51
31	79
31	80
31	81
32	7
32	49
32	51
32	53
32	63
32	67
32	77
32	78
33	46
33	56
33	62
33	72
33	74
33	77
33	79
33	81
34	2
34	8
34	20
34	27
34	29
34	67
34	70
34	77
35	13
35	19
35	22
35	54
35	59
35	68
35	69
35	76
36	38
36	54
36	59
36	65
36	68
36	69
36	75
36	80
37	49
37	54
37	59
37	68
37	69
37	71
37	78
37	79
38	16
38	36
38	48
38	55
38	58
38	59
38	66
38	71
38	75
39	15
39	18
39	57
39	61
39	63
39	65
39	72
39	76
39	80
40	22
40	29
40	41
40	51
40	57
40	65
40	72
40	76
40	77
41	9
41	19
41	21
41	31
41	40
41	50
41	57
41	61
41	65
42	50
42	64
42	70
42	71
42	73
42	77
42	78
42	79
42	81
43	1
43	10
43	18
43	28
43	30
43	52
43	54
43	58
43	73
44	9
44	19
44	21
44	31
44	46
44	49
44	50
44	74
44	78
44	80
45	10
45	26
45	47
45	60
45	63
45	64
45	67
45	78
45	80
45	81
46	5
46	33
46	44
46	47
46	55
46	57
46	58
46	66
46	71
46	75
47	17
47	45
47	46
47	49
47	51
47	52
47	61
47	65
47	72
47	76
48	7
48	38
48	52
48	70
48	71
48	73
48	74
48	75
48	77
48	79
48	81
49	15
49	32
49	37
49	44
49	47
49	72
49	73
49	78
49	79
49	80
49	81
50	1
50	9
50	19
50	21
50	31
50	41
50	42
50	44
50	64
50	73
50	78
51	4
51	7
51	16
51	24
51	31
51	32
51	40
51	47
51	57
51	58
51	65
51	76
52	17
52	43
52	47
52	48
52	58
52	60
52	62
52	67
52	69
52	74
52	78
52	80
53	5
53	12
53	20
53	32
53	55
53	60
53	62
53	64
53	66
53	73
53	78
53	80
53	81
54	12
54	18
54	35
54	36
54	37
54	43
54	68
54	69
54	70
54	75
54	79
54	80
54	81
55	23
55	38
55	46
55	53
55	56
55	58
55	59
55	65
55	66
55	71
55	74
55	75
55	80
56	17
56	19
56	33
56	55
56	62
56	64
56	67
56	69
56	72
56	73
56	74
56	78
56	80
57	30
57	39
57	40
57	41
57	46
57	51
57	59
57	61
57	72
57	75
57	77
57	78
57	79
58	3
58	15
58	23
58	38
58	43
58	46
58	51
58	52
58	55
58	66
58	68
58	71
58	73
58	75
59	2
59	11
59	35
59	36
59	37
59	38
59	55
59	57
59	61
59	62
59	63
59	68
59	69
59	74
60	1
60	9
60	13
60	26
60	45
60	52
60	53
60	62
60	64
60	65
60	66
60	77
60	78
60	80
61	15
61	26
61	30
61	39
61	41
61	47
61	57
61	59
61	65
61	67
61	68
61	72
61	74
61	76
61	79
61	80
62	2
62	6
62	8
62	33
62	52
62	53
62	56
62	59
62	60
62	64
62	67
62	73
62	76
62	77
62	78
62	81
63	29
63	32
63	39
63	45
63	59
63	65
63	70
63	74
63	75
63	76
63	77
63	79
63	81
64	15
64	22
64	30
64	42
64	45
64	50
64	53
64	56
64	60
64	62
64	67
64	68
64	69
64	75
64	78
64	79
64	81
65	6
65	11
65	24
65	26
65	36
65	39
65	40
65	41
65	47
65	51
65	55
65	60
65	61
65	63
65	70
65	72
65	76
65	77
66	7
66	14
66	16
66	22
66	23
66	24
66	38
66	46
66	53
66	55
66	58
66	60
66	67
66	71
66	72
66	74
66	75
66	76
67	17
67	21
67	32
67	34
67	45
67	52
67	56
67	61
67	62
67	64
67	66
67	68
67	70
67	72
67	73
67	76
67	80
67	81
68	2
68	11
68	12
68	20
68	25
68	35
68	36
68	37
68	54
68	58
68	59
68	61
68	64
68	67
68	69
68	71
68	76
68	77
69	2
69	8
69	11
69	12
69	17
69	19
69	25
69	35
69	36
69	37
69	52
69	54
69	56
69	59
69	64
69	68
69	70
69	80
70	6
70	10
70	19
70	25
70	34
70	42
70	48
70	54
70	63
70	65
70	67
70	69
70	74
70	77
70	78
70	79
70	80
70	81
71	3
71	7
71	11
71	14
71	23
71	37
71	38
71	42
71	46
71	48
71	55
71	58
71	66
71	68
71	72
71	73
71	75
71	76
72	14
72	24
72	27
72	30
72	33
72	39
72	40
72	47
72	49
72	56
72	57
72	61
72	65
72	66
72	67
72	71
72	76
72	78
72	79
73	6
73	15
73	18
73	22
73	42
73	43
73	48
73	49
73	50
73	53
73	56
73	58
73	62
73	67
73	71
73	77
73	78
73	79
73	80
74	6
74	16
74	20
74	25
74	29
74	33
74	44
74	48
74	52
74	55
74	56
74	59
74	61
74	63
74	66
74	70
74	77
74	79
74	81
75	7
75	14
75	17
75	23
75	26
75	36
75	38
75	46
75	48
75	54
75	55
75	57
75	58
75	63
75	64
75	66
75	71
75	77
75	78
76	23
76	24
76	26
76	27
76	30
76	35
76	39
76	40
76	47
76	51
76	61
76	62
76	63
76	65
76	66
76	67
76	68
76	71
76	72
76	77
76	81
77	5
77	16
77	32
77	33
77	34
77	40
77	42
77	48
77	57
77	60
77	62
77	63
77	65
77	68
77	70
77	73
77	74
77	75
77	76
77	79
77	81
78	16
78	21
78	32
78	37
78	42
78	44
78	45
78	49
78	50
78	52
78	53
78	56
78	57
78	60
78	62
78	64
78	70
78	72
78	73
78	75
78	80
78	81
79	3
79	5
79	16
79	25
79	30
79	31
79	33
79	37
79	42
79	48
79	49
79	54
79	57
79	61
79	63
79	64
79	70
79	72
79	73
79	74
79	77
79	81
80	14
80	17
80	22
80	25
80	31
80	36
80	39
80	44
80	45
80	49
80	52
80	53
80	54
80	55
80	56
80	60
80	61
80	67
80	69
80	70
80	73
80	78
81	5
81	6
81	22
81	25
81	31
81	33
81	42
81	45
81	48
81	49
81	53
81	54
81	62
81	63
81	64
81	67
81	70
81	74
81	76
81	77
81	78
81	79
