1	6
1	14
1	28
1	54
1	64
1	72
2	26
2	64
2	66
2	69
2	71
2	81
3	40
3	52
3	62
3	67
3	78
3	79
4	11
4	39
4	43
4	71
4	78
4	80
5	18
5	45
5	59
5	68
5	72
5	73
6	1
6	42
6	63
6	68
6	70
6	73
7	40
7	46
7	66
7	67
7	70
7	81
8	14
8	56
8	61
8	62
8	74
8	80
9	15
9	33
9	57
9	60
9	71
9	78
10	45
10	67
10	68
10	78
10	79
10	81
11	4
11	24
11	63
11	69
11	77
11	81
12	21
12	44
12	54
12	66
12	73
12	77
13	20
13	45
13	66
13	72
13	74
13	80
14	1
14	8
14	24
14	52
14	57
14	59
15	9
15	23
15	55
15	70
15	74
15	80
16	35
16	37
16	53
16	69
16	70
16	71
17	38
17	60
17	62
17	68
17	72
17	75
17	78
18	5
18	26
18	39
18	50
18	62
18	72
18	80
19	40
19	51
19	62
19	73
19	74
19	80
19	81
20	13
20	34
20	55
20	69
20	70
20	79
20	80
21	12
21	44
21	55
21	56
21	67
21	70
21	81
22	36
22	41
22	52
22	53
22	64
22	67
22	76
23	15
23	27
23	38
23	39
23	67
23	74
23	80
24	11
24	14
24	37
24	63
24	73
24	79
24	80
25	28
25	50
25	51
25	52
25	61
25	66
25	67
26	2
26	18
26	62
26	75
26	76
26	77
26	79
26	80
27	23
27	47
27	49
27	50
27	60
27	71
27	78
27	79
28	1
28	25
28	46
28	56
28	59
28	72
28	76
28	78
29	45
29	56
29	59
29	65
29	70
29	73
29	74
29	80
30	44
30	46
30	56
30	59
30	63
30	65
30	73
30	81
31	38
31	50
31	60
31	64
31	66
31	71
31	75
31	78
32	34
32	38
32	45
32	56
32	63
32	72
32	73
32	77
33	9
33	37
33	55
33	59
33	62
33	70
33	74
33	80
34	20
34	32
34	38
34	62
34	74
34	77
34	80
34	81
35	16
35	36
35	37
35	41
35	48
35	54
35	80
35	81
36	22
36	35
36	41
36	53
36	54
36	65
36	68
36	81
37	16
37	24
37	33
37	35
37	41
37	42
37	53
37	79
38	17
38	23
38	31
38	32
38	34
38	41
38	45
38	71
38	78
39	4
39	18
39	23
39	44
39	55
39	57
39	62
39	63
39	80
40	3
40	7
40	19
40	46
40	48
40	58
40	69
40	71
40	79
41	22
41	35
41	36
41	37
41	38
41	53
41	60
41	70
41	74
42	6
42	37
42	47
42	56
42	59
42	63
42	65
42	71
42	73
43	4
43	46
43	49
43	60
43	66
43	71
43	78
43	79
43	80
44	12
44	21
44	30
44	39
44	50
44	66
44	75
44	77
44	79
45	5
45	10
45	13
45	29
45	32
45	38
45	63
45	73
45	76
45	77
46	7
46	28
46	30
46	40
46	43
46	47
46	60
46	73
46	77
46	79
47	27
47	42
47	46
47	69
47	72
47	75
47	76
47	77
47	78
47	81
48	35
48	40
48	60
48	62
48	69
48	73
48	76
48	77
48	78
48	79
49	27
49	43
49	53
49	55
49	56
49	60
49	65
49	71
49	78
49	79
50	18
50	25
50	27
50	31
50	44
50	66
50	70
50	72
50	75
50	76
51	19
51	25
51	54
51	58
51	61
51	62
51	63
51	65
51	70
51	73
52	3
52	14
52	22
52	25
52	54
52	55
52	58
52	67
52	69
52	76
53	16
53	22
53	36
53	37
53	41
53	49
53	59
53	69
53	71
53	76
53	78
54	1
54	12
54	35
54	36
54	51
54	52
54	55
54	64
54	70
54	75
54	81
55	15
55	20
55	21
55	33
55	39
55	49
55	52
55	54
55	64
55	74
55	75
55	80
56	8
56	21
56	28
56	29
56	30
56	32
56	42
56	49
56	59
56	66
56	67
56	73
57	9
57	14
57	39
57	58
57	64
57	66
57	67
57	68
57	72
57	75
57	80
57	81
58	40
58	51
58	52
58	57
58	62
58	65
58	67
58	69
58	75
58	76
58	77
58	78
58	81
59	5
59	14
59	28
59	29
59	30
59	33
59	42
59	53
59	56
59	63
59	73
59	77
59	79
60	9
60	17
60	27
60	31
60	41
60	43
60	46
60	48
60	49
60	61
60	71
60	77
60	78
60	81
61	8
61	25
61	51
61	60
61	64
61	65
61	68
61	70
61	71
61	73
61	74
61	75
61	79
61	81
62	3
62	8
62	17
62	18
62	19
62	26
62	33
62	34
62	39
62	48
62	51
62	58
62	74
62	80
62	81
63	6
63	11
63	24
63	30
63	32
63	39
63	42
63	45
63	51
63	59
63	70
63	71
63	73
63	76
63	77
64	1
64	2
64	22
64	31
64	54
64	55
64	57
64	61
64	65
64	67
64	68
64	69
64	72
64	75
64	79
64	81
65	29
65	30
65	36
65	42
65	49
65	51
65	58
65	61
65	64
65	68
65	70
65	71
65	75
65	76
65	79
65	80
65	81
66	2
66	7
66	12
66	13
66	25
66	31
66	43
66	44
66	50
66	56
66	57
66	69
66	72
66	74
66	78
66	79
66	80
67	3
67	7
67	10
67	21
67	22
67	23
67	25
67	52
67	56
67	57
67	58
67	64
67	68
67	71
67	72
67	75
67	77
67	81
68	5
68	6
68	10
68	17
68	36
68	57
68	61
68	64
68	65
68	67
68	69
68	70
68	73
68	74
68	75
68	76
68	77
68	81
69	2
69	11
69	16
69	20
69	40
69	47
69	48
69	52
69	53
69	58
69	64
69	66
69	68
69	72
69	74
69	76
69	78
69	80
70	6
70	7
70	15
70	16
70	20
70	21
70	29
70	33
70	41
70	50
70	51
70	54
70	61
70	63
70	65
70	68
70	75
70	81
71	2
71	4
71	9
71	16
71	27
71	31
71	38
71	40
71	42
71	43
71	49
71	53
71	60
71	61
71	63
71	65
71	67
71	76
71	78
72	1
72	5
72	13
72	17
72	18
72	28
72	32
72	47
72	50
72	57
72	64
72	66
72	67
72	69
72	75
72	76
72	77
72	79
72	81
73	5
73	6
73	12
73	19
73	24
73	29
73	30
73	32
73	42
73	45
73	46
73	48
73	51
73	56
73	59
73	61
73	63
73	68
73	74
74	8
74	13
74	15
74	19
74	23
74	29
74	33
74	34
74	41
74	55
74	61
74	62
74	66
74	68
74	69
74	73
74	76
74	77
74	78
74	80
75	17
75	26
75	31
75	44
75	47
75	50
75	54
75	55
75	57
75	58
75	61
75	64
75	65
75	67
75	68
75	70
75	72
75	77
75	78
75	81
76	22
76	26
76	28
76	45
76	47
76	48
76	50
76	52
76	53
76	58
76	63
76	65
76	68
76	69
76	71
76	72
76	74
76	77
76	79
76	80
77	11
77	12
77	26
77	32
77	34
77	44
77	45
77	46
77	47
77	48
77	58
77	59
77	60
77	63
77	67
77	68
77	72
77	74
77	75
77	76
77	79
78	3
78	4
78	9
78	10
78	17
78	27
78	28
78	31
78	38
78	43
78	47
78	48
78	49
78	53
78	58
78	60
78	66
78	69
78	71
78	74
78	75
79	3
79	10
79	20
79	24
79	26
79	27
79	37
79	40
79	43
79	44
79	46
79	48
79	49
79	59
79	61
79	64
79	65
79	66
79	72
79	76
79	77
79	80
79	81
80	4
80	8
80	13
80	15
80	18
80	19
80	20
80	23
80	24
80	26
80	29
80	33
80	34
80	35
80	39
80	43
80	55
80	57
80	62
80	65
80	66
80	69
80	74
80	76
80	79
81	2
81	7
81	10
81	11
81	19
81	21
81	30
81	34
81	35
81	36
81	47
81	54
81	57
81	58
81	60
81	61
81	62
81	64
81	65
81	67
81	68
81	70
81	72
81	75
81	79
