1	3
1	15
1	42
1	50
1	61
1	67
2	16
2	46
2	64
2	75
2	80
2	81
3	1
3	18
3	36
3	61
3	72
3	74
4	8
4	19
4	30
4	41
4	51
4	74
5	48
5	58
5	63
5	68
5	71
5	78
6	14
6	30
6	58
6	69
6	75
6	79
7	17
7	24
7	37
7	75
7	79
7	81
8	4
8	38
8	40
8	55
8	72
8	80
9	52
9	53
9	65
9	73
9	77
9	78
10	13
10	22
10	39
10	48
10	67
10	72
11	33
11	60
11	63
11	67
11	77
11	78
12	26
12	31
12	53
12	56
12	63
12	69
13	10
13	16
13	47
13	71
13	79
13	81
14	6
14	62
14	70
14	73
14	77
14	78
15	1
15	48
15	55
15	64
15	74
15	80
16	2
16	13
16	43
16	50
16	57
16	63
16	78
17	7
17	55
17	64
17	65
17	70
17	73
17	77
18	3
18	39
18	47
18	59
18	65
18	73
18	77
19	4
19	49
19	62
19	67
19	70
19	77
19	80
20	42
20	47
20	58
20	73
20	78
20	79
20	81
21	22
21	58
21	59
21	62
21	67
21	79
21	81
22	10
22	21
22	35
22	63
22	79
22	80
22	81
23	25
23	29
23	47
23	72
23	74
23	79
23	80
23	81
24	7
24	34
24	39
24	46
24	47
24	65
24	68
24	76
25	23
25	56
25	57
25	60
25	67
25	74
25	78
25	81
26	12
26	41
26	42
26	45
26	54
26	55
26	72
26	75
27	44
27	45
27	56
27	61
27	67
27	74
27	78
27	81
28	45
28	49
28	56
28	66
28	69
28	71
28	72
28	78
29	23
29	37
29	62
29	67
29	72
29	74
29	79
29	81
30	4
30	6
30	33
30	44
30	69
30	75
30	76
30	77
31	12
31	32
31	36
31	46
31	52
31	66
31	68
31	71
31	76
32	31
32	39
32	51
32	54
32	58
32	72
32	77
32	80
32	81
33	11
33	30
33	35
33	46
33	48
33	55
33	64
33	73
33	75
34	24
34	38
34	44
34	50
34	65
34	66
34	71
34	74
34	76
35	22
35	33
35	37
35	47
35	49
35	64
35	79
35	80
35	81
36	3
36	31
36	43
36	51
36	57
36	64
36	71
36	73
36	76
37	7
37	29
37	35
37	59
37	60
37	64
37	76
37	79
37	81
38	8
38	34
38	53
38	56
38	57
38	65
38	68
38	71
38	76
38	77
39	10
39	18
39	24
39	32
39	52
39	56
39	69
39	73
39	79
39	80
40	8
40	52
40	53
40	58
40	62
40	70
40	72
40	73
40	75
40	77
41	4
41	26
41	50
41	58
41	60
41	63
41	66
41	68
41	72
41	79
42	1
42	20
42	26
42	53
42	59
42	64
42	69
42	75
42	77
42	81
43	16
43	36
43	44
43	48
43	65
43	66
43	68
43	71
43	76
43	81
44	27
44	30
44	34
44	43
44	58
44	60
44	61
44	64
44	67
44	78
45	26
45	27
45	28
45	46
45	54
45	56
45	62
45	66
45	67
45	80
46	2
46	24
46	31
46	33
46	45
46	55
46	69
46	70
46	74
46	75
46	76
47	13
47	18
47	20
47	23
47	24
47	35
47	49
47	54
47	76
47	79
47	81
48	5
48	10
48	15
48	33
48	43
48	63
48	68
48	69
48	73
48	74
48	80
49	19
49	28
49	35
49	47
49	52
49	60
49	62
49	70
49	73
49	77
49	79
50	1
50	16
50	34
50	41
50	57
50	61
50	72
50	73
50	75
50	78
50	79
51	4
51	32
51	36
51	58
51	59
51	65
51	67
51	68
51	71
51	76
51	77
52	9
52	31
52	39
52	40
52	49
52	54
52	60
52	61
52	62
52	72
52	73
52	77
53	9
53	12
53	38
53	40
53	42
53	55
53	58
53	64
53	65
53	69
53	75
53	80
54	26
54	32
54	45
54	47
54	52
54	55
54	57
54	58
54	59
54	66
54	77
54	80
55	8
55	15
55	17
55	26
55	33
55	46
55	53
55	54
55	64
55	69
55	74
55	78
56	12
56	25
56	27
56	28
56	38
56	39
56	45
56	61
56	66
56	68
56	74
56	80
57	16
57	25
57	36
57	38
57	50
57	54
57	60
57	65
57	67
57	70
57	71
57	77
57	78
58	5
58	6
58	20
58	21
58	32
58	40
58	41
58	44
58	51
58	53
58	54
58	63
58	72
59	18
59	21
59	37
59	42
59	51
59	54
59	61
59	63
59	66
59	72
59	74
59	76
59	79
59	80
60	11
60	25
60	37
60	41
60	44
60	49
60	52
60	57
60	61
60	67
60	68
60	75
60	76
60	78
61	1
61	3
61	27
61	44
61	50
61	52
61	56
61	59
61	60
61	67
61	70
61	74
61	78
61	80
62	14
62	19
62	21
62	29
62	40
62	45
62	49
62	52
62	65
62	70
62	73
62	77
62	79
62	80
62	81
63	5
63	11
63	12
63	16
63	22
63	41
63	48
63	58
63	59
63	65
63	66
63	68
63	69
63	71
63	80
64	2
64	15
64	17
64	33
64	35
64	36
64	37
64	42
64	44
64	53
64	55
64	66
64	69
64	72
64	75
65	9
65	17
65	18
65	24
65	34
65	38
65	43
65	51
65	53
65	57
65	62
65	63
65	68
65	71
65	76
65	79
66	28
66	31
66	34
66	41
66	43
66	45
66	54
66	56
66	59
66	63
66	64
66	68
66	69
66	70
66	74
66	75
67	1
67	10
67	11
67	19
67	21
67	25
67	27
67	29
67	44
67	45
67	51
67	57
67	60
67	61
67	70
67	78
67	81
68	5
68	24
68	31
68	38
68	41
68	43
68	48
68	51
68	56
68	60
68	63
68	65
68	66
68	71
68	76
68	77
68	79
69	6
69	12
69	28
69	30
69	39
69	42
69	46
69	48
69	53
69	55
69	63
69	64
69	66
69	75
69	76
69	78
69	80
70	14
70	17
70	19
70	40
70	46
70	49
70	57
70	61
70	62
70	66
70	67
70	71
70	73
70	75
70	76
70	77
70	78
71	5
71	13
71	28
71	31
71	34
71	36
71	38
71	43
71	51
71	57
71	63
71	65
71	68
71	70
71	72
71	74
71	76
71	80
72	3
72	8
72	10
72	23
72	26
72	28
72	29
72	32
72	40
72	41
72	50
72	52
72	58
72	59
72	64
72	71
72	74
72	81
73	9
73	14
73	17
73	18
73	20
73	33
73	36
73	39
73	40
73	48
73	49
73	50
73	52
73	62
73	70
73	75
73	76
73	77
73	81
74	3
74	4
74	15
74	23
74	25
74	27
74	29
74	34
74	46
74	48
74	55
74	56
74	59
74	61
74	66
74	71
74	72
74	75
74	80
75	2
75	6
75	7
75	26
75	30
75	33
75	40
75	42
75	46
75	50
75	53
75	60
75	64
75	66
75	69
75	70
75	73
75	74
75	78
75	80
76	24
76	30
76	31
76	34
76	36
76	37
76	38
76	43
76	46
76	47
76	51
76	59
76	60
76	65
76	68
76	69
76	70
76	71
76	73
76	79
77	9
77	11
77	14
77	17
77	18
77	19
77	30
77	32
77	38
77	40
77	42
77	49
77	51
77	52
77	54
77	57
77	62
77	68
77	70
77	73
78	5
78	9
78	11
78	14
78	16
78	20
78	25
78	27
78	28
78	44
78	50
78	55
78	57
78	60
78	61
78	67
78	69
78	70
78	75
78	81
79	6
79	7
79	13
79	20
79	21
79	22
79	23
79	29
79	35
79	37
79	39
79	41
79	47
79	49
79	50
79	59
79	62
79	65
79	68
79	76
79	81
80	2
80	8
80	15
80	19
80	22
80	23
80	32
80	35
80	39
80	45
80	48
80	53
80	54
80	56
80	59
80	61
80	62
80	63
80	69
80	71
80	74
80	75
81	2
81	7
81	13
81	20
81	21
81	22
81	23
81	25
81	27
81	29
81	32
81	35
81	37
81	42
81	43
81	47
81	62
81	67
81	72
81	73
81	78
81	79
