1	24
1	42
1	59
1	67
1	72
1	75
2	19
2	49
2	55
2	75
2	77
2	78
3	12
3	13
3	37
3	43
3	75
3	78
4	35
4	64
4	68
4	72
4	76
4	79
5	15
5	37
5	50
5	71
5	79
5	81
6	58
6	65
6	66
6	68
6	71
6	73
7	38
7	39
7	68
7	75
7	76
7	80
8	33
8	63
8	69
8	70
8	74
8	81
9	21
9	44
9	49
9	69
9	70
9	74
10	13
10	21
10	28
10	51
10	60
10	77
11	23
11	26
11	61
11	76
11	78
11	81
12	3
12	43
12	51
12	59
12	79
12	80
13	3
13	10
13	27
13	41
13	59
13	73
14	28
14	36
14	60
14	61
14	76
14	81
15	5
15	19
15	43
15	62
15	70
15	80
16	52
16	64
16	71
16	75
16	78
16	79
17	47
17	54
17	68
17	71
17	74
17	78
18	31
18	38
18	68
18	75
18	77
18	80
19	2
19	15
19	22
19	50
19	65
19	81
20	42
20	50
20	55
20	58
20	75
20	77
21	9
21	10
21	66
21	69
21	77
21	78
21	80
22	19
22	39
22	69
22	72
22	77
22	79
22	81
23	11
23	26
23	27
23	36
23	71
23	78
23	81
24	1
24	35
24	64
24	72
24	74
24	75
24	76
25	35
25	42
25	45
25	67
25	77
25	80
25	81
26	11
26	23
26	33
26	46
26	58
26	64
26	78
27	13
27	23
27	45
27	66
27	69
27	77
27	79
28	10
28	14
28	63
28	64
28	69
28	70
28	73
29	47
29	56
29	69
29	71
29	73
29	75
29	78
30	41
30	47
30	70
30	71
30	74
30	76
30	78
31	18
31	34
31	59
31	62
31	65
31	73
31	74
32	51
32	57
32	66
32	72
32	73
32	76
32	78
32	80
33	8
33	26
33	65
33	66
33	68
33	69
33	70
33	75
34	31
34	40
34	49
34	56
34	59
34	61
34	77
34	80
35	4
35	24
35	25
35	42
35	50
35	71
35	75
35	81
36	14
36	23
36	41
36	45
36	63
36	66
36	70
36	73
37	3
37	5
37	40
37	46
37	48
37	59
37	65
37	74
37	78
38	7
38	18
38	53
38	57
38	68
38	77
38	79
38	80
38	81
39	7
39	22
39	50
39	54
39	55
39	70
39	72
39	73
39	76
40	34
40	37
40	44
40	51
40	52
40	57
40	60
40	61
40	67
41	13
41	30
41	36
41	43
41	56
41	60
41	66
41	69
41	70
42	1
42	20
42	25
42	35
42	56
42	65
42	69
42	75
42	79
43	3
43	12
43	15
43	41
43	67
43	71
43	73
43	74
43	78
44	9
44	40
44	66
44	70
44	73
44	74
44	77
44	79
44	80
45	25
45	27
45	36
45	66
45	69
45	70
45	75
45	77
45	80
46	26
46	37
46	52
46	53
46	57
46	68
46	73
46	76
46	77
47	17
47	29
47	30
47	50
47	56
47	64
47	74
47	75
47	80
47	81
48	37
48	49
48	55
48	56
48	57
48	65
48	67
48	69
48	73
48	79
49	2
49	9
49	34
49	48
49	54
49	68
49	71
49	72
49	74
49	78
50	5
50	19
50	20
50	35
50	39
50	47
50	52
50	53
50	64
50	79
51	10
51	12
51	32
51	40
51	63
51	65
51	71
51	72
51	73
51	76
52	16
52	40
52	46
52	50
52	56
52	61
52	63
52	64
52	71
52	75
53	38
53	46
53	50
53	63
53	67
53	68
53	72
53	74
53	76
53	77
54	17
54	39
54	49
54	66
54	67
54	76
54	77
54	79
54	80
54	81
55	2
55	20
55	39
55	48
55	57
55	58
55	67
55	74
55	77
55	78
55	80
56	29
56	34
56	41
56	42
56	47
56	48
56	52
56	64
56	75
56	77
56	79
57	32
57	38
57	40
57	46
57	48
57	55
57	58
57	64
57	65
57	71
57	74
57	80
58	6
58	20
58	26
58	55
58	57
58	60
58	61
58	62
58	63
58	71
58	74
58	81
59	1
59	12
59	13
59	31
59	34
59	37
59	62
59	63
59	66
59	68
59	72
59	73
60	10
60	14
60	40
60	41
60	58
60	67
60	69
60	72
60	75
60	76
60	77
60	79
60	81
61	11
61	14
61	34
61	40
61	52
61	58
61	62
61	70
61	72
61	78
61	79
61	80
61	81
62	15
62	31
62	58
62	59
62	61
62	63
62	67
62	68
62	69
62	72
62	73
62	74
62	76
62	81
63	8
63	28
63	36
63	51
63	52
63	53
63	58
63	59
63	62
63	70
63	72
63	73
63	75
63	76
64	4
64	16
64	24
64	26
64	28
64	47
64	50
64	52
64	56
64	57
64	73
64	75
64	76
64	77
64	79
65	6
65	19
65	31
65	33
65	37
65	42
65	48
65	51
65	57
65	66
65	69
65	71
65	74
65	76
65	78
66	6
66	21
66	27
66	32
66	33
66	36
66	41
66	44
66	45
66	54
66	59
66	65
66	69
66	70
66	80
67	1
67	25
67	40
67	43
67	48
67	53
67	54
67	55
67	60
67	62
67	71
67	76
67	77
67	79
67	80
67	81
68	4
68	6
68	7
68	17
68	18
68	33
68	38
68	46
68	49
68	53
68	59
68	62
68	70
68	73
68	75
68	76
68	78
68	79
69	8
69	9
69	21
69	22
69	27
69	28
69	29
69	33
69	41
69	42
69	45
69	48
69	60
69	62
69	65
69	66
69	70
69	73
69	80
70	8
70	9
70	15
70	28
70	30
70	33
70	36
70	39
70	41
70	44
70	45
70	61
70	63
70	66
70	68
70	69
70	72
70	76
70	78
71	5
71	6
71	16
71	17
71	23
71	29
71	30
71	35
71	43
71	49
71	51
71	52
71	57
71	58
71	65
71	67
71	72
71	74
71	79
71	80
72	1
72	4
72	22
72	24
72	32
72	39
72	49
72	51
72	53
72	59
72	60
72	61
72	62
72	63
72	70
72	71
72	73
72	74
72	76
72	79
72	81
73	6
73	13
73	28
73	29
73	31
73	32
73	36
73	39
73	43
73	44
73	46
73	48
73	51
73	59
73	62
73	63
73	64
73	68
73	69
73	72
73	76
74	8
74	9
74	17
74	24
74	30
74	31
74	37
74	43
74	44
74	47
74	49
74	53
74	55
74	57
74	58
74	62
74	65
74	71
74	72
74	78
74	80
74	81
75	1
75	2
75	3
75	7
75	16
75	18
75	20
75	24
75	29
75	33
75	35
75	42
75	45
75	47
75	52
75	56
75	60
75	63
75	64
75	68
75	78
75	81
76	4
76	7
76	11
76	14
76	24
76	30
76	32
76	39
76	46
76	51
76	53
76	54
76	60
76	62
76	63
76	64
76	65
76	67
76	68
76	70
76	72
76	73
76	79
76	81
77	2
77	10
77	18
77	20
77	21
77	22
77	25
77	27
77	34
77	38
77	44
77	45
77	46
77	53
77	54
77	55
77	56
77	60
77	64
77	67
77	78
77	79
77	80
77	81
78	2
78	3
78	11
78	16
78	17
78	21
78	23
78	26
78	29
78	30
78	32
78	37
78	43
78	49
78	55
78	61
78	65
78	68
78	70
78	74
78	75
78	77
78	79
78	80
78	81
79	4
79	5
79	12
79	16
79	22
79	27
79	38
79	42
79	44
79	48
79	50
79	54
79	56
79	60
79	61
79	64
79	67
79	68
79	71
79	72
79	76
79	77
79	78
79	80
79	81
80	7
80	12
80	15
80	18
80	21
80	25
80	32
80	34
80	38
80	44
80	45
80	47
80	54
80	55
80	57
80	61
80	66
80	67
80	69
80	71
80	74
80	77
80	78
80	79
80	81
81	5
81	8
81	11
81	14
81	19
81	22
81	23
81	25
81	35
81	38
81	47
81	54
81	58
81	60
81	61
81	62
81	67
81	72
81	74
81	75
81	76
81	77
81	78
81	79
81	80
