1	51
1	52
1	53
1	55
1	61
1	67
2	4
2	8
2	47
2	66
2	73
2	78
3	13
3	15
3	55
3	61
3	77
3	81
4	2
4	37
4	52
4	56
4	72
4	79
5	33
5	34
5	37
5	47
5	70
5	71
6	26
6	53
6	68
6	73
6	80
6	81
7	21
7	53
7	55
7	58
7	64
7	77
8	2
8	10
8	65
8	67
8	70
8	75
9	15
9	28
9	42
9	67
9	80
9	81
10	8
10	33
10	42
10	72
10	76
10	78
11	18
11	32
11	66
11	67
11	80
11	81
12	37
12	61
12	65
12	73
12	79
12	81
13	3
13	20
13	56
13	68
13	80
13	81
14	32
14	51
14	63
14	73
14	75
14	77
15	3
15	9
15	38
15	61
15	73
15	74
16	64
16	71
16	74
16	75
16	76
16	78
17	45
17	46
17	53
17	54
17	57
17	65
18	11
18	30
18	39
18	43
18	45
18	76
19	47
19	49
19	50
19	71
19	77
19	78
19	79
20	13
20	35
20	63
20	64
20	65
20	66
20	77
21	7
21	44
21	53
21	55
21	61
21	66
21	68
22	29
22	38
22	43
22	47
22	48
22	69
22	70
23	33
23	52
23	55
23	68
23	77
23	80
23	81
24	38
24	53
24	57
24	59
24	61
24	62
24	75
25	45
25	56
25	66
25	67
25	70
25	71
25	81
26	6
26	56
26	62
26	73
26	77
26	78
26	79
27	29
27	33
27	36
27	56
27	57
27	60
27	61
27	76
28	9
28	62
28	67
28	71
28	72
28	73
28	78
28	79
29	22
29	27
29	36
29	45
29	57
29	58
29	59
29	64
30	18
30	44
30	53
30	59
30	62
30	64
30	74
30	75
31	57
31	63
31	67
31	68
31	71
31	72
31	76
31	80
31	81
32	11
32	14
32	34
32	62
32	69
32	71
32	74
32	76
32	78
33	5
33	10
33	23
33	27
33	58
33	59
33	65
33	74
33	76
34	5
34	32
34	40
34	47
34	54
34	58
34	60
34	67
34	80
35	20
35	40
35	44
35	49
35	71
35	74
35	78
35	79
35	81
36	27
36	29
36	37
36	43
36	54
36	58
36	61
36	72
36	78
36	81
37	4
37	5
37	12
37	36
37	40
37	47
37	57
37	60
37	63
37	79
38	15
38	22
38	24
38	53
38	55
38	61
38	66
38	72
38	73
38	80
39	18
39	40
39	49
39	53
39	56
39	59
39	63
39	64
39	74
39	79
40	34
40	35
40	37
40	39
40	41
40	61
40	64
40	74
40	76
40	81
41	40
41	45
41	48
41	62
41	64
41	69
41	72
41	74
41	76
41	81
42	9
42	10
42	45
42	54
42	59
42	61
42	68
42	74
42	76
42	80
43	18
43	22
43	36
43	50
43	62
43	72
43	73
43	76
43	79
43	80
44	21
44	30
44	35
44	58
44	63
44	67
44	68
44	73
44	77
44	80
44	81
45	17
45	18
45	25
45	29
45	41
45	42
45	59
45	60
45	64
45	66
45	74
46	17
46	49
46	50
46	65
46	71
46	72
46	73
46	78
46	79
46	80
46	81
47	2
47	5
47	19
47	22
47	34
47	37
47	54
47	58
47	60
47	65
47	74
48	22
48	41
48	50
48	55
48	58
48	66
48	70
48	72
48	75
48	76
48	77
48	78
49	19
49	35
49	39
49	46
49	68
49	69
49	70
49	71
49	75
49	79
49	80
49	81
50	19
50	43
50	46
50	48
50	52
50	53
50	65
50	72
50	75
50	77
50	79
50	81
51	1
51	14
51	61
51	62
51	63
51	66
51	67
51	68
51	75
51	76
51	80
51	81
52	1
52	4
52	23
52	50
52	60
52	62
52	65
52	68
52	69
52	72
52	73
52	74
52	79
53	1
53	6
53	7
53	17
53	21
53	24
53	30
53	38
53	39
53	50
53	55
53	61
53	76
54	17
54	34
54	36
54	42
54	47
54	57
54	58
54	60
54	69
54	70
54	74
54	76
54	79
55	1
55	3
55	7
55	21
55	23
55	38
55	48
55	53
55	56
55	66
55	67
55	69
55	80
56	4
56	13
56	25
56	26
56	27
56	39
56	55
56	63
56	69
56	71
56	75
56	77
56	78
57	17
57	24
57	27
57	29
57	31
57	37
57	54
57	58
57	60
57	62
57	69
57	70
57	74
58	7
58	29
58	33
58	34
58	36
58	44
58	47
58	48
58	54
58	57
58	60
58	67
58	75
58	78
59	24
59	29
59	30
59	33
59	39
59	42
59	45
59	65
59	67
59	72
59	74
59	76
59	77
59	80
60	27
60	34
60	37
60	45
60	47
60	52
60	54
60	57
60	58
60	70
60	71
60	73
60	76
60	78
61	1
61	3
61	12
61	15
61	21
61	24
61	27
61	36
61	38
61	40
61	42
61	51
61	53
61	69
61	71
62	24
62	26
62	28
62	30
62	32
62	41
62	43
62	51
62	52
62	57
62	65
62	69
62	70
62	72
62	73
62	79
63	14
63	20
63	31
63	37
63	39
63	44
63	51
63	56
63	64
63	67
63	68
63	70
63	75
63	80
63	81
64	7
64	16
64	20
64	29
64	30
64	39
64	40
64	41
64	45
64	63
64	70
64	74
64	75
64	76
64	78
64	79
64	81
65	8
65	12
65	17
65	20
65	33
65	46
65	47
65	50
65	52
65	59
65	62
65	69
65	72
65	73
65	77
65	79
65	80
66	2
66	11
66	20
66	21
66	25
66	38
66	45
66	48
66	51
66	55
66	68
66	69
66	70
66	74
66	75
66	77
66	78
67	1
67	8
67	9
67	11
67	25
67	28
67	31
67	34
67	44
67	51
67	55
67	58
67	59
67	63
67	68
67	73
67	80
67	81
68	6
68	13
68	21
68	23
68	31
68	42
68	44
68	49
68	51
68	52
68	63
68	66
68	67
68	69
68	73
68	75
68	77
68	80
68	81
69	22
69	32
69	41
69	49
69	52
69	54
69	55
69	56
69	57
69	61
69	62
69	65
69	66
69	68
69	71
69	75
69	77
69	78
69	79
70	5
70	8
70	22
70	25
70	48
70	49
70	54
70	57
70	60
70	62
70	63
70	64
70	66
70	71
70	72
70	75
70	77
70	78
70	79
71	5
71	16
71	19
71	25
71	28
71	31
71	32
71	35
71	46
71	49
71	56
71	60
71	61
71	69
71	70
71	73
71	77
71	78
71	79
71	80
72	4
72	10
72	28
72	31
72	36
72	38
72	41
72	43
72	46
72	48
72	50
72	52
72	59
72	62
72	65
72	70
72	73
72	77
72	78
72	79
73	2
73	6
73	12
73	14
73	15
73	26
73	28
73	38
73	43
73	44
73	46
73	52
73	60
73	62
73	65
73	67
73	68
73	71
73	72
73	77
73	79
74	15
74	16
74	30
74	32
74	33
74	35
74	39
74	40
74	41
74	42
74	45
74	47
74	52
74	54
74	57
74	59
74	64
74	66
74	76
74	79
74	80
75	8
75	14
75	16
75	24
75	30
75	48
75	49
75	50
75	51
75	56
75	58
75	63
75	64
75	66
75	68
75	69
75	70
75	76
75	77
75	78
75	81
76	10
76	16
76	18
76	27
76	31
76	32
76	33
76	40
76	41
76	42
76	43
76	48
76	51
76	53
76	54
76	59
76	60
76	64
76	74
76	75
76	79
77	3
77	7
77	14
77	19
77	20
77	23
77	26
77	44
77	48
77	50
77	56
77	59
77	65
77	66
77	68
77	69
77	70
77	71
77	72
77	73
77	75
77	78
78	2
78	10
78	16
78	19
78	26
78	28
78	32
78	35
78	36
78	46
78	48
78	56
78	58
78	60
78	64
78	66
78	69
78	70
78	71
78	72
78	75
78	77
78	80
78	81
79	4
79	12
79	19
79	26
79	28
79	35
79	37
79	39
79	43
79	46
79	49
79	50
79	52
79	54
79	62
79	64
79	65
79	69
79	70
79	71
79	72
79	73
79	74
79	76
80	6
80	9
80	11
80	13
80	23
80	31
80	34
80	38
80	42
80	43
80	44
80	46
80	49
80	51
80	55
80	59
80	63
80	65
80	67
80	68
80	71
80	74
80	78
80	81
81	3
81	6
81	9
81	11
81	12
81	13
81	23
81	25
81	31
81	35
81	36
81	40
81	41
81	44
81	46
81	49
81	50
81	51
81	63
81	64
81	67
81	68
81	75
81	78
81	80
