1	10
1	16
1	23
1	55
1	58
1	61
2	5
2	30
2	31
2	54
2	55
2	77
3	45
3	48
3	62
3	63
3	75
3	80
4	8
4	23
4	62
4	63
4	65
4	74
5	2
5	36
5	58
5	69
5	71
5	79
6	22
6	25
6	44
6	60
6	68
6	81
7	12
7	37
7	52
7	68
7	69
7	78
8	4
8	13
8	19
8	25
8	63
8	77
9	10
9	16
9	27
9	70
9	78
9	81
10	1
10	9
10	30
10	35
10	40
10	75
11	34
11	45
11	47
11	55
11	71
11	79
12	7
12	38
12	50
12	68
12	74
12	80
13	8
13	22
13	35
13	39
13	72
13	78
14	33
14	54
14	68
14	71
14	72
14	78
15	26
15	33
15	67
15	70
15	77
15	81
16	1
16	9
16	27
16	31
16	57
16	79
16	81
17	38
17	41
17	47
17	57
17	73
17	74
17	79
18	39
18	49
18	65
18	73
18	75
18	77
18	80
19	8
19	38
19	46
19	54
19	61
19	76
19	81
20	28
20	33
20	60
20	68
20	70
20	73
20	81
21	40
21	60
21	62
21	69
21	71
21	72
21	81
22	6
22	13
22	40
22	69
22	70
22	79
22	80
23	1
23	4
23	73
23	74
23	77
23	80
23	81
24	31
24	33
24	38
24	58
24	63
24	64
24	74
25	6
25	8
25	47
25	64
25	73
25	74
25	77
26	15
26	30
26	37
26	47
26	57
26	72
26	81
27	9
27	16
27	52
27	55
27	58
27	78
27	80
28	20
28	44
28	56
28	67
28	72
28	79
28	81
29	35
29	37
29	44
29	50
29	56
29	64
29	74
30	2
30	10
30	26
30	31
30	55
30	64
30	67
31	2
31	16
31	24
31	30
31	55
31	58
31	79
32	42
32	48
32	51
32	53
32	60
32	71
32	78
32	79
33	14
33	15
33	20
33	24
33	36
33	40
33	77
33	81
34	11
34	36
34	53
34	61
34	67
34	73
34	75
34	80
35	10
35	13
35	29
35	58
35	65
35	68
35	75
35	78
36	5
36	33
36	34
36	42
36	74
36	76
36	77
36	78
37	7
37	26
37	29
37	48
37	68
37	76
37	78
37	80
38	12
38	17
38	19
38	24
38	56
38	64
38	74
38	80
39	13
39	18
39	42
39	56
39	65
39	66
39	69
39	74
40	10
40	21
40	22
40	33
40	61
40	78
40	79
40	81
41	17
41	56
41	66
41	73
41	76
41	77
41	78
41	80
42	32
42	36
42	39
42	45
42	55
42	59
42	67
42	81
43	44
43	46
43	49
43	70
43	73
43	75
43	80
43	81
44	6
44	28
44	29
44	43
44	46
44	50
44	52
44	53
44	70
45	3
45	11
45	42
45	46
45	52
45	67
45	72
45	73
45	75
46	19
46	43
46	44
46	45
46	49
46	65
46	66
46	70
46	76
47	11
47	17
47	25
47	26
47	48
47	64
47	69
47	74
47	76
48	3
48	32
48	37
48	47
48	57
48	65
48	71
48	78
48	79
49	18
49	43
49	46
49	54
49	63
49	72
49	76
49	79
49	80
50	12
50	29
50	44
50	56
50	63
50	64
50	72
50	75
50	81
51	32
51	58
51	59
51	70
51	72
51	76
51	78
51	79
51	80
52	7
52	27
52	44
52	45
52	60
52	61
52	77
52	79
52	81
53	32
53	34
53	44
53	57
53	62
53	65
53	71
53	75
53	77
53	80
54	2
54	14
54	19
54	49
54	57
54	71
54	72
54	74
54	76
54	79
55	1
55	2
55	11
55	27
55	30
55	31
55	42
55	64
55	65
55	74
55	75
56	28
56	29
56	38
56	39
56	41
56	50
56	66
56	67
56	76
56	77
56	79
57	16
57	17
57	26
57	48
57	53
57	54
57	63
57	67
57	73
57	76
57	79
58	1
58	5
58	24
58	27
58	31
58	35
58	51
58	59
58	63
58	65
58	71
59	42
59	51
59	58
59	63
59	65
59	68
59	71
59	72
59	75
59	78
59	80
60	6
60	20
60	21
60	32
60	52
60	61
60	62
60	66
60	69
60	76
60	81
61	1
61	19
61	34
61	40
61	52
61	60
61	67
61	69
61	70
61	77
61	81
62	3
62	4
62	21
62	53
62	60
62	66
62	69
62	70
62	73
62	75
62	77
62	80
63	3
63	4
63	8
63	24
63	49
63	50
63	57
63	58
63	59
63	64
63	73
63	74
63	76
64	24
64	25
64	29
64	30
64	38
64	47
64	50
64	55
64	63
64	66
64	74
64	76
64	78
65	4
65	18
65	35
65	39
65	46
65	48
65	53
65	55
65	58
65	59
65	68
65	70
65	71
66	39
66	41
66	46
66	56
66	60
66	62
66	64
66	67
66	71
66	73
66	75
66	77
66	80
67	15
67	28
67	30
67	34
67	42
67	45
67	56
67	57
67	61
67	66
67	69
67	70
67	78
68	6
68	7
68	12
68	14
68	20
68	35
68	37
68	59
68	65
68	69
68	71
68	74
68	78
68	81
69	5
69	7
69	21
69	22
69	39
69	47
69	60
69	61
69	62
69	67
69	68
69	72
69	76
69	79
69	80
70	9
70	15
70	20
70	22
70	43
70	44
70	46
70	51
70	61
70	62
70	65
70	67
70	73
70	79
70	81
71	5
71	11
71	14
71	21
71	32
71	48
71	53
71	54
71	58
71	59
71	65
71	66
71	68
71	72
71	78
72	13
72	14
72	21
72	26
72	28
72	45
72	49
72	50
72	51
72	54
72	59
72	69
72	71
72	76
72	80
72	81
73	17
73	18
73	20
73	23
73	25
73	34
73	41
73	43
73	45
73	57
73	62
73	63
73	66
73	70
73	75
73	77
73	80
74	4
74	12
74	17
74	23
74	24
74	25
74	29
74	36
74	38
74	39
74	47
74	54
74	55
74	63
74	64
74	68
74	75
75	3
75	10
75	18
75	34
75	35
75	43
75	45
75	50
75	53
75	55
75	59
75	62
75	66
75	73
75	74
75	77
75	79
75	80
76	19
76	36
76	37
76	41
76	46
76	47
76	49
76	51
76	54
76	56
76	57
76	60
76	63
76	64
76	69
76	72
76	77
76	79
76	81
77	2
77	8
77	15
77	18
77	23
77	25
77	33
77	36
77	41
77	52
77	53
77	56
77	61
77	62
77	66
77	73
77	75
77	76
77	80
78	7
78	9
78	13
78	14
78	27
78	32
78	35
78	36
78	37
78	40
78	41
78	48
78	51
78	59
78	64
78	67
78	68
78	71
78	79
78	80
79	5
79	11
79	16
79	17
79	22
79	28
79	31
79	32
79	40
79	48
79	49
79	51
79	52
79	54
79	56
79	57
79	69
79	70
79	75
79	76
79	78
79	81
80	3
80	12
80	18
80	22
80	23
80	27
80	34
80	37
80	38
80	41
80	43
80	49
80	51
80	53
80	59
80	62
80	66
80	69
80	72
80	73
80	75
80	77
80	78
81	6
81	9
81	15
81	16
81	19
81	20
81	21
81	23
81	26
81	28
81	33
81	40
81	42
81	43
81	50
81	52
81	60
81	61
81	68
81	70
81	72
81	76
81	79
