1	37
1	47
1	56
1	71
1	77
1	78
2	42
2	56
2	67
2	70
2	78
2	81
3	9
3	33
3	48
3	56
3	58
3	67
4	22
4	28
4	31
4	65
4	70
4	74
5	6
5	22
5	62
5	67
5	76
5	80
6	5
6	50
6	51
6	71
6	77
6	81
7	17
7	35
7	50
7	53
7	63
7	68
8	34
8	36
8	63
8	67
8	76
8	79
9	3
9	33
9	41
9	64
9	67
9	70
10	28
10	29
10	49
10	66
10	74
10	80
11	60
11	67
11	69
11	71
11	77
11	81
12	60
12	64
12	68
12	75
12	76
12	80
13	20
13	39
13	40
13	65
13	78
13	79
14	31
14	43
14	53
14	55
14	74
14	75
15	30
15	34
15	54
15	60
15	69
15	70
15	80
16	52
16	59
16	68
16	72
16	76
16	80
16	81
17	7
17	30
17	44
17	59
17	74
17	75
17	76
18	21
18	44
18	51
18	69
18	72
18	75
18	77
19	31
19	46
19	57
19	65
19	77
19	78
19	81
20	13
20	21
20	60
20	62
20	68
20	76
20	80
21	18
21	20
21	56
21	71
21	73
21	77
21	81
22	4
22	5
22	42
22	66
22	72
22	73
22	75
23	28
23	47
23	68
23	72
23	75
23	78
23	81
24	49
24	57
24	66
24	75
24	78
24	80
24	81
25	26
25	49
25	55
25	61
25	75
25	76
25	79
26	25
26	40
26	49
26	58
26	61
26	73
26	78
27	43
27	50
27	56
27	57
27	60
27	74
27	79
28	4
28	10
28	23
28	51
28	68
28	76
28	80
29	10
29	43
29	51
29	59
29	62
29	77
29	80
30	15
30	17
30	35
30	37
30	44
30	74
30	75
31	4
31	14
31	19
31	52
31	67
31	72
31	78
32	41
32	46
32	48
32	54
32	56
32	62
32	71
32	77
33	3
33	9
33	34
33	36
33	48
33	55
33	57
33	61
34	8
34	15
34	33
34	46
34	61
34	64
34	72
34	73
35	7
35	30
35	43
35	63
35	74
35	76
35	79
35	81
36	8
36	33
36	47
36	50
36	52
36	68
36	73
36	76
37	1
37	30
37	43
37	47
37	56
37	59
37	60
37	75
38	39
38	44
38	45
38	53
38	66
38	69
38	75
38	77
38	81
39	13
39	38
39	43
39	53
39	58
39	59
39	62
39	75
39	79
40	13
40	26
40	43
40	45
40	53
40	57
40	61
40	70
40	72
41	9
41	32
41	47
41	54
41	65
41	70
41	71
41	76
41	77
42	2
42	22
42	50
42	59
42	60
42	69
42	70
42	73
42	76
43	14
43	27
43	29
43	35
43	37
43	39
43	40
43	59
43	67
43	75
44	17
44	18
44	30
44	38
44	59
44	62
44	64
44	74
44	75
44	78
45	38
45	40
45	48
45	58
45	59
45	64
45	70
45	72
45	74
45	79
46	19
46	32
46	34
46	65
46	66
46	71
46	76
46	78
46	80
46	81
47	1
47	23
47	36
47	37
47	41
47	51
47	63
47	64
47	71
47	77
48	3
48	32
48	33
48	45
48	51
48	55
48	58
48	61
48	66
48	70
49	10
49	24
49	25
49	26
49	55
49	58
49	60
49	61
49	77
49	79
50	6
50	7
50	27
50	36
50	42
50	52
50	67
50	68
50	74
50	79
51	6
51	18
51	28
51	29
51	47
51	48
51	65
51	71
51	74
51	77
52	16
52	31
52	36
52	50
52	53
52	62
52	66
52	68
52	73
52	76
52	80
53	7
53	14
53	38
53	39
53	40
53	52
53	59
53	72
53	75
53	77
53	79
54	15
54	32
54	41
54	58
54	60
54	69
54	72
54	73
54	79
54	80
54	81
55	14
55	25
55	33
55	48
55	49
55	58
55	61
55	67
55	69
55	71
55	76
56	1
56	2
56	3
56	21
56	27
56	32
56	37
56	71
56	77
56	79
56	80
57	19
57	24
57	27
57	33
57	40
57	65
57	67
57	72
57	74
57	78
57	79
58	3
58	26
58	39
58	45
58	48
58	49
58	54
58	55
58	59
58	61
58	62
58	69
58	75
59	16
59	17
59	29
59	37
59	39
59	42
59	43
59	44
59	45
59	53
59	58
59	67
59	68
59	75
60	11
60	12
60	15
60	20
60	27
60	37
60	42
60	49
60	54
60	63
60	66
60	72
60	73
60	79
61	25
61	26
61	33
61	34
61	40
61	48
61	49
61	55
61	58
61	66
61	68
61	75
61	76
61	81
62	5
62	20
62	29
62	32
62	39
62	44
62	52
62	58
62	68
62	69
62	73
62	76
62	80
62	81
63	7
63	8
63	35
63	47
63	60
63	64
63	65
63	67
63	69
63	71
63	73
63	74
63	75
63	80
63	81
64	9
64	12
64	34
64	44
64	45
64	47
64	63
64	65
64	69
64	70
64	71
64	74
64	78
64	79
64	81
65	4
65	13
65	19
65	41
65	46
65	51
65	57
65	63
65	64
65	66
65	68
65	70
65	71
65	79
65	80
66	10
66	22
66	24
66	38
66	46
66	48
66	52
66	60
66	61
66	65
66	69
66	70
66	71
66	73
66	78
66	81
67	2
67	3
67	5
67	8
67	9
67	11
67	31
67	43
67	50
67	55
67	57
67	59
67	63
67	70
67	74
67	79
68	7
68	12
68	16
68	20
68	23
68	28
68	36
68	50
68	52
68	59
68	61
68	62
68	65
68	76
68	77
68	80
68	81
69	11
69	15
69	18
69	38
69	42
69	54
69	55
69	58
69	62
69	63
69	64
69	66
69	70
69	72
69	73
69	78
69	81
70	2
70	4
70	9
70	15
70	40
70	41
70	42
70	45
70	48
70	64
70	65
70	66
70	67
70	69
70	73
70	74
70	79
71	1
71	6
71	11
71	21
71	32
71	41
71	46
71	47
71	51
71	55
71	56
71	63
71	64
71	65
71	66
71	77
71	78
71	80
72	16
72	18
72	22
72	23
72	31
72	34
72	40
72	45
72	53
72	54
72	57
72	60
72	69
72	74
72	77
72	78
72	80
72	81
73	21
73	22
73	26
73	34
73	36
73	42
73	52
73	54
73	60
73	62
73	63
73	66
73	69
73	70
73	78
73	79
73	80
73	81
74	4
74	10
74	14
74	17
74	27
74	30
74	35
74	44
74	45
74	50
74	51
74	57
74	63
74	64
74	67
74	70
74	72
74	78
74	81
75	12
75	14
75	17
75	18
75	22
75	23
75	24
75	25
75	30
75	37
75	38
75	39
75	43
75	44
75	53
75	58
75	59
75	61
75	63
75	77
76	5
76	8
76	12
76	16
76	17
76	20
76	25
76	28
76	35
76	36
76	41
76	42
76	46
76	52
76	55
76	61
76	62
76	68
76	79
76	80
77	1
77	6
77	11
77	18
77	19
77	21
77	29
77	32
77	38
77	41
77	47
77	49
77	51
77	53
77	56
77	68
77	71
77	72
77	75
77	79
78	1
78	2
78	13
78	19
78	23
78	24
78	26
78	31
78	44
78	46
78	57
78	64
78	66
78	69
78	71
78	72
78	73
78	74
78	79
78	80
78	81
79	8
79	13
79	25
79	27
79	35
79	39
79	45
79	49
79	50
79	53
79	54
79	56
79	57
79	60
79	64
79	65
79	67
79	70
79	73
79	76
79	77
79	78
80	5
80	10
80	12
80	15
80	16
80	20
80	24
80	28
80	29
80	46
80	52
80	54
80	56
80	62
80	63
80	65
80	68
80	71
80	72
80	73
80	76
80	78
80	81
81	2
81	6
81	11
81	16
81	19
81	21
81	23
81	24
81	35
81	38
81	46
81	54
81	61
81	62
81	63
81	64
81	66
81	68
81	69
81	72
81	73
81	74
81	78
81	80
