1	27
1	38
1	46
1	52
1	62
1	68
2	35
2	45
2	47
2	56
2	58
2	68
3	24
3	31
3	52
3	59
3	60
3	77
4	37
4	43
4	56
4	61
4	62
4	80
5	6
5	22
5	54
5	59
5	61
5	66
6	5
6	14
6	39
6	56
6	61
6	80
7	26
7	40
7	58
7	72
7	73
7	80
8	28
8	45
8	63
8	64
8	65
8	73
9	31
9	68
9	70
9	76
9	78
9	81
10	27
10	50
10	70
10	71
10	73
10	79
11	35
11	44
11	58
11	72
11	73
11	75
12	59
12	65
12	66
12	77
12	79
12	81
13	56
13	58
13	62
13	66
13	68
13	76
13	81
14	6
14	34
14	37
14	39
14	58
14	62
14	71
15	53
15	62
15	69
15	72
15	73
15	74
15	77
16	42
16	47
16	66
16	68
16	69
16	70
16	74
17	36
17	41
17	42
17	52
17	63
17	64
17	72
18	41
18	49
18	54
18	59
18	63
18	64
18	75
19	39
19	51
19	53
19	63
19	69
19	79
19	81
20	37
20	40
20	41
20	71
20	74
20	75
20	77
21	32
21	42
21	54
21	55
21	66
21	77
21	79
22	5
22	29
22	36
22	42
22	50
22	61
22	70
23	47
23	69
23	70
23	74
23	78
23	79
23	81
24	3
24	38
24	42
24	62
24	76
24	78
24	79
25	45
25	50
25	74
25	76
25	78
25	79
25	80
26	7
26	43
26	50
26	55
26	71
26	72
26	79
27	1
27	10
27	62
27	65
27	72
27	73
27	74
27	80
28	8
28	44
28	45
28	54
28	63
28	64
28	76
28	79
29	22
29	32
29	37
29	43
29	56
29	61
29	66
29	67
30	40
30	46
30	53
30	67
30	71
30	75
30	78
30	80
31	3
31	9
31	34
31	51
31	59
31	72
31	74
31	78
32	21
32	29
32	34
32	49
32	51
32	59
32	70
32	76
33	35
33	44
33	61
33	62
33	67
33	75
33	76
33	81
34	14
34	31
34	32
34	49
34	51
34	52
34	69
34	75
35	2
35	11
35	33
35	48
35	69
35	70
35	72
35	77
35	81
36	17
36	22
36	49
36	54
36	60
36	63
36	64
36	75
36	78
37	4
37	14
37	20
37	29
37	56
37	61
37	65
37	71
37	80
38	1
38	24
38	44
38	51
38	67
38	68
38	70
38	73
38	79
39	6
39	14
39	19
39	51
39	62
39	70
39	73
39	74
39	79
40	7
40	20
40	30
40	46
40	69
40	72
40	73
40	77
40	81
41	17
41	18
41	20
41	54
41	58
41	64
41	67
41	78
41	81
42	16
42	17
42	21
42	22
42	24
42	54
42	65
42	76
42	78
42	81
43	4
43	26
43	29
43	44
43	61
43	63
43	67
43	70
43	72
43	80
44	11
44	28
44	33
44	38
44	43
44	50
44	68
44	78
44	79
44	81
45	2
45	8
45	25
45	28
45	66
45	72
45	76
45	77
45	78
45	81
46	1
46	30
46	40
46	47
46	57
46	63
46	65
46	70
46	73
46	77
47	2
47	16
47	23
47	46
47	57
47	71
47	74
47	78
47	80
47	81
48	35
48	60
48	61
48	63
48	67
48	69
48	71
48	73
48	76
48	77
49	18
49	32
49	34
49	36
49	51
49	52
49	59
49	64
49	67
49	78
49	80
50	10
50	22
50	25
50	26
50	44
50	64
50	68
50	72
50	73
50	75
50	81
51	19
51	31
51	32
51	34
51	38
51	39
51	49
51	52
51	59
51	68
51	73
52	1
52	3
52	17
52	34
52	49
52	51
52	59
52	68
52	70
52	79
52	80
53	15
53	19
53	30
53	65
53	66
53	72
53	74
53	76
53	78
53	79
53	81
54	5
54	18
54	21
54	28
54	36
54	41
54	42
54	59
54	63
54	64
54	66
55	21
55	26
55	57
55	58
55	66
55	68
55	75
55	76
55	78
55	79
55	81
56	2
56	4
56	6
56	13
56	29
56	37
56	61
56	65
56	68
56	75
56	78
57	46
57	47
57	55
57	59
57	60
57	65
57	69
57	70
57	71
57	73
57	77
57	80
58	2
58	7
58	11
58	13
58	14
58	41
58	55
58	60
58	68
58	70
58	77
58	80
59	3
59	5
59	12
59	18
59	31
59	32
59	49
59	51
59	52
59	54
59	57
59	71
59	77
60	3
60	36
60	48
60	57
60	58
60	65
60	69
60	71
60	72
60	74
60	75
60	77
60	80
61	4
61	5
61	6
61	22
61	29
61	33
61	37
61	43
61	48
61	56
61	62
61	63
61	68
61	75
62	1
62	4
62	13
62	14
62	15
62	24
62	27
62	33
62	39
62	61
62	68
62	74
62	75
62	77
62	80
63	8
63	17
63	18
63	19
63	28
63	36
63	43
63	46
63	48
63	54
63	61
63	64
63	67
63	74
63	79
64	8
64	17
64	18
64	28
64	36
64	41
64	49
64	50
64	54
64	63
64	68
64	69
64	71
64	75
64	76
64	81
65	8
65	12
65	27
65	37
65	42
65	46
65	53
65	56
65	57
65	60
65	69
65	72
65	73
65	77
65	78
65	80
66	5
66	12
66	13
66	16
66	21
66	29
66	45
66	53
66	54
66	55
66	67
66	71
66	73
66	74
66	78
66	79
66	81
67	29
67	30
67	33
67	38
67	41
67	43
67	48
67	49
67	63
67	66
67	70
67	74
67	75
67	77
67	79
67	80
67	81
68	1
68	2
68	9
68	13
68	16
68	38
68	44
68	50
68	51
68	52
68	55
68	56
68	58
68	61
68	62
68	64
68	74
68	75
68	79
69	15
69	16
69	19
69	23
69	34
69	35
69	40
69	48
69	57
69	60
69	64
69	65
69	70
69	72
69	73
69	77
69	78
69	79
69	80
69	81
70	9
70	10
70	16
70	22
70	23
70	32
70	35
70	38
70	39
70	43
70	46
70	52
70	57
70	58
70	67
70	69
70	71
70	75
70	76
70	80
71	10
71	14
71	20
71	26
71	30
71	37
71	47
71	48
71	57
71	59
71	60
71	64
71	66
71	70
71	72
71	73
71	74
71	75
71	78
71	80
72	7
72	11
72	15
72	17
72	26
72	27
72	31
72	35
72	40
72	43
72	45
72	50
72	53
72	60
72	65
72	69
72	71
72	73
72	76
72	77
73	7
73	8
73	10
73	11
73	15
73	27
73	38
73	39
73	40
73	46
73	48
73	50
73	51
73	57
73	65
73	66
73	69
73	71
73	72
73	76
73	77
74	15
74	16
74	20
74	23
74	25
74	27
74	31
74	39
74	47
74	53
74	60
74	62
74	63
74	66
74	67
74	68
74	71
74	75
74	76
74	80
74	81
75	11
75	18
75	20
75	30
75	33
75	34
75	36
75	50
75	55
75	56
75	60
75	61
75	62
75	64
75	67
75	68
75	70
75	71
75	74
75	79
75	80
76	9
76	13
76	24
76	25
76	28
76	32
76	33
76	42
76	45
76	48
76	53
76	55
76	64
76	70
76	72
76	73
76	74
76	77
76	78
76	79
76	80
76	81
77	3
77	12
77	15
77	20
77	21
77	35
77	40
77	45
77	46
77	48
77	57
77	58
77	59
77	60
77	62
77	65
77	67
77	69
77	72
77	73
77	76
77	80
77	81
78	9
78	23
78	24
78	25
78	30
78	31
78	36
78	41
78	42
78	44
78	45
78	47
78	49
78	53
78	55
78	56
78	65
78	66
78	69
78	71
78	76
78	79
78	81
79	10
79	12
79	19
79	21
79	23
79	24
79	25
79	26
79	28
79	38
79	39
79	44
79	52
79	53
79	55
79	63
79	66
79	67
79	68
79	69
79	75
79	76
79	78
79	81
80	4
80	6
80	7
80	25
80	27
80	30
80	37
80	43
80	47
80	49
80	52
80	57
80	58
80	60
80	62
80	65
80	67
80	69
80	70
80	71
80	74
80	75
80	76
80	77
81	9
81	12
81	13
81	19
81	23
81	33
81	35
81	40
81	41
81	42
81	44
81	45
81	47
81	50
81	53
81	55
81	64
81	66
81	67
81	69
81	74
81	76
81	77
81	78
81	79
