1	11
1	43
1	48
1	59
1	69
1	75
2	18
2	45
2	52
2	66
2	69
2	81
3	36
3	56
3	68
3	70
3	76
3	80
4	5
4	20
4	39
4	63
4	77
4	81
5	4
5	9
5	64
5	67
5	75
5	78
6	41
6	62
6	64
6	71
6	75
6	76
7	8
7	21
7	54
7	58
7	69
7	74
8	7
8	15
8	34
8	47
8	49
8	54
9	5
9	37
9	63
9	74
9	77
9	79
10	31
10	42
10	44
10	65
10	76
10	78
11	1
11	52
11	65
11	66
11	69
11	71
12	22
12	27
12	51
12	56
12	59
12	81
13	38
13	46
13	72
13	74
13	78
13	79
14	20
14	71
14	73
14	79
14	80
14	81
15	8
15	20
15	24
15	30
15	39
15	54
15	65
16	59
16	61
16	64
16	67
16	74
16	75
16	79
17	29
17	42
17	67
17	69
17	71
17	75
17	78
18	2
18	27
18	31
18	51
18	67
18	71
18	75
19	31
19	42
19	53
19	65
19	68
19	74
19	77
20	4
20	14
20	15
20	21
20	34
20	54
20	77
21	7
21	20
21	30
21	38
21	54
21	74
21	75
22	12
22	25
22	26
22	52
22	75
22	79
22	81
23	31
23	32
23	58
23	63
23	64
23	65
23	74
24	15
24	38
24	55
24	67
24	70
24	71
24	75
25	22
25	26
25	37
25	47
25	53
25	57
25	69
26	22
26	25
26	43
26	50
26	54
26	57
26	60
27	12
27	18
27	29
27	44
27	72
27	75
27	79
28	34
28	36
28	56
28	58
28	74
28	78
28	81
29	17
29	27
29	39
29	45
29	63
29	64
29	74
30	15
30	21
30	31
30	54
30	70
30	75
30	78
31	10
31	18
31	19
31	23
31	30
31	65
31	68
31	69
32	23
32	43
32	44
32	46
32	67
32	69
32	75
32	80
33	55
33	56
33	67
33	71
33	72
33	78
33	79
33	80
34	8
34	20
34	28
34	43
34	44
34	65
34	69
34	77
35	41
35	56
35	58
35	66
35	68
35	73
35	74
35	77
36	3
36	28
36	50
36	53
36	56
36	70
36	73
36	81
37	9
37	25
37	39
37	46
37	50
37	57
37	79
37	81
38	13
38	21
38	24
38	66
38	67
38	76
38	79
38	80
39	4
39	15
39	29
39	37
39	47
39	48
39	50
39	57
40	41
40	60
40	61
40	62
40	64
40	69
40	70
40	76
40	77
41	6
41	35
41	40
41	53
41	60
41	61
41	62
41	72
41	73
42	10
42	17
42	19
42	64
42	68
42	70
42	71
42	75
42	80
43	1
43	26
43	32
43	34
43	49
43	52
43	65
43	69
43	77
44	10
44	27
44	32
44	34
44	51
44	69
44	74
44	78
44	81
45	2
45	29
45	48
45	55
45	65
45	69
45	73
45	76
45	78
45	81
46	13
46	32
46	37
46	48
46	54
46	61
46	68
46	71
46	78
46	81
47	8
47	25
47	39
47	50
47	52
47	53
47	57
47	62
47	68
47	80
48	1
48	39
48	45
48	46
48	52
48	57
48	66
48	77
48	78
48	79
49	8
49	43
49	56
49	58
49	66
49	73
49	76
49	77
49	79
49	80
50	26
50	36
50	37
50	39
50	47
50	53
50	57
50	66
50	78
50	80
51	12
51	18
51	44
51	58
51	61
51	67
51	68
51	70
51	77
51	78
52	2
52	11
52	22
52	43
52	47
52	48
52	58
52	61
52	70
52	81
53	19
53	25
53	36
53	41
53	47
53	50
53	62
53	70
53	72
53	80
54	7
54	8
54	15
54	20
54	21
54	26
54	30
54	46
54	64
54	73
54	80
55	24
55	33
55	45
55	62
55	64
55	68
55	72
55	73
55	76
55	78
55	79
55	80
56	3
56	12
56	28
56	33
56	35
56	36
56	49
56	60
56	61
56	62
56	65
56	70
57	25
57	26
57	37
57	39
57	47
57	48
57	50
57	63
57	70
57	71
57	75
57	76
58	7
58	23
58	28
58	35
58	49
58	51
58	52
58	60
58	67
58	68
58	77
58	79
59	1
59	12
59	16
59	63
59	66
59	70
59	72
59	73
59	74
59	76
59	79
59	80
60	26
60	40
60	41
60	56
60	58
60	61
60	62
60	63
60	70
60	73
60	76
60	81
61	16
61	40
61	41
61	46
61	51
61	52
61	56
61	60
61	62
61	70
61	73
61	80
62	6
62	40
62	41
62	47
62	53
62	55
62	56
62	60
62	61
62	65
62	70
62	74
62	81
63	4
63	9
63	23
63	29
63	57
63	59
63	60
63	66
63	68
63	71
63	74
63	78
63	80
64	5
64	6
64	16
64	23
64	29
64	40
64	42
64	54
64	55
64	65
64	67
64	71
64	75
64	78
65	10
65	11
65	15
65	19
65	23
65	31
65	34
65	43
65	45
65	56
65	62
65	64
65	69
65	72
66	2
66	11
66	35
66	38
66	48
66	49
66	50
66	59
66	63
66	72
66	73
66	76
66	79
66	80
66	81
67	5
67	16
67	17
67	18
67	24
67	32
67	33
67	38
67	51
67	58
67	64
67	71
67	72
67	75
67	77
68	3
68	19
68	31
68	35
68	42
68	46
68	47
68	51
68	55
68	58
68	63
68	73
68	77
68	78
68	80
69	1
69	2
69	7
69	11
69	17
69	25
69	31
69	32
69	34
69	40
69	43
69	44
69	45
69	65
69	72
69	79
70	3
70	24
70	30
70	36
70	40
70	42
70	51
70	52
70	53
70	56
70	57
70	59
70	60
70	61
70	62
70	77
71	6
71	11
71	14
71	17
71	18
71	24
71	33
71	42
71	46
71	57
71	63
71	64
71	67
71	72
71	73
71	74
71	79
72	13
72	27
72	33
72	41
72	53
72	55
72	59
72	65
72	66
72	67
72	69
72	71
72	73
72	76
72	79
72	80
72	81
73	14
73	35
73	36
73	41
73	45
73	49
73	54
73	55
73	59
73	60
73	61
73	66
73	68
73	71
73	72
73	76
73	79
73	80
74	7
74	9
74	13
74	16
74	19
74	21
74	23
74	28
74	29
74	35
74	44
74	59
74	62
74	63
74	71
74	75
74	78
74	81
75	1
75	5
75	6
75	16
75	17
75	18
75	21
75	22
75	24
75	27
75	30
75	32
75	42
75	57
75	64
75	67
75	74
75	81
76	3
76	6
76	10
76	38
76	40
76	45
76	49
76	55
76	57
76	59
76	60
76	66
76	72
76	73
76	78
76	79
76	80
76	81
77	4
77	9
77	19
77	20
77	34
77	35
77	40
77	43
77	48
77	49
77	51
77	58
77	67
77	68
77	70
77	78
77	79
77	80
77	81
78	5
78	10
78	13
78	17
78	28
78	30
78	33
78	44
78	45
78	46
78	48
78	50
78	51
78	55
78	63
78	64
78	68
78	74
78	76
78	77
78	81
79	9
79	13
79	14
79	16
79	22
79	27
79	33
79	37
79	38
79	48
79	49
79	55
79	58
79	59
79	66
79	69
79	71
79	72
79	73
79	76
79	77
79	80
79	81
80	3
80	14
80	32
80	33
80	38
80	42
80	47
80	49
80	50
80	53
80	54
80	55
80	59
80	61
80	63
80	66
80	68
80	72
80	73
80	76
80	77
80	79
80	81
81	2
81	4
81	12
81	14
81	22
81	28
81	36
81	37
81	44
81	45
81	46
81	52
81	60
81	62
81	66
81	72
81	74
81	75
81	76
81	77
81	78
81	79
81	80
