1	23
1	27
1	41
1	55
1	60
1	62
2	53
2	63
2	67
2	71
2	77
2	79
3	39
3	43
3	44
3	67
3	69
3	73
4	9
4	19
4	45
4	48
4	50
4	80
5	26
5	38
5	68
5	72
5	80
5	81
6	47
6	52
6	64
6	67
6	72
6	81
7	16
7	36
7	47
7	72
7	73
7	78
8	25
8	36
8	50
8	54
8	60
8	65
9	4
9	62
9	63
9	65
9	73
9	75
10	24
10	43
10	59
10	60
10	65
10	74
11	33
11	38
11	65
11	66
11	70
11	78
12	25
12	34
12	41
12	53
12	75
12	81
13	39
13	59
13	61
13	64
13	70
13	73
14	57
14	67
14	70
14	71
14	74
14	77
15	34
15	36
15	54
15	58
15	59
15	71
16	7
16	28
16	40
16	54
16	65
16	67
17	52
17	53
17	77
17	79
17	80
17	81
18	29
18	35
18	38
18	49
18	58
18	65
18	71
19	4
19	48
19	60
19	69
19	72
19	74
19	75
20	34
20	35
20	58
20	62
20	71
20	73
20	81
21	31
21	32
21	50
21	61
21	66
21	73
21	80
22	30
22	32
22	51
22	62
22	64
22	68
22	70
23	1
23	40
23	60
23	65
23	66
23	71
23	79
24	10
24	43
24	53
24	55
24	61
24	62
24	81
25	8
25	12
25	58
25	59
25	68
25	77
25	80
26	5
26	39
26	45
26	48
26	50
26	56
26	74
26	80
27	1
27	31
27	42
27	52
27	59
27	63
27	67
27	79
28	16
28	32
28	52
28	67
28	68
28	77
28	79
28	81
29	18
29	34
29	46
29	55
29	58
29	62
29	70
29	71
30	22
30	32
30	33
30	54
30	62
30	65
30	72
30	73
31	21
31	27
31	49
31	51
31	66
31	71
31	74
31	77
32	21
32	22
32	28
32	30
32	34
32	42
32	53
32	63
32	77
33	11
33	30
33	41
33	45
33	56
33	59
33	75
33	77
33	80
34	12
34	15
34	20
34	29
34	32
34	43
34	44
34	46
34	71
35	18
35	20
35	37
35	41
35	44
35	46
35	49
35	58
35	71
36	7
36	8
36	15
36	38
36	73
36	74
36	76
36	80
36	81
37	35
37	38
37	42
37	46
37	48
37	50
37	51
37	56
37	75
38	5
38	11
38	18
38	36
38	37
38	39
38	47
38	69
38	75
38	80
39	3
39	13
39	26
39	38
39	51
39	53
39	63
39	69
39	72
39	79
40	16
40	23
40	43
40	50
40	54
40	60
40	62
40	70
40	73
40	81
41	1
41	12
41	33
41	35
41	57
41	61
41	62
41	66
41	70
41	78
42	27
42	32
42	37
42	45
42	48
42	50
42	56
42	59
42	60
42	73
43	3
43	10
43	24
43	34
43	40
43	45
43	54
43	60
43	65
43	71
43	80
44	3
44	34
44	35
44	47
44	58
44	74
44	76
44	78
44	79
44	80
44	81
45	4
45	26
45	33
45	42
45	43
45	48
45	50
45	51
45	56
45	57
45	79
46	29
46	34
46	35
46	37
46	51
46	58
46	63
46	66
46	69
46	71
46	77
47	6
47	7
47	38
47	44
47	51
47	54
47	58
47	66
47	69
47	72
47	74
48	4
48	19
48	26
48	37
48	42
48	45
48	49
48	56
48	66
48	72
48	77
49	18
49	31
49	35
49	48
49	72
49	74
49	76
49	78
49	79
49	80
49	81
50	4
50	8
50	21
50	26
50	37
50	40
50	42
50	45
50	56
50	70
50	75
51	22
51	31
51	37
51	39
51	45
51	46
51	47
51	55
51	61
51	67
51	68
51	77
52	6
52	17
52	27
52	28
52	53
52	55
52	64
52	66
52	69
52	73
52	76
52	78
53	2
53	12
53	17
53	24
53	32
53	39
53	52
53	55
53	57
53	60
53	66
53	76
54	8
54	15
54	16
54	30
54	40
54	43
54	47
54	55
54	60
54	61
54	65
54	68
55	1
55	24
55	29
55	51
55	52
55	53
55	54
55	56
55	66
55	73
55	74
55	81
56	26
56	33
56	37
56	42
56	45
56	48
56	50
56	55
56	59
56	60
56	62
56	72
57	14
57	41
57	45
57	53
57	64
57	66
57	67
57	76
57	78
57	79
57	80
57	81
58	15
58	18
58	20
58	25
58	29
58	35
58	44
58	46
58	47
58	62
58	71
58	75
58	76
59	10
59	13
59	15
59	25
59	27
59	33
59	42
59	56
59	61
59	64
59	68
59	70
59	81
60	1
60	8
60	10
60	19
60	23
60	40
60	42
60	43
60	53
60	54
60	56
60	65
60	73
60	77
61	13
61	21
61	24
61	41
61	51
61	54
61	59
61	63
61	68
61	69
61	72
61	76
61	77
61	78
62	1
62	9
62	20
62	22
62	24
62	29
62	30
62	40
62	41
62	56
62	58
62	72
62	75
62	77
63	2
63	9
63	27
63	32
63	39
63	46
63	61
63	67
63	68
63	70
63	72
63	75
63	76
63	79
64	6
64	13
64	22
64	52
64	57
64	59
64	65
64	66
64	74
64	75
64	76
64	78
64	79
64	80
64	81
65	8
65	9
65	10
65	11
65	16
65	18
65	23
65	30
65	43
65	54
65	60
65	64
65	69
65	78
65	80
66	11
66	21
66	23
66	31
66	41
66	46
66	47
66	48
66	52
66	53
66	55
66	57
66	64
66	75
66	77
67	2
67	3
67	6
67	14
67	16
67	27
67	28
67	51
67	57
67	63
67	70
67	76
67	77
67	80
67	81
68	5
68	22
68	25
68	28
68	51
68	54
68	59
68	61
68	63
68	70
68	71
68	73
68	74
68	75
68	76
68	79
69	3
69	19
69	38
69	39
69	46
69	47
69	52
69	61
69	65
69	70
69	71
69	73
69	74
69	75
69	77
69	78
70	11
70	13
70	14
70	22
70	29
70	40
70	41
70	50
70	59
70	63
70	67
70	68
70	69
70	76
70	77
70	80
71	2
71	14
71	15
71	18
71	20
71	23
71	29
71	31
71	34
71	35
71	43
71	46
71	58
71	68
71	69
71	76
72	5
72	6
72	7
72	19
72	30
72	39
72	47
72	48
72	49
72	56
72	61
72	62
72	63
72	73
72	75
72	78
72	79
72	81
73	3
73	7
73	9
73	13
73	20
73	21
73	30
73	36
73	40
73	42
73	52
73	55
73	60
73	68
73	69
73	72
73	75
73	78
74	10
74	14
74	19
74	26
74	31
74	36
74	44
74	47
74	49
74	55
74	64
74	68
74	69
74	76
74	78
74	79
74	80
74	81
75	9
75	12
75	19
75	33
75	37
75	38
75	50
75	58
75	62
75	63
75	64
75	66
75	68
75	69
75	72
75	73
75	78
75	79
75	81
76	36
76	44
76	49
76	52
76	53
76	57
76	58
76	61
76	63
76	64
76	67
76	68
76	70
76	71
76	74
76	77
76	78
76	79
76	81
77	2
77	14
77	17
77	25
77	28
77	31
77	32
77	33
77	46
77	48
77	51
77	60
77	61
77	62
77	66
77	67
77	69
77	70
77	76
78	7
78	11
78	41
78	44
78	49
78	52
78	57
78	61
78	64
78	65
78	69
78	72
78	73
78	74
78	75
78	76
78	79
78	80
78	81
79	2
79	17
79	23
79	27
79	28
79	39
79	44
79	45
79	49
79	57
79	63
79	64
79	68
79	72
79	74
79	75
79	76
79	78
79	80
79	81
80	4
80	5
80	17
80	21
80	25
80	26
80	33
80	36
80	38
80	43
80	44
80	49
80	57
80	64
80	65
80	67
80	70
80	74
80	78
80	79
80	81
81	5
81	6
81	12
81	17
81	20
81	24
81	28
81	36
81	40
81	44
81	49
81	55
81	57
81	59
81	64
81	67
81	72
81	74
81	75
81	76
81	78
81	79
81	80
