1	5
1	18
1	47
1	58
1	63
1	74
2	15
2	51
2	62
2	65
2	67
2	77
3	46
3	51
3	54
3	75
3	76
3	79
4	5
4	33
4	41
4	56
4	61
4	74
5	1
5	4
5	21
5	26
5	29
5	52
6	29
6	33
6	43
6	53
6	54
6	78
7	46
7	49
7	57
7	59
7	76
7	80
8	45
8	60
8	69
8	76
8	79
8	80
9	38
9	45
9	54
9	64
9	78
9	81
10	42
10	44
10	50
10	60
10	61
10	75
11	50
11	75
11	77
11	79
11	80
11	81
12	24
12	25
12	29
12	44
12	57
12	68
13	18
13	19
13	20
13	70
13	71
13	72
14	38
14	51
14	52
14	54
14	57
14	68
15	2
15	27
15	44
15	48
15	63
15	68
15	70
16	22
16	51
16	53
16	58
16	65
16	72
16	81
17	41
17	45
17	57
17	59
17	63
17	69
17	81
18	1
18	13
18	20
18	37
18	48
18	76
18	81
19	13
19	20
19	48
19	54
19	58
19	67
19	79
20	13
20	18
20	19
20	22
20	53
20	61
20	75
21	5
21	26
21	29
21	47
21	62
21	69
21	79
22	16
22	20
22	46
22	54
22	69
22	78
22	79
23	26
23	27
23	35
23	58
23	62
23	65
23	79
24	12
24	35
24	41
24	48
24	61
24	65
24	71
25	12
25	27
25	66
25	70
25	71
25	73
25	80
26	5
26	21
26	23
26	50
26	72
26	80
26	81
27	15
27	23
27	25
27	34
27	43
27	61
27	71
28	37
28	39
28	56
28	63
28	64
28	74
28	81
29	5
29	6
29	12
29	21
29	51
29	61
29	71
30	40
30	58
30	63
30	64
30	68
30	77
30	80
31	62
31	67
31	68
31	75
31	77
31	79
31	80
32	39
32	50
32	58
32	62
32	65
32	66
32	69
33	4
33	6
33	43
33	63
33	71
33	73
33	76
34	27
34	40
34	41
34	42
34	49
34	59
34	66
34	71
35	23
35	24
35	58
35	59
35	60
35	62
35	65
35	67
36	42
36	46
36	53
36	69
36	74
36	78
36	80
36	81
37	18
37	28
37	55
37	67
37	70
37	72
37	74
37	79
38	9
38	14
38	57
38	59
38	61
38	71
38	75
38	80
39	28
39	32
39	50
39	56
39	63
39	73
39	78
39	80
40	30
40	34
40	53
40	56
40	64
40	71
40	74
40	79
40	81
41	4
41	17
41	24
41	34
41	43
41	44
41	63
41	70
41	73
42	10
42	34
42	36
42	50
42	61
42	71
42	72
42	74
42	81
43	6
43	27
43	33
43	41
43	54
43	55
43	70
43	75
43	79
44	10
44	12
44	15
44	41
44	55
44	64
44	67
44	69
44	71
45	8
45	9
45	17
45	48
45	63
45	68
45	69
45	76
45	80
46	3
46	7
46	22
46	36
46	48
46	51
46	54
46	58
46	72
47	1
47	21
47	56
47	64
47	68
47	72
47	75
47	76
47	77
47	79
48	15
48	18
48	19
48	24
48	45
48	46
48	51
48	55
48	69
48	70
49	7
49	34
49	55
49	57
49	60
49	64
49	65
49	67
49	68
49	77
49	81
50	10
50	11
50	26
50	32
50	39
50	42
50	57
50	65
50	66
50	73
50	77
51	2
51	3
51	14
51	16
51	29
51	46
51	48
51	54
51	57
51	60
51	62
51	77
52	5
52	14
52	60
52	64
52	66
52	68
52	73
52	74
52	76
52	77
52	79
52	81
53	6
53	16
53	20
53	36
53	40
53	56
53	61
53	73
53	76
53	78
53	80
53	81
54	3
54	6
54	9
54	14
54	19
54	22
54	43
54	46
54	51
54	56
54	58
54	62
54	65
55	37
55	43
55	44
55	48
55	49
55	64
55	67
55	68
55	70
55	73
55	77
55	78
55	79
56	4
56	28
56	39
56	40
56	47
56	53
56	54
56	61
56	62
56	69
56	78
56	80
56	81
57	7
57	12
57	14
57	17
57	38
57	49
57	50
57	51
57	65
57	66
57	71
57	72
57	75
58	1
58	16
58	19
58	23
58	30
58	32
58	35
58	46
58	54
58	65
58	70
58	73
58	76
59	7
59	17
59	34
59	35
59	38
59	62
59	63
59	72
59	73
59	75
59	76
59	77
59	81
60	8
60	10
60	35
60	49
60	51
60	52
60	67
60	69
60	77
60	78
60	79
60	80
60	81
61	4
61	10
61	20
61	24
61	27
61	29
61	38
61	42
61	53
61	56
61	64
61	66
61	71
61	79
62	2
62	21
62	23
62	31
62	32
62	35
62	51
62	54
62	56
62	59
62	65
62	66
62	73
62	75
63	1
63	15
63	17
63	28
63	30
63	33
63	39
63	41
63	45
63	59
63	64
63	69
63	72
63	76
63	81
64	9
64	28
64	30
64	40
64	44
64	47
64	49
64	52
64	55
64	61
64	63
64	70
64	72
64	78
64	80
65	2
65	16
65	23
65	24
65	32
65	35
65	49
65	50
65	54
65	57
65	58
65	62
65	66
65	75
65	78
66	25
66	32
66	34
66	50
66	52
66	57
66	61
66	62
66	65
66	68
66	69
66	70
66	74
66	79
66	80
67	2
67	19
67	31
67	35
67	37
67	44
67	49
67	55
67	60
67	70
67	76
67	77
67	78
67	80
67	81
68	12
68	14
68	15
68	30
68	31
68	45
68	47
68	49
68	52
68	55
68	66
68	74
68	78
68	80
68	81
69	8
69	17
69	21
69	22
69	32
69	36
69	44
69	45
69	48
69	56
69	60
69	63
69	66
69	75
69	76
69	81
70	13
70	15
70	25
70	37
70	41
70	43
70	48
70	55
70	58
70	64
70	66
70	67
70	71
70	72
70	74
70	79
71	13
71	24
71	25
71	27
71	29
71	33
71	34
71	38
71	40
71	42
71	44
71	57
71	61
71	70
71	78
71	80
72	13
72	16
72	26
72	37
72	42
72	46
72	47
72	57
72	59
72	63
72	64
72	70
72	76
72	77
72	78
72	81
73	25
73	33
73	39
73	41
73	50
73	52
73	53
73	55
73	58
73	59
73	62
73	74
73	75
73	76
73	77
73	79
74	1
74	4
74	28
74	36
74	37
74	40
74	42
74	52
74	66
74	68
74	70
74	73
74	75
74	77
74	78
74	81
75	3
75	10
75	11
75	20
75	31
75	38
75	43
75	47
75	57
75	59
75	62
75	65
75	69
75	73
75	74
75	76
75	78
76	3
76	7
76	8
76	18
76	33
76	45
76	47
76	52
76	53
76	58
76	59
76	63
76	67
76	69
76	72
76	73
76	75
76	80
77	2
77	11
77	30
77	31
77	47
77	49
77	50
77	51
77	52
77	55
77	59
77	60
77	67
77	72
77	73
77	74
77	78
77	79
77	80
77	81
78	6
78	9
78	22
78	36
78	39
78	53
78	55
78	56
78	60
78	64
78	65
78	67
78	68
78	71
78	72
78	74
78	75
78	77
78	79
78	80
79	3
79	8
79	11
79	19
79	21
79	22
79	23
79	31
79	37
79	40
79	43
79	47
79	52
79	55
79	60
79	61
79	66
79	70
79	73
79	77
79	78
80	7
80	8
80	11
80	25
80	26
80	30
80	31
80	36
80	38
80	39
80	45
80	53
80	56
80	60
80	64
80	66
80	67
80	68
80	71
80	76
80	77
80	78
80	81
81	9
81	11
81	16
81	17
81	18
81	26
81	28
81	36
81	40
81	42
81	49
81	52
81	53
81	56
81	59
81	60
81	63
81	67
81	68
81	69
81	72
81	74
81	77
81	80
