1	34
1	54
1	58
1	71
1	77
1	80
2	7
2	49
2	55
2	74
2	78
2	79
3	10
3	28
3	31
3	68
3	70
3	75
4	38
4	40
4	51
4	61
4	63
4	79
5	35
5	39
5	53
5	61
5	62
5	67
6	21
6	28
6	33
6	42
6	68
6	79
7	2
7	38
7	42
7	46
7	60
7	68
8	32
8	42
8	47
8	51
8	66
8	76
9	39
9	44
9	55
9	65
9	76
9	81
10	3
10	32
10	58
10	62
10	67
10	73
11	32
11	35
11	41
11	58
11	61
11	66
12	42
12	49
12	51
12	57
12	74
12	77
13	36
13	39
13	66
13	77
13	79
13	81
14	16
14	37
14	52
14	66
14	70
14	76
15	25
15	32
15	58
15	62
15	71
15	74
15	75
16	14
16	29
16	33
16	38
16	71
16	74
16	79
17	25
17	40
17	45
17	46
17	63
17	72
17	77
18	47
18	50
18	52
18	68
18	75
18	80
18	81
19	50
19	55
19	60
19	65
19	67
19	77
19	80
20	36
20	52
20	64
20	67
20	68
20	75
20	81
21	6
21	26
21	35
21	41
21	56
21	73
21	80
22	29
22	30
22	39
22	44
22	51
22	71
22	80
23	27
23	43
23	44
23	46
23	65
23	71
23	80
23	81
24	38
24	45
24	50
24	61
24	69
24	73
24	77
24	78
25	15
25	17
25	26
25	30
25	34
25	61
25	73
25	76
26	21
26	25
26	44
26	55
26	71
26	72
26	76
26	80
27	23
27	34
27	47
27	54
27	71
27	79
27	80
27	81
28	3
28	6
28	29
28	54
28	57
28	64
28	71
28	80
29	16
29	22
29	28
29	35
29	50
29	60
29	71
29	80
30	22
30	25
30	48
30	49
30	50
30	61
30	67
30	73
31	3
31	54
31	56
31	57
31	59
31	71
31	75
31	76
32	8
32	10
32	11
32	15
32	39
32	43
32	49
32	52
33	6
33	16
33	57
33	61
33	63
33	73
33	76
33	77
34	1
34	25
34	27
34	53
34	55
34	73
34	75
34	77
35	5
35	11
35	21
35	29
35	40
35	62
35	74
35	78
36	13
36	20
36	37
36	45
36	56
36	71
36	73
36	75
36	79
37	14
37	36
37	41
37	43
37	48
37	63
37	72
37	76
37	81
38	4
38	7
38	16
38	24
38	55
38	59
38	60
38	69
38	75
39	5
39	9
39	13
39	22
39	32
39	40
39	58
39	62
39	70
40	4
40	17
40	35
40	39
40	56
40	58
40	62
40	64
40	79
41	11
41	21
41	37
41	44
41	45
41	50
41	71
41	72
41	80
42	6
42	7
42	8
42	12
42	49
42	64
42	69
42	76
42	78
43	23
43	32
43	37
43	46
43	53
43	70
43	76
43	77
43	79
44	9
44	22
44	23
44	26
44	41
44	62
44	63
44	75
44	77
44	80
45	17
45	24
45	36
45	41
45	52
45	57
45	58
45	74
45	77
45	78
46	7
46	17
46	23
46	43
46	63
46	64
46	73
46	77
46	80
46	81
47	8
47	18
47	27
47	60
47	63
47	64
47	65
47	68
47	78
47	79
48	30
48	37
48	49
48	50
48	61
48	69
48	70
48	74
48	77
48	78
49	2
49	12
49	30
49	32
49	42
49	48
49	56
49	67
49	72
49	81
50	18
50	19
50	24
50	29
50	30
50	41
50	48
50	59
50	62
50	75
51	4
51	8
51	12
51	22
51	64
51	65
51	67
51	68
51	70
51	72
51	81
52	14
52	18
52	20
52	32
52	45
52	66
52	68
52	78
52	79
52	80
52	81
53	5
53	34
53	43
53	54
53	62
53	66
53	70
53	72
53	73
53	75
53	81
54	1
54	27
54	28
54	31
54	53
54	63
54	70
54	71
54	78
54	80
54	81
55	2
55	9
55	19
55	26
55	34
55	38
55	70
55	71
55	73
55	75
55	77
56	21
56	31
56	36
56	40
56	49
56	64
56	67
56	69
56	72
56	74
56	78
56	79
57	12
57	28
57	31
57	33
57	45
57	63
57	69
57	71
57	72
57	74
57	78
57	79
58	1
58	10
58	11
58	15
58	39
58	40
58	45
58	62
58	64
58	66
58	70
58	77
59	31
59	38
59	50
59	60
59	72
59	74
59	75
59	76
59	78
59	79
59	80
59	81
60	7
60	19
60	29
60	38
60	47
60	59
60	61
60	66
60	67
60	72
60	73
60	76
60	77
61	4
61	5
61	11
61	24
61	25
61	30
61	33
61	48
61	60
61	73
61	74
61	77
61	81
62	5
62	10
62	15
62	35
62	39
62	40
62	44
62	50
62	53
62	58
62	69
62	78
62	79
63	4
63	17
63	33
63	37
63	44
63	46
63	47
63	54
63	57
63	69
63	73
63	74
63	77
64	20
64	28
64	40
64	42
64	46
64	47
64	51
64	56
64	58
64	68
64	69
64	78
64	81
65	9
65	19
65	23
65	47
65	51
65	67
65	70
65	71
65	73
65	75
65	76
65	78
65	80
65	81
66	8
66	11
66	13
66	14
66	52
66	53
66	58
66	60
66	68
66	70
66	72
66	75
66	78
66	79
67	5
67	10
67	19
67	20
67	30
67	49
67	51
67	56
67	60
67	65
67	69
67	70
67	74
67	76
67	79
67	81
68	3
68	6
68	7
68	18
68	20
68	47
68	51
68	52
68	64
68	66
68	69
68	70
68	73
68	74
68	77
68	78
69	24
69	38
69	42
69	48
69	56
69	57
69	62
69	63
69	64
69	67
69	68
69	70
69	74
69	78
69	79
69	80
70	3
70	14
70	39
70	43
70	48
70	51
70	53
70	54
70	55
70	58
70	65
70	66
70	67
70	68
70	69
70	72
70	76
70	78
71	1
71	15
71	16
71	22
71	23
71	26
71	27
71	28
71	29
71	31
71	36
71	41
71	54
71	55
71	57
71	65
71	75
71	76
71	80
72	17
72	26
72	37
72	41
72	49
72	51
72	53
72	56
72	57
72	59
72	60
72	66
72	70
72	75
72	76
72	77
72	78
72	80
72	81
73	10
73	21
73	24
73	25
73	30
73	33
73	34
73	36
73	46
73	53
73	55
73	60
73	61
73	63
73	65
73	68
73	77
73	79
73	80
73	81
74	2
74	12
74	15
74	16
74	35
74	45
74	48
74	56
74	57
74	59
74	61
74	63
74	67
74	68
74	69
74	75
74	77
74	78
74	79
74	81
75	3
75	15
75	18
75	20
75	31
75	34
75	36
75	38
75	44
75	50
75	53
75	55
75	59
75	65
75	66
75	71
75	72
75	74
75	76
75	77
76	8
76	9
76	14
76	25
76	26
76	31
76	33
76	37
76	42
76	43
76	59
76	60
76	65
76	67
76	70
76	71
76	72
76	75
76	78
76	79
76	81
77	1
77	12
77	13
77	17
77	19
77	24
77	33
77	34
77	43
77	44
77	45
77	46
77	48
77	55
77	58
77	60
77	61
77	63
77	68
77	72
77	73
77	74
77	75
78	2
78	24
78	35
78	42
78	45
78	47
78	48
78	52
78	54
78	56
78	57
78	59
78	62
78	64
78	65
78	66
78	68
78	69
78	70
78	72
78	74
78	76
78	81
79	2
79	4
79	6
79	13
79	16
79	27
79	36
79	40
79	43
79	47
79	52
79	56
79	57
79	59
79	62
79	66
79	67
79	69
79	73
79	74
79	76
79	80
79	81
80	1
80	18
80	19
80	21
80	22
80	23
80	26
80	27
80	28
80	29
80	41
80	44
80	46
80	52
80	54
80	59
80	65
80	69
80	71
80	72
80	73
80	79
80	81
81	9
81	13
81	18
81	20
81	23
81	27
81	37
81	46
81	49
81	51
81	52
81	53
81	54
81	59
81	61
81	64
81	65
81	67
81	72
81	73
81	74
81	76
81	78
81	79
81	80
