1	8
1	34
1	36
1	48
1	53
1	70
2	19
2	20
2	52
2	58
2	60
2	68
3	16
3	17
3	46
3	65
3	78
3	80
4	15
4	38
4	40
4	46
4	63
4	76
5	22
5	55
5	60
5	61
5	69
5	71
6	23
6	28
6	50
6	65
6	68
6	76
7	21
7	30
7	63
7	74
7	79
7	80
8	1
8	11
8	14
8	21
8	53
8	72
9	24
9	30
9	32
9	47
9	55
9	68
10	21
10	29
10	49
10	51
10	61
10	77
11	8
11	20
11	62
11	65
11	74
11	80
12	23
12	39
12	54
12	60
12	67
12	73
12	77
13	49
13	56
13	61
13	68
13	79
13	80
13	81
14	8
14	24
14	68
14	70
14	76
14	78
14	81
15	4
15	22
15	26
15	30
15	44
15	50
15	81
16	3
16	46
16	54
16	68
16	71
16	75
16	81
17	3
17	27
17	61
17	72
17	75
17	76
17	79
18	40
18	41
18	53
18	56
18	60
18	69
18	79
19	2
19	35
19	40
19	65
19	69
19	71
19	78
20	2
20	11
20	41
20	60
20	67
20	69
20	79
21	7
21	8
21	10
21	52
21	54
21	71
21	72
22	5
22	15
22	32
22	40
22	53
22	69
22	74
23	6
23	12
23	39
23	58
23	59
23	61
23	77
24	9
24	14
24	46
24	48
24	51
24	72
24	75
25	53
25	66
25	69
25	71
25	75
25	77
25	79
26	15
26	48
26	49
26	60
26	72
26	74
26	76
27	17
27	28
27	41
27	45
27	57
27	78
27	81
28	6
28	27
28	50
28	57
28	68
28	70
28	79
28	80
29	10
29	38
29	47
29	59
29	62
29	63
29	74
29	79
30	7
30	9
30	15
30	33
30	56
30	65
30	76
30	80
31	35
31	55
31	56
31	62
31	68
31	78
31	79
31	81
32	9
32	22
32	43
32	56
32	68
32	69
32	71
32	77
33	30
33	37
33	50
33	63
33	74
33	78
33	80
33	81
34	1
34	59
34	60
34	65
34	67
34	73
34	78
34	79
35	19
35	31
35	40
35	53
35	61
35	64
35	66
35	69
36	1
36	40
36	44
36	51
36	52
36	72
36	75
36	79
37	33
37	46
37	59
37	62
37	64
37	65
37	67
37	73
37	76
38	4
38	29
38	44
38	52
38	56
38	63
38	76
38	77
38	79
39	12
39	23
39	49
39	51
39	52
39	66
39	72
39	74
39	77
40	4
40	18
40	19
40	22
40	35
40	36
40	47
40	60
40	75
41	18
41	20
41	27
41	45
41	52
41	62
41	73
41	76
41	80
42	43
42	55
42	57
42	62
42	66
42	70
42	72
42	78
42	79
43	32
43	42
43	66
43	67
43	71
43	72
43	73
43	80
43	81
44	15
44	36
44	38
44	47
44	52
44	58
44	59
44	77
44	81
45	27
45	41
45	50
45	58
45	71
45	74
45	76
45	80
45	81
46	3
46	4
46	16
46	24
46	37
46	55
46	73
46	74
46	79
47	9
47	29
47	40
47	44
47	65
47	67
47	78
47	79
47	81
48	1
48	24
48	26
48	52
48	56
48	66
48	72
48	78
48	80
49	10
49	13
49	26
49	39
49	52
49	64
49	70
49	72
49	73
50	6
50	15
50	28
50	33
50	45
50	56
50	57
50	61
50	75
51	10
51	24
51	36
51	39
51	61
51	66
51	67
51	72
51	78
52	2
52	21
52	36
52	38
52	39
52	41
52	44
52	48
52	49
52	63
53	1
53	8
53	18
53	22
53	25
53	35
53	60
53	69
53	70
53	74
54	12
54	16
54	21
54	56
54	64
54	70
54	72
54	75
54	80
54	81
55	5
55	9
55	31
55	42
55	46
55	59
55	61
55	62
55	64
55	79
56	13
56	18
56	30
56	31
56	32
56	38
56	48
56	50
56	54
56	77
57	27
57	28
57	42
57	50
57	58
57	62
57	66
57	70
57	77
57	81
58	2
58	23
58	44
58	45
58	57
58	59
58	64
58	73
58	80
58	81
59	23
59	29
59	34
59	37
59	44
59	55
59	58
59	61
59	66
59	75
59	81
60	2
60	5
60	12
60	18
60	20
60	26
60	34
60	40
60	53
60	63
60	71
60	76
61	5
61	10
61	13
61	17
61	23
61	35
61	50
61	51
61	55
61	59
61	65
61	71
62	11
62	29
62	31
62	37
62	41
62	42
62	55
62	57
62	64
62	73
62	77
62	80
63	4
63	7
63	29
63	33
63	38
63	52
63	60
63	67
63	68
63	73
63	78
63	81
64	35
64	37
64	49
64	54
64	55
64	58
64	62
64	71
64	73
64	74
64	76
64	77
64	80
65	3
65	6
65	11
65	19
65	30
65	34
65	37
65	47
65	61
65	69
65	70
65	78
65	81
66	25
66	35
66	39
66	42
66	43
66	48
66	51
66	57
66	59
66	73
66	75
66	80
66	81
67	12
67	20
67	34
67	37
67	43
67	47
67	51
67	63
67	68
67	70
67	71
67	78
67	81
68	2
68	6
68	9
68	13
68	14
68	16
68	28
68	31
68	32
68	63
68	67
68	73
68	77
69	5
69	18
69	19
69	20
69	22
69	25
69	32
69	35
69	53
69	65
69	77
69	78
69	80
70	1
70	14
70	28
70	42
70	49
70	53
70	54
70	57
70	65
70	67
70	75
70	77
70	78
70	79
71	5
71	16
71	19
71	21
71	25
71	32
71	43
71	45
71	60
71	61
71	64
71	67
71	77
71	81
72	8
72	17
72	21
72	24
72	26
72	36
72	39
72	42
72	43
72	48
72	49
72	51
72	54
72	75
72	79
73	12
73	34
73	37
73	41
73	43
73	46
73	49
73	58
73	62
73	63
73	64
73	66
73	68
73	74
73	76
73	80
74	7
74	11
74	22
74	26
74	29
74	33
74	39
74	45
74	46
74	53
74	64
74	73
74	76
74	78
74	80
74	81
75	16
75	17
75	24
75	25
75	36
75	40
75	50
75	54
75	59
75	66
75	70
75	72
75	78
75	79
75	80
75	81
76	4
76	6
76	14
76	17
76	26
76	30
76	37
76	38
76	41
76	45
76	60
76	64
76	73
76	74
76	79
76	80
76	81
77	10
77	12
77	23
77	25
77	32
77	38
77	39
77	44
77	56
77	57
77	62
77	64
77	68
77	69
77	70
77	71
77	78
77	79
77	81
78	3
78	14
78	19
78	27
78	31
78	33
78	34
78	42
78	47
78	48
78	51
78	63
78	65
78	67
78	69
78	70
78	74
78	75
78	77
78	79
78	80
79	7
79	13
79	17
79	18
79	20
79	25
79	28
79	29
79	31
79	34
79	36
79	38
79	42
79	46
79	47
79	55
79	70
79	72
79	75
79	76
79	77
79	78
79	80
80	3
80	7
80	11
80	13
80	28
80	30
80	33
80	41
80	43
80	45
80	48
80	54
80	58
80	62
80	64
80	66
80	69
80	73
80	74
80	75
80	76
80	78
80	79
80	81
81	13
81	14
81	15
81	16
81	27
81	31
81	33
81	43
81	44
81	45
81	47
81	54
81	57
81	58
81	59
81	63
81	65
81	66
81	67
81	71
81	74
81	75
81	76
81	77
81	80
