1	14
1	36
1	72
1	73
1	77
1	80
2	9
2	36
2	39
2	52
2	57
2	71
3	23
3	55
3	71
3	72
3	73
3	81
4	34
4	38
4	57
4	60
4	65
4	76
5	12
5	39
5	45
5	52
5	74
5	75
6	26
6	69
6	70
6	73
6	75
6	77
7	44
7	47
7	48
7	54
7	67
7	74
8	25
8	45
8	46
8	54
8	59
8	74
9	2
9	16
9	43
9	63
9	71
9	80
10	23
10	44
10	70
10	77
10	78
10	81
11	16
11	62
11	71
11	78
11	79
11	80
12	5
12	18
12	45
12	49
12	73
12	77
13	19
13	27
13	31
13	56
13	75
13	80
14	1
14	23
14	63
14	73
14	75
14	76
15	26
15	36
15	48
15	57
15	59
15	61
16	9
16	11
16	51
16	61
16	74
16	81
17	18
17	28
17	30
17	39
17	45
17	76
17	81
18	12
18	17
18	28
18	45
18	48
18	58
18	77
19	13
19	47
19	48
19	49
19	60
19	67
19	80
20	35
20	39
20	40
20	57
20	67
20	69
20	79
21	56
21	59
21	64
21	65
21	70
21	77
21	81
22	41
22	47
22	55
22	56
22	69
22	74
22	77
23	3
23	10
23	14
23	35
23	40
23	60
23	67
24	31
24	35
24	55
24	56
24	63
24	74
24	81
25	8
25	52
25	63
25	64
25	75
25	76
25	81
26	6
26	15
26	44
26	53
26	55
26	57
26	67
27	13
27	30
27	66
27	69
27	71
27	73
27	80
28	17
28	18
28	39
28	43
28	45
28	60
28	79
29	37
29	46
29	65
29	66
29	69
29	76
29	77
29	78
30	17
30	27
30	37
30	38
30	45
30	59
30	65
30	70
31	13
31	24
31	38
31	40
31	41
31	52
31	61
31	74
32	33
32	42
32	53
32	68
32	72
32	74
32	77
32	81
33	32
33	59
33	63
33	66
33	68
33	70
33	72
33	75
34	4
34	53
34	58
34	62
34	66
34	69
34	72
34	73
34	81
35	20
35	23
35	24
35	40
35	43
35	57
35	67
35	79
35	80
36	1
36	2
36	15
36	54
36	61
36	63
36	67
36	78
36	81
37	29
37	30
37	42
37	53
37	64
37	68
37	75
37	78
37	79
38	4
38	30
38	31
38	42
38	43
38	55
38	68
38	70
38	76
39	2
39	5
39	17
39	20
39	28
39	45
39	57
39	62
39	76
40	20
40	23
40	31
40	35
40	41
40	44
40	55
40	69
40	79
41	22
41	31
41	40
41	48
41	54
41	57
41	64
41	67
41	78
42	32
42	37
42	38
42	54
42	56
42	58
42	69
42	70
42	73
42	77
43	9
43	28
43	35
43	38
43	47
43	56
43	59
43	60
43	68
43	70
44	7
44	10
44	26
44	40
44	48
44	67
44	68
44	72
44	78
44	80
45	5
45	8
45	12
45	17
45	18
45	28
45	30
45	39
45	46
45	78
45	80
46	8
46	29
46	45
46	47
46	53
46	54
46	63
46	65
46	74
46	77
46	80
47	7
47	19
47	22
47	43
47	46
47	52
47	61
47	63
47	65
47	69
47	74
48	7
48	15
48	18
48	19
48	41
48	44
48	60
48	67
48	71
48	74
48	77
49	12
49	19
49	50
49	57
49	62
49	63
49	64
49	77
49	78
49	80
49	81
50	49
50	51
50	54
50	59
50	62
50	66
50	70
50	71
50	72
50	73
50	79
51	16
51	50
51	58
51	66
51	68
51	71
51	72
51	73
51	74
51	75
51	76
52	2
52	5
52	25
52	31
52	47
52	61
52	63
52	66
52	68
52	73
52	74
52	76
53	26
53	32
53	34
53	37
53	46
53	56
53	59
53	68
53	70
53	71
53	75
53	79
54	7
54	8
54	36
54	41
54	42
54	46
54	50
54	61
54	63
54	74
54	75
54	78
55	3
55	22
55	24
55	26
55	38
55	40
55	62
55	65
55	76
55	78
55	80
55	81
56	13
56	21
56	22
56	24
56	42
56	43
56	53
56	64
56	68
56	70
56	71
56	75
57	2
57	4
57	15
57	20
57	26
57	35
57	39
57	41
57	49
57	62
57	64
57	67
58	18
58	34
58	42
58	51
58	60
58	62
58	65
58	66
58	71
58	72
58	73
58	74
58	75
59	8
59	15
59	21
59	30
59	33
59	43
59	50
59	53
59	65
59	68
59	70
59	71
59	72
59	75
60	4
60	19
60	23
60	28
60	43
60	48
60	58
60	61
60	64
60	65
60	67
60	75
60	76
60	79
60	81
61	15
61	16
61	31
61	36
61	47
61	52
61	54
61	60
61	65
61	68
61	70
61	74
61	76
61	80
61	81
62	11
62	34
62	39
62	49
62	50
62	55
62	57
62	58
62	65
62	66
62	68
62	71
62	72
62	73
62	78
63	9
63	14
63	24
63	25
63	33
63	36
63	46
63	47
63	49
63	52
63	54
63	69
63	74
63	77
63	79
63	80
64	21
64	25
64	37
64	41
64	49
64	56
64	57
64	60
64	65
64	67
64	69
64	70
64	73
64	76
64	79
64	80
65	4
65	21
65	29
65	30
65	46
65	47
65	55
65	58
65	59
65	60
65	61
65	62
65	64
65	66
65	77
65	79
65	81
66	27
66	29
66	33
66	34
66	50
66	51
66	52
66	58
66	62
66	65
66	69
66	71
66	72
66	73
66	76
66	79
66	80
67	7
67	19
67	20
67	23
67	26
67	35
67	36
67	41
67	44
67	48
67	57
67	60
67	64
67	70
67	76
67	77
67	78
67	79
68	32
68	33
68	37
68	38
68	43
68	44
68	51
68	52
68	53
68	56
68	59
68	61
68	62
68	70
68	71
68	76
68	77
68	78
68	81
69	6
69	20
69	22
69	27
69	29
69	34
69	40
69	42
69	47
69	63
69	64
69	66
69	73
69	74
69	75
69	77
69	78
69	79
69	81
70	6
70	10
70	21
70	30
70	33
70	38
70	42
70	43
70	50
70	53
70	56
70	59
70	61
70	64
70	67
70	68
70	75
70	80
70	81
71	2
71	3
71	9
71	11
71	27
71	48
71	50
71	51
71	53
71	56
71	58
71	59
71	62
71	66
71	68
71	72
71	73
71	79
71	80
72	1
72	3
72	32
72	33
72	34
72	44
72	50
72	51
72	58
72	59
72	62
72	66
72	71
72	73
72	74
72	77
72	78
72	79
72	80
73	1
73	3
73	6
73	12
73	14
73	27
73	34
73	42
73	50
73	51
73	52
73	58
73	62
73	64
73	66
73	69
73	71
73	72
73	76
73	78
74	5
74	7
74	8
74	16
74	22
74	24
74	31
74	32
74	46
74	47
74	48
74	51
74	52
74	54
74	58
74	61
74	63
74	69
74	72
74	81
75	5
75	6
75	13
75	14
75	25
75	33
75	37
75	51
75	53
75	54
75	56
75	58
75	59
75	60
75	69
75	70
75	78
75	79
75	80
75	81
76	4
76	14
76	17
76	25
76	29
76	38
76	39
76	51
76	52
76	55
76	60
76	61
76	64
76	66
76	67
76	68
76	73
76	77
76	78
76	79
76	81
77	1
77	6
77	10
77	12
77	18
77	21
77	22
77	29
77	32
77	42
77	46
77	48
77	49
77	63
77	65
77	67
77	68
77	69
77	72
77	76
77	78
77	79
77	80
78	10
78	11
78	29
78	36
78	37
78	41
78	44
78	45
78	49
78	54
78	55
78	62
78	67
78	68
78	69
78	72
78	73
78	75
78	76
78	77
78	79
78	80
78	81
79	11
79	20
79	28
79	35
79	37
79	40
79	50
79	53
79	60
79	63
79	64
79	65
79	66
79	67
79	69
79	71
79	72
79	75
79	76
79	77
79	78
79	80
79	81
80	1
80	9
80	11
80	13
80	19
80	27
80	35
80	44
80	45
80	46
80	49
80	55
80	61
80	63
80	64
80	66
80	70
80	71
80	72
80	75
80	77
80	78
80	79
80	81
81	3
81	10
81	16
81	17
81	21
81	24
81	25
81	32
81	34
81	36
81	49
81	55
81	60
81	61
81	65
81	68
81	69
81	70
81	74
81	75
81	76
81	78
81	79
81	80
