1	12
1	16
1	22
1	53
1	69
1	70
2	53
2	60
2	63
2	71
2	74
2	80
3	31
3	36
3	60
3	71
3	76
3	78
4	17
4	29
4	38
4	68
4	73
4	76
5	14
5	18
5	25
5	51
5	71
5	79
6	25
6	42
6	52
6	56
6	59
6	70
7	15
7	17
7	19
7	26
7	42
7	68
8	22
8	41
8	44
8	53
8	66
8	77
9	30
9	48
9	57
9	58
9	68
9	71
10	15
10	29
10	38
10	57
10	73
10	78
11	22
11	24
11	26
11	32
11	37
11	38
11	81
12	1
12	51
12	53
12	72
12	75
12	79
12	80
13	36
13	38
13	59
13	60
13	61
13	62
13	81
14	5
14	31
14	36
14	38
14	51
14	58
14	67
15	7
15	10
15	38
15	44
15	47
15	67
15	69
16	1
16	29
16	35
16	43
16	53
16	54
16	57
17	4
17	7
17	19
17	70
17	75
17	77
17	80
18	5
18	35
18	36
18	42
18	62
18	66
18	67
19	7
19	17
19	29
19	38
19	63
19	75
19	79
20	32
20	34
20	35
20	54
20	72
20	75
20	76
21	31
21	35
21	36
21	51
21	68
21	71
21	74
22	1
22	8
22	11
22	23
22	59
22	66
22	72
22	81
23	22
23	34
23	41
23	45
23	49
23	64
23	65
23	70
24	11
24	26
24	34
24	44
24	56
24	63
24	76
24	77
25	5
25	6
25	49
25	55
25	68
25	69
25	73
25	74
26	7
26	11
26	24
26	62
26	63
26	69
26	72
26	81
27	54
27	60
27	63
27	70
27	76
27	78
27	79
27	80
28	41
28	55
28	61
28	62
28	72
28	75
28	77
28	81
29	4
29	10
29	16
29	19
29	38
29	47
29	66
29	73
30	9
30	40
30	42
30	43
30	54
30	66
30	71
30	72
30	74
31	3
31	14
31	21
31	37
31	45
31	51
31	53
31	59
31	75
32	11
32	20
32	43
32	49
32	58
32	65
32	71
32	77
32	78
33	44
33	58
33	61
33	63
33	67
33	68
33	69
33	70
33	75
34	20
34	23
34	24
34	49
34	50
34	55
34	68
34	74
34	80
35	16
35	18
35	20
35	21
35	52
35	53
35	61
35	69
35	70
36	3
36	13
36	14
36	18
36	21
36	51
36	53
36	57
36	68
37	11
37	31
37	38
37	48
37	58
37	61
37	72
37	76
37	81
38	4
38	10
38	11
38	13
38	14
38	15
38	19
38	29
38	37
39	45
39	52
39	60
39	64
39	66
39	71
39	74
39	75
39	78
40	30
40	41
40	42
40	47
40	58
40	65
40	71
40	74
40	80
41	8
41	23
41	28
41	40
41	42
41	50
41	60
41	63
41	65
41	78
42	6
42	7
42	18
42	30
42	40
42	41
42	51
42	74
42	75
42	80
43	16
43	30
43	32
43	50
43	64
43	67
43	68
43	74
43	78
43	80
44	8
44	15
44	24
44	33
44	53
44	56
44	60
44	70
44	73
44	78
45	23
45	31
45	39
45	64
45	67
45	75
45	76
45	78
45	80
45	81
46	54
46	64
46	65
46	71
46	73
46	77
46	78
46	79
46	80
46	81
47	15
47	29
47	40
47	50
47	55
47	61
47	63
47	66
47	76
47	78
47	81
48	9
48	37
48	54
48	56
48	59
48	62
48	72
48	73
48	77
48	80
48	81
49	23
49	25
49	32
49	34
49	57
49	62
49	63
49	64
49	71
49	75
49	77
49	79
50	34
50	41
50	43
50	47
50	55
50	56
50	66
50	69
50	72
50	76
50	80
50	81
51	5
51	12
51	14
51	21
51	31
51	36
51	42
51	62
51	65
51	66
51	74
51	77
52	6
52	35
52	39
52	64
52	67
52	70
52	73
52	76
52	77
52	78
52	79
52	81
53	1
53	2
53	8
53	12
53	16
53	31
53	35
53	36
53	44
53	62
53	73
53	77
54	16
54	20
54	27
54	30
54	46
54	48
54	57
54	67
54	73
54	77
54	79
54	80
55	25
55	28
55	34
55	47
55	50
55	60
55	63
55	66
55	70
55	72
55	76
55	78
55	80
56	6
56	24
56	44
56	48
56	50
56	57
56	61
56	63
56	66
56	67
56	72
56	73
56	76
56	78
57	9
57	10
57	16
57	36
57	49
57	54
57	56
57	62
57	65
57	68
57	73
57	77
57	78
57	79
58	9
58	14
58	32
58	33
58	37
58	40
58	60
58	65
58	67
58	69
58	70
58	73
58	76
58	80
59	6
59	13
59	22
59	31
59	48
59	61
59	62
59	63
59	64
59	71
59	72
59	73
59	79
59	81
60	2
60	3
60	13
60	27
60	39
60	41
60	44
60	55
60	58
60	63
60	66
60	68
60	69
60	71
60	76
61	13
61	28
61	33
61	35
61	37
61	47
61	56
61	59
61	62
61	64
61	65
61	70
61	72
61	74
61	81
62	13
62	18
62	26
62	28
62	48
62	49
62	51
62	53
62	57
62	59
62	61
62	67
62	70
62	72
62	76
62	81
63	2
63	19
63	24
63	26
63	27
63	33
63	41
63	47
63	49
63	55
63	56
63	59
63	60
63	71
63	78
63	79
64	23
64	39
64	43
64	45
64	46
64	49
64	52
64	59
64	61
64	67
64	68
64	74
64	75
64	76
64	77
64	80
65	23
65	32
65	40
65	41
65	46
65	51
65	57
65	58
65	61
65	67
65	68
65	69
65	70
65	73
65	74
65	75
65	79
66	8
66	18
66	22
66	29
66	30
66	39
66	47
66	50
66	51
66	55
66	56
66	60
66	69
66	72
66	74
66	76
66	78
67	14
67	15
67	18
67	33
67	43
67	45
67	52
67	54
67	56
67	58
67	62
67	64
67	65
67	69
67	70
67	77
67	81
68	4
68	7
68	9
68	21
68	25
68	33
68	34
68	36
68	43
68	57
68	60
68	64
68	65
68	69
68	77
68	79
68	81
69	1
69	15
69	25
69	26
69	33
69	35
69	50
69	58
69	60
69	65
69	66
69	67
69	68
69	70
69	76
69	77
69	79
70	1
70	6
70	17
70	23
70	27
70	33
70	35
70	44
70	52
70	55
70	58
70	61
70	62
70	65
70	67
70	69
70	77
70	79
71	2
71	3
71	5
71	9
71	21
71	30
71	32
71	39
71	40
71	46
71	49
71	59
71	60
71	63
71	74
71	75
71	80
71	81
72	12
72	20
72	22
72	26
72	28
72	30
72	37
72	48
72	50
72	55
72	56
72	59
72	61
72	62
72	66
72	73
72	79
72	81
73	4
73	10
73	25
73	29
73	44
73	46
73	48
73	52
73	53
73	54
73	56
73	57
73	58
73	59
73	65
73	72
73	77
73	79
74	2
74	21
74	25
74	30
74	34
74	39
74	40
74	42
74	43
74	51
74	61
74	64
74	65
74	66
74	71
74	75
74	78
74	79
74	80
75	12
75	17
75	19
75	20
75	28
75	31
75	33
75	39
75	42
75	45
75	49
75	64
75	65
75	71
75	74
75	76
75	78
75	80
75	81
76	3
76	4
76	20
76	24
76	27
76	37
76	45
76	47
76	50
76	52
76	55
76	56
76	58
76	60
76	62
76	64
76	66
76	69
76	75
76	78
77	8
77	17
77	24
77	28
77	32
77	46
77	48
77	49
77	51
77	52
77	53
77	54
77	57
77	64
77	67
77	68
77	69
77	70
77	73
77	79
78	3
78	10
78	27
78	32
78	39
78	41
78	43
78	44
78	45
78	46
78	47
78	52
78	55
78	56
78	57
78	63
78	66
78	74
78	75
78	76
79	5
79	12
79	19
79	27
79	46
79	49
79	52
79	54
79	57
79	59
79	63
79	65
79	68
79	69
79	70
79	72
79	73
79	74
79	77
79	80
79	81
80	2
80	12
80	17
80	27
80	34
80	40
80	42
80	43
80	45
80	46
80	48
80	50
80	54
80	55
80	58
80	64
80	71
80	74
80	75
80	79
80	81
81	11
81	13
81	22
81	26
81	28
81	37
81	45
81	46
81	47
81	48
81	50
81	52
81	59
81	61
81	62
81	67
81	68
81	71
81	72
81	75
81	79
81	80
