1	18
1	33
1	43
1	53
1	72
1	76
2	16
2	19
2	31
2	72
2	75
2	76
3	24
3	64
3	66
3	70
3	74
3	79
4	13
4	19
4	25
4	36
4	49
4	58
5	17
5	37
5	51
5	56
5	60
5	77
6	19
6	25
6	52
6	62
6	63
6	68
7	32
7	54
7	73
7	77
7	79
7	80
8	9
8	20
8	30
8	54
8	58
8	80
9	8
9	19
9	58
9	66
9	70
9	72
10	12
10	22
10	32
10	56
10	65
10	78
11	15
11	25
11	40
11	66
11	73
11	74
12	10
12	61
12	68
12	71
12	76
12	79
13	4
13	29
13	58
13	70
13	73
13	80
14	26
14	27
14	33
14	41
14	45
14	79
15	11
15	41
15	55
15	64
15	66
15	70
15	77
16	2
16	50
16	69
16	70
16	79
16	80
16	81
17	5
17	58
17	64
17	75
17	79
17	80
17	81
18	1
18	35
18	38
18	53
18	64
18	72
18	76
19	2
19	4
19	6
19	9
19	29
19	36
19	65
20	8
20	29
20	33
20	51
20	58
20	64
20	73
21	36
21	62
21	63
21	68
21	73
21	76
21	80
22	10
22	57
22	67
22	72
22	74
22	80
22	81
23	36
23	55
23	62
23	63
23	66
23	68
23	72
24	3
24	30
24	33
24	34
24	38
24	61
24	71
25	4
25	6
25	11
25	33
25	38
25	65
25	72
25	79
26	14
26	28
26	31
26	45
26	48
26	61
26	76
26	81
27	14
27	39
27	57
27	60
27	73
27	75
27	77
27	78
28	26
28	38
28	43
28	55
28	56
28	58
28	63
28	77
29	13
29	19
29	20
29	39
29	47
29	49
29	50
29	58
30	8
30	24
30	40
30	59
30	61
30	73
30	74
30	79
31	2
31	26
31	39
31	44
31	46
31	53
31	61
31	72
32	7
32	10
32	55
32	60
32	64
32	66
32	70
32	75
32	76
33	1
33	14
33	20
33	24
33	25
33	52
33	74
33	78
33	80
34	24
34	41
34	45
34	49
34	50
34	61
34	72
34	76
34	81
35	18
35	43
35	47
35	51
35	54
35	57
35	63
35	65
35	67
36	4
36	19
36	21
36	23
36	42
36	46
36	68
36	74
36	79
37	5
37	50
37	52
37	69
37	71
37	77
37	78
37	79
37	80
38	18
38	24
38	25
38	28
38	58
38	71
38	74
38	78
38	81
39	27
39	29
39	31
39	40
39	53
39	60
39	74
39	80
39	81
40	11
40	30
40	39
40	43
40	62
40	65
40	69
40	73
40	78
41	14
41	15
41	34
41	45
41	48
41	61
41	72
41	76
41	79
42	36
42	44
42	46
42	62
42	63
42	68
42	76
42	78
42	81
43	1
43	28
43	35
43	40
43	61
43	62
43	71
43	78
43	79
43	80
44	31
44	42
44	51
44	57
44	58
44	59
44	60
44	65
44	67
44	75
45	14
45	26
45	34
45	41
45	53
45	57
45	61
45	72
45	76
45	77
46	31
46	36
46	42
46	49
46	50
46	62
46	63
46	67
46	68
46	77
47	29
47	35
47	49
47	56
47	59
47	62
47	65
47	67
47	73
47	75
48	26
48	41
48	60
48	69
48	74
48	75
48	76
48	79
48	80
48	81
49	4
49	29
49	34
49	46
49	47
49	57
49	59
49	65
49	67
49	73
49	75
50	16
50	29
50	34
50	37
50	46
50	54
50	59
50	61
50	74
50	80
50	81
51	5
51	20
51	35
51	44
51	57
51	59
51	63
51	65
51	67
51	77
51	80
52	6
52	33
52	37
52	53
52	55
52	60
52	64
52	66
52	67
52	70
52	78
53	1
53	18
53	31
53	39
53	45
53	52
53	69
53	74
53	75
53	78
53	80
53	81
54	7
54	8
54	35
54	50
54	68
54	69
54	70
54	74
54	75
54	77
54	80
54	81
55	15
55	23
55	28
55	32
55	52
55	60
55	61
55	64
55	66
55	68
55	70
55	77
55	80
56	5
56	10
56	28
56	47
56	58
56	59
56	64
56	67
56	73
56	75
56	77
56	79
56	80
57	22
57	27
57	35
57	44
57	45
57	49
57	51
57	59
57	65
57	67
57	70
57	72
57	81
58	4
58	8
58	9
58	13
58	17
58	20
58	28
58	29
58	38
58	44
58	56
58	66
58	69
59	30
59	44
59	47
59	49
59	50
59	51
59	56
59	57
59	65
59	67
59	69
59	73
59	77
59	78
60	5
60	27
60	32
60	39
60	44
60	48
60	52
60	55
60	64
60	66
60	68
60	70
60	72
61	12
61	24
61	26
61	30
61	31
61	34
61	41
61	43
61	45
61	50
61	55
61	71
61	72
61	76
62	6
62	21
62	23
62	40
62	42
62	43
62	46
62	47
62	63
62	66
62	68
62	69
62	75
62	81
63	6
63	21
63	23
63	28
63	35
63	42
63	46
63	51
63	62
63	68
63	71
63	78
63	79
63	81
64	3
64	15
64	17
64	18
64	20
64	32
64	52
64	55
64	56
64	60
64	66
64	70
64	71
64	77
64	80
65	10
65	19
65	25
65	35
65	40
65	44
65	47
65	49
65	51
65	57
65	59
65	67
65	71
65	73
65	79
66	3
66	9
66	11
66	15
66	23
66	32
66	52
66	55
66	58
66	60
66	62
66	64
66	67
66	70
66	74
66	76
67	22
67	35
67	44
67	46
67	47
67	49
67	51
67	52
67	56
67	57
67	59
67	65
67	66
67	70
67	71
67	81
68	6
68	12
68	21
68	23
68	36
68	42
68	46
68	54
68	55
68	60
68	62
68	63
68	75
68	77
68	78
68	79
69	16
69	37
69	40
69	48
69	53
69	54
69	58
69	59
69	62
69	71
69	74
69	75
69	76
69	78
69	80
69	81
70	3
70	9
70	13
70	15
70	16
70	32
70	52
70	54
70	55
70	57
70	60
70	64
70	66
70	67
70	71
70	75
70	79
71	12
71	24
71	37
71	38
71	43
71	61
71	63
71	64
71	65
71	67
71	69
71	70
71	73
71	74
71	77
71	78
71	79
72	1
72	2
72	9
72	18
72	22
72	23
72	25
72	31
72	34
72	41
72	45
72	57
72	60
72	61
72	76
72	79
72	81
73	7
73	11
73	13
73	20
73	21
73	27
73	30
73	40
73	47
73	49
73	56
73	59
73	65
73	71
73	76
73	77
73	78
73	81
74	3
74	11
74	22
74	30
74	33
74	36
74	38
74	39
74	48
74	50
74	53
74	54
74	66
74	69
74	71
74	75
74	78
74	80
74	81
75	2
75	17
75	27
75	32
75	44
75	47
75	48
75	49
75	53
75	54
75	56
75	62
75	68
75	69
75	70
75	74
75	76
75	80
75	81
76	1
76	2
76	12
76	18
76	21
76	26
76	32
76	34
76	41
76	42
76	45
76	48
76	61
76	66
76	69
76	72
76	73
76	75
76	78
77	5
77	7
77	15
77	27
77	28
77	37
77	45
77	46
77	51
77	54
77	55
77	56
77	59
77	64
77	68
77	71
77	73
77	79
77	80
78	10
78	27
78	33
78	37
78	38
78	40
78	42
78	43
78	52
78	53
78	59
78	63
78	68
78	69
78	71
78	73
78	74
78	76
78	79
78	81
79	3
79	7
79	12
79	14
79	16
79	17
79	25
79	30
79	36
79	37
79	41
79	43
79	48
79	56
79	63
79	65
79	68
79	70
79	71
79	72
79	77
79	78
79	81
80	7
80	8
80	13
80	16
80	17
80	21
80	22
80	33
80	37
80	39
80	43
80	48
80	50
80	51
80	53
80	54
80	55
80	56
80	64
80	69
80	74
80	75
80	77
80	81
81	16
81	17
81	22
81	26
81	34
81	38
81	39
81	42
81	48
81	50
81	53
81	54
81	57
81	62
81	63
81	67
81	69
81	72
81	73
81	74
81	75
81	78
81	79
81	80
