1	34
1	46
1	56
1	67
1	69
1	73
2	17
2	23
2	50
2	51
2	58
2	61
3	16
3	29
3	52
3	59
3	61
3	65
4	27
4	59
4	63
4	66
4	79
4	81
5	27
5	49
5	55
5	68
5	76
5	77
6	45
6	49
6	57
6	61
6	65
6	80
7	21
7	35
7	51
7	58
7	67
7	81
8	24
8	27
8	55
8	56
8	75
8	78
9	10
9	53
9	54
9	61
9	64
9	67
10	9
10	28
10	37
10	42
10	43
10	80
11	12
11	26
11	51
11	57
11	58
11	77
12	11
12	33
12	35
12	50
12	57
12	60
13	33
13	70
13	73
13	76
13	79
13	81
14	22
14	54
14	71
14	79
14	80
14	81
15	55
15	62
15	66
15	69
15	71
15	78
16	3
16	52
16	57
16	61
16	72
16	79
17	2
17	37
17	62
17	68
17	74
17	75
17	78
18	23
18	35
18	51
18	58
18	67
18	74
18	81
19	40
19	43
19	48
19	49
19	61
19	74
19	79
20	23
20	34
20	43
20	64
20	74
20	77
20	80
21	7
21	60
21	63
21	67
21	68
21	78
21	80
22	14
22	36
22	45
22	48
22	62
22	68
22	69
23	2
23	18
23	20
23	26
23	31
23	72
23	78
24	8
24	32
24	34
24	46
24	56
24	61
24	78
25	39
25	42
25	70
25	74
25	77
25	79
25	81
26	11
26	23
26	30
26	33
26	58
26	68
26	78
27	4
27	5
27	8
27	46
27	56
27	77
27	79
28	10
28	29
28	42
28	45
28	48
28	53
28	73
29	3
29	28
29	42
29	59
29	71
29	72
29	76
30	26
30	37
30	41
30	48
30	53
30	58
30	63
31	23
31	32
31	69
31	76
31	77
31	78
31	80
32	24
32	31
32	38
32	53
32	67
32	75
32	77
33	12
33	13
33	26
33	51
33	65
33	73
33	76
33	81
34	1
34	20
34	24
34	46
34	56
34	75
34	76
34	81
35	7
35	12
35	18
35	43
35	51
35	58
35	75
35	80
36	22
36	40
36	53
36	68
36	77
36	78
36	79
36	80
37	10
37	17
37	30
37	68
37	72
37	74
37	75
37	80
38	32
38	50
38	65
38	69
38	70
38	76
38	80
38	81
39	25
39	62
39	66
39	71
39	74
39	75
39	79
39	81
40	19
40	36
40	68
40	70
40	71
40	76
40	79
40	81
41	30
41	43
41	46
41	56
41	66
41	72
41	76
41	78
41	79
42	10
42	25
42	28
42	29
42	43
42	57
42	76
42	77
42	80
43	10
43	19
43	20
43	35
43	41
43	42
43	49
43	54
43	79
44	48
44	54
44	62
44	64
44	69
44	75
44	77
44	78
44	81
45	6
45	22
45	28
45	60
45	63
45	67
45	73
45	77
45	81
46	1
46	24
46	27
46	34
46	41
46	56
46	62
46	64
46	75
47	58
47	59
47	65
47	70
47	71
47	73
47	75
47	79
47	81
48	19
48	22
48	28
48	30
48	44
48	54
48	59
48	63
48	77
48	80
49	5
49	6
49	19
49	43
49	57
49	61
49	62
49	63
49	68
49	72
50	2
50	12
50	38
50	52
50	54
50	55
50	64
50	73
50	78
50	79
51	2
51	7
51	11
51	18
51	33
51	35
51	65
51	66
51	76
51	78
51	79
52	3
52	16
52	50
52	55
52	59
52	64
52	69
52	70
52	71
52	79
52	81
53	9
53	28
53	30
53	32
53	36
53	55
53	65
53	67
53	75
53	76
53	78
54	9
54	14
54	43
54	44
54	48
54	50
54	60
54	63
54	66
54	72
54	79
55	5
55	8
55	15
55	50
55	52
55	53
55	62
55	65
55	66
55	70
55	80
56	1
56	8
56	24
56	27
56	34
56	41
56	46
56	60
56	63
56	70
56	71
57	6
57	11
57	12
57	16
57	42
57	49
57	58
57	59
57	61
57	75
57	78
58	2
58	7
58	11
58	18
58	26
58	30
58	35
58	47
58	57
58	60
58	71
58	80
59	3
59	4
59	29
59	47
59	48
59	52
59	57
59	70
59	72
59	76
59	79
59	81
60	12
60	21
60	45
60	54
60	56
60	58
60	70
60	71
60	74
60	76
60	80
60	81
61	2
61	3
61	6
61	9
61	16
61	19
61	24
61	49
61	57
61	63
61	72
61	73
62	15
62	17
62	22
62	39
62	44
62	46
62	49
62	55
62	73
62	75
62	78
62	80
63	4
63	21
63	30
63	45
63	48
63	49
63	54
63	56
63	61
63	65
63	70
63	74
63	80
64	9
64	20
64	44
64	46
64	50
64	52
64	67
64	68
64	69
64	71
64	72
64	75
64	78
65	3
65	6
65	33
65	38
65	47
65	51
65	53
65	55
65	63
65	72
65	73
65	74
65	81
66	4
66	15
66	39
66	41
66	51
66	54
66	55
66	70
66	74
66	76
66	77
66	79
66	80
66	81
67	1
67	7
67	9
67	18
67	21
67	32
67	45
67	53
67	64
67	68
67	69
67	72
67	74
67	75
67	77
67	80
68	5
68	17
68	21
68	22
68	26
68	36
68	37
68	40
68	49
68	64
68	67
68	69
68	71
68	72
68	78
68	80
69	1
69	15
69	22
69	31
69	38
69	44
69	52
69	64
69	67
69	68
69	73
69	74
69	75
69	76
69	78
69	79
70	13
70	25
70	38
70	40
70	47
70	52
70	55
70	56
70	59
70	60
70	63
70	66
70	71
70	74
70	76
70	79
70	81
71	14
71	15
71	29
71	39
71	40
71	47
71	52
71	56
71	58
71	60
71	64
71	68
71	70
71	73
71	77
71	79
71	81
72	16
72	23
72	29
72	37
72	41
72	49
72	54
72	59
72	61
72	64
72	65
72	67
72	68
72	73
72	74
72	76
72	77
72	80
73	1
73	13
73	28
73	33
73	45
73	47
73	50
73	61
73	62
73	65
73	69
73	71
73	72
73	74
73	75
73	76
73	77
73	80
74	17
74	18
74	19
74	20
74	25
74	37
74	39
74	60
74	63
74	65
74	66
74	67
74	69
74	70
74	72
74	73
74	76
74	77
74	78
75	8
75	17
75	32
75	34
75	35
75	37
75	39
75	44
75	46
75	47
75	53
75	57
75	62
75	64
75	67
75	69
75	73
75	77
75	78
76	5
76	13
76	29
76	31
76	33
76	34
76	38
76	40
76	41
76	42
76	51
76	53
76	59
76	60
76	66
76	69
76	70
76	72
76	73
76	74
76	81
77	5
77	11
77	20
77	25
77	27
77	31
77	32
77	36
77	42
77	44
77	45
77	48
77	66
77	67
77	71
77	72
77	73
77	74
77	75
77	80
77	81
78	8
78	15
78	17
78	21
78	23
78	24
78	26
78	31
78	36
78	41
78	44
78	50
78	51
78	53
78	57
78	62
78	64
78	68
78	69
78	74
78	75
78	80
79	4
79	13
79	14
79	16
79	19
79	25
79	27
79	36
79	39
79	40
79	41
79	43
79	47
79	50
79	51
79	52
79	54
79	59
79	66
79	69
79	70
79	71
79	81
80	6
80	10
80	14
80	20
80	21
80	31
80	35
80	36
80	37
80	38
80	42
80	48
80	55
80	58
80	60
80	62
80	63
80	66
80	67
80	68
80	72
80	73
80	77
80	78
81	4
81	7
81	13
81	14
81	18
81	25
81	33
81	34
81	38
81	39
81	40
81	44
81	45
81	47
81	52
81	59
81	60
81	65
81	66
81	70
81	71
81	76
81	77
81	79
