1	28
1	51
1	58
1	62
1	63
1	77
2	34
2	71
2	74
2	76
2	79
2	81
3	42
3	44
3	62
3	68
3	70
3	79
4	38
4	43
4	49
4	73
4	79
4	81
5	14
5	36
5	37
5	38
5	64
5	74
6	22
6	55
6	72
6	76
6	79
6	81
7	46
7	47
7	48
7	64
7	70
7	74
8	51
8	54
8	68
8	72
8	78
8	80
9	57
9	62
9	68
9	76
9	79
9	81
10	44
10	55
10	66
10	72
10	73
10	78
11	40
11	56
11	61
11	72
11	78
11	81
12	22
12	42
12	72
12	73
12	79
12	81
13	52
13	58
13	63
13	64
13	75
13	81
14	5
14	58
14	61
14	67
14	70
14	76
14	80
15	16
15	22
15	48
15	49
15	54
15	65
15	71
16	15
16	26
16	37
16	39
16	60
16	75
16	81
17	40
17	61
17	64
17	65
17	69
17	71
17	78
18	28
18	36
18	56
18	66
18	74
18	75
18	81
19	36
19	40
19	61
19	65
19	68
19	69
19	79
20	24
20	47
20	59
20	63
20	74
20	80
20	81
21	45
21	49
21	62
21	67
21	69
21	77
21	78
22	6
22	12
22	15
22	23
22	26
22	56
22	60
23	22
23	25
23	63
23	65
23	73
23	76
23	81
24	20
24	28
24	38
24	39
24	54
24	66
24	76
25	23
25	39
25	43
25	48
25	53
25	60
25	75
25	78
26	16
26	22
26	29
26	32
26	58
26	60
26	78
26	80
27	39
27	41
27	63
27	66
27	68
27	69
27	72
27	78
28	1
28	18
28	24
28	47
28	51
28	63
28	71
28	77
29	26
29	43
29	48
29	54
29	58
29	60
29	73
29	74
30	41
30	50
30	59
30	62
30	65
30	68
30	73
30	75
31	47
31	52
31	58
31	60
31	61
31	63
31	72
31	81
32	26
32	54
32	59
32	60
32	65
32	69
32	74
32	80
33	46
33	47
33	53
33	58
33	59
33	61
33	65
33	69
34	2
34	55
34	56
34	67
34	68
34	69
34	76
34	78
35	43
35	67
35	73
35	75
35	76
35	79
35	80
35	81
36	5
36	18
36	19
36	42
36	71
36	73
36	76
36	79
36	81
37	5
37	16
37	50
37	53
37	59
37	61
37	65
37	69
37	77
38	4
38	5
38	24
38	44
38	45
38	61
38	75
38	76
38	80
39	16
39	24
39	25
39	27
39	43
39	59
39	60
39	77
39	78
40	11
40	17
40	19
40	44
40	62
40	65
40	66
40	69
40	71
41	27
41	30
41	48
41	55
41	56
41	57
41	67
41	75
41	79
42	3
42	12
42	36
42	45
42	66
42	67
42	68
42	78
42	79
42	80
43	4
43	25
43	29
43	35
43	39
43	48
43	51
43	60
43	67
43	75
44	3
44	10
44	38
44	40
44	57
44	63
44	71
44	73
44	75
44	81
45	21
45	38
45	42
45	49
45	59
45	67
45	72
45	73
45	74
45	77
46	7
46	33
46	53
46	56
46	59
46	62
46	64
46	71
46	74
46	75
46	80
47	7
47	20
47	28
47	31
47	33
47	51
47	52
47	57
47	58
47	63
47	70
48	7
48	15
48	25
48	29
48	41
48	43
48	53
48	57
48	59
48	60
48	72
49	4
49	15
49	21
49	45
49	65
49	66
49	68
49	72
49	73
49	78
49	80
50	30
50	37
50	53
50	55
50	56
50	61
50	63
50	65
50	69
50	76
50	80
51	1
51	8
51	28
51	43
51	47
51	52
51	58
51	63
51	64
51	66
51	67
51	70
52	13
52	31
52	47
52	51
52	58
52	59
52	63
52	65
52	68
52	69
52	72
52	77
53	25
53	33
53	37
53	46
53	48
53	50
53	55
53	61
53	65
53	69
53	70
53	79
54	8
54	15
54	24
54	29
54	32
54	56
54	57
54	67
54	69
54	70
54	75
54	77
54	80
55	6
55	10
55	34
55	41
55	50
55	53
55	62
55	70
55	71
55	73
55	74
55	75
55	80
56	11
56	18
56	22
56	34
56	41
56	46
56	50
56	54
56	66
56	67
56	74
56	77
56	78
57	9
57	41
57	44
57	47
57	48
57	54
57	60
57	62
57	67
57	70
57	71
57	73
57	78
57	80
58	1
58	13
58	14
58	26
58	29
58	31
58	33
58	47
58	51
58	52
58	61
58	63
58	66
58	71
59	20
59	30
59	32
59	33
59	37
59	39
59	45
59	46
59	48
59	52
59	71
59	73
59	74
59	75
59	79
59	80
60	16
60	22
60	25
60	26
60	29
60	31
60	32
60	39
60	43
60	48
60	57
60	66
60	70
60	73
60	78
60	80
61	11
61	14
61	17
61	19
61	31
61	33
61	37
61	38
61	50
61	53
61	58
61	62
61	65
61	69
61	72
61	79
62	1
62	3
62	9
62	21
62	30
62	40
62	46
62	55
62	57
62	61
62	63
62	66
62	70
62	71
62	74
62	79
63	1
63	13
63	20
63	23
63	27
63	28
63	31
63	44
63	47
63	50
63	51
63	52
63	58
63	62
63	75
63	79
64	5
64	7
64	13
64	17
64	46
64	51
64	67
64	73
64	75
64	76
64	77
64	78
64	79
64	81
65	15
65	17
65	19
65	23
65	30
65	32
65	33
65	37
65	40
65	49
65	50
65	52
65	53
65	61
65	69
65	76
65	78
65	80
66	10
66	18
66	24
66	27
66	40
66	42
66	49
66	51
66	56
66	58
66	60
66	62
66	67
66	68
66	70
66	72
66	80
66	81
67	14
67	21
67	34
67	35
67	41
67	42
67	43
67	45
67	51
67	54
67	56
67	57
67	64
67	66
67	68
67	72
67	74
67	78
68	3
68	8
68	9
68	19
68	27
68	30
68	34
68	42
68	49
68	52
68	66
68	67
68	72
68	74
68	75
68	76
68	78
68	79
69	17
69	19
69	21
69	27
69	32
69	33
69	34
69	37
69	40
69	50
69	52
69	53
69	54
69	61
69	65
69	71
69	76
69	79
69	81
70	3
70	7
70	14
70	47
70	51
70	53
70	54
70	55
70	57
70	60
70	62
70	66
70	71
70	72
70	75
70	76
70	78
70	79
70	80
71	2
71	15
71	17
71	28
71	36
71	40
71	44
71	46
71	55
71	57
71	58
71	59
71	62
71	69
71	70
71	74
71	75
71	78
71	81
72	6
72	8
72	10
72	11
72	12
72	27
72	31
72	45
72	48
72	49
72	52
72	61
72	66
72	67
72	68
72	70
72	74
72	78
72	80
73	4
73	10
73	12
73	23
73	29
73	30
73	35
73	36
73	44
73	45
73	49
73	55
73	57
73	59
73	60
73	64
73	76
73	77
73	79
73	81
74	2
74	5
74	7
74	18
74	20
74	29
74	32
74	45
74	46
74	55
74	56
74	59
74	62
74	67
74	68
74	71
74	72
74	78
74	80
74	81
75	13
75	16
75	18
75	25
75	30
75	35
75	38
75	41
75	43
75	44
75	46
75	54
75	55
75	59
75	63
75	64
75	68
75	70
75	71
75	80
75	81
76	2
76	6
76	9
76	14
76	23
76	24
76	34
76	35
76	36
76	38
76	50
76	64
76	65
76	68
76	69
76	70
76	73
76	77
76	79
76	80
76	81
77	1
77	21
77	28
77	37
77	39
77	45
77	52
77	54
77	56
77	64
77	73
77	76
77	78
77	79
77	80
77	81
78	8
78	10
78	11
78	17
78	21
78	25
78	26
78	27
78	34
78	39
78	42
78	49
78	56
78	57
78	60
78	64
78	65
78	67
78	68
78	70
78	71
78	72
78	74
78	77
79	2
79	3
79	4
79	6
79	9
79	12
79	19
79	35
79	36
79	41
79	42
79	53
79	59
79	61
79	62
79	63
79	64
79	68
79	69
79	70
79	73
79	76
79	77
79	81
80	8
80	14
80	20
80	26
80	32
80	35
80	38
80	42
80	46
80	49
80	50
80	54
80	55
80	57
80	59
80	60
80	65
80	66
80	70
80	72
80	74
80	75
80	76
80	77
81	2
81	4
81	6
81	9
81	11
81	12
81	13
81	16
81	18
81	20
81	23
81	31
81	35
81	36
81	44
81	64
81	66
81	69
81	71
81	73
81	74
81	75
81	76
81	77
81	79
