1	9
1	25
1	52
1	60
1	63
1	65
2	6
2	24
2	39
2	71
2	79
2	81
3	7
3	10
3	28
3	56
3	62
3	76
4	22
4	58
4	66
4	67
4	69
4	71
5	26
5	51
5	73
5	75
5	80
5	81
6	2
6	41
6	43
6	66
6	72
6	78
7	3
7	42
7	58
7	60
7	71
7	72
8	9
8	56
8	64
8	66
8	73
8	81
9	1
9	8
9	57
9	70
9	78
9	79
10	3
10	20
10	22
10	26
10	47
10	79
11	28
11	49
11	56
11	61
11	72
11	77
12	33
12	39
12	40
12	59
12	64
12	72
13	51
13	52
13	57
13	61
13	75
13	80
14	26
14	32
14	47
14	60
14	63
14	79
15	31
15	33
15	56
15	67
15	71
15	74
16	27
16	33
16	59
16	64
16	74
16	78
17	33
17	45
17	48
17	62
17	73
17	76
17	77
18	37
18	43
18	51
18	68
18	69
18	74
18	80
19	30
19	45
19	48
19	57
19	66
19	67
19	69
20	10
20	32
20	40
20	70
20	75
20	76
20	80
21	23
21	38
21	47
21	52
21	57
21	68
21	69
22	4
22	10
22	60
22	64
22	71
22	75
22	78
23	21
23	41
23	53
23	54
23	71
23	73
23	76
24	2
24	25
24	40
24	46
24	50
24	69
24	78
25	1
25	24
25	27
25	31
25	55
25	64
25	80
26	5
26	10
26	14
26	63
26	65
26	76
26	80
27	16
27	25
27	43
27	51
27	59
27	68
27	79
28	3
28	11
28	39
28	56
28	61
28	68
28	70
29	36
29	40
29	45
29	59
29	77
29	79
29	81
30	19
30	49
30	52
30	62
30	66
30	77
30	78
30	79
31	15
31	25
31	33
31	54
31	56
31	61
31	70
31	71
32	14
32	20
32	38
32	49
32	55
32	65
32	70
32	81
33	12
33	15
33	16
33	17
33	31
33	56
33	61
33	74
34	40
34	49
34	50
34	53
34	56
34	57
34	78
34	80
35	38
35	44
35	51
35	56
35	58
35	60
35	71
35	75
36	29
36	43
36	57
36	65
36	66
36	70
36	72
36	80
37	18
37	39
37	53
37	60
37	69
37	72
37	74
37	78
38	21
38	32
38	35
38	59
38	64
38	68
38	75
38	77
38	81
39	2
39	12
39	28
39	37
39	41
39	52
39	61
39	68
39	81
40	12
40	20
40	24
40	29
40	34
40	45
40	58
40	65
40	66
41	6
41	23
41	39
41	46
41	54
41	58
41	69
41	72
41	77
42	7
42	53
42	55
42	60
42	67
42	75
42	76
42	80
42	81
43	6
43	18
43	27
43	36
43	45
43	55
43	65
43	67
43	70
44	35
44	45
44	57
44	59
44	61
44	67
44	75
44	79
44	80
45	17
45	19
45	29
45	40
45	43
45	44
45	55
45	65
45	70
45	81
46	24
46	41
46	53
46	59
46	61
46	66
46	74
46	76
46	79
46	81
47	10
47	14
47	21
47	50
47	54
47	59
47	63
47	71
47	73
47	79
48	17
48	19
48	60
48	62
48	72
48	73
48	74
48	79
48	80
48	81
49	11
49	30
49	32
49	34
49	54
49	62
49	63
49	73
49	76
49	80
50	24
50	34
50	47
50	53
50	62
50	66
50	70
50	76
50	77
50	80
51	5
51	13
51	18
51	27
51	35
51	58
51	60
51	71
51	76
51	81
52	1
52	13
52	21
52	30
52	39
52	63
52	67
52	71
52	78
52	79
53	23
53	34
53	37
53	42
53	46
53	50
53	67
53	69
53	76
53	77
53	80
54	23
54	31
54	41
54	47
54	49
54	57
54	64
54	69
54	72
54	73
54	76
55	25
55	32
55	42
55	43
55	45
55	65
55	69
55	70
55	75
55	77
55	81
56	3
56	8
56	11
56	15
56	28
56	31
56	33
56	34
56	35
56	61
56	75
56	80
57	9
57	13
57	19
57	21
57	34
57	36
57	44
57	54
57	68
57	69
57	75
57	78
58	4
58	7
58	35
58	40
58	41
58	51
58	60
58	63
58	65
58	71
58	79
58	81
59	12
59	16
59	27
59	29
59	38
59	44
59	46
59	47
59	64
59	77
59	78
59	79
60	1
60	7
60	14
60	22
60	35
60	37
60	42
60	48
60	51
60	58
60	71
60	81
61	11
61	13
61	28
61	31
61	33
61	39
61	44
61	46
61	56
61	62
61	68
61	77
62	3
62	17
62	30
62	48
62	49
62	50
62	61
62	64
62	66
62	73
62	76
62	78
63	1
63	14
63	26
63	47
63	49
63	52
63	58
63	64
63	69
63	73
63	76
63	80
63	81
64	8
64	12
64	16
64	22
64	25
64	38
64	54
64	59
64	62
64	63
64	75
64	79
64	80
65	1
65	26
65	32
65	36
65	40
65	43
65	45
65	55
65	58
65	70
65	77
65	78
65	80
66	4
66	6
66	8
66	19
66	30
66	36
66	40
66	46
66	50
66	62
66	68
66	78
66	80
67	4
67	15
67	19
67	42
67	43
67	44
67	52
67	53
67	71
67	72
67	76
67	79
67	81
68	18
68	21
68	27
68	28
68	38
68	39
68	57
68	61
68	66
68	74
68	75
68	76
68	77
68	78
69	4
69	18
69	19
69	21
69	24
69	37
69	41
69	53
69	54
69	55
69	57
69	63
69	70
69	77
70	9
70	20
70	28
70	31
70	32
70	36
70	43
70	45
70	50
70	55
70	65
70	69
70	72
70	73
70	74
71	2
71	4
71	7
71	15
71	22
71	23
71	31
71	35
71	47
71	51
71	52
71	58
71	60
71	67
71	77
72	6
72	7
72	11
72	12
72	36
72	37
72	41
72	48
72	54
72	67
72	70
72	74
72	78
72	79
72	80
72	81
73	5
73	8
73	17
73	23
73	47
73	48
73	49
73	54
73	62
73	63
73	70
73	74
73	76
73	77
73	78
73	79
74	15
74	16
74	18
74	33
74	37
74	46
74	48
74	68
74	70
74	72
74	73
74	75
74	78
74	79
74	80
74	81
75	5
75	13
75	20
75	22
75	35
75	38
75	42
75	44
75	55
75	56
75	57
75	64
75	68
75	74
75	79
75	80
75	81
76	3
76	17
76	20
76	23
76	26
76	42
76	46
76	49
76	50
76	51
76	53
76	54
76	62
76	63
76	67
76	68
76	73
76	81
77	11
77	17
77	29
77	30
77	38
77	41
77	50
77	53
77	55
77	59
77	61
77	65
77	68
77	69
77	71
77	73
77	78
77	80
78	6
78	9
78	16
78	22
78	24
78	30
78	34
78	37
78	52
78	57
78	59
78	62
78	65
78	66
78	68
78	72
78	73
78	74
78	77
78	79
78	81
79	2
79	9
79	10
79	14
79	27
79	29
79	30
79	44
79	46
79	47
79	48
79	52
79	58
79	59
79	64
79	67
79	72
79	73
79	74
79	75
79	78
79	81
80	5
80	13
80	18
80	20
80	25
80	26
80	34
80	36
80	42
80	44
80	48
80	49
80	50
80	53
80	56
80	63
80	64
80	65
80	66
80	72
80	74
80	75
80	77
80	81
81	2
81	5
81	8
81	29
81	32
81	38
81	39
81	42
81	45
81	46
81	48
81	51
81	55
81	58
81	60
81	63
81	67
81	72
81	74
81	75
81	76
81	78
81	79
81	80
