1	38
1	69
1	73
1	74
1	76
1	78
2	21
2	34
2	58
2	66
2	77
2	78
3	25
3	48
3	58
3	64
3	76
3	78
4	57
4	62
4	72
4	73
4	77
4	80
5	8
5	39
5	57
5	62
5	64
5	68
6	32
6	40
6	49
6	52
6	65
6	73
7	47
7	49
7	59
7	65
7	68
7	72
8	5
8	33
8	50
8	60
8	63
8	70
9	46
9	54
9	60
9	68
9	69
9	77
10	20
10	61
10	62
10	73
10	74
10	78
11	13
11	36
11	45
11	60
11	76
11	78
12	24
12	53
12	56
12	60
12	63
12	77
13	11
13	46
13	65
13	72
13	76
13	78
14	42
14	50
14	51
14	61
14	68
14	74
15	29
15	46
15	75
15	76
15	78
15	81
16	27
16	29
16	30
16	41
16	66
16	72
17	38
17	56
17	59
17	63
17	76
17	78
18	22
18	38
18	45
18	58
18	66
18	77
19	26
19	40
19	47
19	58
19	66
19	72
20	10
20	61
20	68
20	72
20	74
20	80
21	2
21	63
21	69
21	73
21	74
21	75
22	18
22	39
22	48
22	51
22	76
22	78
23	32
23	50
23	60
23	63
23	69
23	77
23	78
24	12
24	41
24	42
24	52
24	65
24	73
24	76
25	3
25	35
25	65
25	72
25	75
25	79
25	80
26	19
26	37
26	48
26	72
26	79
26	80
26	81
27	16
27	45
27	49
27	58
27	71
27	76
27	79
28	49
28	59
28	65
28	67
28	71
28	75
28	77
29	15
29	16
29	48
29	55
29	67
29	76
29	78
30	16
30	34
30	52
30	56
30	60
30	63
30	64
31	55
31	65
31	70
31	74
31	75
31	79
31	80
32	6
32	23
32	61
32	69
32	77
32	80
32	81
33	8
33	69
33	71
33	72
33	76
33	77
33	78
34	2
34	30
34	44
34	58
34	66
34	71
34	80
35	25
35	40
35	50
35	52
35	54
35	65
35	77
35	80
36	11
36	43
36	66
36	68
36	69
36	71
36	77
36	81
37	26
37	45
37	51
37	57
37	62
37	68
37	76
37	81
38	1
38	17
38	18
38	43
38	53
38	75
38	76
38	78
39	5
39	22
39	57
39	64
39	67
39	73
39	74
39	81
40	6
40	19
40	35
40	64
40	69
40	72
40	73
40	81
41	16
41	24
41	43
41	56
41	64
41	72
41	77
41	80
42	14
42	24
42	45
42	49
42	52
42	54
42	59
42	65
42	70
43	36
43	38
43	41
43	47
43	69
43	70
43	73
43	74
43	75
44	34
44	45
44	47
44	48
44	59
44	66
44	69
44	73
44	79
45	11
45	18
45	27
45	37
45	42
45	44
45	58
45	62
45	66
46	9
46	13
46	15
46	51
46	53
46	57
46	71
46	72
46	81
47	7
47	19
47	43
47	44
47	58
47	63
47	66
47	80
47	81
48	3
48	22
48	26
48	29
48	44
48	58
48	63
48	71
48	76
48	78
49	6
49	7
49	27
49	28
49	42
49	52
49	59
49	63
49	69
49	70
50	8
50	14
50	23
50	35
50	56
50	60
50	63
50	67
50	70
50	71
51	14
51	22
51	37
51	46
51	61
51	62
51	68
51	70
51	76
51	79
52	6
52	24
52	30
52	35
52	42
52	49
52	59
52	62
52	65
52	77
52	80
53	12
53	38
53	46
53	61
53	66
53	70
53	71
53	75
53	79
53	80
53	81
54	9
54	35
54	42
54	56
54	64
54	67
54	70
54	73
54	75
54	76
54	81
55	29
55	31
55	58
55	60
55	67
55	70
55	73
55	74
55	75
55	79
55	81
56	12
56	17
56	30
56	41
56	50
56	54
56	60
56	63
56	68
56	74
56	75
56	80
57	4
57	5
57	37
57	39
57	46
57	61
57	62
57	67
57	68
57	69
57	74
57	78
58	2
58	3
58	18
58	19
58	27
58	34
58	45
58	47
58	48
58	55
58	60
58	66
58	77
59	7
59	17
59	28
59	42
59	44
59	49
59	52
59	65
59	66
59	72
59	75
59	76
59	79
60	8
60	9
60	11
60	12
60	23
60	30
60	50
60	55
60	56
60	58
60	63
60	78
60	79
60	80
61	10
61	14
61	20
61	32
61	51
61	53
61	57
61	62
61	67
61	68
61	75
61	77
61	78
61	79
62	4
62	5
62	10
62	37
62	45
62	51
62	52
62	57
62	61
62	65
62	68
62	69
62	80
62	81
63	8
63	12
63	17
63	21
63	23
63	30
63	47
63	48
63	49
63	50
63	56
63	60
63	72
63	73
63	77
64	3
64	5
64	30
64	39
64	40
64	41
64	54
64	65
64	67
64	70
64	73
64	74
64	75
64	79
64	81
65	6
65	7
65	13
65	24
65	25
65	28
65	31
65	35
65	42
65	52
65	59
65	62
65	64
65	71
65	74
66	2
66	16
66	18
66	19
66	34
66	36
66	44
66	45
66	47
66	53
66	58
66	59
66	67
66	71
66	79
66	80
67	28
67	29
67	39
67	50
67	54
67	55
67	57
67	61
67	64
67	66
67	68
67	70
67	71
67	73
67	74
67	75
68	5
68	7
68	9
68	14
68	20
68	36
68	37
68	51
68	56
68	57
68	61
68	62
68	67
68	72
68	78
68	80
69	1
69	9
69	21
69	23
69	32
69	33
69	36
69	40
69	43
69	44
69	49
69	57
69	62
69	79
69	80
69	81
70	8
70	31
70	42
70	43
70	49
70	50
70	51
70	53
70	54
70	55
70	64
70	67
70	73
70	74
70	75
70	76
70	81
71	27
71	28
71	33
71	34
71	36
71	46
71	48
71	50
71	53
71	65
71	66
71	67
71	76
71	77
71	79
71	80
71	81
72	4
72	7
72	13
72	16
72	19
72	20
72	25
72	26
72	33
72	40
72	41
72	46
72	59
72	63
72	68
72	75
72	78
72	79
72	81
73	1
73	4
73	6
73	10
73	21
73	24
73	39
73	40
73	43
73	44
73	54
73	55
73	63
73	64
73	67
73	70
73	74
73	75
73	77
73	81
74	1
74	10
74	14
74	20
74	21
74	31
74	39
74	43
74	55
74	56
74	57
74	64
74	65
74	67
74	70
74	73
74	75
74	77
74	80
74	81
75	15
75	21
75	25
75	28
75	31
75	38
75	43
75	53
75	54
75	55
75	56
75	59
75	61
75	64
75	67
75	70
75	72
75	73
75	74
75	81
76	1
76	3
76	11
76	13
76	15
76	17
76	22
76	24
76	27
76	29
76	33
76	37
76	38
76	48
76	51
76	54
76	59
76	70
76	71
76	78
76	79
77	2
77	4
77	9
77	12
77	18
77	23
77	28
77	32
77	33
77	35
77	36
77	41
77	52
77	58
77	61
77	63
77	71
77	73
77	74
77	79
77	80
78	1
78	2
78	3
78	10
78	11
78	13
78	15
78	17
78	22
78	23
78	29
78	33
78	38
78	48
78	57
78	60
78	61
78	68
78	72
78	76
78	79
79	25
79	26
79	27
79	31
79	44
79	51
79	53
79	55
79	59
79	60
79	61
79	64
79	66
79	69
79	71
79	72
79	76
79	77
79	78
79	80
79	81
80	4
80	20
80	25
80	26
80	31
80	32
80	34
80	35
80	41
80	47
80	52
80	53
80	56
80	60
80	62
80	66
80	68
80	69
80	71
80	74
80	77
80	79
81	15
81	26
81	32
81	36
81	37
81	39
81	40
81	46
81	47
81	53
81	54
81	55
81	62
81	64
81	69
81	70
81	71
81	72
81	73
81	74
81	75
81	79
