1	40
1	43
1	60
1	75
1	76
1	77
2	33
2	52
2	54
2	69
2	77
2	80
3	37
3	50
3	52
3	66
3	72
3	74
4	13
4	23
4	38
4	50
4	67
4	69
5	47
5	52
5	55
5	65
5	71
5	81
6	16
6	17
6	55
6	65
6	68
6	81
7	45
7	56
7	69
7	73
7	75
7	78
8	32
8	65
8	70
8	72
8	78
8	80
9	45
9	49
9	59
9	73
9	76
9	79
10	26
10	53
10	54
10	63
10	66
10	80
11	29
11	32
11	38
11	61
11	64
11	81
12	43
12	46
12	57
12	78
12	79
12	80
13	4
13	16
13	26
13	65
13	76
13	77
14	49
14	55
14	58
14	75
14	78
14	81
15	41
15	49
15	60
15	70
15	71
15	73
15	77
16	6
16	13
16	42
16	48
16	56
16	61
16	81
17	6
17	20
17	37
17	45
17	53
17	63
17	73
18	22
18	35
18	48
18	59
18	69
18	76
18	77
19	30
19	36
19	47
19	53
19	56
19	66
19	73
20	17
20	36
20	47
20	50
20	53
20	73
20	80
21	22
21	28
21	45
21	53
21	60
21	73
21	80
22	18
22	21
22	54
22	57
22	66
22	72
22	80
23	4
23	29
23	45
23	47
23	56
23	63
23	73
24	43
24	49
24	50
24	52
24	72
24	76
24	77
25	29
25	42
25	43
25	51
25	58
25	62
25	80
26	10
26	13
26	48
26	51
26	64
26	69
26	76
27	42
27	50
27	62
27	65
27	67
27	77
27	79
27	81
28	21
28	58
28	61
28	62
28	66
28	69
28	71
28	80
29	11
29	23
29	25
29	38
29	55
29	59
29	78
29	80
30	19
30	40
30	51
30	57
30	60
30	72
30	79
30	80
31	38
31	54
31	65
31	71
31	74
31	75
31	79
31	81
32	8
32	11
32	36
32	51
32	68
32	74
32	79
32	80
33	2
33	41
33	58
33	61
33	71
33	74
33	75
33	81
34	41
34	45
34	54
34	66
34	71
34	74
34	78
34	79
35	18
35	42
35	49
35	59
35	60
35	71
35	73
35	74
35	79
36	19
36	20
36	32
36	40
36	45
36	63
36	66
36	67
36	74
37	3
37	17
37	42
37	54
37	68
37	69
37	71
37	75
37	81
38	4
38	11
38	29
38	31
38	52
38	54
38	67
38	76
38	79
39	41
39	43
39	44
39	64
39	68
39	69
39	74
39	77
39	80
40	1
40	30
40	36
40	46
40	57
40	66
40	67
40	68
40	76
40	79
41	15
41	33
41	34
41	39
41	59
41	62
41	71
41	72
41	78
41	80
42	16
42	25
42	27
42	35
42	37
42	61
42	65
42	74
42	75
42	81
43	1
43	12
43	24
43	25
43	39
43	57
43	69
43	72
43	76
43	77
44	39
44	46
44	56
44	59
44	66
44	67
44	69
44	70
44	75
44	78
45	7
45	9
45	17
45	21
45	23
45	34
45	36
45	46
45	56
45	59
46	12
46	40
46	44
46	45
46	57
46	60
46	63
46	64
46	78
46	79
47	5
47	19
47	20
47	23
47	53
47	56
47	67
47	72
47	73
47	77
47	78
48	16
48	18
48	26
48	52
48	53
48	56
48	64
48	68
48	69
48	76
48	77
49	9
49	14
49	15
49	24
49	35
49	66
49	68
49	69
49	74
49	78
49	80
50	3
50	4
50	20
50	24
50	27
50	53
50	56
50	57
50	62
50	64
50	81
51	25
51	26
51	30
51	32
51	53
51	59
51	60
51	70
51	78
51	79
51	81
52	2
52	3
52	5
52	24
52	38
52	48
52	62
52	69
52	72
52	76
52	77
52	79
53	10
53	17
53	19
53	20
53	21
53	47
53	48
53	50
53	51
53	57
53	72
53	73
54	2
54	10
54	22
54	31
54	34
54	37
54	38
54	61
54	62
54	71
54	75
54	81
55	5
55	6
55	14
55	29
55	62
55	67
55	70
55	71
55	75
55	78
55	80
55	81
56	7
56	16
56	19
56	23
56	44
56	45
56	47
56	48
56	50
56	66
56	73
56	77
57	12
57	22
57	30
57	40
57	43
57	46
57	50
57	53
57	59
57	64
57	65
57	81
58	14
58	25
58	28
58	33
58	62
58	63
58	67
58	68
58	73
58	78
58	79
58	80
59	9
59	18
59	29
59	35
59	41
59	44
59	45
59	51
59	57
59	62
59	70
59	72
59	78
60	1
60	15
60	21
60	30
60	35
60	46
60	51
60	64
60	66
60	68
60	73
60	74
60	79
61	11
61	16
61	28
61	33
61	42
61	54
61	64
61	71
61	73
61	75
61	77
61	79
61	81
62	25
62	27
62	28
62	41
62	50
62	52
62	54
62	55
62	58
62	59
62	65
62	72
62	78
63	10
63	17
63	23
63	36
63	46
63	58
63	64
63	65
63	74
63	76
63	79
63	80
63	81
64	11
64	26
64	39
64	46
64	48
64	50
64	57
64	60
64	61
64	63
64	66
64	67
64	70
65	5
65	6
65	8
65	13
65	27
65	31
65	42
65	57
65	62
65	63
65	70
65	72
65	77
65	78
65	80
66	3
66	10
66	19
66	22
66	28
66	34
66	36
66	40
66	44
66	49
66	56
66	60
66	64
66	73
66	75
66	80
67	4
67	27
67	36
67	38
67	40
67	44
67	47
67	55
67	58
67	64
67	72
67	73
67	76
67	77
67	78
67	81
68	6
68	32
68	37
68	39
68	40
68	48
68	49
68	58
68	60
68	70
68	71
68	74
68	76
68	77
68	78
68	79
69	2
69	4
69	7
69	18
69	26
69	28
69	37
69	39
69	43
69	44
69	48
69	49
69	52
69	76
69	77
69	81
70	8
70	15
70	44
70	51
70	55
70	59
70	64
70	65
70	68
70	72
70	74
70	75
70	76
70	77
70	78
70	79
71	5
71	15
71	28
71	31
71	33
71	34
71	35
71	37
71	41
71	54
71	55
71	61
71	68
71	75
71	76
71	80
71	81
72	3
72	8
72	22
72	24
72	30
72	41
72	43
72	47
72	52
72	53
72	59
72	62
72	65
72	67
72	70
72	75
72	80
73	7
73	9
73	15
73	17
73	19
73	20
73	21
73	23
73	35
73	47
73	53
73	56
73	58
73	60
73	61
73	66
73	67
73	74
74	3
74	31
74	32
74	33
74	34
74	35
74	36
74	39
74	42
74	49
74	60
74	63
74	68
74	70
74	73
74	75
74	77
74	78
74	79
75	1
75	7
75	14
75	31
75	33
75	37
75	42
75	44
75	54
75	55
75	61
75	66
75	70
75	71
75	72
75	74
75	78
75	79
75	81
76	1
76	9
76	13
76	18
76	24
76	26
76	38
76	40
76	43
76	48
76	52
76	63
76	67
76	68
76	69
76	70
76	71
76	77
76	79
76	80
76	81
77	1
77	2
77	13
77	15
77	18
77	24
77	27
77	39
77	43
77	47
77	48
77	52
77	56
77	61
77	65
77	67
77	68
77	69
77	70
77	74
77	76
78	7
78	8
78	12
78	14
78	29
78	34
78	41
78	44
78	46
78	47
78	49
78	51
78	55
78	58
78	59
78	62
78	65
78	67
78	68
78	70
78	74
78	75
78	79
78	81
79	9
79	12
79	27
79	30
79	31
79	32
79	34
79	35
79	38
79	40
79	46
79	51
79	52
79	58
79	60
79	61
79	63
79	68
79	70
79	74
79	75
79	76
79	78
79	81
80	2
80	8
80	10
80	12
80	20
80	21
80	22
80	25
80	28
80	29
80	30
80	32
80	39
80	41
80	49
80	55
80	58
80	63
80	65
80	66
80	71
80	72
80	76
80	81
81	5
81	6
81	11
81	14
81	16
81	27
81	31
81	33
81	37
81	42
81	50
81	51
81	54
81	55
81	57
81	61
81	63
81	67
81	69
81	71
81	75
81	76
81	78
81	79
81	80
