1	38
1	40
1	45
1	51
1	66
1	78
2	23
2	51
2	54
2	68
2	72
2	75
3	39
3	56
3	64
3	69
3	70
3	73
4	38
4	47
4	53
4	61
4	76
4	81
5	11
5	35
5	69
5	74
5	78
5	81
6	25
6	35
6	42
6	51
6	56
6	63
7	20
7	63
7	74
7	75
7	78
7	79
8	29
8	37
8	47
8	67
8	68
8	80
9	11
9	19
9	26
9	45
9	58
9	77
10	65
10	70
10	71
10	73
10	75
10	77
11	5
11	9
11	75
11	78
11	79
11	81
12	13
12	67
12	68
12	73
12	78
12	79
13	12
13	37
13	49
13	51
13	78
13	80
14	43
14	52
14	62
14	75
14	78
14	79
15	35
15	38
15	42
15	52
15	63
15	76
16	55
16	65
16	67
16	70
16	71
16	73
16	77
17	19
17	68
17	74
17	75
17	76
17	77
17	79
18	26
18	31
18	64
18	65
18	67
18	77
18	80
19	9
19	17
19	22
19	43
19	59
19	60
19	62
20	7
20	45
20	56
20	59
20	61
20	65
20	80
21	49
21	56
21	57
21	66
21	72
21	76
21	78
22	19
22	53
22	58
22	60
22	68
22	77
22	80
23	2
23	45
23	63
23	66
23	69
23	73
23	76
24	47
24	51
24	67
24	76
24	77
24	79
24	80
25	6
25	35
25	38
25	42
25	61
25	63
25	77
26	9
26	18
26	36
26	49
26	65
26	66
26	72
27	59
27	68
27	70
27	77
27	78
27	79
27	81
28	47
28	56
28	59
28	71
28	77
28	78
28	80
29	8
29	55
29	70
29	74
29	76
29	78
29	81
30	49
30	55
30	58
30	63
30	64
30	66
30	71
30	77
31	18
31	39
31	46
31	50
31	60
31	70
31	71
31	73
32	44
32	49
32	59
32	66
32	69
32	71
32	76
32	81
33	42
33	55
33	61
33	65
33	68
33	72
33	74
33	81
34	39
34	42
34	68
34	72
34	75
34	76
34	78
34	79
35	5
35	6
35	15
35	25
35	42
35	45
35	72
35	73
36	26
36	42
36	51
36	54
36	60
36	62
36	77
36	80
36	81
37	8
37	13
37	48
37	65
37	66
37	68
37	72
37	73
37	78
38	1
38	4
38	15
38	25
38	42
38	47
38	57
38	79
38	81
39	3
39	31
39	34
39	51
39	54
39	60
39	62
39	63
39	67
40	1
40	47
40	50
40	52
40	58
40	69
40	76
40	80
40	81
41	56
41	59
41	63
41	64
41	65
41	66
41	69
41	72
41	74
42	6
42	15
42	25
42	33
42	34
42	35
42	36
42	38
42	70
42	71
43	14
43	19
43	50
43	53
43	59
43	69
43	70
43	71
43	73
43	77
44	32
44	47
44	55
44	58
44	61
44	62
44	74
44	76
44	77
44	78
45	1
45	9
45	20
45	23
45	35
45	47
45	52
45	56
45	61
45	65
46	31
46	52
46	53
46	67
46	69
46	74
46	75
46	76
46	80
46	81
47	4
47	8
47	24
47	28
47	38
47	40
47	44
47	45
47	59
47	67
47	80
48	37
48	49
48	55
48	56
48	65
48	66
48	72
48	73
48	75
48	78
48	79
49	13
49	21
49	26
49	30
49	32
49	48
49	57
49	65
49	67
49	72
49	78
49	80
50	31
50	40
50	43
50	53
50	55
50	64
50	69
50	70
50	71
50	73
50	75
50	79
51	1
51	2
51	6
51	13
51	24
51	36
51	39
51	54
51	56
51	64
51	66
51	72
52	14
52	15
52	40
52	45
52	46
52	69
52	70
52	71
52	74
52	76
52	80
52	81
53	4
53	22
53	43
53	46
53	50
53	62
53	64
53	70
53	71
53	73
53	79
54	2
54	36
54	39
54	51
54	58
54	59
54	64
54	66
54	67
54	75
54	79
54	80
54	81
55	16
55	29
55	30
55	33
55	44
55	48
55	50
55	61
55	65
55	74
55	76
55	79
55	81
56	3
56	6
56	20
56	21
56	28
56	41
56	45
56	48
56	51
56	63
56	67
56	76
56	80
57	21
57	38
57	49
57	60
57	64
57	68
57	70
57	75
57	76
57	78
57	79
58	9
58	22
58	30
58	40
58	44
58	54
58	63
58	66
58	67
58	69
58	70
58	72
58	80
59	19
59	20
59	27
59	28
59	32
59	41
59	43
59	47
59	54
59	63
59	64
59	68
59	77
59	81
60	19
60	22
60	31
60	36
60	39
60	57
60	68
60	73
60	75
60	76
60	78
60	79
61	4
61	20
61	25
61	33
61	44
61	45
61	55
61	63
61	69
61	71
61	73
61	74
61	76
61	77
62	14
62	19
62	36
62	39
62	44
62	53
62	63
62	64
62	67
62	69
62	73
62	74
62	78
62	80
62	81
63	6
63	7
63	15
63	23
63	25
63	30
63	39
63	41
63	56
63	58
63	59
63	61
63	62
63	67
63	77
64	3
64	18
64	30
64	41
64	50
64	51
64	53
64	54
64	57
64	59
64	62
64	71
64	72
64	77
64	80
65	10
65	16
65	18
65	20
65	26
65	33
65	37
65	41
65	45
65	48
65	49
65	55
65	72
65	74
65	79
66	1
66	21
66	23
66	26
66	30
66	32
66	37
66	41
66	48
66	51
66	54
66	58
66	73
66	74
66	80
66	81
67	8
67	12
67	16
67	18
67	24
67	39
67	46
67	47
67	49
67	54
67	56
67	58
67	62
67	63
67	70
67	75
67	81
68	2
68	8
68	12
68	17
68	22
68	27
68	33
68	34
68	37
68	57
68	59
68	60
68	69
68	75
68	77
68	78
68	79
69	3
69	5
69	23
69	32
69	40
69	41
69	43
69	46
69	50
69	52
69	58
69	61
69	62
69	68
69	74
69	76
69	80
69	81
70	3
70	10
70	16
70	27
70	29
70	31
70	42
70	43
70	50
70	52
70	53
70	57
70	58
70	67
70	71
70	72
70	73
70	79
71	10
71	16
71	28
71	30
71	31
71	32
71	42
71	43
71	50
71	52
71	53
71	61
71	64
71	70
71	73
71	75
71	81
72	2
72	21
72	26
72	33
72	34
72	35
72	37
72	41
72	48
72	49
72	51
72	58
72	64
72	65
72	70
72	74
72	75
72	79
73	3
73	10
73	12
73	16
73	23
73	31
73	35
73	37
73	43
73	48
73	50
73	53
73	60
73	61
73	62
73	66
73	70
73	71
73	77
74	5
74	7
74	17
74	29
74	33
74	41
74	44
74	46
74	52
74	55
74	61
74	62
74	65
74	66
74	69
74	72
74	77
74	80
74	81
75	2
75	7
75	10
75	11
75	14
75	17
75	34
75	46
75	48
75	50
75	54
75	57
75	60
75	67
75	68
75	71
75	72
75	76
75	78
75	79
75	80
76	4
76	15
76	17
76	21
76	23
76	24
76	29
76	32
76	34
76	40
76	44
76	46
76	52
76	55
76	56
76	57
76	60
76	61
76	69
76	75
76	79
76	81
77	9
77	10
77	16
77	17
77	18
77	22
77	24
77	25
77	27
77	28
77	30
77	36
77	43
77	44
77	59
77	61
77	63
77	64
77	68
77	73
77	74
77	80
78	1
78	5
78	7
78	11
78	12
78	13
78	14
78	21
78	27
78	28
78	29
78	34
78	37
78	44
78	48
78	49
78	57
78	60
78	62
78	68
78	75
78	79
78	81
79	7
79	11
79	12
79	14
79	17
79	24
79	27
79	34
79	38
79	48
79	50
79	53
79	54
79	55
79	57
79	60
79	65
79	68
79	70
79	72
79	75
79	76
79	78
80	8
80	13
80	18
80	20
80	22
80	24
80	28
80	36
80	40
80	46
80	47
80	49
80	52
80	54
80	56
80	58
80	62
80	64
80	66
80	69
80	74
80	75
80	77
80	81
81	4
81	5
81	11
81	27
81	29
81	32
81	33
81	36
81	38
81	40
81	46
81	52
81	54
81	55
81	59
81	62
81	66
81	67
81	69
81	71
81	74
81	76
81	78
81	80
