1	10
1	46
1	49
1	64
1	78
1	80
2	32
2	42
2	72
2	76
2	80
2	81
3	22
3	31
3	39
3	49
3	59
3	61
4	10
4	12
4	19
4	38
4	67
4	77
5	16
5	18
5	30
5	64
5	66
5	79
6	26
6	27
6	30
6	64
6	65
6	71
7	12
7	38
7	47
7	76
7	77
7	78
8	42
8	49
8	62
8	63
8	65
8	74
9	24
9	34
9	62
9	63
9	65
9	69
10	1
10	4
10	38
10	42
10	47
10	78
11	29
11	41
11	50
11	60
11	63
11	69
12	4
12	7
12	46
12	47
12	72
12	73
13	20
13	45
13	64
13	68
13	70
13	81
14	28
14	37
14	50
14	60
14	68
14	74
15	62
15	69
15	73
15	78
15	80
15	81
16	5
16	26
16	27
16	28
16	35
16	69
17	52
17	56
17	62
17	63
17	65
17	79
18	5
18	27
18	30
18	35
18	61
18	72
19	4
19	30
19	38
19	46
19	47
19	53
19	57
20	13
20	26
20	33
20	40
20	51
20	54
20	70
21	33
21	40
21	51
21	54
21	64
21	75
21	77
22	3
22	43
22	44
22	56
22	59
22	64
22	80
23	42
23	51
23	65
23	74
23	76
23	77
23	79
24	9
24	64
24	68
24	69
24	78
24	80
24	81
25	57
25	68
25	71
25	75
25	78
25	80
25	81
26	6
26	16
26	20
26	27
26	30
26	70
26	75
27	6
27	16
27	18
27	26
27	54
27	64
27	78
28	14
28	16
28	37
28	42
28	60
28	73
28	78
29	11
29	50
29	58
29	60
29	71
29	74
29	79
30	5
30	6
30	18
30	19
30	26
30	70
30	73
31	3
31	42
31	46
31	48
31	61
31	63
31	66
32	2
32	51
32	67
32	72
32	73
32	75
32	81
33	20
33	21
33	34
33	51
33	57
33	74
33	76
34	9
34	33
34	40
34	45
34	54
34	67
34	77
35	16
35	18
35	57
35	59
35	68
35	71
35	72
35	79
36	51
36	53
36	55
36	62
36	63
36	65
36	66
36	75
37	14
37	28
37	39
37	50
37	60
37	66
37	74
37	81
38	4
38	7
38	10
38	19
38	50
38	63
38	68
38	77
39	3
39	37
39	41
39	43
39	44
39	50
39	68
39	79
40	20
40	21
40	34
40	49
40	54
40	58
40	73
40	75
41	11
41	39
41	43
41	44
41	47
41	59
41	61
41	65
42	2
42	8
42	10
42	23
42	28
42	31
42	77
42	79
43	22
43	39
43	41
43	51
43	59
43	67
43	71
43	80
44	22
44	39
44	41
44	50
44	53
44	59
44	73
44	78
45	13
45	34
45	66
45	73
45	76
45	78
45	80
45	81
46	1
46	12
46	19
46	31
46	56
46	60
46	68
46	78
47	7
47	10
47	12
47	19
47	41
47	61
47	72
47	78
47	80
48	31
48	56
48	57
48	71
48	76
48	78
48	79
48	80
48	81
49	1
49	3
49	8
49	40
49	54
49	59
49	64
49	66
49	74
50	11
50	14
50	29
50	37
50	38
50	39
50	44
50	60
50	62
50	72
51	20
51	21
51	23
51	32
51	33
51	36
51	43
51	54
51	68
51	80
52	17
52	61
52	64
52	67
52	69
52	71
52	75
52	76
52	78
52	80
53	19
53	36
53	44
53	55
53	70
53	71
53	72
53	75
53	77
53	79
54	20
54	21
54	27
54	34
54	40
54	49
54	51
54	75
54	77
54	78
55	36
55	53
55	62
55	63
55	65
55	71
55	76
55	79
55	81
56	17
56	22
56	46
56	48
56	66
56	69
56	70
56	72
56	77
56	79
56	81
57	19
57	25
57	33
57	35
57	48
57	68
57	71
57	73
57	77
57	79
57	81
58	29
58	40
58	60
58	67
58	69
58	71
58	76
58	77
58	78
58	80
58	81
59	3
59	22
59	35
59	41
59	43
59	44
59	49
59	61
59	72
59	77
59	79
59	80
60	11
60	14
60	28
60	29
60	37
60	46
60	50
60	58
60	61
60	69
60	70
60	74
60	79
61	3
61	18
61	31
61	41
61	47
61	52
61	59
61	60
61	67
61	70
61	73
61	74
61	75
62	8
62	9
62	15
62	17
62	36
62	50
62	55
62	63
62	65
62	67
62	70
62	74
62	80
63	8
63	9
63	11
63	17
63	31
63	36
63	38
63	55
63	62
63	65
63	66
63	70
63	77
63	79
64	1
64	5
64	6
64	13
64	21
64	22
64	24
64	27
64	49
64	52
64	73
64	74
64	75
64	77
64	80
65	6
65	8
65	9
65	17
65	23
65	36
65	41
65	55
65	62
65	63
65	67
65	70
65	72
65	76
65	81
66	5
66	31
66	36
66	37
66	45
66	49
66	56
66	63
66	68
66	70
66	71
66	74
66	77
66	78
66	79
66	81
67	4
67	32
67	34
67	43
67	52
67	58
67	61
67	62
67	65
67	68
67	72
67	73
67	74
67	75
67	76
67	77
68	13
68	14
68	24
68	25
68	35
68	38
68	39
68	46
68	51
68	57
68	66
68	67
68	71
68	74
68	75
68	76
69	9
69	11
69	15
69	16
69	24
69	52
69	56
69	58
69	60
69	71
69	73
69	75
69	76
69	77
69	78
69	79
69	80
69	81
70	13
70	20
70	26
70	30
70	53
70	56
70	60
70	61
70	62
70	63
70	65
70	66
70	72
70	74
70	75
70	76
70	79
70	80
71	6
71	25
71	29
71	35
71	43
71	48
71	52
71	53
71	55
71	57
71	58
71	66
71	68
71	69
71	76
71	78
71	80
71	81
72	2
72	12
72	18
72	32
72	35
72	47
72	50
72	53
72	56
72	59
72	65
72	67
72	70
72	73
72	74
72	75
72	78
72	79
72	81
73	12
73	15
73	28
73	30
73	32
73	40
73	44
73	45
73	57
73	61
73	64
73	67
73	69
73	72
73	74
73	75
73	76
73	77
73	79
73	81
74	8
74	14
74	23
74	29
74	33
74	37
74	49
74	60
74	61
74	62
74	64
74	66
74	67
74	68
74	70
74	72
74	73
74	75
74	78
74	80
74	81
75	21
75	25
75	26
75	32
75	36
75	40
75	52
75	53
75	54
75	61
75	64
75	67
75	68
75	69
75	70
75	72
75	73
75	74
75	79
75	80
75	81
76	2
76	7
76	23
76	33
76	45
76	48
76	52
76	55
76	58
76	65
76	67
76	68
76	69
76	70
76	71
76	73
76	77
76	78
76	79
76	80
76	81
77	4
77	7
77	21
77	23
77	34
77	38
77	42
77	53
77	54
77	56
77	57
77	58
77	59
77	63
77	64
77	66
77	67
77	69
77	73
77	76
77	79
77	81
78	1
78	7
78	10
78	15
78	24
78	25
78	27
78	28
78	44
78	45
78	46
78	47
78	48
78	52
78	54
78	58
78	66
78	69
78	71
78	72
78	74
78	76
78	80
78	81
79	5
79	17
79	23
79	29
79	35
79	39
79	42
79	48
79	53
79	55
79	56
79	57
79	59
79	60
79	63
79	66
79	69
79	70
79	72
79	73
79	75
79	76
79	77
79	80
80	1
80	2
80	15
80	22
80	24
80	25
80	43
80	45
80	47
80	48
80	51
80	52
80	58
80	59
80	62
80	64
80	69
80	70
80	71
80	74
80	75
80	76
80	78
80	79
80	81
81	2
81	13
81	15
81	24
81	25
81	32
81	37
81	45
81	48
81	55
81	56
81	57
81	58
81	65
81	66
81	69
81	71
81	72
81	73
81	74
81	75
81	76
81	77
81	78
81	80
