1	23
1	24
1	49
1	51
1	63
1	71
2	3
2	19
2	28
2	38
2	71
2	76
3	2
3	20
3	53
3	54
3	78
3	80
4	19
4	21
4	59
4	62
4	67
4	80
5	24
5	36
5	55
5	64
5	70
5	79
6	32
6	60
6	67
6	68
6	73
6	74
7	21
7	41
7	50
7	53
7	65
7	76
8	27
8	69
8	74
8	75
8	79
8	80
9	16
9	46
9	66
9	76
9	77
9	81
10	53
10	69
10	70
10	72
10	73
10	79
11	39
11	41
11	43
11	45
11	46
11	72
12	36
12	43
12	67
12	72
12	75
12	76
13	38
13	47
13	51
13	68
13	69
13	75
14	57
14	71
14	73
14	76
14	78
14	81
15	50
15	60
15	63
15	74
15	75
15	81
16	9
16	28
16	54
16	65
16	74
16	79
17	31
17	43
17	64
17	71
17	78
17	80
18	61
18	69
18	70
18	76
18	79
18	80
19	2
19	4
19	29
19	34
19	47
19	58
19	71
20	3
20	30
20	33
20	50
20	65
20	76
20	77
21	4
21	7
21	44
21	61
21	79
21	80
21	81
22	37
22	42
22	51
22	56
22	60
22	63
22	74
23	1
23	33
23	56
23	66
23	75
23	79
23	80
24	1
24	5
24	25
24	31
24	64
24	69
24	70
25	24
25	32
25	33
25	46
25	60
25	62
25	64
26	53
26	54
26	62
26	65
26	73
26	75
26	79
27	8
27	64
27	69
27	71
27	76
27	77
27	81
28	2
28	16
28	30
28	49
28	50
28	53
28	77
29	19
29	47
29	52
29	56
29	60
29	64
29	78
30	20
30	28
30	48
30	54
30	65
30	72
30	74
31	17
31	24
31	33
31	34
31	45
31	58
31	66
31	73
32	6
32	25
32	46
32	49
32	53
32	59
32	68
32	81
33	20
33	23
33	25
33	31
33	57
33	69
33	73
33	74
34	19
34	31
34	37
34	55
34	57
34	59
34	78
34	81
35	40
35	48
35	51
35	67
35	68
35	71
35	76
35	79
36	5
36	12
36	48
36	64
36	68
36	77
36	80
36	81
37	22
37	34
37	43
37	47
37	61
37	64
37	69
37	76
37	78
38	2
38	13
38	41
38	42
38	63
38	70
38	71
38	78
38	79
39	11
39	57
39	63
39	66
39	68
39	73
39	74
39	77
39	79
40	35
40	48
40	50
40	51
40	54
40	55
40	59
40	61
40	78
41	7
41	11
41	38
41	45
41	47
41	51
41	64
41	74
41	78
42	22
42	38
42	66
42	67
42	72
42	73
42	74
42	75
42	79
42	80
43	11
43	12
43	17
43	37
43	47
43	53
43	55
43	65
43	71
43	81
44	21
44	52
44	54
44	62
44	64
44	69
44	75
44	77
44	78
44	81
45	11
45	31
45	41
45	49
45	68
45	72
45	76
45	78
45	80
45	81
46	9
46	11
46	25
46	32
46	55
46	59
46	64
46	71
46	76
46	80
47	13
47	19
47	29
47	37
47	41
47	43
47	59
47	61
47	66
47	75
48	30
48	35
48	36
48	40
48	54
48	59
48	62
48	70
48	71
48	79
49	1
49	28
49	32
49	45
49	53
49	61
49	63
49	71
49	76
49	81
50	7
50	15
50	20
50	28
50	40
50	52
50	53
50	60
50	65
50	73
51	1
51	13
51	22
51	35
51	40
51	41
51	55
51	56
51	71
51	81
52	29
52	44
52	50
52	59
52	64
52	70
52	72
52	75
52	79
52	80
53	3
53	7
53	10
53	26
53	28
53	32
53	43
53	49
53	50
53	60
53	65
54	3
54	16
54	26
54	30
54	40
54	44
54	48
54	65
54	74
54	77
54	79
55	5
55	34
55	40
55	43
55	46
55	51
55	60
55	71
55	78
55	80
55	81
56	22
56	23
56	29
56	51
56	58
56	59
56	61
56	63
56	66
56	73
56	74
56	77
57	14
57	33
57	34
57	39
57	58
57	66
57	73
57	74
57	75
57	76
57	79
57	81
58	19
58	31
58	56
58	57
58	62
58	63
58	65
58	66
58	71
58	73
58	77
58	81
59	4
59	32
59	34
59	40
59	46
59	47
59	48
59	52
59	56
59	61
59	72
59	75
59	77
60	6
60	15
60	22
60	25
60	29
60	50
60	53
60	55
60	63
60	66
60	67
60	73
60	74
60	81
61	18
61	21
61	37
61	40
61	47
61	49
61	56
61	59
61	62
61	63
61	69
61	70
61	73
61	78
62	4
62	25
62	26
62	44
62	48
62	58
62	61
62	65
62	68
62	69
62	74
62	77
62	78
62	80
63	1
63	15
63	22
63	38
63	39
63	49
63	56
63	58
63	60
63	61
63	73
63	74
63	75
63	78
63	80
64	5
64	17
64	24
64	25
64	27
64	29
64	36
64	37
64	41
64	44
64	46
64	52
64	67
64	76
64	78
65	7
65	16
65	20
65	26
65	30
65	43
65	50
65	53
65	54
65	58
65	62
65	69
65	70
65	72
65	77
66	9
66	23
66	31
66	39
66	42
66	47
66	56
66	57
66	58
66	60
66	67
66	74
66	77
66	78
66	80
67	4
67	6
67	12
67	35
67	42
67	60
67	64
67	66
67	68
67	70
67	72
67	75
67	77
67	79
67	80
68	6
68	13
68	32
68	35
68	36
68	39
68	45
68	62
68	67
68	73
68	74
68	75
68	76
68	77
68	79
68	81
69	8
69	10
69	13
69	18
69	24
69	27
69	33
69	37
69	44
69	61
69	62
69	65
69	72
69	76
69	77
69	81
70	5
70	10
70	18
70	24
70	38
70	48
70	52
70	61
70	65
70	67
70	71
70	72
70	75
70	77
70	79
70	80
71	1
71	2
71	14
71	17
71	19
71	27
71	35
71	38
71	43
71	46
71	48
71	49
71	51
71	55
71	58
71	70
71	76
72	10
72	11
72	12
72	30
72	42
72	45
72	52
72	59
72	65
72	67
72	69
72	70
72	73
72	75
72	78
72	79
72	80
72	81
73	6
73	10
73	14
73	26
73	31
73	33
73	39
73	42
73	50
73	56
73	57
73	58
73	60
73	61
73	63
73	68
73	72
73	81
74	6
74	8
74	15
74	16
74	22
74	30
74	33
74	39
74	41
74	42
74	54
74	56
74	57
74	60
74	62
74	63
74	66
74	68
74	78
74	80
75	8
75	12
75	13
75	15
75	23
75	26
75	42
75	44
75	47
75	52
75	57
75	59
75	63
75	67
75	68
75	70
75	72
75	78
75	79
75	80
76	2
76	7
76	9
76	12
76	14
76	18
76	20
76	27
76	35
76	37
76	45
76	46
76	49
76	57
76	64
76	68
76	69
76	71
76	77
76	78
76	80
77	9
77	20
77	27
77	28
77	36
77	39
77	44
77	54
77	56
77	58
77	59
77	62
77	65
77	66
77	67
77	68
77	69
77	70
77	76
77	78
77	79
77	81
78	3
78	14
78	17
78	29
78	34
78	37
78	38
78	40
78	41
78	44
78	45
78	55
78	61
78	62
78	63
78	64
78	66
78	72
78	74
78	75
78	76
78	77
78	81
79	5
79	8
79	10
79	16
79	18
79	21
79	23
79	26
79	35
79	38
79	39
79	42
79	48
79	52
79	54
79	57
79	67
79	68
79	70
79	72
79	75
79	77
79	80
79	81
80	3
80	4
80	8
80	17
80	18
80	21
80	23
80	36
80	42
80	45
80	46
80	52
80	55
80	62
80	63
80	66
80	67
80	70
80	72
80	74
80	75
80	76
80	79
80	81
81	9
81	14
81	15
81	21
81	27
81	32
81	34
81	36
81	43
81	44
81	45
81	49
81	51
81	55
81	57
81	58
81	60
81	68
81	69
81	72
81	73
81	77
81	78
81	79
81	80
