1	2
1	19
1	50
1	63
1	68
1	81
2	1
2	62
2	71
2	74
2	75
2	79
3	48
3	49
3	61
3	62
3	74
3	80
4	6
4	53
4	54
4	56
4	60
4	77
5	26
5	33
5	56
5	62
5	65
5	80
6	4
6	39
6	58
6	64
6	75
6	77
7	46
7	49
7	55
7	67
7	68
7	81
8	23
8	69
8	70
8	74
8	76
8	77
9	12
9	38
9	60
9	64
9	68
9	79
10	17
10	26
10	42
10	51
10	52
10	71
11	37
11	51
11	52
11	54
11	61
11	73
12	9
12	19
12	54
12	61
12	63
12	74
13	47
13	55
13	73
13	77
13	78
13	81
14	54
14	57
14	58
14	63
14	66
14	70
15	16
15	20
15	34
15	46
15	78
15	80
16	15
16	41
16	67
16	74
16	78
16	81
17	10
17	43
17	59
17	71
17	77
17	81
18	37
18	44
18	51
18	52
18	59
18	60
18	78
19	1
19	12
19	34
19	38
19	53
19	60
19	66
20	15
20	33
20	69
20	73
20	76
20	77
20	78
21	65
21	70
21	71
21	73
21	74
21	78
21	79
22	31
22	40
22	41
22	63
22	66
22	70
22	76
23	8
23	33
23	40
23	45
23	53
23	73
23	80
24	36
24	52
24	56
24	61
24	65
24	75
24	81
25	34
25	59
25	63
25	64
25	66
25	78
25	80
26	5
26	10
26	44
26	51
26	58
26	70
26	79
27	28
27	50
27	55
27	70
27	79
27	80
27	81
28	27
28	34
28	43
28	48
28	66
28	72
28	80
29	36
29	37
29	55
29	69
29	72
29	74
29	78
30	36
30	39
30	43
30	65
30	75
30	80
30	81
31	22
31	36
31	40
31	41
31	60
31	63
31	78
31	81
32	44
32	58
32	61
32	64
32	66
32	68
32	74
32	80
33	5
33	20
33	23
33	44
33	46
33	62
33	63
33	80
34	15
34	19
34	25
34	28
34	48
34	77
34	78
34	80
35	41
35	45
35	56
35	57
35	60
35	64
35	70
35	76
36	24
36	29
36	30
36	31
36	43
36	62
36	65
36	80
37	11
37	18
37	29
37	39
37	42
37	44
37	52
37	77
38	9
38	19
38	46
38	54
38	57
38	67
38	77
38	80
39	6
39	30
39	37
39	49
39	50
39	59
39	76
39	79
39	81
40	22
40	23
40	31
40	42
40	48
40	57
40	69
40	73
40	74
41	16
41	22
41	31
41	35
41	46
41	51
41	53
41	59
41	75
42	10
42	37
42	40
42	50
42	59
42	63
42	64
42	68
42	71
43	17
43	28
43	30
43	36
43	46
43	72
43	76
43	79
43	80
44	18
44	26
44	32
44	33
44	37
44	51
44	52
44	57
44	75
45	23
45	35
45	50
45	54
45	57
45	60
45	64
45	67
45	77
46	7
46	15
46	33
46	38
46	41
46	43
46	62
46	79
46	80
47	13
47	54
47	58
47	63
47	65
47	67
47	72
47	73
47	76
48	3
48	28
48	34
48	40
48	53
48	62
48	69
48	76
48	80
49	3
49	7
49	39
49	50
49	62
49	64
49	69
49	71
49	77
49	81
50	1
50	27
50	39
50	42
50	45
50	49
50	53
50	64
50	66
50	68
51	10
51	11
51	18
51	26
51	41
51	44
51	57
51	64
51	73
51	81
52	10
52	11
52	18
52	24
52	37
52	44
52	61
52	67
52	68
52	81
53	4
53	19
53	23
53	41
53	48
53	50
53	54
53	57
53	66
53	71
53	79
54	4
54	11
54	12
54	14
54	38
54	45
54	47
54	53
54	57
54	59
54	68
55	7
55	13
55	27
55	29
55	59
55	67
55	71
55	74
55	75
55	79
55	80
56	4
56	5
56	24
56	35
56	58
56	59
56	66
56	68
56	71
56	75
56	76
57	14
57	35
57	38
57	40
57	44
57	45
57	51
57	53
57	54
57	59
57	67
57	75
58	6
58	14
58	26
58	32
58	47
58	56
58	63
58	64
58	68
58	71
58	72
58	77
58	79
59	17
59	18
59	25
59	39
59	41
59	42
59	54
59	55
59	56
59	57
59	64
59	66
59	68
60	4
60	9
60	18
60	19
60	31
60	35
60	45
60	64
60	66
60	69
60	78
60	80
60	81
61	3
61	11
61	12
61	24
61	32
61	52
61	65
61	71
61	74
61	75
61	77
61	79
61	80
61	81
62	2
62	3
62	5
62	33
62	36
62	46
62	48
62	49
62	69
62	70
62	75
62	78
62	79
62	80
63	1
63	12
63	14
63	22
63	25
63	31
63	33
63	42
63	47
63	58
63	66
63	68
63	74
63	81
64	6
64	9
64	25
64	32
64	35
64	42
64	45
64	49
64	50
64	51
64	58
64	59
64	60
64	66
65	5
65	21
65	24
65	30
65	36
65	47
65	61
65	69
65	71
65	73
65	75
65	77
65	78
65	79
65	81
66	14
66	19
66	22
66	25
66	28
66	32
66	50
66	53
66	56
66	59
66	60
66	63
66	64
66	73
66	78
67	7
67	16
67	38
67	45
67	47
67	52
67	55
67	57
67	69
67	70
67	72
67	73
67	76
67	78
67	79
68	1
68	7
68	9
68	32
68	42
68	50
68	52
68	54
68	56
68	58
68	59
68	63
68	72
68	76
68	79
68	80
69	8
69	20
69	29
69	40
69	48
69	49
69	60
69	62
69	65
69	67
69	72
69	74
69	75
69	76
69	78
69	79
70	8
70	14
70	21
70	22
70	26
70	27
70	35
70	62
70	67
70	72
70	73
70	74
70	76
70	77
70	78
70	80
70	81
71	2
71	10
71	17
71	21
71	42
71	49
71	53
71	55
71	56
71	58
71	61
71	65
71	72
71	73
71	75
71	77
71	79
72	28
72	29
72	43
72	47
72	58
72	67
72	68
72	69
72	70
72	71
72	73
72	74
72	75
72	76
72	77
72	78
72	81
73	11
73	13
73	20
73	21
73	23
73	40
73	47
73	51
73	65
73	66
73	67
73	70
73	71
73	72
73	74
73	76
73	78
73	81
74	2
74	3
74	8
74	12
74	16
74	21
74	29
74	32
74	40
74	55
74	61
74	63
74	69
74	70
74	72
74	73
74	75
74	76
74	78
75	2
75	6
75	24
75	30
75	41
75	44
75	55
75	56
75	57
75	61
75	62
75	65
75	69
75	71
75	72
75	74
75	76
75	77
75	79
75	81
76	8
76	20
76	22
76	35
76	39
76	43
76	47
76	48
76	56
76	67
76	68
76	69
76	70
76	72
76	73
76	74
76	75
76	78
76	80
76	81
77	4
77	6
77	8
77	13
77	17
77	20
77	34
77	37
77	38
77	45
77	49
77	58
77	61
77	65
77	70
77	71
77	72
77	75
77	79
77	81
78	13
78	15
78	16
78	18
78	20
78	21
78	25
78	29
78	31
78	34
78	60
78	62
78	65
78	66
78	67
78	69
78	70
78	72
78	73
78	74
78	76
79	2
79	9
79	21
79	26
79	27
79	39
79	43
79	46
79	53
79	55
79	58
79	61
79	62
79	65
79	67
79	68
79	69
79	71
79	75
79	77
79	81
80	3
80	5
80	15
80	23
80	25
80	27
80	28
80	30
80	32
80	33
80	34
80	36
80	38
80	43
80	46
80	48
80	55
80	60
80	61
80	62
80	68
80	70
80	76
81	1
81	7
81	13
81	16
81	17
81	24
81	27
81	30
81	31
81	39
81	49
81	51
81	52
81	60
81	61
81	63
81	65
81	70
81	72
81	73
81	75
81	76
81	77
81	79
