1	54
1	55
1	57
1	65
1	73
1	81
2	4
2	19
2	26
2	41
2	50
2	77
3	35
3	52
3	59
3	66
3	77
3	78
4	2
4	13
4	37
4	58
4	64
4	68
5	11
5	55
5	58
5	63
5	64
5	77
6	29
6	30
6	69
6	70
6	72
6	73
7	28
7	33
7	35
7	46
7	69
7	74
8	12
8	26
8	32
8	39
8	62
8	76
9	59
9	64
9	72
9	77
9	79
9	80
10	20
10	30
10	47
10	65
10	71
10	77
11	5
11	66
11	67
11	71
11	75
11	77
12	8
12	14
12	26
12	39
12	47
12	80
13	4
13	44
13	63
13	64
13	73
13	78
14	12
14	15
14	23
14	39
14	58
14	69
14	76
15	14
15	26
15	39
15	53
15	69
15	79
15	80
16	52
16	57
16	61
16	62
16	64
16	74
16	76
17	36
17	48
17	52
17	76
17	77
17	80
17	81
18	19
18	32
18	47
18	57
18	66
18	67
18	77
19	2
19	18
19	24
19	63
19	64
19	66
19	77
20	10
20	49
20	52
20	55
20	61
20	78
20	81
21	23
21	30
21	68
21	70
21	73
21	74
21	80
22	39
22	68
22	69
22	72
22	73
22	75
22	76
23	14
23	21
23	36
23	58
23	63
23	64
23	80
24	19
24	48
24	57
24	74
24	75
24	80
24	81
25	43
25	54
25	55
25	57
25	62
25	72
25	77
26	2
26	8
26	12
26	15
26	39
26	60
26	70
26	79
27	41
27	58
27	60
27	63
27	66
27	78
27	79
27	81
28	7
28	50
28	52
28	66
28	71
28	72
28	74
28	81
29	6
29	50
29	51
29	59
29	71
29	77
29	78
29	80
30	6
30	10
30	21
30	41
30	47
30	65
30	73
30	78
31	40
31	46
31	47
31	58
31	65
31	71
31	75
31	78
32	8
32	18
32	33
32	46
32	54
32	55
32	57
32	72
33	7
33	32
33	54
33	55
33	57
33	60
33	79
33	81
34	40
34	46
34	50
34	68
34	69
34	70
34	73
34	75
35	3
35	7
35	43
35	45
35	57
35	62
35	68
35	74
36	17
36	23
36	54
36	56
36	58
36	63
36	64
36	79
37	4
37	43
37	52
37	67
37	71
37	73
37	74
37	76
38	50
38	58
38	65
38	68
38	69
38	70
38	73
38	78
39	8
39	12
39	14
39	15
39	22
39	26
39	41
39	43
39	79
40	31
40	34
40	41
40	46
40	48
40	62
40	65
40	73
40	81
41	2
41	27
41	30
41	39
41	40
41	46
41	49
41	65
41	81
42	47
42	48
42	62
42	66
42	71
42	72
42	74
42	76
42	77
43	25
43	35
43	37
43	39
43	44
43	48
43	49
43	58
43	61
44	13
44	43
44	53
44	65
44	67
44	75
44	76
44	79
44	81
45	35
45	66
45	71
45	72
45	75
45	76
45	77
45	79
45	80
46	7
46	31
46	32
46	34
46	40
46	41
46	65
46	67
46	80
47	10
47	12
47	18
47	30
47	31
47	42
47	60
47	65
47	79
47	80
48	17
48	24
48	40
48	42
48	43
48	52
48	71
48	74
48	76
48	79
49	20
49	41
49	43
49	55
49	64
49	66
49	75
49	76
49	78
49	80
50	2
50	28
50	29
50	34
50	38
50	51
50	67
50	77
50	79
50	81
51	29
51	50
51	56
51	59
51	66
51	67
51	68
51	77
51	78
51	79
51	81
52	3
52	16
52	17
52	20
52	28
52	37
52	48
52	61
52	70
52	71
52	78
53	15
53	44
53	56
53	59
53	67
53	68
53	69
53	70
53	73
54	1
54	25
54	32
54	33
54	36
54	57
54	61
54	75
54	77
54	79
54	81
55	1
55	5
55	20
55	25
55	32
55	33
55	49
55	56
55	57
55	74
55	78
56	36
56	51
56	53
56	55
56	63
56	65
56	72
56	76
56	78
56	79
56	81
57	1
57	16
57	18
57	24
57	25
57	32
57	33
57	35
57	54
57	55
57	68
58	4
58	5
58	14
58	23
58	27
58	31
58	36
58	38
58	43
58	63
58	64
58	71
59	3
59	9
59	29
59	51
59	53
59	61
59	66
59	67
59	73
59	75
59	77
59	81
60	26
60	27
60	33
60	47
60	68
60	69
60	72
60	74
60	75
60	76
60	78
60	79
61	16
61	20
61	43
61	52
61	54
61	59
61	62
61	63
61	71
61	74
61	77
61	80
62	8
62	16
62	25
62	35
62	40
62	42
62	61
62	63
62	68
62	70
62	71
62	74
62	80
63	5
63	13
63	19
63	23
63	27
63	36
63	56
63	58
63	61
63	62
63	64
63	65
63	78
64	4
64	5
64	9
64	13
64	16
64	19
64	23
64	36
64	49
64	58
64	63
64	70
64	72
64	73
65	1
65	10
65	30
65	31
65	38
65	40
65	41
65	44
65	46
65	47
65	56
65	63
65	70
65	75
66	3
66	11
66	18
66	19
66	27
66	28
66	42
66	45
66	49
66	51
66	59
66	67
66	73
66	77
66	81
67	11
67	18
67	37
67	44
67	46
67	50
67	51
67	53
67	59
67	66
67	69
67	71
67	74
67	76
67	77
68	4
68	21
68	22
68	34
68	35
68	38
68	51
68	53
68	57
68	60
68	62
68	69
68	70
68	73
68	75
68	76
69	6
69	7
69	14
69	15
69	22
69	34
69	38
69	53
69	60
69	67
69	68
69	70
69	72
69	73
69	80
69	81
70	6
70	21
70	26
70	34
70	38
70	52
70	53
70	62
70	64
70	65
70	68
70	69
70	73
70	75
70	76
70	80
71	10
71	11
71	28
71	29
71	31
71	37
71	42
71	45
71	48
71	52
71	58
71	61
71	62
71	67
71	73
71	74
71	80
72	6
72	9
72	22
72	25
72	28
72	32
72	42
72	45
72	56
72	60
72	64
72	69
72	73
72	75
72	78
72	79
72	80
72	81
73	1
73	6
73	13
73	21
73	22
73	30
73	34
73	37
73	38
73	40
73	53
73	59
73	64
73	66
73	68
73	69
73	70
73	71
73	72
74	7
74	16
74	21
74	24
74	28
74	35
74	37
74	42
74	48
74	55
74	60
74	61
74	62
74	67
74	71
74	77
74	78
74	79
74	81
75	11
75	22
75	24
75	31
75	34
75	44
75	45
75	49
75	54
75	59
75	60
75	65
75	68
75	70
75	72
75	77
75	78
75	79
75	80
75	81
76	8
76	14
76	16
76	17
76	22
76	37
76	42
76	44
76	45
76	48
76	49
76	56
76	60
76	67
76	68
76	70
76	78
76	79
76	80
76	81
77	2
77	3
77	5
77	9
77	10
77	11
77	17
77	18
77	19
77	25
77	29
77	42
77	45
77	50
77	51
77	54
77	59
77	61
77	66
77	67
77	74
77	75
78	3
78	13
78	20
78	27
78	29
78	30
78	31
78	38
78	49
78	51
78	52
78	55
78	56
78	60
78	63
78	72
78	74
78	75
78	76
78	79
78	80
78	81
79	9
79	15
79	26
79	27
79	33
79	36
79	39
79	44
79	45
79	47
79	48
79	50
79	51
79	54
79	56
79	60
79	72
79	74
79	75
79	76
79	78
79	80
79	81
80	9
80	12
80	15
80	17
80	21
80	23
80	24
80	29
80	45
80	46
80	47
80	49
80	61
80	62
80	69
80	70
80	71
80	72
80	75
80	76
80	78
80	79
80	81
81	1
81	17
81	20
81	24
81	27
81	28
81	33
81	40
81	41
81	44
81	50
81	51
81	54
81	56
81	59
81	66
81	69
81	72
81	74
81	75
81	76
81	78
81	79
81	80
