1	32
1	34
1	46
1	66
1	78
1	81
2	34
2	45
2	46
2	67
2	79
2	81
3	5
3	31
3	32
3	34
3	46
3	65
4	20
4	45
4	49
4	54
4	64
4	75
5	3
5	19
5	45
5	49
5	54
5	77
6	20
6	29
6	37
6	39
6	70
6	77
7	12
7	21
7	24
7	30
7	35
7	56
8	18
8	51
8	53
8	55
8	66
8	76
9	26
9	30
9	52
9	58
9	61
9	78
10	13
10	21
10	29
10	36
10	37
10	55
11	28
11	31
11	33
11	47
11	58
11	70
11	75
12	7
12	42
12	61
12	69
12	73
12	76
12	80
13	10
13	29
13	31
13	37
13	39
13	71
13	75
14	58
14	59
14	60
14	63
14	66
14	67
14	71
15	18
15	45
15	49
15	54
15	60
15	75
15	76
16	34
16	40
16	44
16	62
16	71
16	74
16	79
17	41
17	49
17	56
17	59
17	60
17	64
17	67
18	8
18	15
18	45
18	49
18	54
18	73
18	80
19	5
19	24
19	53
19	59
19	64
19	67
19	75
20	4
20	6
20	28
20	66
20	70
20	79
20	80
21	7
21	10
21	26
21	35
21	40
21	42
21	62
22	54
22	65
22	71
22	72
22	75
22	76
22	81
23	41
23	43
23	55
23	61
23	67
23	80
23	81
24	7
24	19
24	28
24	31
24	33
24	38
24	53
24	72
25	36
25	43
25	47
25	48
25	50
25	61
25	72
25	75
26	9
26	21
26	30
26	33
26	35
26	78
26	79
26	80
27	53
27	58
27	60
27	64
27	67
27	70
27	73
27	74
28	11
28	20
28	24
28	33
28	38
28	66
28	80
28	81
29	6
29	10
29	13
29	39
29	44
29	45
29	70
29	79
30	7
30	9
30	26
30	35
30	49
30	55
30	73
30	76
31	3
31	11
31	13
31	24
31	33
31	38
31	55
31	70
32	1
32	3
32	34
32	46
32	55
32	64
32	67
32	78
33	11
33	24
33	26
33	28
33	31
33	38
33	52
33	68
34	1
34	2
34	3
34	16
34	32
34	46
34	68
34	69
34	74
35	7
35	21
35	26
35	30
35	37
35	43
35	51
35	63
35	71
36	10
36	25
36	42
36	47
36	58
36	61
36	75
36	79
36	81
37	6
37	10
37	13
37	35
37	39
37	49
37	55
37	66
37	79
38	24
38	28
38	31
38	33
38	41
38	43
38	47
38	51
38	53
39	6
39	13
39	29
39	37
39	67
39	68
39	69
39	73
39	79
40	16
40	21
40	45
40	51
40	58
40	59
40	60
40	64
40	67
40	72
41	17
41	23
41	38
41	42
41	43
41	47
41	52
41	61
41	74
41	80
42	12
42	21
42	36
42	41
42	43
42	47
42	61
42	68
42	70
42	71
43	23
43	25
43	35
43	38
43	41
43	42
43	47
43	51
43	61
43	69
43	74
44	16
44	29
44	47
44	57
44	58
44	71
44	72
44	74
44	77
44	78
44	81
45	2
45	4
45	5
45	15
45	18
45	29
45	40
45	49
45	54
45	56
45	63
46	1
46	2
46	3
46	32
46	34
46	50
46	63
46	66
46	67
46	69
46	75
47	11
47	25
47	36
47	38
47	41
47	42
47	43
47	44
47	60
47	61
47	72
47	77
48	25
48	54
48	61
48	64
48	66
48	69
48	70
48	73
48	74
48	78
48	79
48	80
49	4
49	5
49	15
49	17
49	18
49	30
49	37
49	45
49	54
49	59
49	74
49	81
50	25
50	46
50	62
50	67
50	69
50	72
50	74
50	75
50	76
50	77
50	79
50	81
51	8
51	35
51	38
51	40
51	43
51	62
51	74
51	75
51	76
51	77
51	78
51	81
52	9
52	33
52	41
52	55
52	69
52	70
52	71
52	72
52	75
52	77
52	79
52	80
53	8
53	19
53	24
53	27
53	38
53	54
53	60
53	65
53	69
53	70
53	79
53	80
54	4
54	5
54	15
54	18
54	22
54	45
54	48
54	49
54	53
54	69
54	72
54	74
55	8
55	10
55	23
55	30
55	31
55	32
55	37
55	52
55	70
55	71
55	73
55	76
55	79
56	7
56	17
56	45
56	59
56	62
56	68
56	72
56	73
56	74
56	76
56	78
56	80
56	81
57	44
57	59
57	62
57	63
57	71
57	73
57	74
57	75
57	76
57	77
57	78
57	79
57	80
57	81
58	9
58	11
58	14
58	27
58	36
58	40
58	44
58	59
58	60
58	64
58	67
58	76
58	77
58	79
59	14
59	17
59	19
59	40
59	49
59	56
59	57
59	58
59	64
59	67
59	68
59	70
59	72
59	80
60	14
60	15
60	17
60	27
60	40
60	47
60	53
60	58
60	61
60	64
60	67
60	76
60	80
60	81
61	9
61	12
61	23
61	25
61	36
61	41
61	42
61	43
61	47
61	48
61	60
61	65
61	78
61	79
62	16
62	21
62	50
62	51
62	56
62	57
62	63
62	65
62	69
62	70
62	71
62	72
62	77
62	80
62	81
63	14
63	35
63	45
63	46
63	57
63	62
63	65
63	66
63	68
63	69
63	71
63	72
63	73
63	79
63	80
64	4
64	17
64	19
64	27
64	32
64	40
64	48
64	58
64	59
64	60
64	67
64	69
64	75
64	76
64	77
65	3
65	22
65	53
65	61
65	62
65	63
65	70
65	71
65	73
65	74
65	77
65	78
65	79
65	80
65	81
66	1
66	8
66	14
66	20
66	28
66	37
66	46
66	48
66	63
66	68
66	71
66	73
66	78
66	79
66	80
66	81
67	2
67	14
67	17
67	19
67	23
67	27
67	32
67	39
67	40
67	46
67	50
67	58
67	59
67	60
67	64
67	76
67	78
68	33
68	34
68	39
68	42
68	56
68	59
68	63
68	66
68	69
68	72
68	74
68	75
68	76
68	77
68	78
68	80
68	81
69	12
69	34
69	39
69	43
69	46
69	48
69	50
69	52
69	53
69	54
69	62
69	63
69	64
69	68
69	73
69	74
69	80
70	6
70	11
70	20
70	27
70	29
70	31
70	42
70	48
70	52
70	53
70	55
70	59
70	62
70	65
70	71
70	73
70	76
70	77
70	79
71	13
71	14
71	16
71	22
71	35
71	42
71	44
71	52
71	55
71	57
71	62
71	63
71	65
71	66
71	70
71	77
71	79
71	80
71	81
72	22
72	24
72	25
72	40
72	44
72	47
72	50
72	52
72	54
72	56
72	59
72	62
72	63
72	68
72	75
72	76
72	77
72	78
72	81
73	12
73	18
73	27
73	30
73	39
73	48
73	55
73	56
73	57
73	63
73	65
73	66
73	69
73	70
73	75
73	76
73	77
73	78
73	79
73	80
74	16
74	27
74	34
74	41
74	43
74	44
74	48
74	49
74	50
74	51
74	54
74	56
74	57
74	65
74	68
74	69
74	75
74	76
74	77
74	78
74	79
74	81
75	4
75	11
75	13
75	15
75	19
75	22
75	25
75	36
75	46
75	50
75	51
75	52
75	57
75	64
75	68
75	72
75	73
75	74
75	76
75	77
75	78
75	81
76	8
76	12
76	15
76	22
76	30
76	50
76	51
76	55
76	56
76	57
76	58
76	60
76	64
76	67
76	68
76	70
76	72
76	73
76	74
76	75
76	77
76	78
76	81
77	5
77	6
77	44
77	47
77	50
77	51
77	52
77	57
77	58
77	62
77	64
77	65
77	68
77	70
77	71
77	72
77	73
77	74
77	75
77	76
77	78
77	80
77	81
78	1
78	9
78	26
78	32
78	44
78	48
78	51
78	56
78	57
78	61
78	65
78	66
78	67
78	68
78	72
78	73
78	74
78	75
78	76
78	77
78	79
78	80
78	81
79	2
79	16
79	20
79	26
79	29
79	36
79	37
79	39
79	48
79	50
79	52
79	53
79	55
79	57
79	58
79	61
79	63
79	65
79	66
79	70
79	71
79	73
79	74
79	78
80	12
80	18
80	20
80	23
80	26
80	28
80	41
80	48
80	52
80	53
80	56
80	57
80	59
80	60
80	62
80	63
80	65
80	66
80	68
80	69
80	71
80	73
80	77
80	78
80	81
81	1
81	2
81	22
81	23
81	28
81	36
81	44
81	49
81	50
81	51
81	56
81	57
81	60
81	62
81	65
81	66
81	68
81	71
81	72
81	74
81	75
81	76
81	77
81	78
81	80
