1	5
1	26
1	61
1	64
1	72
1	75
2	35
2	61
2	66
2	69
2	79
2	81
3	33
3	41
3	52
3	57
3	65
3	75
4	8
4	14
4	19
4	55
4	70
4	78
5	1
5	29
5	44
5	64
5	77
5	81
6	47
6	50
6	53
6	71
6	74
6	81
7	46
7	48
7	51
7	61
7	78
7	79
8	4
8	31
8	39
8	62
8	69
8	70
9	32
9	33
9	37
9	49
9	60
9	76
10	36
10	39
10	51
10	55
10	64
10	80
11	34
11	67
11	68
11	76
11	78
11	81
12	34
12	45
12	54
12	60
12	72
12	74
13	26
13	59
13	65
13	77
13	78
13	80
14	4
14	19
14	40
14	45
14	74
14	79
15	47
15	48
15	72
15	74
15	75
15	81
16	37
16	52
16	56
16	75
16	76
16	79
17	30
17	41
17	48
17	61
17	77
17	81
18	54
18	68
18	69
18	71
18	80
18	81
19	4
19	14
19	21
19	63
19	72
19	73
20	29
20	34
20	49
20	53
20	73
20	77
21	19
21	24
21	72
21	74
21	78
21	81
22	43
22	46
22	47
22	52
22	58
22	62
22	72
23	39
23	65
23	67
23	73
23	75
23	79
23	81
24	21
24	25
24	35
24	55
24	57
24	62
24	74
25	24
25	38
25	43
25	44
25	59
25	64
25	76
26	1
26	13
26	27
26	46
26	51
26	54
26	69
27	26
27	49
27	61
27	64
27	67
27	70
27	77
28	40
28	42
28	62
28	75
28	77
28	79
28	80
29	5
29	20
29	62
29	69
29	75
29	77
29	81
30	17
30	31
30	53
30	55
30	60
30	77
30	79
31	8
31	30
31	47
31	68
31	72
31	74
31	80
32	9
32	37
32	41
32	66
32	68
32	78
32	79
33	3
33	9
33	43
33	50
33	65
33	69
33	81
34	11
34	12
34	20
34	45
34	49
34	66
34	67
35	2
35	24
35	37
35	38
35	51
35	65
35	71
36	10
36	37
36	43
36	46
36	58
36	65
36	69
36	81
37	9
37	16
37	32
37	35
37	36
37	45
37	64
37	71
38	25
38	35
38	69
38	70
38	71
38	74
38	77
38	81
39	8
39	10
39	23
39	51
39	66
39	73
39	76
39	80
40	14
40	28
40	42
40	48
40	56
40	61
40	67
40	80
41	3
41	17
41	32
41	50
41	70
41	72
41	77
41	81
42	28
42	40
42	58
42	59
42	60
42	65
42	66
42	75
43	22
43	25
43	33
43	36
43	44
43	52
43	65
43	66
44	5
44	25
44	43
44	53
44	73
44	75
44	78
44	80
45	12
45	14
45	34
45	37
45	59
45	71
45	72
45	74
45	80
46	7
46	22
46	26
46	36
46	65
46	71
46	72
46	77
46	79
47	6
47	15
47	22
47	31
47	65
47	71
47	72
47	73
47	74
48	7
48	15
48	17
48	40
48	56
48	59
48	63
48	68
48	78
49	9
49	20
49	27
49	34
49	54
49	68
49	71
49	79
49	80
50	6
50	33
50	41
50	60
50	64
50	70
50	71
50	75
50	77
50	81
51	7
51	10
51	26
51	35
51	39
51	63
51	66
51	74
51	76
51	78
52	3
52	16
52	22
52	43
52	57
52	63
52	75
52	76
52	77
52	80
53	6
53	20
53	30
53	44
53	58
53	68
53	74
53	78
53	79
53	80
54	12
54	18
54	26
54	49
54	59
54	60
54	66
54	70
54	75
54	79
55	4
55	10
55	24
55	30
55	60
55	61
55	65
55	70
55	72
55	80
55	81
56	16
56	40
56	48
56	58
56	63
56	64
56	66
56	70
56	73
56	76
56	80
57	3
57	24
57	52
57	61
57	67
57	69
57	75
57	76
57	77
57	79
57	81
58	22
58	36
58	42
58	53
58	56
58	63
58	67
58	70
58	71
58	74
58	76
59	13
59	25
59	42
59	45
59	48
59	54
59	66
59	67
59	73
59	75
59	79
60	9
60	12
60	30
60	42
60	50
60	54
60	55
60	64
60	70
60	74
60	75
60	79
61	1
61	2
61	7
61	17
61	27
61	40
61	55
61	57
61	68
61	69
61	71
61	79
62	8
62	22
62	24
62	28
62	29
62	64
62	65
62	67
62	68
62	72
62	73
62	78
63	19
63	48
63	51
63	52
63	56
63	58
63	66
63	67
63	68
63	69
63	73
63	76
63	78
64	1
64	5
64	10
64	25
64	27
64	37
64	50
64	56
64	60
64	62
64	68
64	73
64	78
64	80
65	3
65	13
65	23
65	33
65	35
65	36
65	42
65	43
65	46
65	47
65	55
65	62
65	76
65	80
66	2
66	32
66	34
66	39
66	42
66	43
66	51
66	54
66	56
66	59
66	63
66	67
66	73
66	81
67	11
67	23
67	27
67	34
67	40
67	57
67	58
67	59
67	62
67	63
67	66
67	76
67	79
67	81
68	11
68	18
68	31
68	32
68	48
68	49
68	53
68	61
68	62
68	63
68	64
68	70
68	75
68	78
68	80
69	2
69	8
69	18
69	26
69	29
69	33
69	36
69	38
69	57
69	61
69	63
69	71
69	77
69	80
69	81
70	4
70	8
70	27
70	38
70	41
70	50
70	54
70	55
70	56
70	58
70	60
70	68
70	73
70	78
70	80
71	6
71	18
71	35
71	37
71	38
71	45
71	46
71	47
71	49
71	50
71	58
71	61
71	69
71	77
71	81
72	1
72	12
72	15
72	19
72	21
72	22
72	31
72	41
72	45
72	46
72	47
72	55
72	62
72	74
72	79
72	81
73	19
73	20
73	23
73	39
73	44
73	47
73	56
73	59
73	62
73	63
73	64
73	66
73	70
73	76
73	78
73	80
74	6
74	12
74	14
74	15
74	21
74	24
74	31
74	38
74	45
74	47
74	51
74	53
74	58
74	60
74	72
74	78
75	1
75	3
75	15
75	16
75	23
75	28
75	29
75	42
75	44
75	50
75	52
75	54
75	57
75	59
75	60
75	68
75	79
76	9
76	11
76	16
76	25
76	39
76	51
76	52
76	56
76	57
76	58
76	63
76	65
76	67
76	73
76	77
76	78
76	81
77	5
77	13
77	17
77	20
77	27
77	28
77	29
77	30
77	38
77	41
77	46
77	50
77	52
77	57
77	69
77	71
77	76
77	79
77	81
78	4
78	7
78	11
78	13
78	21
78	32
78	44
78	48
78	51
78	53
78	62
78	63
78	64
78	68
78	70
78	73
78	74
78	76
78	80
79	2
79	7
79	14
79	16
79	23
79	28
79	30
79	32
79	46
79	49
79	53
79	54
79	57
79	59
79	60
79	61
79	67
79	72
79	75
79	77
79	80
80	10
80	13
80	18
80	28
80	31
80	39
80	40
80	44
80	45
80	49
80	52
80	53
80	55
80	56
80	64
80	65
80	68
80	69
80	70
80	73
80	78
80	79
81	2
81	5
81	6
81	11
81	15
81	17
81	18
81	21
81	23
81	29
81	33
81	36
81	38
81	41
81	50
81	55
81	57
81	66
81	67
81	69
81	71
81	72
81	76
81	77
