1	13
1	49
1	50
1	71
1	77
1	80
2	35
2	64
2	65
2	71
2	72
2	74
3	11
3	24
3	28
3	37
3	44
3	76
4	21
4	42
4	72
4	73
4	77
4	81
5	10
5	28
5	39
5	41
5	52
5	74
6	38
6	46
6	57
6	60
6	64
6	77
7	14
7	51
7	53
7	56
7	74
7	79
8	42
8	52
8	56
8	57
8	59
8	72
9	32
9	59
9	66
9	77
9	80
9	81
10	5
10	20
10	68
10	73
10	79
10	80
11	3
11	38
11	47
11	59
11	67
11	70
12	44
12	56
12	68
12	69
12	75
12	81
13	1
13	44
13	56
13	72
13	75
13	79
14	7
14	67
14	71
14	73
14	79
14	81
15	47
15	57
15	63
15	70
15	72
15	79
16	26
16	38
16	62
16	63
16	71
16	76
17	24
17	41
17	67
17	72
17	79
17	81
18	20
18	29
18	50
18	58
18	59
18	68
18	70
19	25
19	33
19	46
19	48
19	55
19	60
19	78
20	10
20	18
20	51
20	64
20	78
20	79
20	80
21	4
21	58
21	65
21	73
21	74
21	77
21	78
22	35
22	45
22	55
22	66
22	67
22	78
22	81
23	47
23	60
23	61
23	75
23	77
23	78
23	81
24	3
24	17
24	41
24	45
24	56
24	62
24	78
25	19
25	30
25	42
25	62
25	64
25	66
25	77
26	16
26	34
26	55
26	75
26	77
26	80
26	81
27	32
27	38
27	49
27	51
27	52
27	58
27	78
28	3
28	5
28	29
28	35
28	45
28	70
28	75
29	18
29	28
29	38
29	40
29	58
29	67
29	70
30	25
30	37
30	46
30	54
30	63
30	71
30	79
31	43
31	48
31	74
31	76
31	78
31	79
31	80
31	81
32	9
32	27
32	39
32	40
32	62
32	70
32	73
32	80
33	19
33	37
33	50
33	52
33	54
33	56
33	72
33	74
34	26
34	36
34	46
34	47
34	58
34	59
34	70
34	73
34	79
35	2
35	22
35	28
35	39
35	49
35	61
35	63
35	75
35	80
36	34
36	53
36	60
36	64
36	65
36	70
36	74
36	76
36	78
37	3
37	30
37	33
37	45
37	51
37	68
37	75
37	76
37	81
38	6
38	11
38	16
38	27
38	29
38	58
38	59
38	60
38	70
39	5
39	32
39	35
39	49
39	52
39	56
39	58
39	68
39	69
40	29
40	32
40	46
40	49
40	55
40	64
40	69
40	70
40	73
41	5
41	17
41	24
41	47
41	51
41	55
41	72
41	75
41	80
42	4
42	8
42	25
42	50
42	54
42	64
42	68
42	69
42	80
43	31
43	45
43	55
43	63
43	65
43	71
43	74
43	75
43	80
44	3
44	12
44	13
44	52
44	53
44	58
44	63
44	71
44	72
44	79
45	22
45	24
45	28
45	37
45	43
45	50
45	57
45	59
45	68
45	80
46	6
46	19
46	30
46	34
46	40
46	61
46	65
46	67
46	68
46	74
47	11
47	15
47	23
47	34
47	41
47	58
47	59
47	65
47	69
47	70
48	19
48	31
48	49
48	57
48	62
48	70
48	75
48	76
48	77
48	78
48	81
49	1
49	27
49	35
49	39
49	40
49	48
49	57
49	59
49	62
49	73
49	79
50	1
50	18
50	33
50	42
50	45
50	52
50	66
50	69
50	73
50	77
50	80
51	7
51	20
51	27
51	37
51	41
51	56
51	63
51	64
51	71
51	73
51	75
51	77
52	5
52	8
52	27
52	33
52	39
52	44
52	50
52	57
52	62
52	69
52	77
52	79
53	7
53	36
53	44
53	54
53	59
53	65
53	67
53	72
53	77
53	78
53	79
53	80
54	30
54	33
54	42
54	53
54	61
54	63
54	67
54	72
54	74
54	76
54	79
54	81
55	19
55	22
55	26
55	40
55	41
55	43
55	62
55	66
55	75
55	76
55	80
55	81
56	7
56	8
56	12
56	13
56	24
56	33
56	39
56	51
56	60
56	66
56	68
56	69
56	75
57	6
57	8
57	15
57	45
57	48
57	49
57	52
57	60
57	61
57	65
57	73
57	74
57	80
58	18
58	21
58	27
58	29
58	34
58	38
58	39
58	44
58	47
58	59
58	60
58	70
58	73
59	8
59	9
59	11
59	18
59	34
59	38
59	45
59	47
59	49
59	53
59	58
59	70
59	75
60	6
60	19
60	23
60	36
60	38
60	56
60	57
60	58
60	65
60	66
60	69
60	73
60	78
61	23
61	35
61	46
61	54
61	57
61	65
61	66
61	67
61	71
61	72
61	76
61	77
61	79
62	16
62	24
62	25
62	32
62	48
62	49
62	52
62	55
62	63
62	74
62	76
62	77
62	78
62	79
63	15
63	16
63	30
63	35
63	43
63	44
63	51
63	54
63	62
63	67
63	68
63	72
63	77
63	79
64	2
64	6
64	20
64	25
64	36
64	40
64	42
64	51
64	66
64	71
64	74
64	77
64	78
64	81
65	2
65	21
65	36
65	43
65	46
65	47
65	53
65	57
65	60
65	61
65	68
65	75
65	78
65	81
66	9
66	22
66	25
66	50
66	55
66	56
66	60
66	61
66	64
66	70
66	74
66	76
66	79
66	81
67	11
67	14
67	17
67	22
67	29
67	46
67	53
67	54
67	61
67	63
67	72
67	73
67	78
67	79
67	81
68	10
68	12
68	18
68	37
68	39
68	42
68	45
68	46
68	56
68	63
68	65
68	69
68	71
68	76
68	80
69	12
69	39
69	40
69	42
69	47
69	50
69	52
69	56
69	60
69	68
69	71
69	72
69	74
69	76
69	80
70	11
70	15
70	18
70	28
70	29
70	32
70	34
70	36
70	38
70	40
70	47
70	48
70	58
70	59
70	66
70	72
70	77
71	1
71	2
71	14
71	16
71	30
71	43
71	44
71	51
71	61
71	64
71	68
71	69
71	73
71	75
71	76
71	77
71	80
72	2
72	4
72	8
72	13
72	15
72	17
72	33
72	41
72	44
72	53
72	54
72	61
72	63
72	67
72	69
72	70
72	76
72	79
73	4
73	10
73	14
73	21
73	32
73	34
73	40
73	49
73	50
73	51
73	57
73	58
73	60
73	67
73	71
73	75
73	78
73	80
73	81
74	2
74	5
74	7
74	21
74	31
74	33
74	36
74	43
74	46
74	54
74	57
74	62
74	64
74	66
74	69
74	76
74	78
74	79
74	81
75	12
75	13
75	23
75	26
75	28
75	35
75	37
75	41
75	43
75	48
75	51
75	55
75	56
75	59
75	65
75	71
75	73
75	76
75	80
75	81
76	3
76	16
76	31
76	36
76	37
76	48
76	54
76	55
76	61
76	62
76	66
76	68
76	69
76	71
76	72
76	74
76	75
76	77
76	78
76	80
76	81
77	1
77	4
77	6
77	9
77	21
77	23
77	25
77	26
77	48
77	50
77	51
77	52
77	53
77	61
77	62
77	63
77	64
77	70
77	71
77	76
77	78
77	81
78	19
78	20
78	21
78	22
78	23
78	24
78	27
78	31
78	36
78	48
78	53
78	60
78	62
78	64
78	65
78	67
78	73
78	74
78	76
78	77
78	79
78	80
78	81
79	7
79	10
79	13
79	14
79	15
79	17
79	20
79	30
79	31
79	34
79	44
79	49
79	52
79	53
79	54
79	61
79	62
79	63
79	66
79	67
79	72
79	74
79	78
79	81
80	1
80	9
80	10
80	20
80	26
80	31
80	32
80	35
80	41
80	42
80	43
80	45
80	50
80	53
80	55
80	57
80	68
80	69
80	71
80	73
80	75
80	76
80	78
80	81
81	4
81	9
81	12
81	14
81	17
81	22
81	23
81	26
81	31
81	37
81	48
81	54
81	55
81	64
81	65
81	66
81	67
81	73
81	74
81	75
81	76
81	77
81	78
81	79
81	80
