1	18
1	32
1	42
1	58
1	69
1	73
2	30
2	59
2	61
2	68
2	77
2	79
3	24
3	41
3	63
3	66
3	76
3	79
4	9
4	33
4	34
4	53
4	62
4	73
5	31
5	45
5	62
5	69
5	75
5	78
6	42
6	53
6	65
6	67
6	72
6	76
7	50
7	51
7	57
7	70
7	73
7	81
8	33
8	44
8	51
8	59
8	67
8	74
9	4
9	15
9	34
9	38
9	68
9	77
10	40
10	53
10	58
10	76
10	80
10	81
11	47
11	52
11	64
11	69
11	70
11	73
12	25
12	31
12	49
12	50
12	52
12	73
13	46
13	60
13	67
13	70
13	79
13	81
14	20
14	67
14	68
14	69
14	72
14	74
15	9
15	17
15	19
15	65
15	73
15	78
16	45
16	49
16	61
16	72
16	74
16	81
17	15
17	19
17	34
17	39
17	64
17	78
18	1
18	46
18	61
18	67
18	68
18	70
19	15
19	17
19	27
19	33
19	34
19	73
19	78
20	14
20	48
20	52
20	55
20	68
20	77
20	78
21	27
21	39
21	45
21	60
21	67
21	80
21	81
22	27
22	31
22	40
22	55
22	65
22	76
22	77
23	54
23	63
23	64
23	71
23	75
23	76
23	80
24	3
24	25
24	49
24	55
24	66
24	77
24	78
25	12
25	24
25	34
25	40
25	53
25	66
25	70
26	32
26	53
26	57
26	59
26	61
26	73
26	80
27	19
27	21
27	22
27	49
27	63
27	71
27	77
28	58
28	61
28	63
28	67
28	71
28	73
28	77
29	35
29	63
29	71
29	72
29	75
29	77
29	79
30	2
30	38
30	41
30	63
30	71
30	74
30	77
31	5
31	12
31	22
31	47
31	61
31	79
31	80
32	1
32	26
32	45
32	54
32	56
32	57
32	75
33	4
33	8
33	19
33	36
33	60
33	74
33	81
34	4
34	9
34	17
34	19
34	25
34	47
34	68
34	77
35	29
35	50
35	60
35	62
35	64
35	67
35	69
35	70
36	33
36	46
36	49
36	58
36	62
36	64
36	69
36	72
37	40
37	44
37	51
37	56
37	59
37	63
37	65
37	77
38	9
38	30
38	43
38	48
38	49
38	65
38	73
38	79
39	17
39	21
39	46
39	48
39	53
39	57
39	69
39	80
40	10
40	22
40	25
40	37
40	68
40	69
40	71
40	77
40	79
41	3
41	30
41	47
41	50
41	57
41	67
41	68
41	76
41	81
42	1
42	6
42	43
42	47
42	51
42	56
42	60
42	65
42	79
43	38
43	42
43	48
43	52
43	53
43	75
43	78
43	79
43	80
44	8
44	37
44	60
44	61
44	71
44	76
44	77
44	78
44	80
45	5
45	16
45	21
45	32
45	54
45	64
45	65
45	76
45	80
46	13
46	18
46	36
46	39
46	53
46	58
46	59
46	62
46	73
46	75
47	11
47	31
47	34
47	41
47	42
47	55
47	60
47	72
47	75
47	76
48	20
48	38
48	39
48	43
48	54
48	58
48	71
48	74
48	75
48	76
49	12
49	16
49	24
49	27
49	36
49	38
49	70
49	72
49	76
49	78
50	7
50	12
50	35
50	41
50	51
50	64
50	66
50	74
50	76
50	79
51	7
51	8
51	37
51	42
51	50
51	55
51	69
51	74
51	78
51	81
52	11
52	12
52	20
52	43
52	57
52	63
52	66
52	69
52	74
52	76
52	78
53	4
53	6
53	10
53	25
53	26
53	39
53	43
53	46
53	76
53	78
53	79
54	23
54	32
54	45
54	48
54	68
54	69
54	72
54	73
54	74
54	75
54	77
55	20
55	22
55	24
55	47
55	51
55	66
55	70
55	72
55	79
55	80
55	81
56	32
56	37
56	42
56	59
56	60
56	65
56	68
56	73
56	76
56	78
56	80
57	7
57	26
57	32
57	39
57	41
57	52
57	58
57	75
57	77
57	80
57	81
58	1
58	10
58	28
58	36
58	46
58	48
58	57
58	61
58	62
58	75
58	80
59	2
59	8
59	26
59	37
59	46
59	56
59	65
59	67
59	68
59	70
59	75
59	78
60	13
60	21
60	33
60	35
60	42
60	44
60	47
60	56
60	64
60	74
60	79
60	80
60	81
61	2
61	16
61	18
61	26
61	28
61	31
61	44
61	58
61	63
61	64
61	71
61	75
61	77
62	4
62	5
62	35
62	36
62	46
62	58
62	63
62	65
62	66
62	67
62	74
62	76
62	79
63	3
63	23
63	27
63	28
63	29
63	30
63	37
63	52
63	61
63	62
63	64
63	69
63	71
63	73
64	11
64	17
64	23
64	35
64	36
64	45
64	50
64	60
64	61
64	63
64	71
64	72
64	76
64	79
64	81
65	6
65	15
65	22
65	37
65	38
65	42
65	45
65	56
65	59
65	62
65	67
65	68
65	70
65	73
65	81
66	3
66	24
66	25
66	50
66	52
66	55
66	62
66	69
66	71
66	72
66	76
66	77
66	79
66	80
66	81
67	6
67	8
67	13
67	14
67	18
67	21
67	28
67	35
67	41
67	59
67	62
67	65
67	69
67	71
67	74
67	75
68	2
68	9
68	14
68	18
68	20
68	34
68	40
68	41
68	54
68	56
68	59
68	65
68	70
68	73
68	75
68	78
69	1
69	5
69	11
69	14
69	35
69	36
69	39
69	40
69	51
69	52
69	54
69	63
69	66
69	67
69	70
69	80
70	7
70	11
70	13
70	18
70	25
70	35
70	49
70	55
70	59
70	65
70	68
70	69
70	72
70	77
70	78
70	80
70	81
71	23
71	27
71	28
71	29
71	30
71	40
71	44
71	48
71	61
71	63
71	64
71	66
71	67
71	74
71	77
71	78
71	79
72	6
72	14
72	16
72	29
72	36
72	47
72	49
72	54
72	55
72	64
72	66
72	70
72	75
72	76
72	79
72	80
72	81
73	1
73	4
73	7
73	11
73	12
73	15
73	19
73	26
73	28
73	38
73	46
73	54
73	56
73	63
73	65
73	68
73	78
73	81
74	8
74	14
74	16
74	30
74	33
74	48
74	50
74	51
74	52
74	54
74	60
74	62
74	67
74	71
74	75
74	78
74	79
74	80
74	81
75	5
75	23
75	29
75	32
75	43
75	46
75	47
75	48
75	54
75	57
75	58
75	59
75	61
75	67
75	68
75	72
75	74
75	78
75	81
76	3
76	6
76	10
76	22
76	23
76	41
76	44
76	45
76	47
76	48
76	49
76	50
76	52
76	53
76	56
76	62
76	64
76	66
76	72
76	79
76	80
76	81
77	2
77	9
77	20
77	22
77	24
77	27
77	28
77	29
77	30
77	34
77	37
77	40
77	44
77	54
77	57
77	61
77	66
77	70
77	71
77	78
77	80
77	81
78	5
78	15
78	17
78	19
78	20
78	24
78	43
78	44
78	49
78	51
78	52
78	53
78	56
78	59
78	68
78	70
78	71
78	73
78	74
78	75
78	77
78	79
78	81
79	2
79	3
79	13
79	29
79	31
79	38
79	40
79	42
79	43
79	50
79	53
79	55
79	60
79	62
79	64
79	66
79	71
79	72
79	74
79	76
79	78
79	80
79	81
80	10
80	21
80	23
80	26
80	31
80	39
80	43
80	44
80	45
80	55
80	56
80	57
80	58
80	60
80	66
80	69
80	70
80	72
80	74
80	76
80	77
80	79
80	81
81	7
81	10
81	13
81	16
81	21
81	33
81	41
81	51
81	55
81	57
81	60
81	64
81	65
81	66
81	70
81	72
81	73
81	74
81	75
81	76
81	77
81	78
81	79
81	80
