1	42
1	68
1	69
1	73
1	78
1	80
2	25
2	26
2	34
2	41
2	48
2	61
3	30
3	35
3	37
3	65
3	72
3	78
4	6
4	7
4	18
4	65
4	70
4	79
5	25
5	46
5	49
5	53
5	65
5	68
6	4
6	11
6	63
6	72
6	74
6	75
7	4
7	46
7	47
7	55
7	61
7	71
8	35
8	47
8	60
8	76
8	77
8	79
9	15
9	34
9	41
9	45
9	62
9	76
10	16
10	18
10	61
10	78
10	80
10	81
11	6
11	23
11	52
11	60
11	71
11	78
12	22
12	26
12	49
12	53
12	72
12	75
13	34
13	55
13	61
13	75
13	77
13	80
14	15
14	48
14	56
14	63
14	69
14	75
15	9
15	14
15	58
15	69
15	77
15	80
15	81
16	10
16	22
16	30
16	38
16	44
16	52
16	78
17	19
17	55
17	68
17	70
17	73
17	79
17	81
18	4
18	10
18	53
18	59
18	68
18	76
18	78
19	17
19	22
19	48
19	52
19	53
19	63
19	79
20	36
20	43
20	45
20	51
20	57
20	71
20	78
21	37
21	43
21	53
21	66
21	74
21	76
21	80
22	12
22	16
22	19
22	36
22	43
22	44
22	57
23	11
23	34
23	48
23	51
23	64
23	75
23	81
24	35
24	55
24	59
24	67
24	68
24	78
24	79
25	2
25	5
25	40
25	49
25	56
25	70
25	73
26	2
26	12
26	29
26	55
26	59
26	65
26	71
27	32
27	49
27	51
27	54
27	57
27	67
27	79
28	42
28	54
28	56
28	63
28	75
28	77
28	81
29	26
29	32
29	33
29	59
29	62
29	73
29	78
29	81
30	3
30	16
30	36
30	52
30	66
30	73
30	76
30	79
31	37
31	40
31	59
31	67
31	72
31	73
31	74
31	79
32	27
32	29
32	62
32	75
32	76
32	78
32	80
32	81
33	29
33	42
33	53
33	54
33	60
33	61
33	77
33	81
34	2
34	9
34	13
34	23
34	64
34	70
34	74
34	75
35	3
35	8
35	24
35	64
35	71
35	74
35	77
35	80
36	20
36	22
36	30
36	46
36	54
36	64
36	74
36	79
37	3
37	21
37	31
37	47
37	61
37	62
37	77
37	80
38	16
38	70
38	71
38	74
38	76
38	77
38	80
38	81
39	42
39	46
39	47
39	50
39	56
39	68
39	74
39	75
40	25
40	31
40	60
40	63
40	68
40	70
40	72
40	73
40	74
41	2
41	9
41	53
41	60
41	63
41	64
41	66
41	77
41	81
42	1
42	28
42	33
42	39
42	56
42	58
42	63
42	75
42	80
43	20
43	21
43	22
43	44
43	47
43	55
43	57
43	63
43	75
44	16
44	22
44	43
44	47
44	64
44	65
44	66
44	68
44	78
45	9
45	20
45	51
45	57
45	65
45	71
45	76
45	78
45	79
46	5
46	7
46	36
46	39
46	48
46	62
46	69
46	70
46	72
47	7
47	8
47	37
47	39
47	43
47	44
47	49
47	70
47	75
48	2
48	14
48	19
48	23
48	46
48	60
48	69
48	70
48	73
49	5
49	12
49	25
49	27
49	47
49	56
49	57
49	75
49	78
50	39
50	61
50	67
50	68
50	69
50	70
50	72
50	73
50	81
51	20
51	23
51	27
51	45
51	55
51	64
51	69
51	79
51	80
52	11
52	16
52	19
52	30
52	66
52	68
52	74
52	75
52	76
52	79
53	5
53	12
53	18
53	19
53	21
53	33
53	41
53	54
53	66
53	72
54	27
54	28
54	33
54	36
54	53
54	58
54	59
54	63
54	67
54	72
55	7
55	13
55	17
55	24
55	26
55	43
55	51
55	72
55	74
55	79
56	14
56	25
56	28
56	39
56	42
56	49
56	58
56	60
56	63
56	65
56	74
57	20
57	22
57	27
57	43
57	45
57	49
57	63
57	68
57	75
57	77
57	78
58	15
58	42
58	54
58	56
58	60
58	70
58	73
58	76
58	77
58	80
58	81
59	18
59	24
59	26
59	29
59	31
59	54
59	62
59	64
59	66
59	68
59	71
59	78
60	8
60	11
60	33
60	40
60	41
60	48
60	56
60	58
60	70
60	76
60	80
60	81
61	2
61	7
61	10
61	13
61	33
61	37
61	50
61	67
61	74
61	76
61	79
61	81
62	9
62	29
62	32
62	37
62	46
62	59
62	69
62	73
62	76
62	77
62	78
62	81
63	6
63	14
63	19
63	28
63	40
63	41
63	42
63	43
63	54
63	56
63	57
63	66
63	75
64	23
64	34
64	35
64	36
64	41
64	44
64	51
64	59
64	66
64	71
64	76
64	80
64	81
65	3
65	4
65	5
65	26
65	44
65	45
65	56
65	67
65	70
65	71
65	75
65	77
65	78
66	21
66	30
66	41
66	44
66	52
66	53
66	59
66	63
66	64
66	67
66	69
66	72
66	74
66	75
67	24
67	27
67	31
67	50
67	54
67	61
67	65
67	66
67	68
67	72
67	74
67	76
67	78
67	81
68	1
68	5
68	17
68	18
68	24
68	39
68	40
68	44
68	50
68	52
68	57
68	59
68	67
68	69
68	73
69	1
69	14
69	15
69	46
69	48
69	50
69	51
69	62
69	66
69	68
69	70
69	73
69	76
69	77
69	79
70	4
70	17
70	25
70	34
70	38
70	40
70	46
70	47
70	48
70	50
70	58
70	60
70	65
70	69
70	71
70	73
71	7
71	11
71	20
71	26
71	35
71	38
71	45
71	59
71	64
71	65
71	70
71	73
71	75
71	77
71	78
71	79
71	80
72	3
72	6
72	12
72	31
72	40
72	46
72	50
72	53
72	54
72	55
72	66
72	67
72	73
72	77
72	79
72	80
72	81
73	1
73	17
73	25
73	29
73	30
73	31
73	40
73	48
73	50
73	58
73	62
73	68
73	69
73	70
73	71
73	72
73	79
74	6
74	21
74	31
74	34
74	35
74	36
74	38
74	39
74	40
74	52
74	55
74	56
74	61
74	66
74	67
74	77
74	80
74	81
75	6
75	12
75	13
75	14
75	23
75	28
75	32
75	34
75	39
75	42
75	43
75	47
75	49
75	52
75	57
75	63
75	65
75	66
75	71
75	79
76	8
76	9
76	18
76	21
76	30
76	32
76	38
76	45
76	52
76	58
76	60
76	61
76	62
76	64
76	67
76	69
76	77
76	78
76	80
76	81
77	8
77	13
77	15
77	28
77	33
77	35
77	37
77	38
77	41
77	57
77	58
77	62
77	65
77	69
77	71
77	72
77	74
77	76
77	80
77	81
78	1
78	3
78	10
78	11
78	16
78	18
78	20
78	24
78	29
78	32
78	44
78	45
78	49
78	57
78	59
78	62
78	65
78	67
78	71
78	76
78	79
79	4
79	8
79	17
79	19
79	24
79	27
79	30
79	31
79	36
79	45
79	51
79	52
79	55
79	61
79	69
79	71
79	72
79	73
79	75
79	78
79	80
80	1
80	10
80	13
80	15
80	21
80	32
80	35
80	37
80	38
80	42
80	51
80	58
80	60
80	64
80	71
80	72
80	74
80	76
80	77
80	79
80	81
81	10
81	15
81	17
81	23
81	28
81	29
81	32
81	33
81	38
81	41
81	50
81	58
81	60
81	61
81	62
81	64
81	67
81	72
81	74
81	76
81	77
81	80
