1	44
1	53
1	59
1	78
1	80
1	81
2	19
2	35
2	54
2	57
2	60
2	72
3	7
3	18
3	61
3	70
3	77
3	79
4	6
4	17
4	33
4	41
4	45
4	62
5	20
5	23
5	24
5	26
5	62
5	75
6	4
6	7
6	11
6	53
6	74
6	80
7	3
7	6
7	20
7	39
7	75
7	77
8	34
8	48
8	61
8	63
8	72
8	75
9	10
9	23
9	36
9	63
9	70
9	81
10	9
10	20
10	43
10	53
10	70
10	73
11	6
11	20
11	29
11	77
11	79
11	80
12	31
12	35
12	40
12	45
12	49
12	63
13	29
13	40
13	49
13	66
13	67
13	78
14	51
14	62
14	71
14	72
14	73
14	80
15	20
15	22
15	50
15	72
15	77
15	80
16	34
16	46
16	48
16	51
16	63
16	75
17	4
17	30
17	47
17	61
17	74
17	75
18	3
18	26
18	65
18	72
18	75
18	81
19	2
19	32
19	62
19	73
19	78
19	79
19	81
20	5
20	7
20	10
20	11
20	15
20	66
20	70
21	33
21	50
21	65
21	67
21	74
21	78
21	81
22	15
22	27
22	43
22	45
22	60
22	64
22	81
23	5
23	9
23	36
23	44
23	53
23	59
23	71
24	5
24	34
24	41
24	76
24	78
24	79
24	81
25	26
25	53
25	58
25	61
25	63
25	67
25	75
26	5
26	18
26	25
26	44
26	53
26	70
26	75
27	22
27	43
27	50
27	61
27	63
27	64
27	76
28	46
28	60
28	61
28	69
28	71
28	72
28	73
29	11
29	13
29	31
29	34
29	49
29	57
29	71
30	17
30	42
30	51
30	56
30	64
30	78
30	80
31	12
31	29
31	40
31	41
31	49
31	74
31	76
32	19
32	33
32	47
32	66
32	68
32	72
32	74
33	4
33	21
33	32
33	47
33	72
33	73
33	74
33	77
34	8
34	16
34	24
34	29
34	66
34	72
34	77
34	81
35	2
35	12
35	42
35	58
35	67
35	69
35	71
35	74
36	9
36	23
36	44
36	45
36	53
36	58
36	59
36	66
37	55
37	58
37	59
37	71
37	74
37	79
37	80
37	81
38	48
38	50
38	67
38	68
38	72
38	77
38	78
38	79
39	7
39	51
39	57
39	60
39	72
39	73
39	80
39	81
40	12
40	13
40	31
40	42
40	49
40	56
40	69
40	70
41	4
41	24
41	31
41	45
41	52
41	56
41	60
41	68
42	30
42	35
42	40
42	65
42	68
42	69
42	76
42	80
43	10
43	22
43	27
43	49
43	57
43	61
43	64
43	76
44	1
44	23
44	26
44	36
44	49
44	52
44	53
44	59
44	79
45	4
45	12
45	22
45	36
45	41
45	52
45	55
45	77
45	80
46	16
46	28
46	50
46	52
46	63
46	70
46	75
46	79
46	81
47	17
47	32
47	33
47	62
47	66
47	69
47	72
47	74
47	77
48	8
48	16
48	38
48	50
48	66
48	68
48	73
48	77
48	78
48	81
49	12
49	13
49	29
49	31
49	40
49	43
49	44
49	59
49	75
49	79
50	15
50	21
50	27
50	38
50	46
50	48
50	66
50	70
50	77
50	79
51	14
51	16
51	30
51	39
51	55
51	67
51	68
51	70
51	79
51	80
52	41
52	44
52	45
52	46
52	53
52	56
52	61
52	64
52	73
52	75
53	1
53	6
53	10
53	23
53	25
53	26
53	36
53	44
53	52
53	59
54	2
54	57
54	63
54	64
54	69
54	71
54	78
54	79
54	80
54	81
55	37
55	45
55	51
55	57
55	67
55	68
55	73
55	76
55	77
55	80
56	30
56	40
56	41
56	52
56	61
56	64
56	65
56	67
56	68
56	78
56	80
57	2
57	29
57	39
57	43
57	54
57	55
57	68
57	71
57	73
57	74
57	79
58	25
58	35
58	36
58	37
58	60
58	67
58	68
58	71
58	73
58	76
58	79
59	1
59	23
59	36
59	37
59	44
59	49
59	53
59	75
59	76
59	78
59	81
60	2
60	22
60	28
60	39
60	41
60	58
60	65
60	66
60	71
60	73
60	81
61	3
61	8
61	17
61	25
61	27
61	28
61	43
61	52
61	56
61	62
61	65
61	79
62	4
62	5
62	14
62	19
62	47
62	61
62	71
62	76
62	78
62	79
62	80
62	81
63	8
63	9
63	12
63	16
63	25
63	27
63	46
63	54
63	69
63	70
63	75
63	76
64	22
64	27
64	30
64	43
64	52
64	54
64	56
64	65
64	68
64	70
64	75
64	77
64	79
65	18
65	21
65	42
65	56
65	60
65	61
65	64
65	69
65	71
65	73
65	74
65	76
65	80
65	81
66	13
66	20
66	32
66	34
66	36
66	47
66	48
66	50
66	60
66	72
66	74
66	76
66	77
66	81
67	13
67	21
67	25
67	35
67	38
67	51
67	55
67	56
67	58
67	68
67	71
67	73
67	76
67	78
68	32
68	38
68	41
68	42
68	48
68	51
68	55
68	56
68	57
68	58
68	64
68	67
68	71
68	73
68	77
69	28
69	35
69	40
69	42
69	47
69	54
69	63
69	65
69	71
69	74
69	75
69	76
69	79
69	80
69	81
70	3
70	9
70	10
70	20
70	26
70	40
70	46
70	50
70	51
70	63
70	64
70	71
70	75
70	77
70	78
71	14
71	23
71	28
71	29
71	35
71	37
71	54
71	57
71	58
71	60
71	62
71	65
71	67
71	68
71	69
71	70
72	2
72	8
72	14
72	15
72	18
72	28
72	32
72	33
72	34
72	38
72	39
72	47
72	66
72	76
72	77
72	78
72	80
73	10
73	14
73	19
73	28
73	33
73	39
73	48
73	52
73	55
73	57
73	58
73	60
73	65
73	67
73	68
73	79
73	80
74	6
74	17
74	21
74	31
74	32
74	33
74	35
74	37
74	47
74	57
74	65
74	66
74	69
74	78
74	79
74	80
74	81
75	5
75	7
75	8
75	16
75	17
75	18
75	25
75	26
75	46
75	49
75	52
75	59
75	63
75	64
75	69
75	70
75	79
76	24
76	27
76	31
76	42
76	43
76	55
76	58
76	59
76	62
76	63
76	65
76	66
76	67
76	69
76	72
76	78
76	79
76	80
76	81
77	3
77	7
77	11
77	15
77	33
77	34
77	38
77	45
77	47
77	48
77	50
77	55
77	64
77	66
77	68
77	70
77	72
77	80
77	81
78	1
78	13
78	19
78	21
78	24
78	30
78	38
78	48
78	54
78	56
78	59
78	62
78	67
78	70
78	72
78	74
78	76
78	79
78	80
78	81
79	3
79	11
79	19
79	24
79	37
79	38
79	44
79	46
79	49
79	50
79	51
79	54
79	57
79	58
79	61
79	62
79	64
79	69
79	73
79	74
79	75
79	76
79	78
79	80
79	81
80	1
80	6
80	11
80	14
80	15
80	30
80	37
80	39
80	42
80	45
80	51
80	54
80	55
80	56
80	62
80	65
80	69
80	72
80	73
80	74
80	76
80	77
80	78
80	79
80	81
81	1
81	9
81	18
81	19
81	21
81	22
81	24
81	34
81	37
81	39
81	46
81	48
81	54
81	59
81	60
81	62
81	65
81	66
81	69
81	74
81	76
81	77
81	78
81	79
81	80
