1	16
1	18
1	30
1	44
1	54
1	61
2	10
2	26
2	51
2	66
2	78
2	79
3	13
3	36
3	53
3	56
3	64
3	77
4	6
4	7
4	9
4	21
4	47
4	67
5	7
5	31
5	57
5	69
5	78
5	81
6	4
6	21
6	31
6	52
6	62
6	71
7	4
7	5
7	17
7	20
7	34
7	74
8	20
8	50
8	62
8	73
8	78
8	81
9	4
9	29
9	44
9	61
9	67
9	72
10	2
10	39
10	55
10	71
10	73
10	78
11	30
11	61
11	70
11	73
11	76
11	79
12	32
12	53
12	57
12	77
12	80
12	81
13	3
13	27
13	56
13	58
13	76
13	79
14	61
14	63
14	68
14	70
14	72
14	76
15	40
15	48
15	67
15	69
15	75
15	77
16	1
16	37
16	65
16	73
16	74
16	76
16	80
17	7
17	20
17	31
17	59
17	69
17	73
17	81
18	1
18	24
18	29
18	32
18	39
18	48
18	80
19	49
19	60
19	67
19	68
19	72
19	75
19	81
20	7
20	8
20	17
20	21
20	36
20	74
20	81
21	4
21	6
21	20
21	26
21	31
21	67
21	72
22	48
22	54
22	62
22	70
22	73
22	76
22	79
23	28
23	41
23	60
23	61
23	74
23	77
23	78
24	18
24	30
24	43
24	55
24	61
24	76
24	77
25	32
25	37
25	43
25	45
25	59
25	74
25	81
26	2
26	21
26	54
26	58
26	70
26	79
26	81
27	13
27	37
27	63
27	65
27	66
27	76
27	80
28	23
28	42
28	46
28	47
28	48
28	57
28	64
29	9
29	18
29	34
29	55
29	65
29	77
29	80
30	1
30	11
30	24
30	52
30	74
30	75
30	77
31	5
31	6
31	17
31	21
31	36
31	48
31	56
31	79
32	12
32	18
32	25
32	59
32	63
32	75
32	77
32	80
33	34
33	42
33	51
33	63
33	71
33	73
33	77
33	80
34	7
34	29
34	33
34	57
34	70
34	73
34	74
34	77
35	48
35	58
35	59
35	69
35	70
35	76
35	77
35	79
35	80
36	3
36	20
36	31
36	40
36	47
36	56
36	64
36	72
36	81
37	16
37	25
37	27
37	53
37	55
37	63
37	70
37	79
37	80
38	47
38	58
38	60
38	61
38	70
38	71
38	72
38	74
38	75
39	10
39	18
39	58
39	66
39	68
39	76
39	77
39	79
39	81
40	15
40	36
40	42
40	44
40	46
40	55
40	56
40	64
40	65
40	75
41	23
41	45
41	56
41	57
41	59
41	63
41	68
41	69
41	78
41	81
42	28
42	33
42	40
42	46
42	54
42	56
42	58
42	64
42	65
42	79
43	24
43	25
43	53
43	57
43	60
43	65
43	71
43	72
43	78
43	81
44	1
44	9
44	40
44	49
44	50
44	53
44	62
44	63
44	65
44	80
45	25
45	41
45	51
45	61
45	67
45	68
45	72
45	74
45	76
45	78
46	28
46	40
46	42
46	49
46	56
46	57
46	59
46	64
46	71
46	73
47	4
47	28
47	36
47	38
47	50
47	59
47	60
47	69
47	74
47	75
48	15
48	18
48	22
48	28
48	31
48	35
48	66
48	68
48	70
48	71
48	76
49	19
49	44
49	46
49	52
49	54
49	59
49	60
49	70
49	78
49	80
49	81
50	8
50	44
50	47
50	68
50	71
50	72
50	73
50	74
50	77
50	79
50	80
51	2
51	33
51	45
51	54
51	57
51	61
51	63
51	66
51	67
51	68
51	72
52	6
52	30
52	49
52	55
52	57
52	59
52	62
52	63
52	71
52	74
52	78
52	81
53	3
53	12
53	37
53	43
53	44
53	63
53	65
53	68
53	69
53	74
53	76
53	80
54	1
54	22
54	26
54	42
54	49
54	51
54	55
54	69
54	71
54	73
54	75
54	77
55	10
55	24
55	29
55	37
55	40
55	52
55	54
55	65
55	66
55	71
55	73
55	77
56	3
56	13
56	31
56	36
56	40
56	41
56	42
56	46
56	57
56	64
56	73
56	75
57	5
57	12
57	28
57	34
57	41
57	43
57	46
57	51
57	52
57	56
57	60
57	62
57	81
58	13
58	26
58	35
58	38
58	39
58	42
58	66
58	75
58	76
58	78
58	79
58	80
58	81
59	17
59	25
59	32
59	35
59	41
59	46
59	47
59	49
59	52
59	62
59	64
59	78
59	81
60	19
60	23
60	38
60	43
60	47
60	49
60	57
60	62
60	66
60	78
60	79
60	80
60	81
61	1
61	9
61	11
61	14
61	23
61	24
61	38
61	45
61	51
61	67
61	68
61	70
61	72
61	75
62	6
62	8
62	22
62	44
62	52
62	57
62	59
62	60
62	64
62	65
62	76
62	77
62	78
62	81
63	14
63	27
63	32
63	33
63	37
63	41
63	44
63	51
63	52
63	53
63	65
63	78
63	80
63	81
64	3
64	28
64	36
64	40
64	42
64	46
64	56
64	59
64	62
64	67
64	69
64	76
64	78
64	81
65	16
65	27
65	29
65	40
65	42
65	43
65	44
65	53
65	55
65	62
65	63
65	69
65	79
65	80
66	2
66	27
66	39
66	48
66	51
66	55
66	58
66	60
66	70
66	71
66	76
66	77
66	79
66	80
67	4
67	9
67	15
67	19
67	21
67	45
67	51
67	61
67	64
67	68
67	71
67	72
67	76
67	79
68	14
68	19
68	39
68	41
68	45
68	48
68	50
68	51
68	53
68	61
68	67
68	72
68	77
68	78
68	79
69	5
69	15
69	17
69	35
69	41
69	47
69	53
69	54
69	64
69	65
69	71
69	73
69	74
69	75
69	77
70	11
70	14
70	22
70	26
70	34
70	35
70	37
70	38
70	48
70	49
70	61
70	66
70	72
70	76
70	78
70	79
71	6
71	10
71	33
71	38
71	43
71	46
71	48
71	50
71	52
71	54
71	55
71	66
71	67
71	69
71	73
71	74
71	80
72	9
72	14
72	19
72	21
72	36
72	38
72	43
72	45
72	50
72	51
72	61
72	67
72	68
72	70
72	78
72	79
72	80
73	8
73	10
73	11
73	16
73	17
73	22
73	33
73	34
73	46
73	50
73	54
73	55
73	56
73	69
73	71
73	75
73	79
73	80
74	7
74	16
74	20
74	23
74	25
74	30
74	34
74	38
74	45
74	47
74	50
74	52
74	53
74	69
74	71
74	75
74	78
74	81
75	15
75	19
75	30
75	32
75	38
75	40
75	47
75	54
75	56
75	58
75	61
75	69
75	73
75	74
75	77
75	79
75	80
75	81
76	11
76	13
76	14
76	16
76	22
76	24
76	27
76	35
76	39
76	45
76	48
76	53
76	58
76	62
76	64
76	66
76	67
76	70
76	79
77	3
77	12
77	15
77	23
77	24
77	29
77	30
77	32
77	33
77	34
77	35
77	39
77	50
77	54
77	55
77	62
77	66
77	68
77	69
77	75
78	2
78	5
78	8
78	10
78	23
78	41
78	43
78	45
78	49
78	52
78	58
78	59
78	60
78	62
78	63
78	64
78	68
78	70
78	72
78	74
78	81
79	2
79	11
79	13
79	22
79	26
79	31
79	35
79	37
79	39
79	42
79	50
79	58
79	60
79	65
79	66
79	67
79	68
79	70
79	72
79	73
79	75
79	76
80	12
80	16
80	18
80	27
80	29
80	32
80	33
80	35
80	37
80	44
80	49
80	50
80	53
80	58
80	60
80	63
80	65
80	66
80	71
80	72
80	73
80	75
81	5
81	8
81	12
81	17
81	19
81	20
81	25
81	26
81	36
81	39
81	41
81	43
81	49
81	52
81	57
81	58
81	59
81	60
81	62
81	63
81	64
81	74
81	75
81	78
