1	23
1	25
1	29
1	43
1	48
1	71
2	3
2	35
2	65
2	66
2	72
2	81
3	2
3	51
3	56
3	70
3	77
3	78
4	16
4	28
4	56
4	62
4	63
4	77
5	18
5	25
5	35
5	57
5	58
5	67
6	21
6	52
6	55
6	67
6	76
6	78
7	22
7	47
7	53
7	71
7	79
7	81
8	33
8	40
8	50
8	52
8	68
8	76
9	51
9	58
9	67
9	74
9	80
9	81
10	15
10	21
10	45
10	46
10	72
10	75
11	12
11	19
11	20
11	44
11	64
11	77
12	11
12	13
12	41
12	66
12	72
12	73
12	80
13	12
13	21
13	34
13	43
13	46
13	61
13	79
14	34
14	54
14	61
14	65
14	69
14	79
14	81
15	10
15	46
15	48
15	54
15	65
15	72
15	76
16	4
16	44
16	53
16	66
16	70
16	72
16	74
17	22
17	45
17	46
17	64
17	69
17	74
17	75
18	5
18	40
18	49
18	61
18	72
18	73
18	81
19	11
19	40
19	59
19	61
19	73
19	74
19	80
20	11
20	58
20	66
20	69
20	72
20	75
20	79
21	6
21	10
21	13
21	48
21	53
21	71
21	74
22	7
22	17
22	42
22	67
22	71
22	76
22	80
23	1
23	32
23	47
23	60
23	66
23	79
23	81
24	27
24	31
24	39
24	41
24	53
24	62
24	71
24	77
25	1
25	5
25	40
25	57
25	58
25	67
25	73
25	81
26	31
26	43
26	44
26	50
26	57
26	63
26	73
26	78
27	24
27	44
27	47
27	53
27	61
27	62
27	67
27	71
28	4
28	35
28	36
28	43
28	60
28	78
28	80
28	81
29	1
29	30
29	53
29	64
29	71
29	72
29	79
29	80
30	29
30	47
30	48
30	49
30	65
30	68
30	71
30	78
31	24
31	26
31	64
31	70
31	73
31	74
31	78
31	80
32	23
32	35
32	54
32	57
32	58
32	66
32	72
32	74
33	8
33	56
33	59
33	63
33	64
33	72
33	77
33	78
34	13
34	14
34	36
34	39
34	61
34	63
34	70
34	73
34	77
35	2
35	5
35	28
35	32
35	39
35	50
35	58
35	72
35	74
36	28
36	34
36	49
36	69
36	74
36	76
36	77
36	79
36	81
37	42
37	50
37	59
37	60
37	61
37	68
37	73
37	75
37	81
38	44
38	55
38	65
38	67
38	71
38	74
38	76
38	78
38	80
39	24
39	34
39	35
39	45
39	51
39	56
39	76
39	77
39	78
40	8
40	18
40	19
40	25
40	57
40	63
40	67
40	68
40	69
40	75
41	12
41	24
41	56
41	60
41	65
41	68
41	75
41	79
41	80
41	81
42	22
42	37
42	44
42	50
42	54
42	55
42	59
42	70
42	76
42	78
43	1
43	13
43	26
43	28
43	61
43	63
43	72
43	73
43	77
43	80
44	11
44	16
44	26
44	27
44	38
44	42
44	58
44	66
44	72
44	76
44	78
45	10
45	17
45	39
45	46
45	49
45	59
45	62
45	68
45	70
45	76
45	78
46	10
46	13
46	15
46	17
46	45
46	50
46	53
46	56
46	64
46	68
46	70
47	7
47	23
47	27
47	30
47	48
47	50
47	63
47	70
47	71
47	73
47	79
48	1
48	15
48	21
48	30
48	47
48	50
48	53
48	60
48	64
48	70
48	71
49	18
49	30
49	36
49	45
49	52
49	55
49	62
49	69
49	73
49	79
49	81
50	8
50	26
50	35
50	37
50	42
50	46
50	47
50	48
50	66
50	68
50	70
51	3
51	9
51	39
51	53
51	62
51	65
51	68
51	69
51	75
51	79
51	81
52	6
52	8
52	49
52	54
52	59
52	62
52	65
52	68
52	70
52	77
52	79
53	7
53	16
53	21
53	24
53	27
53	29
53	46
53	48
53	51
53	66
53	67
53	81
54	14
54	15
54	32
54	42
54	52
54	59
54	61
54	67
54	68
54	70
54	73
54	81
55	6
55	38
55	42
55	49
55	62
55	63
55	65
55	69
55	70
55	75
55	78
55	79
55	81
56	3
56	4
56	33
56	39
56	41
56	46
56	66
56	68
56	71
56	72
56	77
56	78
56	80
57	5
57	25
57	26
57	32
57	40
57	59
57	60
57	63
57	67
57	73
57	74
57	77
57	78
58	5
58	9
58	20
58	25
58	32
58	35
58	44
58	66
58	68
58	69
58	72
58	75
58	80
59	19
59	33
59	37
59	42
59	45
59	52
59	54
59	57
59	64
59	68
59	70
59	76
59	77
60	23
60	28
60	37
60	41
60	48
60	57
60	65
60	66
60	69
60	75
60	76
60	78
60	79
60	81
61	13
61	14
61	18
61	19
61	27
61	34
61	37
61	43
61	54
61	62
61	63
61	65
61	73
61	75
62	4
62	24
62	27
62	45
62	49
62	51
62	52
62	55
62	61
62	69
62	75
62	76
62	79
62	80
62	81
63	4
63	26
63	33
63	34
63	40
63	43
63	47
63	55
63	57
63	61
63	66
63	69
63	71
63	73
63	80
64	11
64	17
64	29
64	31
64	33
64	46
64	48
64	59
64	69
64	74
64	76
64	77
64	79
64	80
64	81
65	2
65	14
65	15
65	30
65	38
65	41
65	51
65	52
65	55
65	60
65	61
65	75
65	76
65	78
65	79
65	81
66	2
66	12
66	16
66	20
66	23
66	32
66	44
66	50
66	53
66	56
66	58
66	60
66	63
66	71
66	72
66	75
66	80
67	5
67	6
67	9
67	22
67	25
67	27
67	38
67	40
67	53
67	54
67	57
67	73
67	74
67	77
67	78
67	80
67	81
68	8
68	30
68	37
68	40
68	41
68	45
68	46
68	50
68	51
68	52
68	54
68	56
68	58
68	59
68	70
68	76
68	78
69	14
69	17
69	20
69	36
69	40
69	49
69	51
69	55
69	58
69	60
69	62
69	63
69	64
69	75
69	77
69	79
69	81
70	3
70	16
70	31
70	34
70	42
70	45
70	46
70	47
70	48
70	50
70	52
70	54
70	55
70	59
70	68
70	73
70	75
71	1
71	7
71	21
71	22
71	24
71	27
71	29
71	30
71	38
71	47
71	48
71	56
71	63
71	66
71	77
71	78
71	79
72	2
72	10
72	12
72	15
72	16
72	18
72	20
72	29
72	32
72	33
72	35
72	43
72	44
72	56
72	58
72	66
72	74
72	80
73	12
73	18
73	19
73	25
73	26
73	31
73	34
73	37
73	43
73	47
73	49
73	54
73	57
73	61
73	63
73	67
73	70
73	77
74	9
74	16
74	17
74	19
74	21
74	31
74	32
74	35
74	36
74	38
74	57
74	64
74	67
74	72
74	75
74	76
74	80
74	81
75	10
75	17
75	20
75	37
75	40
75	41
75	51
75	55
75	58
75	60
75	61
75	62
75	65
75	66
75	69
75	70
75	74
75	79
75	81
76	6
76	8
76	15
76	22
76	36
76	38
76	39
76	42
76	44
76	45
76	59
76	60
76	62
76	64
76	65
76	68
76	74
76	77
76	78
76	80
77	3
77	4
77	11
77	24
77	33
77	34
77	36
77	39
77	43
77	52
77	56
77	57
77	59
77	64
77	67
77	69
77	71
77	73
77	76
77	79
77	80
78	3
78	6
78	26
78	28
78	30
78	31
78	33
78	38
78	39
78	42
78	44
78	45
78	55
78	56
78	57
78	60
78	65
78	67
78	68
78	71
78	76
78	80
79	7
79	13
79	14
79	20
79	23
79	29
79	36
79	41
79	47
79	49
79	51
79	52
79	55
79	60
79	62
79	64
79	65
79	69
79	71
79	75
79	77
79	80
79	81
80	9
80	12
80	19
80	22
80	28
80	29
80	31
80	38
80	41
80	43
80	56
80	58
80	62
80	63
80	64
80	66
80	67
80	72
80	74
80	76
80	77
80	78
80	79
81	2
81	7
81	9
81	14
81	18
81	23
81	25
81	28
81	36
81	37
81	41
81	49
81	51
81	53
81	54
81	55
81	60
81	62
81	64
81	65
81	67
81	69
81	74
81	75
81	79
