1	27
1	40
1	62
1	70
1	71
1	80
2	33
2	58
2	64
2	70
2	71
2	80
3	36
3	57
3	70
3	75
3	77
3	79
4	14
4	37
4	39
4	52
4	61
4	76
5	22
5	25
5	61
5	63
5	66
5	76
6	23
6	48
6	57
6	61
6	75
6	78
7	16
7	27
7	35
7	40
7	46
7	68
8	14
8	17
8	19
8	24
8	39
8	71
9	30
9	56
9	62
9	65
9	69
9	74
10	31
10	39
10	65
10	72
10	74
10	76
11	35
11	37
11	41
11	54
11	56
11	81
12	43
12	52
12	63
12	71
12	74
12	78
12	81
13	26
13	41
13	48
13	61
13	66
13	70
13	77
14	4
14	8
14	51
14	62
14	64
14	76
14	81
15	26
15	33
15	40
15	62
15	71
15	78
15	80
16	7
16	26
16	65
16	69
16	72
16	79
16	81
17	8
17	32
17	58
17	61
17	65
17	78
17	80
18	21
18	41
18	46
18	53
18	70
18	74
18	81
19	8
19	39
19	47
19	58
19	66
19	69
19	73
20	28
20	30
20	45
20	59
20	65
20	75
20	80
21	18
21	29
21	63
21	67
21	75
21	77
21	81
22	5
22	57
22	63
22	64
22	76
22	78
22	79
23	6
23	55
23	59
23	67
23	69
23	70
23	72
24	8
24	26
24	42
24	59
24	65
24	73
24	80
25	5
25	48
25	57
25	61
25	72
25	73
25	81
26	13
26	15
26	16
26	24
26	36
26	68
26	79
27	1
27	7
27	54
27	59
27	67
27	69
27	72
27	74
28	20
28	31
28	50
28	52
28	60
28	66
28	77
28	78
29	21
29	36
29	37
29	42
29	45
29	64
29	80
29	81
30	9
30	20
30	65
30	67
30	71
30	74
30	80
30	81
31	10
31	28
31	37
31	42
31	49
31	51
31	73
31	77
32	17
32	34
32	49
32	63
32	75
32	77
32	78
32	80
33	2
33	15
33	35
33	40
33	58
33	67
33	69
33	80
34	32
34	52
34	56
34	63
34	70
34	75
34	77
34	81
35	7
35	11
35	33
35	56
35	68
35	72
35	76
35	79
36	3
36	26
36	29
36	42
36	62
36	73
36	76
36	78
37	4
37	11
37	29
37	31
37	47
37	49
37	67
37	74
38	41
38	52
38	53
38	68
38	73
38	74
38	80
38	81
39	4
39	8
39	10
39	19
39	56
39	58
39	61
39	66
39	77
40	1
40	7
40	15
40	33
40	44
40	59
40	69
40	73
40	80
41	11
41	13
41	18
41	38
41	57
41	58
41	66
41	78
41	79
42	24
42	29
42	31
42	36
42	56
42	63
42	68
42	74
42	81
43	12
43	56
43	57
43	58
43	68
43	73
43	75
43	77
43	78
44	40
44	45
44	46
44	53
44	63
44	69
44	71
44	72
44	79
45	20
45	29
45	44
45	46
45	48
45	66
45	75
45	76
45	77
45	79
46	7
46	18
46	44
46	45
46	62
46	67
46	69
46	71
46	73
46	79
47	19
47	37
47	51
47	53
47	61
47	71
47	73
47	74
47	76
47	79
48	6
48	13
48	25
48	45
48	55
48	57
48	61
48	63
48	71
48	81
49	31
49	32
49	37
49	60
49	61
49	62
49	70
49	74
49	78
49	79
50	28
50	52
50	57
50	64
50	68
50	71
50	75
50	77
50	78
50	81
51	14
51	31
51	47
51	52
51	63
51	70
51	73
51	76
51	77
51	79
51	80
52	4
52	12
52	28
52	34
52	38
52	50
52	51
52	54
52	66
52	67
52	80
53	18
53	38
53	44
53	47
53	54
53	55
53	57
53	67
53	68
53	76
53	81
54	11
54	27
54	52
54	53
54	55
54	72
54	73
54	75
54	79
54	80
54	81
55	23
55	48
55	53
55	54
55	59
55	66
55	69
55	76
55	78
55	79
55	80
56	9
56	11
56	34
56	35
56	39
56	42
56	43
56	59
56	67
56	71
56	80
56	81
57	3
57	6
57	22
57	25
57	41
57	43
57	48
57	50
57	53
57	58
57	66
57	74
58	2
58	17
58	19
58	33
58	39
58	41
58	43
58	57
58	61
58	66
58	69
58	74
59	20
59	23
59	24
59	27
59	40
59	55
59	56
59	62
59	65
59	71
59	77
59	79
59	80
60	28
60	49
60	62
60	64
60	65
60	68
60	72
60	75
60	77
60	78
60	79
60	80
60	81
61	4
61	5
61	6
61	13
61	17
61	25
61	39
61	47
61	48
61	49
61	58
61	76
61	77
62	1
62	9
62	14
62	15
62	36
62	46
62	49
62	59
62	60
62	70
62	75
62	77
62	78
63	5
63	12
63	21
63	22
63	32
63	34
63	42
63	44
63	48
63	51
63	69
63	74
63	76
63	81
64	2
64	14
64	22
64	29
64	50
64	60
64	65
64	69
64	72
64	73
64	75
64	76
64	79
64	81
65	9
65	10
65	16
65	17
65	20
65	24
65	30
65	59
65	60
65	64
65	71
65	72
65	78
65	80
66	5
66	13
66	19
66	28
66	39
66	41
66	45
66	52
66	55
66	57
66	58
66	71
66	76
66	78
67	21
67	23
67	27
67	30
67	33
67	37
67	46
67	52
67	53
67	56
67	69
67	76
67	79
67	80
68	7
68	26
68	35
68	38
68	42
68	43
68	50
68	53
68	60
68	70
68	75
68	77
68	78
68	80
69	9
69	16
69	19
69	23
69	27
69	33
69	40
69	44
69	46
69	55
69	58
69	63
69	64
69	67
69	74
70	1
70	2
70	3
70	13
70	18
70	23
70	34
70	49
70	51
70	62
70	68
70	74
70	75
70	77
70	78
71	1
71	2
71	8
71	12
71	15
71	30
71	44
71	46
71	47
71	48
71	50
71	56
71	59
71	65
71	66
71	80
72	10
72	16
72	23
72	25
72	27
72	35
72	44
72	54
72	60
72	64
72	65
72	73
72	74
72	75
72	76
72	79
73	19
73	24
73	25
73	31
73	36
73	38
73	40
73	43
73	46
73	47
73	51
73	54
73	64
73	72
73	75
73	79
74	9
74	10
74	12
74	18
74	27
74	30
74	37
74	38
74	42
74	47
74	49
74	57
74	58
74	63
74	69
74	70
74	72
74	81
75	3
75	6
75	20
75	21
75	32
75	34
75	43
75	45
75	50
75	54
75	60
75	62
75	64
75	68
75	70
75	72
75	73
75	77
75	78
75	81
76	4
76	5
76	10
76	14
76	22
76	35
76	36
76	45
76	47
76	51
76	53
76	55
76	61
76	63
76	64
76	66
76	67
76	72
76	77
76	78
76	80
76	81
77	3
77	13
77	21
77	28
77	31
77	32
77	34
77	39
77	43
77	45
77	50
77	51
77	59
77	60
77	61
77	62
77	68
77	70
77	75
77	76
77	78
77	79
77	81
78	6
78	12
78	15
78	17
78	22
78	28
78	32
78	36
78	41
78	43
78	49
78	50
78	55
78	60
78	62
78	65
78	66
78	68
78	70
78	75
78	76
78	77
78	79
79	3
79	16
79	22
79	26
79	35
79	41
79	44
79	45
79	46
79	47
79	49
79	51
79	54
79	55
79	59
79	60
79	64
79	67
79	72
79	73
79	77
79	78
79	81
80	1
80	2
80	15
80	17
80	20
80	24
80	29
80	30
80	32
80	33
80	38
80	40
80	51
80	52
80	54
80	55
80	56
80	59
80	60
80	65
80	67
80	68
80	71
80	76
81	11
81	12
81	14
81	16
81	18
81	21
81	25
81	29
81	30
81	34
81	38
81	42
81	48
81	50
81	53
81	54
81	56
81	60
81	63
81	64
81	74
81	75
81	76
81	77
81	79
