1	40
1	47
1	72
1	74
1	80
1	81
2	19
2	23
2	29
2	42
2	50
2	63
3	26
3	48
3	56
3	61
3	63
3	73
4	47
4	55
4	57
4	63
4	68
4	80
5	15
5	24
5	30
5	53
5	59
5	63
6	17
6	29
6	37
6	42
6	51
6	79
7	41
7	62
7	68
7	70
7	76
7	77
8	11
8	50
8	52
8	56
8	72
8	75
9	15
9	33
9	37
9	57
9	80
9	81
10	21
10	31
10	39
10	44
10	63
10	80
11	8
11	28
11	67
11	70
11	78
11	79
12	35
12	49
12	70
12	77
12	79
12	81
13	45
13	53
13	59
13	67
13	71
13	81
14	21
14	27
14	36
14	57
14	59
14	72
15	5
15	9
15	24
15	36
15	53
15	56
15	63
16	48
16	53
16	68
16	69
16	76
16	77
16	79
17	6
17	60
17	62
17	67
17	71
17	75
17	78
18	20
18	30
18	38
18	49
18	52
18	59
18	60
19	2
19	23
19	32
19	33
19	70
19	76
19	78
20	18
20	46
20	47
20	68
20	69
20	71
20	77
21	10
21	14
21	38
21	71
21	75
21	80
21	81
22	25
22	33
22	50
22	57
22	60
22	61
22	81
23	2
23	19
23	24
23	33
23	42
23	51
23	79
24	5
24	15
24	23
24	27
24	56
24	63
24	74
25	22
25	34
25	43
25	62
25	71
25	75
25	78
26	3
26	27
26	38
26	63
26	65
26	68
26	81
27	14
27	24
27	26
27	56
27	63
27	69
27	76
28	11
28	47
28	64
28	67
28	71
28	74
28	79
29	2
29	6
29	34
29	55
29	66
29	73
29	79
30	5
30	18
30	45
30	56
30	67
30	74
30	79
30	80
31	10
31	34
31	43
31	50
31	57
31	60
31	66
31	79
32	19
32	41
32	58
32	61
32	65
32	67
32	74
32	79
33	9
33	19
33	22
33	23
33	37
33	50
33	51
33	78
34	25
34	29
34	31
34	46
34	65
34	75
34	80
34	81
35	12
35	48
35	58
35	69
35	72
35	74
35	76
35	79
36	14
36	15
36	43
36	55
36	67
36	69
36	73
36	77
37	6
37	9
37	33
37	42
37	44
37	49
37	51
37	72
38	18
38	21
38	26
38	49
38	67
38	76
38	79
38	81
39	10
39	43
39	54
39	57
39	66
39	68
39	71
39	73
39	81
40	1
40	59
40	64
40	70
40	73
40	75
40	76
40	78
40	81
41	7
41	32
41	54
41	55
41	71
41	73
41	74
41	77
41	79
42	2
42	6
42	23
42	37
42	44
42	47
42	51
42	73
42	75
43	25
43	31
43	36
43	39
43	57
43	70
43	74
43	76
43	78
44	10
44	37
44	42
44	64
44	66
44	68
44	70
44	76
44	78
45	13
45	30
45	51
45	52
45	56
45	59
45	77
45	80
45	81
46	20
46	34
46	59
46	64
46	68
46	72
46	75
46	80
46	81
47	1
47	4
47	20
47	28
47	42
47	50
47	60
47	69
47	80
47	81
48	3
48	16
48	35
48	60
48	65
48	70
48	72
48	73
48	77
48	78
49	12
49	18
49	37
49	38
49	51
49	53
49	72
49	74
49	75
49	77
50	2
50	8
50	22
50	31
50	33
50	47
50	77
50	79
50	80
50	81
51	6
51	23
51	33
51	37
51	42
51	45
51	49
51	75
51	77
51	80
52	8
52	18
52	45
52	53
52	54
52	62
52	69
52	70
52	78
52	81
53	5
53	13
53	15
53	16
53	49
53	52
53	56
53	58
53	67
53	74
53	79
54	39
54	41
54	52
54	60
54	65
54	70
54	72
54	73
54	79
54	80
54	81
55	4
55	29
55	36
55	41
55	59
55	60
55	61
55	62
55	71
55	73
55	78
56	3
56	8
56	15
56	24
56	27
56	30
56	45
56	53
56	63
56	65
56	69
57	4
57	9
57	14
57	22
57	31
57	39
57	43
57	61
57	67
57	68
57	81
58	32
58	35
58	53
58	67
58	70
58	71
58	73
58	74
58	78
58	79
58	80
59	5
59	13
59	14
59	18
59	40
59	45
59	46
59	55
59	62
59	67
59	80
59	81
60	17
60	18
60	22
60	31
60	47
60	48
60	54
60	55
60	62
60	66
60	72
60	76
61	3
61	22
61	32
61	55
61	57
61	62
61	64
61	65
61	66
61	68
61	69
61	73
61	77
62	7
62	17
62	25
62	52
62	55
62	59
62	60
62	61
62	64
62	68
62	69
62	75
62	76
62	77
63	2
63	3
63	4
63	5
63	10
63	15
63	24
63	26
63	27
63	56
63	65
63	76
63	78
63	81
64	28
64	40
64	44
64	46
64	61
64	62
64	65
64	68
64	69
64	70
64	72
64	74
64	76
64	81
65	26
65	32
65	34
65	48
65	54
65	56
65	61
65	63
65	64
65	66
65	70
65	72
65	75
65	76
65	78
65	81
66	29
66	31
66	39
66	44
66	60
66	61
66	65
66	68
66	69
66	71
66	73
66	75
66	76
66	77
66	78
66	80
67	11
67	13
67	17
67	28
67	30
67	32
67	36
67	38
67	53
67	57
67	58
67	59
67	71
67	74
67	75
67	79
67	81
68	4
68	7
68	16
68	20
68	26
68	39
68	44
68	46
68	57
68	61
68	62
68	64
68	66
68	71
68	73
68	77
68	78
69	16
69	20
69	27
69	35
69	36
69	47
69	52
69	56
69	61
69	62
69	64
69	66
69	71
69	73
69	74
69	77
69	78
70	7
70	11
70	12
70	19
70	40
70	43
70	44
70	48
70	52
70	54
70	58
70	64
70	65
70	71
70	73
70	75
70	80
71	13
71	17
71	20
71	21
71	25
71	28
71	39
71	41
71	55
71	58
71	66
71	67
71	68
71	69
71	70
71	73
71	74
71	77
72	1
72	8
72	14
72	35
72	37
72	46
72	48
72	49
72	54
72	60
72	64
72	65
72	73
72	75
72	76
72	78
72	79
72	80
73	3
73	29
73	36
73	39
73	40
73	41
73	42
73	48
73	54
73	55
73	58
73	61
73	66
73	68
73	69
73	70
73	71
73	72
73	74
74	1
74	24
74	28
74	30
74	32
74	35
74	41
74	43
74	49
74	53
74	58
74	64
74	67
74	69
74	71
74	73
74	76
74	78
74	79
75	8
75	17
75	21
75	25
75	34
75	40
75	42
75	46
75	49
75	51
75	62
75	65
75	66
75	67
75	70
75	72
75	76
75	77
75	78
75	80
76	7
76	16
76	19
76	27
76	35
76	38
76	40
76	43
76	44
76	60
76	62
76	63
76	64
76	65
76	66
76	72
76	74
76	75
76	78
76	80
77	7
77	12
77	16
77	20
77	36
77	41
77	45
77	48
77	49
77	50
77	51
77	61
77	62
77	66
77	68
77	69
77	71
77	75
77	79
77	80
77	81
78	11
78	17
78	19
78	25
78	33
78	40
78	43
78	44
78	48
78	52
78	55
78	58
78	63
78	65
78	66
78	68
78	69
78	72
78	74
78	75
78	76
79	6
79	11
79	12
79	16
79	23
79	28
79	29
79	30
79	31
79	32
79	35
79	38
79	41
79	50
79	53
79	54
79	58
79	67
79	72
79	74
79	77
79	80
80	1
80	4
80	9
80	10
80	21
80	30
80	34
80	45
80	46
80	47
80	50
80	51
80	54
80	58
80	59
80	66
80	70
80	72
80	75
80	76
80	77
80	79
80	81
81	1
81	9
81	12
81	13
81	21
81	22
81	26
81	34
81	38
81	39
81	40
81	45
81	46
81	47
81	50
81	52
81	54
81	57
81	59
81	63
81	64
81	65
81	67
81	77
81	80
