1	8
1	50
1	56
1	62
1	72
1	74
2	38
2	55
2	65
2	73
2	74
2	78
3	37
3	42
3	46
3	59
3	65
3	78
4	16
4	27
4	32
4	43
4	54
4	78
5	59
5	66
5	70
5	74
5	76
5	79
6	8
6	56
6	57
6	62
6	65
6	80
7	25
7	55
7	67
7	69
7	75
7	79
8	1
8	6
8	14
8	53
8	56
8	77
9	56
9	58
9	60
9	77
9	78
9	80
10	11
10	23
10	24
10	48
10	70
10	71
11	10
11	25
11	48
11	64
11	67
11	71
12	40
12	57
12	58
12	60
12	64
12	75
13	46
13	51
13	73
13	76
13	78
13	81
14	8
14	43
14	57
14	67
14	68
14	70
15	21
15	33
15	54
15	60
15	80
15	81
16	4
16	50
16	65
16	71
16	80
16	81
17	27
17	32
17	71
17	76
17	79
17	81
18	42
18	44
18	55
18	64
18	72
18	73
18	80
19	35
19	63
19	71
19	73
19	76
19	79
19	81
20	23
20	28
20	47
20	63
20	64
20	69
20	76
21	15
21	25
21	35
21	50
21	54
21	66
21	78
22	37
22	72
22	74
22	75
22	76
22	79
22	81
23	10
23	20
23	27
23	32
23	68
23	75
23	80
24	10
24	52
24	58
24	66
24	70
24	71
24	75
25	7
25	11
25	21
25	29
25	48
25	64
25	74
26	29
26	33
26	51
26	55
26	65
26	74
26	78
27	4
27	17
27	23
27	59
27	70
27	75
27	80
27	81
28	20
28	41
28	46
28	50
28	54
28	58
28	63
28	69
29	25
29	26
29	36
29	39
29	47
29	63
29	64
29	80
30	31
30	53
30	61
30	65
30	73
30	79
30	80
30	81
31	30
31	49
31	51
31	68
31	70
31	72
31	75
31	78
32	4
32	17
32	23
32	56
32	59
32	68
32	75
32	76
33	15
33	26
33	35
33	43
33	68
33	71
33	74
33	78
33	81
34	50
34	51
34	57
34	65
34	66
34	67
34	71
34	73
34	77
35	19
35	21
35	33
35	38
35	45
35	52
35	59
35	60
35	70
36	29
36	38
36	46
36	56
36	58
36	61
36	63
36	64
36	80
37	3
37	22
37	54
37	57
37	69
37	72
37	74
37	75
37	77
38	2
38	35
38	36
38	44
38	50
38	52
38	58
38	59
38	72
39	29
39	47
39	61
39	62
39	69
39	73
39	75
39	79
39	81
40	12
40	43
40	44
40	49
40	56
40	66
40	68
40	70
40	75
41	28
41	46
41	52
41	54
41	62
41	66
41	71
41	78
41	79
42	3
42	18
42	44
42	51
42	55
42	67
42	74
42	78
42	80
43	4
43	14
43	33
43	40
43	54
43	59
43	67
43	69
43	71
44	18
44	38
44	40
44	42
44	45
44	56
44	62
44	65
44	77
44	80
45	35
45	44
45	48
45	61
45	66
45	73
45	75
45	76
45	79
45	81
46	3
46	13
46	28
46	36
46	41
46	51
46	54
46	62
46	69
46	72
47	20
47	29
47	39
47	54
47	58
47	62
47	73
47	76
47	79
47	81
48	10
48	11
48	25
48	45
48	60
48	62
48	72
48	74
48	78
48	81
49	31
49	40
49	52
49	59
49	60
49	62
49	63
49	68
49	70
49	71
49	72
50	1
50	16
50	21
50	28
50	34
50	38
50	60
50	61
50	69
50	74
50	77
51	13
51	26
51	31
51	34
51	42
51	46
51	69
51	74
51	76
51	77
51	78
52	24
52	35
52	38
52	41
52	49
52	58
52	61
52	63
52	64
52	76
52	79
53	8
53	30
53	64
53	65
53	66
53	67
53	72
53	74
53	77
53	78
53	81
54	4
54	15
54	21
54	28
54	37
54	41
54	43
54	46
54	47
54	68
54	79
54	80
55	2
55	7
55	18
55	26
55	42
55	63
55	67
55	69
55	70
55	73
55	74
55	79
56	1
56	6
56	8
56	9
56	32
56	36
56	40
56	44
56	73
56	78
56	79
56	80
57	6
57	12
57	14
57	34
57	37
57	59
57	61
57	65
57	69
57	72
57	74
57	77
57	80
58	9
58	12
58	24
58	28
58	36
58	38
58	47
58	52
58	60
58	63
58	65
58	80
58	81
59	3
59	5
59	27
59	32
59	35
59	38
59	43
59	49
59	57
59	64
59	66
59	75
59	80
60	9
60	12
60	15
60	35
60	48
60	49
60	50
60	58
60	63
60	64
60	73
60	77
60	79
61	30
61	36
61	39
61	45
61	50
61	52
61	57
61	70
61	71
61	73
61	74
61	76
61	79
61	81
62	1
62	6
62	39
62	41
62	44
62	46
62	47
62	48
62	49
62	65
62	68
62	70
62	72
62	79
63	19
63	20
63	28
63	29
63	36
63	49
63	52
63	55
63	58
63	60
63	69
63	77
63	78
63	81
64	11
64	12
64	18
64	20
64	25
64	29
64	36
64	52
64	53
64	59
64	60
64	68
64	78
64	80
65	2
65	3
65	6
65	16
65	26
65	30
65	34
65	44
65	53
65	57
65	58
65	62
65	69
65	74
65	77
66	5
66	21
66	24
66	34
66	40
66	41
66	45
66	53
66	59
66	68
66	70
66	73
66	75
66	77
66	78
67	7
67	11
67	14
67	34
67	42
67	43
67	53
67	55
67	68
67	69
67	70
67	73
67	74
67	76
67	77
67	79
68	14
68	23
68	31
68	32
68	33
68	40
68	49
68	54
68	62
68	64
68	66
68	67
68	70
68	75
68	77
68	78
69	7
69	20
69	28
69	37
69	39
69	43
69	46
69	50
69	51
69	55
69	57
69	63
69	65
69	67
69	70
69	77
70	5
70	10
70	14
70	24
70	27
70	31
70	35
70	40
70	49
70	55
70	61
70	62
70	66
70	67
70	68
70	69
70	75
71	10
71	11
71	16
71	17
71	19
71	24
71	33
71	34
71	41
71	43
71	49
71	61
71	72
71	76
71	77
71	78
71	79
72	1
72	18
72	22
72	31
72	37
72	38
72	46
72	48
72	49
72	53
72	57
72	62
72	71
72	76
72	78
72	80
72	81
73	2
73	13
73	18
73	19
73	30
73	34
73	39
73	45
73	47
73	55
73	56
73	60
73	61
73	66
73	67
73	76
73	77
73	79
73	81
74	1
74	2
74	5
74	22
74	25
74	26
74	33
74	37
74	42
74	48
74	50
74	51
74	53
74	55
74	57
74	61
74	65
74	67
74	75
74	77
75	7
75	12
75	22
75	23
75	24
75	27
75	31
75	32
75	37
75	39
75	40
75	45
75	59
75	66
75	68
75	70
75	74
75	76
75	77
75	81
76	5
76	13
76	17
76	19
76	20
76	22
76	32
76	45
76	47
76	51
76	52
76	61
76	67
76	71
76	72
76	73
76	75
76	77
76	79
76	80
76	81
77	8
77	9
77	34
77	37
77	44
77	50
77	51
77	53
77	57
77	60
77	63
77	65
77	66
77	67
77	68
77	69
77	71
77	73
77	74
77	75
77	76
78	2
78	3
78	4
78	9
78	13
78	21
78	26
78	31
78	33
78	41
78	42
78	48
78	51
78	53
78	56
78	63
78	64
78	66
78	68
78	71
78	72
78	80
79	5
79	7
79	17
79	19
79	22
79	30
79	39
79	41
79	45
79	47
79	52
79	54
79	55
79	56
79	60
79	61
79	62
79	67
79	71
79	73
79	76
79	81
80	6
80	9
80	15
80	16
80	18
80	23
80	27
80	29
80	30
80	36
80	42
80	44
80	54
80	56
80	57
80	58
80	59
80	64
80	72
80	76
80	78
80	81
81	13
81	15
81	16
81	17
81	19
81	22
81	27
81	30
81	33
81	39
81	45
81	47
81	48
81	53
81	58
81	61
81	63
81	72
81	73
81	75
81	76
81	79
81	80
