1	26
1	28
1	33
1	44
1	68
1	74
2	21
2	31
2	54
2	57
2	69
2	79
3	16
3	46
3	60
3	64
3	76
3	81
4	19
4	55
4	56
4	65
4	67
4	68
5	9
5	49
5	50
5	63
5	66
5	70
6	42
6	59
6	62
6	66
6	68
6	80
7	12
7	19
7	24
7	62
7	76
7	79
8	64
8	65
8	70
8	74
8	78
8	80
9	5
9	26
9	47
9	52
9	78
9	81
10	39
10	68
10	72
10	73
10	77
10	81
11	48
11	58
11	65
11	69
11	77
11	81
12	7
12	40
12	62
12	70
12	80
12	81
13	17
13	27
13	36
13	75
13	76
13	79
14	19
14	50
14	59
14	61
14	73
14	81
15	17
15	38
15	53
15	78
15	80
15	81
16	3
16	61
16	67
16	74
16	76
16	80
17	13
17	15
17	32
17	38
17	48
17	60
18	34
18	51
18	66
18	71
18	75
18	79
18	80
19	4
19	7
19	14
19	35
19	45
19	66
19	67
20	37
20	60
20	62
20	71
20	72
20	77
20	81
21	2
21	25
21	30
21	41
21	64
21	70
21	79
22	41
22	49
22	57
22	65
22	72
22	75
22	77
23	46
23	56
23	57
23	63
23	69
23	76
23	78
24	7
24	37
24	46
24	58
24	59
24	63
24	74
25	21
25	31
25	39
25	61
25	69
25	71
25	75
25	79
26	1
26	9
26	29
26	31
26	54
26	64
26	69
26	78
27	13
27	33
27	44
27	54
27	63
27	67
27	77
27	78
28	1
28	38
28	58
28	59
28	66
28	68
28	73
28	77
29	26
29	47
29	65
29	69
29	72
29	74
29	77
29	81
30	21
30	35
30	55
30	64
30	69
30	77
30	80
30	81
31	2
31	25
31	26
31	43
31	45
31	61
31	63
31	80
32	17
32	53
32	55
32	62
32	72
32	73
32	75
32	76
33	1
33	27
33	62
33	63
33	66
33	67
33	68
33	79
34	18
34	40
34	61
34	65
34	73
34	77
34	79
34	80
35	19
35	30
35	59
35	65
35	66
35	67
35	77
35	81
36	13
36	38
36	40
36	48
36	50
36	58
36	65
36	78
37	20
37	24
37	45
37	47
37	48
37	54
37	64
37	80
38	15
38	17
38	28
38	36
38	39
38	44
38	52
38	74
39	10
39	25
39	38
39	51
39	71
39	79
39	80
39	81
40	12
40	34
40	36
40	53
40	54
40	64
40	68
40	80
41	21
41	22
41	43
41	48
41	55
41	61
41	64
41	74
41	77
42	6
42	43
42	49
42	50
42	52
42	53
42	54
42	55
42	62
43	31
43	41
43	42
43	45
43	60
43	70
43	71
43	78
43	80
44	1
44	27
44	38
44	49
44	57
44	59
44	64
44	71
44	74
45	19
45	31
45	37
45	43
45	47
45	56
45	60
45	68
45	73
46	3
46	23
46	24
46	56
46	58
46	61
46	67
46	72
46	81
47	9
47	29
47	37
47	45
47	49
47	51
47	66
47	70
47	74
48	11
48	17
48	36
48	37
48	41
48	54
48	59
48	68
48	72
49	5
49	22
49	42
49	44
49	47
49	54
49	63
49	69
49	76
49	79
50	5
50	14
50	36
50	42
50	53
50	63
50	66
50	74
50	78
50	80
51	18
51	39
51	47
51	53
51	55
51	63
51	73
51	76
51	79
51	81
52	9
52	38
52	42
52	58
52	68
52	70
52	73
52	78
52	79
52	80
53	15
53	32
53	40
53	42
53	50
53	51
53	54
53	70
53	74
53	81
54	2
54	26
54	27
54	37
54	40
54	42
54	48
54	49
54	53
54	65
54	70
55	4
55	30
55	32
55	41
55	42
55	51
55	58
55	71
55	75
55	76
55	79
56	4
56	23
56	45
56	46
56	57
56	60
56	69
56	72
56	73
56	77
56	81
57	2
57	22
57	23
57	44
57	56
57	65
57	75
57	78
57	79
57	80
57	81
58	11
58	24
58	28
58	36
58	46
58	52
58	55
58	61
58	71
58	73
58	74
59	6
59	14
59	24
59	28
59	35
59	44
59	48
59	66
59	67
59	68
59	74
59	80
60	3
60	17
60	20
60	43
60	45
60	56
60	62
60	71
60	72
60	76
60	77
60	81
61	14
61	16
61	25
61	31
61	34
61	41
61	46
61	58
61	69
61	73
61	77
61	78
62	6
62	7
62	12
62	20
62	32
62	33
62	42
62	60
62	71
62	75
62	76
62	78
62	79
63	5
63	23
63	24
63	27
63	31
63	33
63	49
63	50
63	51
63	64
63	65
63	71
63	78
64	3
64	8
64	21
64	26
64	30
64	37
64	40
64	41
64	44
64	63
64	70
64	75
64	78
65	4
65	8
65	11
65	22
65	29
65	34
65	35
65	36
65	54
65	57
65	63
65	75
65	76
65	78
66	5
66	6
66	18
66	19
66	28
66	33
66	35
66	47
66	50
66	59
66	67
66	75
66	78
66	79
67	4
67	16
67	19
67	27
67	33
67	35
67	46
67	59
67	66
67	68
67	71
67	72
67	76
67	79
68	1
68	4
68	6
68	10
68	28
68	33
68	40
68	45
68	48
68	52
68	59
68	67
68	69
68	73
69	2
69	11
69	23
69	25
69	26
69	29
69	30
69	49
69	56
69	61
69	68
69	72
69	77
69	80
69	81
70	5
70	8
70	12
70	21
70	43
70	47
70	52
70	53
70	54
70	64
70	73
70	74
70	75
70	77
70	78
70	80
71	18
71	20
71	25
71	39
71	43
71	44
71	55
71	58
71	60
71	62
71	63
71	67
71	75
71	76
71	77
71	79
72	10
72	20
72	22
72	29
72	32
72	46
72	48
72	56
72	60
72	67
72	69
72	75
72	76
72	77
72	78
72	80
72	81
73	10
73	14
73	28
73	32
73	34
73	45
73	51
73	52
73	56
73	58
73	61
73	68
73	70
73	74
73	75
73	80
73	81
74	1
74	8
74	16
74	24
74	29
74	38
74	41
74	44
74	47
74	50
74	53
74	58
74	59
74	70
74	73
74	78
74	79
74	80
75	13
75	18
75	22
75	25
75	32
75	55
75	57
75	62
75	64
75	65
75	66
75	70
75	71
75	72
75	73
75	76
75	77
75	79
76	3
76	7
76	13
76	16
76	23
76	32
76	49
76	51
76	55
76	60
76	62
76	65
76	67
76	71
76	72
76	75
76	79
76	80
76	81
77	10
77	11
77	20
77	22
77	27
77	28
77	29
77	30
77	34
77	35
77	41
77	56
77	60
77	61
77	69
77	70
77	71
77	72
77	75
77	81
78	8
78	9
78	15
78	23
78	26
78	27
78	36
78	43
78	50
78	52
78	57
78	61
78	62
78	63
78	64
78	65
78	66
78	70
78	72
78	74
78	79
79	2
79	7
79	13
79	18
79	21
79	25
79	33
79	34
79	39
79	49
79	51
79	52
79	55
79	57
79	62
79	66
79	67
79	71
79	74
79	75
79	76
79	78
80	6
80	8
80	12
80	15
80	16
80	18
80	30
80	31
80	34
80	37
80	39
80	40
80	43
80	50
80	52
80	57
80	59
80	69
80	70
80	72
80	73
80	74
80	76
80	81
81	3
81	9
81	10
81	11
81	12
81	14
81	15
81	20
81	29
81	30
81	35
81	39
81	46
81	51
81	53
81	56
81	57
81	60
81	69
81	72
81	73
81	76
81	77
81	80
