1	29
1	35
1	50
1	71
1	75
1	76
2	28
2	33
2	59
2	68
2	73
2	79
3	10
3	29
3	31
3	52
3	57
3	73
4	34
4	65
4	71
4	73
4	78
4	80
5	37
5	65
5	69
5	71
5	73
5	74
6	37
6	39
6	58
6	60
6	66
6	75
7	8
7	19
7	72
7	73
7	79
7	80
8	7
8	13
8	15
8	54
8	65
8	75
9	23
9	24
9	36
9	50
9	59
9	62
10	3
10	24
10	28
10	49
10	75
10	81
11	33
11	42
11	46
11	58
11	72
11	77
12	41
12	64
12	73
12	75
12	78
12	80
13	8
13	38
13	53
13	58
13	80
13	81
14	49
14	59
14	69
14	70
14	77
14	80
15	8
15	59
15	64
15	66
15	68
15	69
16	19
16	42
16	45
16	61
16	66
16	81
17	29
17	43
17	50
17	73
17	77
17	78
18	38
18	45
18	60
18	63
18	76
18	80
19	7
19	16
19	23
19	40
19	76
19	81
20	34
20	42
20	50
20	51
20	54
20	66
20	77
21	26
21	50
21	66
21	72
21	74
21	75
21	81
22	36
22	55
22	59
22	63
22	71
22	78
22	80
23	9
23	19
23	46
23	58
23	65
23	70
23	72
24	9
24	10
24	44
24	56
24	71
24	79
24	80
25	33
25	44
25	57
25	67
25	69
25	73
25	79
26	21
26	39
26	42
26	44
26	54
26	75
26	79
27	40
27	50
27	62
27	64
27	66
27	73
27	79
28	2
28	10
28	31
28	40
28	79
28	80
28	81
29	1
29	3
29	17
29	35
29	48
29	65
29	71
29	76
30	40
30	45
30	49
30	56
30	57
30	60
30	76
30	80
31	3
31	28
31	53
31	58
31	62
31	64
31	74
31	78
32	34
32	52
32	57
32	60
32	61
32	64
32	67
32	75
33	2
33	11
33	25
33	45
33	60
33	75
33	77
33	81
34	4
34	20
34	32
34	52
34	56
34	60
34	61
34	72
35	1
35	29
35	46
35	49
35	54
35	58
35	61
35	79
36	9
36	22
36	40
36	57
36	72
36	78
36	79
36	80
37	5
37	6
37	52
37	57
37	61
37	66
37	70
37	72
38	13
38	18
38	47
38	57
38	63
38	67
38	68
38	74
38	80
39	6
39	26
39	42
39	50
39	61
39	70
39	71
39	77
39	78
40	19
40	27
40	28
40	30
40	36
40	58
40	59
40	72
40	76
41	12
41	52
41	53
41	55
41	67
41	68
41	70
41	71
41	80
42	11
42	16
42	20
42	26
42	39
42	65
42	70
42	74
42	75
42	77
43	17
43	44
43	49
43	51
43	52
43	54
43	71
43	74
43	77
43	78
44	24
44	25
44	26
44	43
44	50
44	54
44	60
44	63
44	78
44	79
45	16
45	18
45	30
45	33
45	50
45	68
45	69
45	70
45	73
45	77
46	11
46	23
46	35
46	48
46	58
46	59
46	65
46	71
46	72
46	78
47	38
47	53
47	56
47	62
47	63
47	67
47	68
47	70
47	75
47	76
48	29
48	46
48	55
48	64
48	66
48	68
48	71
48	72
48	73
48	77
49	10
49	14
49	30
49	35
49	43
49	55
49	61
49	63
49	74
49	77
49	80
50	1
50	9
50	17
50	20
50	21
50	27
50	39
50	44
50	45
50	65
50	81
51	20
51	43
51	52
51	59
51	62
51	63
51	64
51	65
51	67
51	70
51	73
52	3
52	32
52	34
52	37
52	41
52	43
52	51
52	53
52	56
52	57
52	76
52	81
53	13
53	31
53	41
53	47
53	52
53	64
53	68
53	69
53	72
53	77
53	78
53	81
54	8
54	20
54	26
54	35
54	43
54	44
54	55
54	59
54	61
54	76
54	79
54	80
55	22
55	41
55	48
55	49
55	54
55	56
55	61
55	67
55	69
55	73
55	80
55	81
56	24
56	30
56	34
56	47
56	52
56	55
56	60
56	61
56	73
56	75
56	77
56	81
57	3
57	25
57	30
57	32
57	36
57	37
57	38
57	52
57	67
57	72
57	76
57	81
58	6
58	11
58	13
58	23
58	31
58	35
58	40
58	46
58	62
58	67
58	70
58	76
58	79
59	2
59	9
59	14
59	15
59	22
59	40
59	46
59	51
59	54
59	62
59	64
59	76
59	79
60	6
60	18
60	30
60	32
60	33
60	34
60	44
60	56
60	63
60	72
60	74
60	76
60	80
61	16
61	32
61	34
61	35
61	37
61	39
61	49
61	54
61	55
61	56
61	62
61	74
61	77
62	9
62	27
62	31
62	47
62	51
62	58
62	59
62	61
62	74
62	75
62	78
62	79
62	81
63	18
63	22
63	38
63	44
63	47
63	49
63	51
63	60
63	67
63	74
63	76
63	79
63	80
64	12
64	15
64	27
64	31
64	32
64	48
64	51
64	53
64	59
64	71
64	73
64	74
64	75
64	81
65	4
65	5
65	8
65	23
65	29
65	42
65	46
65	50
65	51
65	67
65	71
65	73
65	74
65	77
66	6
66	15
66	16
66	20
66	21
66	27
66	37
66	48
66	68
66	70
66	72
66	73
66	76
66	79
66	81
67	25
67	32
67	38
67	41
67	47
67	51
67	55
67	57
67	58
67	63
67	65
67	69
67	74
67	77
67	78
67	81
68	2
68	15
68	38
68	41
68	45
68	47
68	48
68	53
68	66
68	69
68	70
68	71
68	73
68	74
68	77
68	78
69	5
69	14
69	15
69	25
69	45
69	53
69	55
69	67
69	68
69	70
69	74
69	75
69	76
69	77
69	78
69	79
70	14
70	23
70	37
70	39
70	41
70	42
70	45
70	47
70	51
70	58
70	66
70	68
70	69
70	71
70	72
70	74
70	81
71	1
71	4
71	5
71	22
71	24
71	29
71	39
71	41
71	43
71	46
71	48
71	64
71	65
71	68
71	70
71	75
71	81
72	7
72	11
72	21
72	23
72	34
72	36
72	37
72	40
72	46
72	48
72	53
72	57
72	60
72	66
72	70
72	75
72	76
72	78
73	2
73	3
73	4
73	5
73	7
73	12
73	17
73	25
73	27
73	45
73	48
73	51
73	55
73	56
73	64
73	65
73	66
73	68
73	79
74	5
74	21
74	31
74	38
74	42
74	43
74	49
74	60
74	61
74	62
74	63
74	64
74	65
74	67
74	68
74	69
74	70
74	78
74	80
74	81
75	1
75	6
75	8
75	10
75	12
75	21
75	26
75	32
75	33
75	42
75	47
75	56
75	62
75	64
75	69
75	71
75	72
75	77
75	78
75	81
76	1
76	18
76	19
76	29
76	30
76	40
76	47
76	52
76	54
76	57
76	58
76	59
76	60
76	63
76	66
76	69
76	72
76	77
76	79
76	80
77	11
77	14
77	17
77	20
77	33
77	39
77	42
77	43
77	45
77	48
77	49
77	53
77	56
77	61
77	65
77	67
77	68
77	69
77	75
77	76
77	78
77	80
78	4
78	12
78	17
78	22
78	31
78	36
78	39
78	43
78	44
78	46
78	53
78	62
78	67
78	68
78	69
78	72
78	74
78	75
78	77
78	79
78	80
78	81
79	2
79	7
79	24
79	25
79	26
79	27
79	28
79	35
79	36
79	44
79	54
79	58
79	59
79	62
79	63
79	66
79	69
79	73
79	76
79	78
79	80
79	81
80	4
80	7
80	12
80	13
80	14
80	18
80	22
80	24
80	28
80	30
80	36
80	38
80	41
80	49
80	54
80	55
80	60
80	63
80	74
80	76
80	77
80	78
80	79
81	10
81	13
81	16
81	19
81	21
81	28
81	33
81	50
81	52
81	53
81	55
81	56
81	57
81	62
81	64
81	66
81	67
81	70
81	71
81	74
81	75
81	78
81	79
